# 0-215: switches, 216-: hosts
0 1
0 5
0 6
0 30
0 36
0 180
1 2
1 7
1 31
1 37
1 181
2 3
2 8
2 32
2 38
2 182
3 4
3 9
3 33
3 39
3 183
4 5
4 10
4 34
4 40
4 184
5 11
5 35
5 41
5 185
6 7
6 11
6 12
6 42
6 186
7 8
7 13
7 43
7 187
8 9
8 14
8 44
8 188
9 10
9 15
9 45
9 189
10 11
10 16
10 46
10 190
11 17
11 47
11 191
12 13
12 17
12 18
12 48
12 192
13 14
13 19
13 49
13 193
14 15
14 20
14 50
14 194
15 16
15 21
15 51
15 195
16 17
16 22
16 52
16 196
17 23
17 53
17 197
18 19
18 23
18 24
18 54
18 198
19 20
19 25
19 55
19 199
20 21
20 26
20 56
20 200
21 22
21 27
21 57
21 201
22 23
22 28
22 58
22 202
23 29
23 59
23 203
24 25
24 29
24 30
24 60
24 204
25 26
25 31
25 61
25 205
26 27
26 32
26 62
26 206
27 28
27 33
27 63
27 207
28 29
28 34
28 64
28 208
29 35
29 65
29 209
30 31
30 35
30 66
30 210
31 32
31 67
31 211
32 33
32 68
32 212
33 34
33 69
33 213
34 35
34 70
34 214
35 71
35 215
36 37
36 41
36 42
36 66
36 72
37 38
37 43
37 67
37 73
38 39
38 44
38 68
38 74
39 40
39 45
39 69
39 75
40 41
40 46
40 70
40 76
41 47
41 71
41 77
42 43
42 47
42 48
42 78
43 44
43 49
43 79
44 45
44 50
44 80
45 46
45 51
45 81
46 47
46 52
46 82
47 53
47 83
48 49
48 53
48 54
48 84
49 50
49 55
49 85
50 51
50 56
50 86
51 52
51 57
51 87
52 53
52 58
52 88
53 59
53 89
54 55
54 59
54 60
54 90
55 56
55 61
55 91
56 57
56 62
56 92
57 58
57 63
57 93
58 59
58 64
58 94
59 65
59 95
60 61
60 65
60 66
60 96
61 62
61 67
61 97
62 63
62 68
62 98
63 64
63 69
63 99
64 65
64 70
64 100
65 71
65 101
66 67
66 71
66 102
67 68
67 103
68 69
68 104
69 70
69 105
70 71
70 106
71 107
72 73
72 77
72 78
72 102
72 108
73 74
73 79
73 103
73 109
74 75
74 80
74 104
74 110
75 76
75 81
75 105
75 111
76 77
76 82
76 106
76 112
77 83
77 107
77 113
78 79
78 83
78 84
78 114
79 80
79 85
79 115
80 81
80 86
80 116
81 82
81 87
81 117
82 83
82 88
82 118
83 89
83 119
84 85
84 89
84 90
84 120
85 86
85 91
85 121
86 87
86 92
86 122
87 88
87 93
87 123
88 89
88 94
88 124
89 95
89 125
90 91
90 95
90 96
90 126
91 92
91 97
91 127
92 93
92 98
92 128
93 94
93 99
93 129
94 95
94 100
94 130
95 101
95 131
96 97
96 101
96 102
96 132
97 98
97 103
97 133
98 99
98 104
98 134
99 100
99 105
99 135
100 101
100 106
100 136
101 107
101 137
102 103
102 107
102 138
103 104
103 139
104 105
104 140
105 106
105 141
106 107
106 142
107 143
108 109
108 113
108 114
108 138
108 144
109 110
109 115
109 139
109 145
110 111
110 116
110 140
110 146
111 112
111 117
111 141
111 147
112 113
112 118
112 142
112 148
113 119
113 143
113 149
114 115
114 119
114 120
114 150
115 116
115 121
115 151
116 117
116 122
116 152
117 118
117 123
117 153
118 119
118 124
118 154
119 125
119 155
120 121
120 125
120 126
120 156
121 122
121 127
121 157
122 123
122 128
122 158
123 124
123 129
123 159
124 125
124 130
124 160
125 131
125 161
126 127
126 131
126 132
126 162
127 128
127 133
127 163
128 129
128 134
128 164
129 130
129 135
129 165
130 131
130 136
130 166
131 137
131 167
132 133
132 137
132 138
132 168
133 134
133 139
133 169
134 135
134 140
134 170
135 136
135 141
135 171
136 137
136 142
136 172
137 143
137 173
138 139
138 143
138 174
139 140
139 175
140 141
140 176
141 142
141 177
142 143
142 178
143 179
144 145
144 149
144 150
144 174
144 180
145 146
145 151
145 175
145 181
146 147
146 152
146 176
146 182
147 148
147 153
147 177
147 183
148 149
148 154
148 178
148 184
149 155
149 179
149 185
150 151
150 155
150 156
150 186
151 152
151 157
151 187
152 153
152 158
152 188
153 154
153 159
153 189
154 155
154 160
154 190
155 161
155 191
156 157
156 161
156 162
156 192
157 158
157 163
157 193
158 159
158 164
158 194
159 160
159 165
159 195
160 161
160 166
160 196
161 167
161 197
162 163
162 167
162 168
162 198
163 164
163 169
163 199
164 165
164 170
164 200
165 166
165 171
165 201
166 167
166 172
166 202
167 173
167 203
168 169
168 173
168 174
168 204
169 170
169 175
169 205
170 171
170 176
170 206
171 172
171 177
171 207
172 173
172 178
172 208
173 179
173 209
174 175
174 179
174 210
175 176
175 211
176 177
176 212
177 178
177 213
178 179
178 214
179 215
180 181
180 185
180 186
180 210
181 182
181 187
181 211
182 183
182 188
182 212
183 184
183 189
183 213
184 185
184 190
184 214
185 191
185 215
186 187
186 191
186 192
187 188
187 193
188 189
188 194
189 190
189 195
190 191
190 196
191 197
192 193
192 197
192 198
193 194
193 199
194 195
194 200
195 196
195 201
196 197
196 202
197 203
198 199
198 203
198 204
199 200
199 205
200 201
200 206
201 202
201 207
202 203
202 208
203 209
204 205
204 209
204 210
205 206
205 211
206 207
206 212
207 208
207 213
208 209
208 214
209 215
210 211
210 215
211 212
212 213
213 214
214 215
216 57
216 7
217 71
217 195
218 49
218 166
219 113
219 31
220 42
220 99
221 143
221 192
222 102
222 183
223 148
223 67
224 180
224 95
225 212
225 95
226 47
226 146
227 91
227 117
228 127
228 82
229 97
229 14
230 36
230 164
231 156
231 104
232 86
232 35
233 5
233 130
234 144
234 17
235 119
235 211
236 100
236 211
237 10
237 61
238 51
238 176
239 79
239 24
240 33
240 150
241 15
241 142
242 155
242 67
243 65
243 158
244 13
244 138
245 11
245 175
246 158
246 214
247 68
247 118
248 82
248 145
249 211
249 16
250 126
250 40
251 6
251 75
252 171
252 180
253 215
253 55
254 29
254 79
255 128
255 178
256 190
256 169
257 15
257 210
258 63
258 158
259 134
259 197
260 16
260 180
261 42
261 99
262 77
262 163
263 120
263 208
264 91
264 69
265 26
265 143
266 185
266 94
267 77
267 127
268 29
268 110
269 208
269 150
270 167
270 152
271 198
271 9
272 207
272 118
273 22
273 133
274 179
274 39
275 139
275 12
276 153
276 131
277 191
277 121
278 58
278 73
279 6
279 63
280 52
280 144
281 133
281 52
282 159
282 67
283 143
283 87
284 143
284 12
285 81
285 205
286 182
286 121
287 100
287 43
288 112
288 23
289 214
289 13
290 7
290 124
291 31
291 155
292 0
292 201
293 120
293 66
294 81
294 205
295 106
295 6
296 34
296 158
297 114
297 22
298 124
298 180
299 57
299 7
300 95
300 109
301 67
301 88
302 59
302 139
303 141
303 43
304 68
304 118
305 142
305 43
306 42
306 209
307 159
307 54
308 160
308 74
309 76
309 127
310 33
310 89
311 76
311 157
312 92
312 40
313 119
313 57
314 83
314 62
315 100
315 73
316 123
316 205
317 99
317 203
318 194
318 75
319 69
319 126
320 214
320 150
321 120
321 23
322 31
322 154
323 195
323 35
324 90
324 110
325 136
325 14
326 6
326 111
327 151
327 76
328 15
328 142
329 213
329 48
330 32
330 41
331 5
331 135
332 200
332 114
333 132
333 21
334 128
334 191
335 32
335 113
336 186
336 55
337 100
337 211
338 73
338 58
339 207
339 84
340 138
340 3
341 31
341 112
342 107
342 192
343 111
343 192
344 167
344 188
345 149
345 25
346 171
346 19
347 75
347 186
348 192
348 107
349 186
349 55
350 23
350 140
351 52
351 204
352 155
352 60
353 27
353 115
354 49
354 174
355 36
355 177
356 147
356 199
357 208
357 84
358 64
358 146
359 106
359 19
360 40
360 96
361 12
361 143
362 61
362 10
363 168
363 69
364 12
364 143
365 124
365 96
366 151
366 34
367 124
367 7
368 160
368 74
369 198
369 147
370 159
370 41
371 49
371 166
372 209
372 79
373 103
373 124
374 119
374 25
375 141
375 46
376 33
376 119
377 188
377 108
378 120
378 98
379 116
379 24
380 165
380 103
381 115
381 172
382 134
382 42
383 188
383 91
384 89
384 33
385 134
385 197
386 169
386 118
387 90
387 176
388 45
388 177
389 144
389 15
390 106
390 12
391 30
391 135
392 105
392 48
393 94
393 174
394 58
394 73
395 52
395 7
396 177
396 192
397 12
397 76
398 193
398 34
399 65
399 80
400 82
400 193
401 213
401 89
402 75
402 151
403 56
403 147
404 42
404 169
405 11
405 93
406 131
406 181
407 126
407 69
408 197
408 98
409 150
409 57
410 67
410 125
411 22
411 168
412 161
412 56
413 5
413 93
414 139
414 22
415 163
415 17
416 148
416 199
417 65
417 115
418 104
418 209
419 80
419 174
420 101
420 186
421 201
421 78
422 122
422 210
423 89
423 188
424 1
424 142
425 46
425 173
426 213
426 7
427 124
427 181
428 159
428 138
429 178
429 115
430 199
430 16
431 167
431 8
432 73
432 58
433 38
433 195
434 199
434 45
435 53
435 213
436 26
436 47
437 173
437 46
438 30
438 94
439 39
439 160
440 187
440 102
441 71
441 193
442 73
442 23
443 47
443 212
444 50
444 108
445 169
445 95
446 40
446 85
447 70
447 146
448 122
448 214
449 83
449 134
450 190
450 102
451 215
451 74
452 149
452 58
453 147
453 84
454 148
454 206
455 136
455 9
456 170
456 0
457 182
457 137
458 153
458 53
459 64
459 194
460 14
460 131
461 213
461 121
462 182
462 100
463 207
463 120
464 44
464 137
465 165
465 1
466 157
466 58
467 1
467 128
468 31
468 154
469 105
469 59
470 127
470 11
471 189
471 108
472 27
472 126
473 98
473 161
474 114
474 15
475 148
475 200
476 110
476 11
477 179
477 55
478 2
478 203
479 195
479 107
480 170
480 77
481 124
481 0
482 108
482 188
483 74
483 196
484 70
484 145
485 107
485 192
486 88
486 212
487 140
487 29
488 198
488 77
489 163
489 77
490 162
490 2
491 191
491 85
492 49
492 174
493 84
493 57
494 172
494 79
495 66
495 15
496 28
496 117
497 17
497 175
498 191
498 170
499 187
499 28
500 33
500 119
501 158
501 70
502 195
502 66
503 47
503 26
504 48
504 212
505 189
505 72
506 161
506 56
507 27
507 158
508 162
508 37
509 193
509 101
510 26
510 178
511 115
511 4
512 61
512 10
513 126
513 35
514 56
514 132
515 8
515 171
516 175
516 64
517 81
517 205
518 137
518 152
519 71
519 154
520 130
520 186
521 102
521 4
522 107
522 195
523 81
523 13
524 127
524 76
525 131
525 146
526 174
526 123
527 96
527 117
528 99
528 48
529 165
529 60
530 128
530 11
531 21
531 38
532 150
532 33
533 68
533 196
534 45
534 144
535 64
535 145
536 104
536 204
537 38
537 149
538 161
538 98
539 24
539 123
540 94
540 186
541 37
541 162
542 4
542 96
543 154
543 102
544 201
544 103
545 160
545 38
546 212
546 101
547 34
547 156
548 62
548 187
549 36
549 212
550 106
550 13
551 104
551 202
552 161
552 140
553 197
553 128
554 64
554 181
555 68
555 157
556 16
556 61
557 140
557 192
558 19
558 136
559 45
559 125
560 132
560 3
561 58
561 73
562 203
562 68
563 7
563 99
564 32
564 48
565 215
565 74
566 139
566 21
567 85
567 202
568 141
568 0
569 103
569 165
570 81
570 205
571 204
571 123
572 184
572 121
573 96
573 181
574 10
574 128
575 170
575 84
576 75
576 200
577 200
577 75
578 180
578 95
579 137
579 44
580 64
580 182
581 214
581 150
582 175
582 16
583 177
583 50
584 67
584 125
585 160
585 74
586 172
586 47
587 39
587 204
588 125
588 8
589 24
589 123
590 3
590 168
591 32
591 94
592 137
592 152
593 111
593 186
594 130
594 182
595 20
595 109
596 69
596 96
597 66
597 135
598 157
598 142
599 179
599 62
600 89
600 33
601 174
601 87
602 77
602 202
603 213
603 53
604 168
604 117
605 4
605 139
606 203
606 68
607 25
607 148
608 129
608 24
609 107
609 15
610 64
610 153
611 111
611 6
612 173
612 46
613 9
613 173
614 166
614 83
615 206
615 112
616 34
616 115
617 69
617 132
618 176
618 54
619 121
619 178
620 21
620 180
621 124
621 145
622 181
622 173
623 16
623 175
624 208
624 151
625 16
625 176
626 101
626 152
627 78
627 172
628 212
628 101
629 206
629 112
630 119
630 14
631 72
631 189
632 46
632 173
633 85
633 191
634 112
634 59
635 197
635 129
636 147
636 56
637 157
637 178
638 116
638 25
639 69
639 126
640 2
640 162
641 28
641 122
642 64
642 146
643 109
643 101
644 2
644 198
645 55
645 213
646 190
646 99
647 164
647 42
648 67
648 88
649 190
649 66
650 34
650 156
651 30
651 100
652 127
652 76
653 180
653 21
654 37
654 154
655 181
655 22
656 19
656 149
657 177
657 50
658 44
658 29
659 130
659 13
660 27
660 156
661 46
661 145
662 185
662 85
663 90
663 8
664 183
664 18
665 156
665 27
666 92
666 148
667 18
667 113
668 15
668 144
669 204
669 79
670 123
670 18
671 96
671 213
672 14
672 167
673 189
673 108
674 24
674 129
675 98
675 161
676 204
676 110
677 91
677 182
678 80
678 211
679 94
679 146
680 88
680 180
681 189
681 72
682 104
682 203
683 205
683 123
684 101
684 193
685 126
685 27
686 206
686 52
687 74
687 215
688 20
688 142
689 191
689 170
690 10
690 61
691 41
691 20
692 34
692 125
693 42
693 164
694 208
694 83
695 24
695 116
696 92
696 184
697 1
697 126
698 93
698 5
699 66
699 162
700 82
700 20
701 70
701 145
702 45
702 144
703 157
703 214
704 119
704 14
705 142
705 15
706 23
706 117
707 78
707 160
708 215
708 43
709 149
709 201
710 18
710 113
711 190
711 169
712 0
712 171
713 150
713 58
714 147
714 91
715 174
715 49
716 171
716 30
717 131
717 146
718 65
718 154
719 107
719 13
720 12
720 106
721 56
721 5
722 159
722 54
723 166
723 49
724 173
724 49
725 133
725 50
726 117
726 54
727 1
727 121
728 199
728 52
729 113
729 26
730 194
730 54
731 117
731 96
732 165
732 180
733 111
733 215
734 162
734 63
735 53
735 3
736 119
736 69
737 152
737 137
738 17
738 109
739 50
739 108
740 184
740 51
741 148
741 59
742 56
742 132
743 149
743 63
744 71
744 86
745 3
745 96
746 0
746 131
747 89
747 33
748 22
748 133
749 88
749 199
750 193
750 82
751 29
751 140
752 120
752 208
753 110
753 137
754 63
754 187
755 101
755 152
756 175
756 17
757 35
757 194
758 162
758 35
759 14
759 75
760 135
760 41
761 176
761 16
762 198
762 3
763 184
763 19
764 22
764 133
765 143
765 26
766 45
766 185
767 99
767 210
768 85
768 191
769 194
769 35
770 160
770 43
771 24
771 129
772 2
772 162
773 165
773 1
774 115
774 34
775 203
775 2
776 155
776 27
777 27
777 118
778 135
778 41
779 116
779 25
780 4
780 92
781 177
781 20
782 115
782 33
783 122
783 2
784 97
784 188
785 63
785 151
786 128
786 46
787 30
787 164
788 88
788 66
789 109
789 20
790 105
790 120
791 97
791 202
792 126
792 104
793 44
793 29
794 139
794 21
795 179
795 62
796 138
796 87
797 146
797 45
798 81
798 210
799 9
799 102
800 7
800 124
801 166
801 8
802 83
802 173
803 112
803 23
804 86
804 71
805 36
805 209
806 92
806 190
807 4
807 132
808 114
808 57
809 125
809 40
810 183
810 18
811 91
811 182
812 77
812 163
813 37
813 118
814 97
814 202
815 173
815 9
816 90
816 170
817 184
817 103
818 130
818 13
819 167
819 50
820 109
820 215
821 36
821 209
822 211
822 85
823 7
823 134
824 11
824 62
825 66
825 157
826 141
826 151
827 195
827 106
828 71
828 195
829 61
829 184
830 97
830 202
831 215
831 151
832 65
832 118
833 93
833 178
834 89
834 26
835 139
835 196
836 92
836 183
837 204
837 105
838 153
838 65
839 1
839 121
840 188
840 132
841 153
841 89
842 2
842 203
843 44
843 34
844 166
844 78
845 148
845 67
846 157
846 39
847 114
847 189
848 98
848 156
849 86
849 213
850 125
850 1
851 116
851 54
852 145
852 70
853 177
853 44
854 109
854 17
855 116
855 18
856 59
856 153
857 169
857 70
858 194
858 136
859 44
859 29
860 203
860 63
861 182
861 48
862 48
862 133
863 158
863 28
864 82
864 200
865 81
865 127
866 127
866 70
867 47
867 153
868 150
868 207
869 182
869 137
870 193
870 76
871 39
871 167
872 177
872 56
873 94
873 185
874 38
874 160
875 50
875 108
876 39
876 198
877 74
877 20
878 141
878 43
879 30
879 56
880 210
880 122
881 131
881 193
882 102
882 183
883 101
883 212
884 167
884 50
885 8
885 125
886 37
886 119
887 11
887 122
888 174
888 86
889 187
889 172
890 68
890 159
891 6
891 111
892 35
892 164
893 17
893 144
894 169
894 95
895 113
895 26
896 202
896 97
897 28
897 122
898 122
898 31
899 74
899 201
900 82
900 163
901 37
901 160
902 11
902 169
903 138
903 189
904 5
904 93
905 187
905 62
906 128
906 1
907 155
907 60
908 194
908 35
909 51
909 29
910 75
910 211
911 6
911 63
912 33
912 83
913 5
913 93
914 13
914 108
915 91
915 182
916 56
916 179
917 144
917 50
918 158
918 60
919 207
919 113
920 37
920 171
921 168
921 43
922 135
922 5
923 139
923 4
924 197
924 134
925 117
925 54
926 120
926 208
927 112
927 31
928 45
928 172
929 118
929 27
930 16
930 206
931 66
931 22
932 196
932 38
933 59
933 112
934 194
934 83
935 102
935 3
936 71
936 165
937 155
937 60
938 210
938 52
939 196
939 74
940 163
940 82
941 158
941 35
942 14
942 131
943 188
943 89
944 21
944 71
945 205
945 80
946 129
946 214
947 90
947 207
948 17
948 147
949 29
949 88
950 150
950 98
951 48
951 153
952 116
952 24
953 18
953 123
954 46
954 141
955 138
955 39
956 199
956 117
957 135
957 10
958 41
958 135
959 169
959 42
960 40
960 125
961 192
961 214
962 181
962 132
963 110
963 28
964 111
964 6
965 88
965 30
966 8
966 91
967 57
967 114
968 69
968 168
969 36
969 135
970 10
970 173
971 124
971 0
972 78
972 208
973 165
973 38
974 78
974 166
975 164
975 42
976 91
976 40
977 72
977 189
978 210
978 94
979 4
979 86
980 145
980 130
981 9
981 136
982 23
982 79
983 40
983 91
984 159
984 54
985 125
985 8
986 59
986 79
987 137
987 152
988 187
988 98
989 158
989 65
990 196
990 134
991 112
991 210
992 93
992 155
993 134
993 83
994 63
994 180
995 194
995 41
996 31
996 196
997 2
997 203
998 192
998 107
999 135
999 10
1000 190
1000 102
1001 147
1001 48
1002 111
1002 59
1003 133
1003 178
1004 105
1004 204
1005 6
1005 111
1006 51
1006 97
1007 87
1007 177
1008 110
1008 95
1009 97
1009 188
1010 90
1010 207
1011 23
1011 112
1012 44
1012 29
1013 153
1013 54
1014 39
1014 196
1015 114
1015 200
1016 129
1016 65
1017 143
1017 26
1018 168
1018 43
1019 184
1019 92
1020 152
1020 72
1021 134
1021 10
1022 20
1022 109
1023 136
1023 9
1024 49
1024 174
1025 54
1025 110
1026 101
1026 193
1027 21
1027 151
1028 51
1028 103
1029 45
1029 172
1030 18
1030 148
1031 209
1031 36
1032 81
1032 205
1033 200
1033 70
1034 80
1034 31
1035 154
1035 60
1036 51
1036 109
1037 51
1037 73
1038 209
1038 36
1039 155
1039 60
1040 199
1040 88
1041 103
1041 165
1042 3
1042 53
1043 4
1043 85
1044 151
1044 63
1045 117
1045 199
1046 70
1046 181
1047 201
1047 142
1048 207
1048 84
1049 174
1049 80
1050 6
1050 106
1051 98
1051 119
1052 209
1052 8
1053 131
1053 14
1054 97
1054 15
1055 86
1055 40
1056 59
1056 142
1057 76
1057 12
1058 9
1058 136
1059 49
1059 207
1060 10
1060 61
1061 184
1061 61
1062 87
1062 212
1063 114
1063 99
1064 84
1064 189
1065 13
1065 130
1066 204
1066 105
1067 72
1067 195
1068 78
1068 202
1069 149
1069 25
1070 60
1070 155
1071 127
1071 77
1072 25
1072 183
1073 25
1073 183
1074 190
1074 175
1075 80
1075 185
1076 37
1076 154
1077 197
1077 98
1078 197
1078 133
1079 28
1079 122
1080 179
1080 86
1081 106
1081 19
1082 130
1082 211
1083 116
1083 20
1084 37
1084 141
1085 68
1085 118
1086 72
1086 209
1087 167
1087 39
1088 170
1088 30
1089 22
1089 44
1090 16
1090 175
1091 156
1091 27
1092 17
1092 176
1093 41
1093 145
1094 136
1094 9
1095 151
1095 76
1096 104
1096 156
1097 186
1097 96
1098 44
1098 100
1099 172
1099 87
1100 86
1100 191
1101 185
1101 85
1102 193
1102 104
1103 170
1103 197
1104 162
1104 46
1105 32
1105 53
1106 49
1106 170
1107 205
1107 123
1108 35
1108 80
1109 88
1109 30
1110 121
1110 185
1111 53
1111 208
1112 77
1112 206
1113 93
1113 178
1114 198
1114 8
1115 92
1115 183
1116 100
1116 211
1117 36
1117 163
1118 166
1118 75
1119 200
1119 38
1120 79
1120 172
1121 105
1121 115
1122 86
1122 143
1123 57
1123 7
1124 120
1124 105
1125 121
1125 147
1126 162
1126 46
1127 128
1127 82
1128 97
1128 188
1129 19
1129 136
1130 143
1130 152
1131 53
1131 213
1132 87
1132 205
1133 55
1133 144
1134 93
1134 5
1135 184
1135 61
1136 32
1136 47
1137 179
1137 62
1138 201
1138 71
1139 25
1139 116
1140 11
1140 110
1141 198
1141 3
1142 146
1142 47
1143 161
1143 140
1144 32
1144 42
1145 43
1145 171
1146 68
1146 159
1147 65
1147 164
1148 164
1148 103
1149 67
1149 148
1150 47
1150 163
1151 129
1151 210
1152 17
1152 175
1153 66
1153 80
1154 28
1154 38
1155 170
1155 0
1156 72
1156 215
1157 22
1157 142
1158 113
1158 200
1159 32
1159 83
1160 48
1160 105
1161 132
1161 69
1162 90
1162 176
1163 84
1163 207
1164 106
1164 19
1165 53
1165 3
1166 178
1166 55
1167 78
1167 166
1168 175
1168 95
1169 40
1169 127
1170 130
1170 73
1171 211
1171 100
1172 163
1172 82
1173 41
1173 134
1174 144
1174 45
1175 153
1175 59
1176 201
1176 133
1177 165
1177 103
1178 32
1178 113
1179 106
1179 26
1180 156
1180 67
1181 185
1181 94
1182 149
1182 200
1183 77
1183 202
1184 159
1184 70
1185 92
1185 183
1186 116
1186 5
1187 20
1187 41
1188 186
1188 58
1189 100
1189 43
1190 104
1190 156
1191 108
1191 50
1192 19
1192 171
1193 11
1193 140
1194 167
1194 14
1195 23
1195 79
1196 113
1196 206
1197 94
1197 185
1198 149
1198 60
1199 184
1199 115
1200 13
1200 138
1201 196
1201 168
1202 195
1202 107
1203 123
1203 168
1204 141
1204 0
1205 84
1205 99
1206 34
1206 157
1207 194
1207 83
1208 105
1208 120
1209 72
1209 154
1210 141
1210 72
1211 21
1211 139
1212 152
1212 130
1213 146
1213 64
1214 164
1214 30
1215 57
1215 114
1216 161
1216 140
1217 187
1217 62
1218 176
1218 65
1219 62
1219 179
1220 176
1220 90
1221 140
1221 161
1222 161
1222 140
1223 21
1223 132
1224 201
1224 71
1225 203
1225 139
1226 76
1226 12
1227 191
1227 85
1228 206
1228 81
1229 122
1229 28
1230 187
1230 51
1231 31
1231 80
1232 197
1232 129
1233 73
1233 58
1234 137
1234 181
1235 89
1235 24
1236 204
1236 87
1237 118
1237 68
1238 55
1238 215
1239 95
1239 176
