# 0-374: switches, 375-: hosts
0 1
0 4
0 5
0 20
0 25
0 100
1 2
1 6
1 21
1 26
1 101
2 3
2 7
2 22
2 27
2 102
3 4
3 8
3 23
3 28
3 103
4 9
4 24
4 29
4 104
5 6
5 9
5 10
5 30
5 105
6 7
6 11
6 31
6 106
7 8
7 12
7 32
7 107
8 9
8 13
8 33
8 108
9 14
9 34
9 109
10 11
10 14
10 15
10 35
10 110
11 12
11 16
11 36
11 111
12 13
12 17
12 37
12 112
13 14
13 18
13 38
13 113
14 19
14 39
14 114
15 16
15 19
15 20
15 40
15 115
16 17
16 21
16 41
16 116
17 18
17 22
17 42
17 117
18 19
18 23
18 43
18 118
19 24
19 44
19 119
20 21
20 24
20 45
20 120
21 22
21 46
21 121
22 23
22 47
22 122
23 24
23 48
23 123
24 49
24 124
25 26
25 29
25 30
25 45
25 50
26 27
26 31
26 46
26 51
27 28
27 32
27 47
27 52
28 29
28 33
28 48
28 53
29 34
29 49
29 54
30 31
30 34
30 35
30 55
31 32
31 36
31 56
32 33
32 37
32 57
33 34
33 38
33 58
34 39
34 59
35 36
35 39
35 40
35 60
36 37
36 41
36 61
37 38
37 42
37 62
38 39
38 43
38 63
39 44
39 64
40 41
40 44
40 45
40 65
41 42
41 46
41 66
42 43
42 47
42 67
43 44
43 48
43 68
44 49
44 69
45 46
45 49
45 70
46 47
46 71
47 48
47 72
48 49
48 73
49 74
50 51
50 54
50 55
50 70
50 75
51 52
51 56
51 71
51 76
52 53
52 57
52 72
52 77
53 54
53 58
53 73
53 78
54 59
54 74
54 79
55 56
55 59
55 60
55 80
56 57
56 61
56 81
57 58
57 62
57 82
58 59
58 63
58 83
59 64
59 84
60 61
60 64
60 65
60 85
61 62
61 66
61 86
62 63
62 67
62 87
63 64
63 68
63 88
64 69
64 89
65 66
65 69
65 70
65 90
66 67
66 71
66 91
67 68
67 72
67 92
68 69
68 73
68 93
69 74
69 94
70 71
70 74
70 95
71 72
71 96
72 73
72 97
73 74
73 98
74 99
75 76
75 79
75 80
75 95
75 100
76 77
76 81
76 96
76 101
77 78
77 82
77 97
77 102
78 79
78 83
78 98
78 103
79 84
79 99
79 104
80 81
80 84
80 85
80 105
81 82
81 86
81 106
82 83
82 87
82 107
83 84
83 88
83 108
84 89
84 109
85 86
85 89
85 90
85 110
86 87
86 91
86 111
87 88
87 92
87 112
88 89
88 93
88 113
89 94
89 114
90 91
90 94
90 95
90 115
91 92
91 96
91 116
92 93
92 97
92 117
93 94
93 98
93 118
94 99
94 119
95 96
95 99
95 120
96 97
96 121
97 98
97 122
98 99
98 123
99 124
100 101
100 104
100 105
100 120
101 102
101 106
101 121
102 103
102 107
102 122
103 104
103 108
103 123
104 109
104 124
105 106
105 109
105 110
106 107
106 111
107 108
107 112
108 109
108 113
109 114
110 111
110 114
110 115
111 112
111 116
112 113
112 117
113 114
113 118
114 119
115 116
115 119
115 120
116 117
116 121
117 118
117 122
118 119
118 123
119 124
120 121
120 124
121 122
122 123
123 124
125 126
125 129
125 130
125 145
125 150
125 225
126 127
126 131
126 146
126 151
126 226
127 128
127 132
127 147
127 152
127 227
128 129
128 133
128 148
128 153
128 228
129 134
129 149
129 154
129 229
130 131
130 134
130 135
130 155
130 230
131 132
131 136
131 156
131 231
132 133
132 137
132 157
132 232
133 134
133 138
133 158
133 233
134 139
134 159
134 234
135 136
135 139
135 140
135 160
135 235
136 137
136 141
136 161
136 236
137 138
137 142
137 162
137 237
138 139
138 143
138 163
138 238
139 144
139 164
139 239
140 141
140 144
140 145
140 165
140 240
141 142
141 146
141 166
141 241
142 143
142 147
142 167
142 242
143 144
143 148
143 168
143 243
144 149
144 169
144 244
145 146
145 149
145 170
145 245
146 147
146 171
146 246
147 148
147 172
147 247
148 149
148 173
148 248
149 174
149 249
150 151
150 154
150 155
150 170
150 175
151 152
151 156
151 171
151 176
152 153
152 157
152 172
152 177
153 154
153 158
153 173
153 178
154 159
154 174
154 179
155 156
155 159
155 160
155 180
156 157
156 161
156 181
157 158
157 162
157 182
158 159
158 163
158 183
159 164
159 184
160 161
160 164
160 165
160 185
161 162
161 166
161 186
162 163
162 167
162 187
163 164
163 168
163 188
164 169
164 189
165 166
165 169
165 170
165 190
166 167
166 171
166 191
167 168
167 172
167 192
168 169
168 173
168 193
169 174
169 194
170 171
170 174
170 195
171 172
171 196
172 173
172 197
173 174
173 198
174 199
175 176
175 179
175 180
175 195
175 200
176 177
176 181
176 196
176 201
177 178
177 182
177 197
177 202
178 179
178 183
178 198
178 203
179 184
179 199
179 204
180 181
180 184
180 185
180 205
181 182
181 186
181 206
182 183
182 187
182 207
183 184
183 188
183 208
184 189
184 209
185 186
185 189
185 190
185 210
186 187
186 191
186 211
187 188
187 192
187 212
188 189
188 193
188 213
189 194
189 214
190 191
190 194
190 195
190 215
191 192
191 196
191 216
192 193
192 197
192 217
193 194
193 198
193 218
194 199
194 219
195 196
195 199
195 220
196 197
196 221
197 198
197 222
198 199
198 223
199 224
200 201
200 204
200 205
200 220
200 225
201 202
201 206
201 221
201 226
202 203
202 207
202 222
202 227
203 204
203 208
203 223
203 228
204 209
204 224
204 229
205 206
205 209
205 210
205 230
206 207
206 211
206 231
207 208
207 212
207 232
208 209
208 213
208 233
209 214
209 234
210 211
210 214
210 215
210 235
211 212
211 216
211 236
212 213
212 217
212 237
213 214
213 218
213 238
214 219
214 239
215 216
215 219
215 220
215 240
216 217
216 221
216 241
217 218
217 222
217 242
218 219
218 223
218 243
219 224
219 244
220 221
220 224
220 245
221 222
221 246
222 223
222 247
223 224
223 248
224 249
225 226
225 229
225 230
225 245
226 227
226 231
226 246
227 228
227 232
227 247
228 229
228 233
228 248
229 234
229 249
230 231
230 234
230 235
231 232
231 236
232 233
232 237
233 234
233 238
234 239
235 236
235 239
235 240
236 237
236 241
237 238
237 242
238 239
238 243
239 244
240 241
240 244
240 245
241 242
241 246
242 243
242 247
243 244
243 248
244 249
245 246
245 249
246 247
247 248
248 249
250 251
250 254
250 255
250 270
250 275
250 350
251 252
251 256
251 271
251 276
251 351
252 253
252 257
252 272
252 277
252 352
253 254
253 258
253 273
253 278
253 353
254 259
254 274
254 279
254 354
255 256
255 259
255 260
255 280
255 355
256 257
256 261
256 281
256 356
257 258
257 262
257 282
257 357
258 259
258 263
258 283
258 358
259 264
259 284
259 359
260 261
260 264
260 265
260 285
260 360
261 262
261 266
261 286
261 361
262 263
262 267
262 287
262 362
263 264
263 268
263 288
263 363
264 269
264 289
264 364
265 266
265 269
265 270
265 290
265 365
266 267
266 271
266 291
266 366
267 268
267 272
267 292
267 367
268 269
268 273
268 293
268 368
269 274
269 294
269 369
270 271
270 274
270 295
270 370
271 272
271 296
271 371
272 273
272 297
272 372
273 274
273 298
273 373
274 299
274 374
275 276
275 279
275 280
275 295
275 300
276 277
276 281
276 296
276 301
277 278
277 282
277 297
277 302
278 279
278 283
278 298
278 303
279 284
279 299
279 304
280 281
280 284
280 285
280 305
281 282
281 286
281 306
282 283
282 287
282 307
283 284
283 288
283 308
284 289
284 309
285 286
285 289
285 290
285 310
286 287
286 291
286 311
287 288
287 292
287 312
288 289
288 293
288 313
289 294
289 314
290 291
290 294
290 295
290 315
291 292
291 296
291 316
292 293
292 297
292 317
293 294
293 298
293 318
294 299
294 319
295 296
295 299
295 320
296 297
296 321
297 298
297 322
298 299
298 323
299 324
300 301
300 304
300 305
300 320
300 325
301 302
301 306
301 321
301 326
302 303
302 307
302 322
302 327
303 304
303 308
303 323
303 328
304 309
304 324
304 329
305 306
305 309
305 310
305 330
306 307
306 311
306 331
307 308
307 312
307 332
308 309
308 313
308 333
309 314
309 334
310 311
310 314
310 315
310 335
311 312
311 316
311 336
312 313
312 317
312 337
313 314
313 318
313 338
314 319
314 339
315 316
315 319
315 320
315 340
316 317
316 321
316 341
317 318
317 322
317 342
318 319
318 323
318 343
319 324
319 344
320 321
320 324
320 345
321 322
321 346
322 323
322 347
323 324
323 348
324 349
325 326
325 329
325 330
325 345
325 350
326 327
326 331
326 346
326 351
327 328
327 332
327 347
327 352
328 329
328 333
328 348
328 353
329 334
329 349
329 354
330 331
330 334
330 335
330 355
331 332
331 336
331 356
332 333
332 337
332 357
333 334
333 338
333 358
334 339
334 359
335 336
335 339
335 340
335 360
336 337
336 341
336 361
337 338
337 342
337 362
338 339
338 343
338 363
339 344
339 364
340 341
340 344
340 345
340 365
341 342
341 346
341 366
342 343
342 347
342 367
343 344
343 348
343 368
344 349
344 369
345 346
345 349
345 370
346 347
346 371
347 348
347 372
348 349
348 373
349 374
350 351
350 354
350 355
350 370
351 352
351 356
351 371
352 353
352 357
352 372
353 354
353 358
353 373
354 359
354 374
355 356
355 359
355 360
356 357
356 361
357 358
357 362
358 359
358 363
359 364
360 361
360 364
360 365
361 362
361 366
362 363
362 367
363 364
363 368
364 369
365 366
365 369
365 370
366 367
366 371
367 368
367 372
368 369
368 373
369 374
370 371
370 374
371 372
372 373
373 374
375 11
375 372
376 45
376 243
377 141
377 260
378 18
378 304
379 120
379 211
380 132
380 362
381 67
381 252
382 39
382 239
383 173
383 287
384 46
384 366
385 91
385 130
386 197
386 347
387 108
387 309
388 14
388 128
389 172
389 336
390 31
390 308
391 49
391 187
392 215
392 340
393 84
393 327
394 81
394 217
395 232
395 255
396 86
396 308
397 116
397 249
398 231
398 260
399 1
399 368
400 38
400 148
401 197
401 282
402 109
402 304
403 58
403 175
404 153
404 356
405 68
405 272
406 40
406 248
407 179
407 322
408 24
408 294
409 34
409 233
410 204
410 349
411 30
411 308
412 32
412 145
413 167
413 342
414 108
414 284
415 113
415 237
416 130
416 312
417 12
417 272
418 2
418 129
419 240
419 340
420 23
420 306
421 10
421 155
422 219
422 285
423 20
423 263
424 71
424 125
425 247
425 348
426 122
426 277
427 9
427 229
428 173
428 286
429 60
429 364
430 72
430 242
431 193
431 329
432 92
432 301
433 96
433 170
434 236
434 278
435 25
435 276
436 115
436 196
437 142
437 295
438 22
438 305
439 2
439 125
440 130
440 256
441 56
441 296
442 119
442 212
443 241
443 352
444 66
444 333
445 6
445 138
446 152
446 354
447 123
447 271
448 34
448 162
449 208
449 345
450 30
450 283
451 115
451 212
452 185
452 280
453 89
453 270
454 32
454 156
455 183
455 323
456 16
456 321
457 73
457 139
458 142
458 282
459 42
459 366
460 65
460 243
461 142
461 299
462 118
462 305
463 85
463 175
464 177
464 344
465 5
465 309
466 120
466 220
467 142
467 319
468 60
468 360
469 64
469 196
470 204
470 347
471 46
471 325
472 120
472 176
473 225
473 284
474 18
474 331
475 51
475 182
476 127
476 348
477 109
477 301
478 13
478 237
479 166
479 282
480 16
480 300
481 14
481 128
482 160
482 341
483 68
483 327
484 121
484 154
485 194
485 274
486 16
486 276
487 120
487 143
488 153
488 254
489 118
489 371
490 27
490 174
491 226
491 312
492 75
492 350
493 27
493 170
494 183
494 343
495 54
495 307
496 91
496 164
497 132
497 275
498 92
498 332
499 32
499 128
500 152
500 359
501 35
501 325
502 110
502 137
503 184
503 285
504 84
504 346
505 44
505 175
506 226
506 262
507 84
507 327
508 27
508 225
509 185
509 344
510 68
510 363
511 76
511 181
512 165
512 341
513 54
513 301
514 119
514 191
515 135
515 332
516 50
516 283
517 14
517 158
518 140
518 281
519 1
519 355
520 106
520 215
521 184
521 362
522 64
522 309
523 114
523 150
524 236
524 373
525 17
525 289
526 15
526 191
527 184
527 361
528 118
528 266
529 111
529 229
530 236
530 374
531 66
531 272
532 8
532 216
533 205
533 253
534 59
534 321
535 114
535 158
536 136
536 273
537 62
537 306
538 94
538 212
539 126
539 336
540 113
540 314
541 15
541 150
542 193
542 356
543 64
543 289
544 52
544 218
545 153
545 257
546 61
546 326
547 38
547 229
548 136
548 251
549 103
549 371
550 43
550 157
551 166
551 281
552 79
552 335
553 39
553 144
554 219
554 286
555 54
555 303
556 97
556 191
557 185
557 350
558 104
558 360
559 85
559 244
560 226
560 311
561 55
561 269
562 102
562 233
563 223
563 290
564 41
564 276
565 119
565 155
566 190
566 260
567 55
567 367
568 69
568 156
569 199
569 258
570 93
570 327
571 95
571 134
572 232
572 290
573 22
573 334
574 6
574 222
575 189
575 280
576 54
576 303
577 74
577 248
578 152
578 354
579 88
579 273
580 96
580 170
581 219
581 336
582 98
582 370
583 3
583 156
584 235
584 324
585 66
585 333
586 19
586 195
587 147
587 354
588 93
588 302
589 77
589 222
590 225
590 281
591 112
591 364
592 33
592 222
593 164
593 329
594 117
594 365
595 71
595 150
596 231
596 318
597 47
597 289
598 94
598 212
599 188
599 374
600 24
600 263
601 44
601 151
602 140
602 337
603 35
603 264
604 2
604 174
605 226
605 312
606 55
606 267
607 96
607 170
608 199
608 290
609 46
609 277
610 114
610 150
611 228
611 290
612 25
612 276
613 57
613 129
614 166
614 281
615 78
615 339
616 53
616 125
617 171
617 295
618 122
618 293
619 52
619 247
620 168
620 342
621 55
621 367
622 96
622 154
623 183
623 342
624 21
624 294
625 120
625 249
626 166
626 251
627 80
627 351
628 86
628 148
629 127
629 328
630 24
630 371
631 95
631 125
632 208
632 318
633 100
633 307
634 107
634 200
635 215
635 344
636 75
636 303
637 102
637 233
638 184
638 357
639 92
639 359
640 70
640 139
641 205
641 357
642 40
642 366
643 28
643 180
644 208
644 357
645 26
645 296
646 8
646 216
647 172
647 319
648 118
648 301
649 58
649 149
650 246
650 352
651 98
651 370
652 51
652 186
653 169
653 323
654 45
654 372
655 6
655 216
656 165
656 358
657 93
657 327
658 106
658 215
659 179
659 291
660 30
660 314
661 2
661 145
662 126
662 328
663 100
663 303
664 77
664 218
665 199
665 350
666 12
666 370
667 86
667 154
668 141
668 355
669 80
669 351
670 74
670 248
671 163
671 324
672 63
672 265
673 76
673 177
674 200
674 253
675 61
675 331
676 77
676 133
677 231
677 340
678 104
678 268
679 13
679 237
680 226
680 312
681 48
681 330
682 5
682 163
683 137
683 262
684 21
684 277
685 44
685 195
686 172
686 348
687 5
687 334
688 71
688 177
689 246
689 312
690 63
690 306
691 40
691 207
692 235
692 344
693 67
693 252
694 106
694 222
695 227
695 361
696 124
696 366
697 48
697 187
698 232
698 312
699 92
699 363
700 43
700 134
701 173
701 310
702 9
702 335
703 19
703 159
704 137
704 319
705 120
705 263
706 95
706 245
707 188
707 374
708 50
708 283
709 3
709 176
710 223
710 254
711 92
711 300
712 28
712 180
713 140
713 353
714 118
714 309
715 90
715 244
716 130
716 320
717 67
717 365
718 110
718 191
719 198
719 257
720 4
720 271
721 82
721 233
722 171
722 282
723 45
723 372
724 101
724 242
725 213
725 278
726 78
726 339
727 44
727 220
728 235
728 255
729 26
729 330
730 82
730 238
731 224
731 349
732 104
732 268
733 39
733 144
734 183
734 343
735 66
735 266
736 14
736 229
737 193
737 250
738 20
738 366
739 44
739 175
740 232
740 257
741 30
741 368
742 101
742 206
743 227
743 262
744 78
744 293
745 119
745 191
746 127
746 348
747 104
747 309
748 116
748 249
749 136
749 353
750 26
750 330
751 77
751 242
752 165
752 324
753 42
753 365
754 58
754 158
755 240
755 352
756 60
756 264
757 121
757 249
758 160
758 337
759 88
759 284
760 97
760 186
761 209
761 352
762 86
762 333
763 71
763 206
764 178
764 291
765 22
765 338
766 2
766 145
767 172
767 323
768 9
768 301
769 121
769 125
770 132
770 261
771 59
771 308
772 49
772 213
773 230
773 273
774 45
774 330
775 91
775 139
776 131
776 341
777 41
777 321
778 53
778 129
779 199
779 285
780 84
780 351
781 57
781 239
782 136
782 259
783 26
783 325
784 32
784 180
785 240
785 344
786 98
786 366
787 26
787 163
788 169
788 274
789 79
789 335
790 7
790 180
791 140
791 328
792 109
792 307
793 95
793 125
794 204
794 343
795 25
795 271
796 15
796 191
797 202
797 257
798 104
798 339
799 45
799 243
800 167
800 315
801 5
801 267
802 33
802 221
803 135
803 337
804 105
804 275
805 39
805 144
806 166
806 281
807 105
807 351
808 65
808 212
809 189
809 278
810 105
810 331
811 94
811 187
812 189
812 320
813 63
813 326
814 69
814 200
815 223
815 254
816 36
816 252
817 90
817 137
818 169
818 324
819 122
819 271
820 14
820 144
821 168
821 358
822 55
822 272
823 27
823 174
824 126
824 319
825 5
825 330
826 102
826 154
827 171
827 287
828 18
828 334
829 52
829 218
830 227
830 257
831 123
831 327
832 108
832 149
833 167
833 341
834 80
834 296
835 64
835 201
836 194
836 252
837 0
837 351
838 8
838 216
839 230
839 284
840 66
840 300
841 97
841 186
842 178
842 290
843 0
843 355
844 40
844 201
845 224
845 254
846 11
846 292
847 71
847 182
848 146
848 250
849 103
849 263
850 120
850 245
851 214
851 280
852 30
852 338
853 70
853 153
854 209
854 257
855 93
855 301
856 14
856 148
857 140
857 353
858 112
858 363
859 74
859 243
860 190
860 357
861 113
861 298
862 72
862 220
863 246
863 340
864 42
864 366
865 58
865 174
866 130
866 260
867 16
867 276
868 72
868 242
869 210
869 317
870 66
870 300
871 20
871 211
872 203
872 254
873 43
873 288
874 81
874 145
875 219
875 316
876 103
876 271
877 58
877 157
878 126
878 340
879 61
879 325
880 107
880 182
881 231
881 340
882 100
882 334
883 57
883 149
884 147
884 294
885 59
885 326
886 91
886 159
887 142
887 315
888 42
888 252
889 111
889 207
890 137
890 256
891 0
891 355
892 29
892 190
893 204
893 343
894 6
894 288
895 13
895 237
896 147
896 299
897 55
897 283
898 8
898 221
899 207
899 290
900 100
900 335
901 69
901 244
902 184
902 252
903 1
903 351
904 76
904 206
905 147
905 315
906 79
906 335
907 116
907 143
908 228
908 352
909 83
909 368
910 33
910 213
911 205
911 253
912 1
912 346
913 58
913 145
914 240
914 317
915 113
915 268
916 8
916 192
917 236
917 353
918 40
918 330
919 39
919 144
920 200
920 284
921 86
921 338
922 32
922 181
923 166
923 352
924 25
924 322
925 119
925 211
926 214
926 362
927 123
927 271
928 10
928 155
929 152
929 259
930 12
930 326
931 10
931 158
932 203
932 310
933 84
933 307
934 95
934 151
935 209
935 311
936 84
936 346
937 72
937 206
938 246
938 336
939 47
939 264
940 73
940 170
941 240
941 345
942 124
942 359
943 65
943 245
944 130
944 256
945 41
945 325
946 110
946 177
947 169
947 344
948 59
948 267
949 111
949 202
950 205
950 358
951 88
951 314
952 91
952 159
953 171
953 295
954 31
954 338
955 115
955 192
956 224
956 349
957 124
957 309
958 71
958 220
959 215
959 317
960 92
960 332
961 34
961 241
962 233
962 336
963 61
963 332
964 86
964 176
965 197
965 347
966 68
966 363
967 112
967 216
968 136
968 262
969 20
969 288
970 73
970 182
971 146
971 359
972 118
972 352
973 73
973 134
974 168
974 338
975 50
975 303
976 82
976 145
977 200
977 253
978 22
978 333
979 34
979 213
980 241
980 328
981 42
981 266
982 97
982 186
983 177
983 275
984 108
984 268
985 101
985 138
986 132
986 373
987 123
987 302
988 76
988 190
989 185
989 285
990 47
990 264
991 116
991 138
992 189
992 279
993 37
993 296
994 73
994 139
995 136
995 262
996 37
996 272
997 111
997 186
998 199
998 358
999 88
999 284
1000 53
1000 170
1001 131
1001 373
1002 62
1002 325
1003 77
1003 163
1004 172
1004 316
1005 99
1005 334
1006 110
1006 164
1007 236
1007 373
1008 98
1008 370
1009 28
1009 181
1010 160
1010 353
1011 117
1011 338
1012 111
1012 237
1013 164
1013 324
1014 54
1014 283
1015 101
1015 242
1016 172
1016 348
1017 117
1017 371
1018 48
1018 243
1019 160
1019 317
1020 47
1020 263
1021 7
1021 176
1022 141
1022 281
1023 5
1023 308
1024 91
1024 158
1025 140
1025 337
1026 22
1026 314
1027 97
1027 182
1028 234
1028 253
1029 17
1029 366
1030 65
1030 207
1031 204
1031 329
1032 79
1032 294
1033 101
1033 138
1034 247
1034 352
1035 89
1035 266
1036 12
1036 221
1037 236
1037 353
1038 87
1038 332
1039 90
1039 143
1040 199
1040 254
1041 87
1041 309
1042 72
1042 218
1043 178
1043 290
1044 37
1044 296
1045 89
1045 196
1046 126
1046 340
1047 36
1047 313
1048 81
1048 215
1049 135
1049 262
1050 56
1050 369
1051 70
1051 248
1052 152
1052 354
1053 0
1053 360
1054 97
1054 186
1055 232
1055 356
1056 113
1056 292
1057 11
1057 191
1058 188
1058 323
1059 0
1059 345
1060 85
1060 143
1061 177
1061 258
1062 84
1062 321
1063 119
1063 192
1064 161
1064 251
1065 35
1065 313
1066 74
1066 243
1067 179
1067 322
1068 98
1068 266
1069 114
1069 150
1070 142
1070 315
1071 88
1071 298
1072 43
1072 128
1073 234
1073 253
1074 124
1074 288
1075 40
1075 220
1076 184
1076 252
1077 11
1077 269
1078 114
1078 156
1079 247
1079 311
1080 17
1080 266
1081 89
1081 196
1082 165
1082 273
1083 23
1083 333
1084 27
1084 239
1085 171
1085 299
1086 56
1086 260
1087 112
1087 192
1088 142
1088 287
1089 37
1089 296
1090 94
1090 245
1091 166
1091 281
1092 60
1092 369
1093 28
1093 195
1094 177
1094 258
1095 83
1095 278
1096 51
1096 162
1097 219
1097 280
1098 29
1098 302
1099 52
1099 242
1100 167
1100 316
1101 84
1101 346
1102 57
1102 133
1103 231
1103 294
1104 0
1104 372
1105 115
1105 237
1106 136
1106 299
1107 85
1107 292
1108 120
1108 176
1109 178
1109 285
1110 79
1110 359
1111 115
1111 192
1112 203
1112 310
1113 17
1113 289
1114 74
1114 133
1115 194
1115 344
1116 105
1116 346
1117 70
1117 134
1118 214
1118 317
1119 21
1119 265
1120 1
1120 129
1121 174
1121 315
1122 81
1122 267
1123 71
1123 206
1124 208
1124 311
1125 61
1125 331
1126 53
1126 200
1127 198
1127 310
1128 79
1128 270
1129 28
1129 176
1130 223
1130 254
1131 87
1131 306
1132 95
1132 159
1133 178
1133 310
1134 24
1134 302
1135 1
1135 234
1136 169
1136 349
1137 83
1137 360
1138 34
1138 144
1139 136
1139 256
1140 31
1140 313
1141 111
1141 145
1142 225
1142 275
1143 22
1143 334
1144 99
1144 139
1145 223
1145 258
1146 79
1146 368
1147 94
1147 207
1148 171
1148 287
1149 66
1149 272
1150 52
1150 243
1151 164
1151 285
1152 26
1152 330
1153 112
1153 138
1154 227
1154 257
1155 100
1155 303
1156 9
1156 249
1157 184
1157 343
1158 87
1158 314
1159 12
1159 221
1160 197
1160 348
1161 103
1161 346
1162 40
1162 206
1163 172
1163 347
1164 67
1164 298
1165 63
1165 156
1166 142
1166 282
1167 29
1167 295
1168 102
1168 133
1169 137
1169 261
1170 67
1170 297
1171 6
1171 149
1172 152
1172 259
1173 48
1173 309
1174 65
1174 244
1175 183
1175 347
1176 23
1176 306
1177 6
1177 245
1178 146
1178 359
1179 78
1179 339
1180 2
1180 174
1181 135
1181 317
1182 105
1182 326
1183 101
1183 247
1184 234
1184 354
1185 109
1185 321
1186 114
1186 155
1187 140
1187 281
1188 86
1188 364
1189 72
1189 218
1190 165
1190 282
1191 46
1191 333
1192 3
1192 221
1193 169
1193 274
1194 61
1194 326
1195 51
1195 162
1196 164
1196 344
1197 75
1197 308
1198 53
1198 240
1199 235
1199 344
1200 56
1200 296
1201 69
1201 195
1202 205
1202 253
1203 42
1203 363
1204 44
1204 225
1205 209
1205 332
1206 56
1206 369
1207 86
1207 229
1208 202
1208 259
1209 37
1209 297
1210 71
1210 182
1211 147
1211 320
1212 4
1212 269
1213 121
1213 249
1214 183
1214 361
1215 123
1215 302
1216 96
1216 151
1217 231
1217 320
1218 103
1218 271
1219 111
1219 216
1220 225
1220 291
1221 25
1221 275
1222 116
1222 238
1223 173
1223 286
1224 59
1224 278
1225 74
1225 243
1226 190
1226 316
1227 21
1227 338
1228 13
1228 217
1229 135
1229 262
1230 30
1230 283
1231 26
1231 245
1232 231
1232 320
1233 104
1233 350
1234 106
1234 211
1235 246
1235 315
1236 24
1236 288
1237 69
1237 201
1238 193
1238 274
1239 103
1239 271
1240 115
1240 207
1241 168
1241 342
1242 46
1242 333
1243 81
1243 218
1244 198
1244 356
1245 92
1245 292
1246 77
1246 218
1247 198
1247 361
1248 99
1248 335
1249 90
1249 192
1250 161
1250 315
1251 88
1251 293
1252 95
1252 134
1253 214
1253 280
1254 78
1254 268
1255 57
1255 139
1256 189
1256 291
1257 66
1257 313
1258 73
1258 162
1259 185
1259 374
1260 75
1260 303
1261 74
1261 133
1262 141
1262 250
1263 54
1263 294
1264 40
1264 187
1265 188
1265 318
1266 117
1266 365
1267 102
1267 163
1268 231
1268 318
1269 60
1269 260
1270 106
1270 201
1271 193
1271 356
1272 31
1272 313
1273 116
1273 143
1274 126
1274 373
1275 50
1275 295
1276 114
1276 175
1277 198
1277 257
1278 123
1278 327
1279 113
1279 149
1280 214
1280 336
1281 98
1281 270
1282 72
1282 242
1283 208
1283 345
1284 62
1284 331
1285 116
1285 143
1286 246
1286 336
1287 29
1287 321
1288 39
1288 128
1289 228
1289 279
1290 20
1290 372
1291 10
1291 155
1292 246
1292 255
1293 31
1293 264
1294 68
1294 200
1295 128
1295 350
1296 41
1296 298
1297 85
1297 191
1298 219
1298 285
1299 22
1299 305
1300 44
1300 130
1301 173
1301 310
1302 31
1302 367
1303 115
1303 211
1304 202
1304 323
1305 35
1305 264
1306 28
1306 201
1307 179
1307 311
1308 78
1308 268
1309 3
1309 157
1310 193
1310 358
1311 75
1311 314
1312 82
1312 239
1313 205
1313 253
1314 20
1314 269
1315 57
1315 149
1316 204
1316 345
1317 18
1317 334
1318 111
1318 237
1319 203
1319 295
1320 123
1320 301
1321 49
1321 187
1322 161
1322 255
1323 75
1323 306
1324 69
1324 192
1325 231
1325 319
1326 83
1326 369
1327 28
1327 181
1328 172
1328 318
1329 4
1329 367
1330 114
1330 163
1331 210
1331 280
1332 50
1332 313
1333 85
1333 245
1334 183
1334 310
1335 104
1335 359
1336 44
1336 245
1337 179
1337 362
1338 21
1338 277
1339 48
1339 187
1340 232
1340 258
1341 61
1341 346
1342 10
1342 158
1343 240
1343 318
1344 17
1344 289
1345 101
1345 238
1346 209
1346 253
1347 47
1347 265
1348 101
1348 242
1349 127
1349 328
1350 67
1350 297
1351 65
1351 220
1352 198
1352 356
1353 18
1353 305
1354 33
1354 238
1355 165
1355 341
1356 104
1356 314
1357 94
1357 212
1358 197
1358 356
1359 59
1359 292
1360 119
1360 220
1361 209
1361 352
1362 68
1362 266
1363 39
1363 229
1364 234
1364 374
1365 45
1365 267
1366 57
1366 138
1367 168
1367 328
1368 25
1368 276
1369 82
1369 229
1370 152
1370 250
1371 41
1371 277
1372 99
1372 248
1373 165
1373 324
1374 117
1374 365
1375 72
1375 201
1376 167
1376 287
1377 4
1377 293
1378 6
1378 239
1379 194
1379 350
1380 36
1380 322
1381 32
1381 157
1382 224
1382 274
1383 54
1383 302
1384 40
1384 176
1385 166
1385 287
1386 50
1386 283
1387 12
1387 221
1388 168
1388 338
1389 92
1389 363
1390 119
1390 220
1391 169
1391 354
1392 75
1392 269
1393 106
1393 233
1394 227
1394 259
1395 124
1395 339
1396 64
1396 196
1397 236
1397 328
1398 117
1398 363
