;job_number  cpu#  ssd#  gpu#  submit  runtime
1    25    5    19    0.0477580822883    0.1
2    13    1    12    0.04910099638    0.8
3    11    8    2    0.10753690683    0.8
4    22    15    12    0.14146822663    0.7
5    12    0    11    0.298789818469    0.8
6    1    1    1    0.31452713073    0.3
7    22    10    16    0.440566749986    0.5
8    22    15    0    0.561426664747    0.4
9    9    2    1    0.593650752857    0.8
10    19    12    2    0.762870959979    0.9
11    20    2    10    0.77260756346    0.7
12    10    10    9    0.777961342764    0.7
13    22    19    6    0.861752902233    0.5
14    22    8    22    0.870115065525    0.4
15    16    6    14    0.88989529815    1.0
16    6    3    0    0.897295148433    0.9
17    9    5    7    0.952264960109    0.8
18    20    12    10    0.958990704272    0.6
19    18    14    12    0.999067951992    0.9
20    23    8    4    1.0080188036    0.9
21    9    8    8    1.07354385794    0.9
22    6    1    6    1.18434767706    1.0
23    9    4    4    1.18532905239    0.1
24    14    11    2    1.21822584949    0.3
25    20    14    17    1.30255404486    0.6
26    11    11    1    1.30569998026    0.1
27    2    0    0    1.33422506694    0.3
28    22    15    5    1.42388304808    1.0
29    3    0    2    1.44267242032    0.2
30    1    0    0    1.48185333569    1.0
31    2    0    1    1.63243250788    0.5
32    24    17    10    1.63463416452    0.5
33    20    14    9    1.71203731867    0.9
34    11    6    0    1.72251652929    0.6
35    5    3    2    1.75902649839    0.2
36    8    5    0    1.79329655138    0.7
37    3    1    3    1.793704885    0.9
38    3    0    1    1.81422704701    0.9
39    19    17    10    1.87195308882    0.7
40    12    3    3    1.87835039904    0.9
41    5    4    2    1.94027523466    0.1
42    13    2    13    2.00098410075    0.8
43    17    6    7    2.04065451755    0.2
44    18    9    0    2.09795859026    0.8
45    13    6    6    2.09895970378    0.6
46    23    4    2    2.11380867567    0.3
47    13    8    5    2.12654873073    0.1
48    11    0    4    2.15802543562    0.7
49    4    4    4    2.1987328199    0.4
50    18    9    13    2.34583784496    0.7
51    12    1    7    2.35050629893    0.3
52    2    1    2    2.41164981703    0.4
53    17    6    15    2.41610045837    0.6
54    8    1    7    2.52146448382    0.3
55    1    1    0    2.52496702706    0.1
56    1    0    0    2.65800681564    0.4
57    20    5    20    2.68403971308    0.2
58    5    0    4    2.73400308813    0.1
59    20    13    19    2.75999791225    1.0
60    5    4    0    2.7908020687    0.1
61    8    4    4    2.79234260725    1.0
62    20    8    1    2.83444288136    0.9
63    25    22    20    2.9709992645    0.7
64    12    2    5    3.06320169809    0.2
65    23    9    9    3.16296928455    0.7
66    6    1    1    3.3261142639    0.7
67    14    4    6    3.33832659727    0.6
68    23    16    12    3.34367012406    0.7
69    15    11    7    3.34631939997    1.0
70    23    12    17    3.43076463485    0.4
71    21    5    4    3.57372819912    0.1
72    17    10    3    3.7118093264    0.9
73    22    20    12    3.75116863967    0.4
74    23    1    1    3.75587777441    0.7
75    9    9    7    3.77739395653    0.2
76    8    3    4    3.81312748323    0.3
77    19    5    10    3.96300781327    0.6
78    20    14    1    3.99698941927    0.2
79    10    10    0    4.10343233499    0.1
80    23    8    12    4.26137002996    0.3
81    5    1    2    4.28092152436    0.2
82    2    1    2    4.3505737064    0.1
83    19    15    16    4.43178112139    1.0
84    23    6    17    4.43517816117    0.4
85    15    12    6    4.51303347847    0.6
86    17    8    14    4.51751709541    0.1
87    7    6    1    4.52879099689    0.7
88    2    2    0    4.59057817586    0.8
89    5    2    2    4.61345478203    0.2
90    21    2    8    4.69666993122    0.4
91    23    3    1    4.74622419842    0.6
92    18    5    3    4.83059927374    0.2
93    8    5    4    4.9454807928    0.2
94    16    5    6    4.95339702402    0.5
95    17    15    2    5.00440358574    0.2
96    3    1    0    5.02486594255    0.3
97    11    0    1    5.06066981249    1.0
98    10    8    4    5.09172965468    0.4
99    5    0    2    5.09671054766    0.4
100    10    0    3    5.10237358685    0.4
101    17    10    4    5.10718741515    0.4
102    23    20    13    5.21629207246    0.8
103    22    11    15    5.23150428649    1.0
104    18    7    2    5.25278678399    1.0
105    8    1    5    5.25540046178    0.4
106    2    2    0    5.39042729457    0.2
107    8    1    5    5.41065761294    0.7
108    3    2    1    5.41922623665    0.7
109    10    9    3    5.42561416391    0.6
110    3    3    3    5.4469465154    0.2
111    4    3    0    5.44856110096    0.2
112    10    3    1    5.4632581204    0.8
113    8    6    5    5.46933357418    0.7
114    3    0    2    5.47077004289    0.6
115    20    18    16    5.47130822487    1.0
116    3    3    2    5.54141698156    0.3
117    17    6    15    5.5721164584    0.7
118    2    2    2    5.58673566192    0.2
119    20    4    0    5.60744263997    0.3
120    6    4    6    5.68257284219    0.8
121    16    8    13    5.68308827683    0.8
122    22    6    8    5.69988169875    0.7
123    14    1    13    5.71243984687    0.4
124    21    1    5    5.77377151256    0.2
125    20    7    13    5.78066819217    0.6
126    12    6    4    5.81799823897    1.0
127    13    5    1    5.95247438874    0.3
128    12    4    12    5.98253526599    0.2
129    9    7    1    5.98685165649    0.8
130    25    24    7    6.20256880231    0.8
131    18    8    15    6.21296208112    0.5
132    25    24    9    6.25914696016    0.3
133    8    4    2    6.33683007202    0.2
134    12    1    8    6.46008461368    0.9
135    22    11    12    6.46951567623    0.1
136    24    6    24    6.53691888738    0.6
137    5    2    1    6.55851097112    1.0
138    11    8    0    6.6042956457    0.1
139    18    4    9    6.60436407069    0.2
140    8    0    3    6.62324852844    0.2
141    14    7    8    6.65056574992    0.5
142    25    13    8    6.69255120385    0.5
143    9    4    0    6.70638638958    0.7
144    5    3    2    6.74260812553    0.8
145    21    12    13    6.74888787521    0.7
146    19    9    3    6.79059563724    1.0
147    4    2    3    6.80642918279    0.1
148    2    2    0    6.8430601246    0.1
149    14    12    1    7.07487648687    1.0
150    15    7    3    7.28539887895    0.9
151    21    10    13    7.32926327676    0.6
152    10    8    9    7.39591398015    0.5
153    20    6    10    7.41799613125    0.4
154    25    0    0    7.52565873243    0.3
155    2    1    2    7.63861331816    1.0
156    19    1    1    7.71539815724    0.1
157    6    6    2    7.77466886777    0.4
158    16    15    11    7.81931294635    0.9
159    3    2    1    7.8926710083    0.1
160    1    0    1    7.8977815731    0.8
161    16    12    2    8.0785295986    0.2
162    20    1    17    8.14591506232    1.0
163    8    5    3    8.15528571328    0.5
164    3    1    1    8.26748922857    0.8
165    14    2    14    8.27488382984    0.1
166    24    23    10    8.2852187355    0.5
167    12    9    8    8.28524009974    1.0
168    3    3    1    8.28573587626    0.9
169    8    2    4    8.31319792667    0.4
170    8    2    7    8.31850148973    0.1
171    11    8    11    8.32756515588    0.3
172    23    18    1    8.34638467631    0.1
173    6    0    2    8.36633941304    0.3
174    17    11    1    8.38374490211    0.7
175    25    20    3    8.40161649493    0.9
176    11    4    2    8.40810638275    0.2
177    25    15    14    8.48203623159    0.4
178    12    9    0    8.62330439999    0.9
179    2    0    0    8.66550469788    0.5
180    18    2    7    8.6798723947    0.5
181    5    4    3    8.70392189001    0.8
182    4    2    4    8.76418693207    0.4
183    4    3    4    8.77822875469    0.3
184    4    0    4    8.91634470598    0.9
185    18    8    10    9.16574455808    0.9
186    2    2    2    9.24748764382    0.4
187    18    17    4    9.24895070233    0.9
188    1    1    0    9.25230863654    0.5
189    14    0    7    9.32089128051    1.0
190    5    2    5    9.35115895977    0.6
191    16    2    2    9.39966392789    1.0
192    6    0    1    9.41873183226    0.3
193    14    8    7    9.42520958778    1.0
194    6    5    5    9.45762617014    0.7
195    12    8    0    9.46760515435    0.9
196    22    7    22    9.55682552155    0.5
197    20    0    11    9.61753538647    0.4
198    13    13    0    9.63207537561    0.4
199    24    19    23    9.64063928072    0.1
200    6    5    1    9.65655644292    0.2
201    19    10    9    9.67908796153    0.8
202    9    1    2    9.8913007751    0.7
203    22    8    12    9.89931096182    0.7
204    6    6    2    9.99474043345    0.3
205    8    1    4    10.0464313765    0.3
206    9    7    2    10.0523118053    0.6
207    11    3    5    10.0700951285    0.6
208    14    7    13    10.0868479162    0.9
209    11    0    3    10.108898885    0.1
210    3    2    0    10.1465810738    0.6
211    19    19    0    10.1686003467    0.8
212    15    14    13    10.2154840393    0.3
213    19    5    8    10.3223314266    0.8
214    24    11    7    10.3309625588    0.7
215    11    0    5    10.5055139567    0.3
216    7    6    1    10.511666504    1.0
217    10    7    2    10.5935376121    0.4
218    23    21    5    10.631486773    0.2
219    1    1    1    10.6661889369    0.6
220    5    5    2    10.7321922691    0.9
221    14    1    11    10.8151323404    0.3
222    24    17    14    10.8278359676    0.1
223    8    4    3    10.857762168    0.7
224    8    3    1    10.9600179226    0.2
225    2    0    0    11.0869133044    0.2
226    4    3    1    11.1261542418    0.4
227    24    5    5    11.1761976701    0.2
228    5    0    1    11.2017802729    0.3
229    15    7    9    11.3905357171    0.9
230    6    4    5    11.4258312157    0.5
231    1    0    0    11.482562963    0.7
232    18    4    6    11.4912297253    1.0
233    10    6    2    11.5611805541    0.6
234    21    8    1    11.5615396137    0.2
235    13    3    7    11.5882391089    0.2
236    16    16    1    11.6033630154    1.0
237    16    13    8    11.6205126761    0.8
238    13    10    3    11.7042897954    0.4
239    17    11    16    11.9989162036    0.3
240    15    2    3    12.0043262885    0.4
241    21    13    18    12.104801605    0.9
242    4    0    0    12.134000299    1.0
243    4    3    3    12.1410415393    0.2
244    21    20    15    12.2613945279    0.2
245    25    4    3    12.2949924867    0.8
246    6    5    0    12.3012184545    0.6
247    15    8    11    12.4185103425    0.6
248    14    3    4    12.4931324715    0.4
249    16    3    6    12.6188476523    0.2
250    4    1    2    12.6638912681    0.4
251    4    2    3    12.8934151722    0.8
252    1    1    0    12.9128984995    0.1
253    23    11    9    12.9256864752    0.1
254    13    4    4    12.9627726061    0.7
255    11    11    7    13.0339663408    0.1
256    23    11    19    13.0363909616    0.9
257    5    4    1    13.1335709262    0.1
258    4    3    0    13.1738995056    0.6
259    1    1    0    13.25537919    0.5
260    9    1    5    13.2972350802    0.4
261    8    7    6    13.3289044854    0.9
262    19    11    6    13.3834909394    1.0
263    6    1    0    13.5544503799    0.4
264    7    5    6    13.5905238261    0.2
265    24    0    10    13.6071667974    0.6
266    15    15    4    13.6383479951    0.9
267    10    6    0    13.9505084479    0.4
268    16    2    1    13.9857875862    0.9
269    20    20    7    14.02402328    1.0
270    10    10    10    14.0458046952    0.4
271    5    2    4    14.1145854588    1.0
272    12    6    8    14.1593897222    0.7
273    23    11    6    14.2466166641    1.0
274    23    3    5    14.3429005924    0.4
275    17    14    0    14.3690227984    0.4
276    20    19    11    14.4311347927    1.0
277    21    8    19    14.4976317102    0.2
278    23    20    9    14.5602436387    0.5
279    23    5    4    14.56594078    0.6
280    7    0    6    14.5727652387    0.7
281    10    2    10    14.5862159264    0.1
282    3    2    1    14.6578842575    0.7
283    9    5    9    14.7045079905    0.8
284    1    1    1    14.7260492008    0.8
285    12    11    11    14.7294839207    0.9
286    19    8    6    14.7316583684    0.8
287    19    16    15    14.7707421034    0.8
288    18    4    11    14.8076838475    0.9
289    5    2    4    14.8217695003    0.2
290    22    1    18    14.8347472161    0.4
291    18    7    14    14.8398210506    1.0
292    18    7    9    14.8420614587    0.3
293    13    0    10    14.8560576731    0.6
294    1    0    0    14.903356148    0.8
295    10    1    8    14.9082138206    0.9
296    13    8    8    14.9286157717    0.1
297    8    7    3    14.9690451746    0.8
298    17    7    10    15.0238143597    0.7
299    12    2    5    15.1645025347    0.4
300    1    1    1    15.216528613    0.3
301    15    12    12    15.2277628336    0.9
302    5    1    1    15.2340677621    0.9
303    24    1    12    15.2748224732    0.4
304    1    1    0    15.2888589916    0.8
305    11    6    0    15.3150456524    0.7
306    14    3    12    15.3169723728    0.1
307    21    15    10    15.3598064414    0.4
308    19    17    16    15.3979199017    0.2
309    1    0    0    15.4350997956    0.6
310    13    8    8    15.4425677292    0.2
311    19    19    6    15.5029642815    0.6
312    4    4    3    15.6506816235    0.9
313    23    14    22    15.7113183628    0.2
314    15    14    4    15.8240776997    1.0
315    9    2    7    15.8274859424    0.5
316    22    13    11    15.8595707263    0.7
317    16    9    14    15.974319701    1.0
318    21    9    12    16.0877069027    0.4
319    9    6    7    16.1122999611    0.4
320    10    2    6    16.1614336776    0.7
321    24    1    19    16.2169008991    0.9
322    18    9    5    16.2612933614    0.4
323    5    5    5    16.2741467245    0.5
324    2    1    0    16.3477401323    0.6
325    4    4    1    16.3509387379    0.4
326    13    8    10    16.3516766037    0.6
327    17    0    12    16.4035427828    0.5
328    2    1    1    16.4228717858    0.5
329    4    0    3    16.4486266699    0.7
330    12    9    5    16.571149252    0.7
331    11    6    0    16.5712064001    0.9
332    12    0    3    16.663439875    0.9
333    11    1    5    16.7590439972    1.0
334    10    10    7    16.7602748769    0.3
335    4    4    2    16.9547824235    1.0
336    15    10    6    16.9798584765    0.7
337    5    4    0    16.9864490126    0.7
338    3    3    2    17.0947349276    0.4
339    23    4    19    17.1164915974    1.0
340    21    10    17    17.222497633    0.9
341    22    17    22    17.2719633253    0.3
342    22    7    14    17.3839115145    1.0
343    8    7    3    17.4385502144    1.0
344    16    4    14    17.4794242033    0.5
345    10    9    8    17.4827797577    0.5
346    4    0    2    17.5011783031    0.8
347    12    7    8    17.5201715938    0.2
348    6    4    4    17.5841163367    0.5
349    14    5    11    17.6520859047    0.7
350    15    0    12    17.6663169626    0.1
351    11    6    4    17.6856660396    0.7
352    8    4    8    17.7046583833    0.1
353    16    0    10    17.7385780007    0.5
354    21    15    7    17.7557488284    0.2
355    24    24    3    17.7696864608    0.1
356    10    1    3    17.8479708243    0.1
357    17    12    14    17.8628735244    0.5
358    5    5    2    17.9223647576    0.2
359    4    0    3    17.9450812887    0.2
360    22    12    8    17.9524285076    0.3
361    14    8    10    17.9661343787    0.2
362    3    2    3    18.0023977917    1.0
363    7    0    4    18.0128409401    0.1
364    11    3    9    18.0336274387    0.1
365    14    12    10    18.0581374377    0.2
366    3    1    2    18.0789484827    0.1
367    5    5    2    18.1092337346    0.1
368    18    11    3    18.1472227066    1.0
369    19    14    17    18.1516712465    0.2
370    7    3    4    18.1645855919    0.9
371    17    16    10    18.3431878682    0.4
372    2    1    0    18.5607629203    0.2
373    15    1    1    18.6425001228    0.5
374    9    6    3    18.6683737677    0.2
375    1    1    0    18.7581420737    1.0
376    1    0    0    18.791481813    1.0
377    1    0    1    18.8504534213    0.2
378    21    0    1    18.8656809386    1.0
379    8    7    7    18.8899754236    1.0
380    19    3    6    18.8938938522    0.1
381    22    5    5    18.9443711591    0.2
382    19    7    10    18.9454399221    0.4
383    10    6    1    18.9570353003    0.8
384    16    5    15    19.0188732506    0.4
385    11    10    11    19.2296977969    0.2
386    19    11    2    19.2829574736    0.1
387    4    2    0    19.3150095261    0.8
388    15    4    15    19.323807025    1.0
389    11    7    3    19.3528277954    0.6
390    14    0    11    19.3880910342    0.8
391    23    17    13    19.4234840609    1.0
392    16    10    3    19.4966555161    0.6
393    19    8    5    19.5265933593    0.9
394    5    1    5    19.5510834967    0.9
395    7    4    5    19.5940741669    0.6
396    11    8    10    19.6317986543    0.9
397    8    6    2    19.7055787498    0.9
398    23    10    8    19.7293509809    0.6
399    6    4    5    19.8278154147    0.2
400    18    15    14    20.1008374143    0.8
401    24    2    18    20.280136928    0.7
402    15    11    3    20.4173616686    0.8
403    20    18    11    20.4177666348    0.5
404    19    1    8    20.493143274    0.7
405    24    14    21    20.5221980464    0.8
406    7    4    3    20.5832867605    0.2
407    6    1    1    20.6124909205    0.9
408    3    1    3    20.6256033675    0.7
409    25    19    10    20.6570180222    0.2
410    12    9    0    20.6679529952    0.5
411    14    9    5    20.7026507293    0.9
412    19    13    3    20.7060674217    0.6
413    12    11    9    20.7108679482    0.3
414    11    11    3    20.8094311541    0.9
415    19    0    9    20.8157792461    0.9
416    11    10    7    20.8445484571    0.5
417    10    1    10    20.9040689883    0.8
418    12    8    1    20.9088636124    0.6
419    15    15    11    20.9153106686    0.7
420    21    16    0    20.9264943631    1.0
421    17    14    13    21.091168255    0.1
422    21    5    3    21.1065977267    0.6
423    9    7    4    21.1089200627    0.2
424    24    19    15    21.1937910311    0.6
425    3    0    2    21.22449804    1.0
426    4    4    3    21.2916063697    0.7
427    9    0    4    21.3423903555    0.3
428    19    18    19    21.3551706396    0.1
429    3    1    0    21.3771672627    1.0
430    11    3    4    21.3962659587    0.1
431    16    10    13    21.4075509627    0.7
432    15    3    0    21.4782565384    1.0
433    13    12    4    21.4801720396    0.5
434    3    1    2    21.53431645    0.3
435    15    1    11    21.6010031071    0.6
436    11    4    9    21.6411690976    0.4
437    20    4    19    21.6576215413    0.1
438    23    0    9    21.7560754966    0.9
439    12    6    12    21.8045596928    0.6
440    3    1    2    21.8127555853    1.0
441    23    12    15    21.8429244954    0.1
442    17    8    7    21.8868910398    0.7
443    11    8    3    21.8907150543    0.6
444    12    4    9    21.9959060051    0.5
445    2    2    1    21.9987777822    0.2
446    10    0    8    22.063253524    0.4
447    2    0    2    22.06752934    0.7
448    6    5    3    22.0714937739    0.4
449    14    7    9    22.0734568575    0.5
450    13    10    7    22.0979067762    0.1
451    15    9    7    22.1751498307    0.2
452    2    2    0    22.2362628093    0.1
453    8    7    5    22.2453337594    0.8
454    3    3    2    22.2662701776    0.8
455    17    15    11    22.269700075    0.8
456    5    0    3    22.3246315425    0.4
457    21    15    8    22.333048448    0.4
458    23    18    7    22.393162965    0.1
459    23    0    23    22.4457754671    0.7
460    11    0    5    22.6080895052    0.3
461    1    0    1    22.628179687    0.9
462    17    12    16    22.7078552934    0.7
463    24    10    8    22.7285420924    0.8
464    15    0    7    22.8047013896    0.1
465    12    7    1    22.8358031294    0.4
466    23    1    17    22.8718471873    0.6
467    1    1    1    22.9596271709    0.1
468    20    2    19    22.9963241036    1.0
469    14    10    14    23.0124921078    0.1
470    15    6    12    23.1532817242    0.1
471    24    4    5    23.1703123156    0.7
472    24    15    6    23.226715172    0.9
473    22    2    16    23.2373925694    0.6
474    4    4    0    23.3131910007    0.8
475    23    3    17    23.3291243155    0.2
476    16    1    14    23.3333558989    0.6
477    18    11    15    23.3611634562    0.4
478    23    1    6    23.4886313554    1.0
479    12    5    3    23.5379402453    0.1
480    20    20    3    23.6521047326    0.8
481    11    1    11    23.76572116    0.3
482    9    8    2    23.8395558501    0.6
483    7    1    3    23.8723467489    0.2
484    23    0    19    23.8755710417    0.9
485    11    9    5    23.8779653829    0.4
486    21    20    14    23.9126339182    0.1
487    3    3    0    23.9248101727    0.8
488    22    6    13    23.9865508168    0.5
489    3    2    0    23.9920500035    1.0
490    7    3    1    24.0529554095    1.0
491    23    18    21    24.0594753086    0.7
492    9    9    7    24.0966539505    0.9
493    24    8    2    24.1027427356    0.4
494    21    7    2    24.1304521734    0.5
495    5    4    4    24.2513175488    0.4
496    23    21    23    24.2974185501    0.2
497    4    4    3    24.2977862836    0.5
498    1    1    1    24.307020576    0.3
499    17    7    17    24.3104233859    1.0
500    1    0    1    24.316384161    0.8
501    18    14    17    24.3524627229    0.6
502    10    8    1    24.4203233861    0.2
503    15    13    8    24.5063170895    0.9
504    9    6    4    24.5837222234    1.0
505    24    10    24    24.6133565717    0.5
506    21    12    17    24.6166064209    0.9
507    3    1    1    24.6294748966    0.9
508    4    0    2    24.7328949313    0.6
509    16    6    14    24.742646083    0.7
510    25    12    4    24.8699519532    1.0
511    21    0    21    24.9554894894    0.8
512    15    1    4    25.0097299868    0.7
513    5    3    5    25.0746263244    1.0
514    3    0    2    25.1545152182    0.1
515    2    0    0    25.240851343    0.7
516    7    3    4    25.2964320123    0.4
517    10    1    8    25.3836483253    0.7
518    6    0    1    25.4409834147    0.9
519    18    18    4    25.4494859206    0.5
520    12    2    6    25.4930806283    0.9
521    5    5    0    25.5074375823    1.0
522    7    7    4    25.5685218539    0.2
523    24    23    2    25.5728826714    0.2
524    6    6    2    25.574596105    0.4
525    11    2    3    25.6207814541    0.8
526    19    17    1    25.6231143373    0.7
527    15    5    6    25.7528762424    0.5
528    22    3    13    25.9449886845    0.1
529    19    5    3    26.0246551949    0.9
530    11    10    6    26.0585565525    0.4
531    4    3    2    26.1718778632    0.9
532    12    2    9    26.2030606434    0.4
533    5    1    4    26.2072463095    0.1
534    1    1    1    26.3588782882    0.9
535    8    2    3    26.3707455266    0.5
536    15    2    13    26.3715770743    0.8
537    5    4    2    26.3983380167    0.4
538    14    1    10    26.4525019326    0.2
539    4    1    0    26.4688437386    0.8
540    23    18    21    26.5084333177    0.7
541    13    9    8    26.5602736792    0.3
542    6    6    5    26.6583995496    1.0
543    16    3    6    26.6643785143    1.0
544    2    2    2    26.7966808589    0.2
545    22    0    9    26.8499602015    0.9
546    6    6    4    26.9496322323    0.3
547    20    12    5    26.9974087034    0.9
548    3    2    1    27.0255955587    0.3
549    11    2    4    27.0811116129    0.2
550    18    2    1    27.1314550489    0.7
551    11    2    5    27.1714671135    0.5
552    24    2    16    27.2211150667    0.4
553    23    16    6    27.3198348356    0.7
554    5    2    2    27.3411600879    0.6
555    9    5    8    27.3538000309    0.1
556    19    0    6    27.3706497326    0.4
557    2    0    1    27.3769355187    0.1
558    13    1    7    27.4287649464    0.6
559    1    0    0    27.4519279398    1.0
560    6    1    5    27.4878025084    0.4
561    8    5    3    27.4899309936    0.1
562    8    1    1    27.4944406627    0.3
563    25    13    24    27.567260253    0.3
564    11    6    3    27.6641904897    0.8
565    21    4    20    27.6902582641    0.6
566    15    13    0    27.7053527587    0.5
567    15    2    4    27.70731918    0.3
568    25    1    23    27.7580220765    0.7
569    6    5    5    27.7657807757    0.4
570    1    1    0    27.9202682388    0.4
571    6    3    3    27.9350092173    0.9
572    20    14    0    28.0979366819    0.8
573    22    17    20    28.1093433231    1.0
574    20    13    4    28.1246457069    0.9
575    1    1    1    28.4561570486    0.7
576    5    0    0    28.6366948185    1.0
577    24    3    8    28.6651146521    0.2
578    9    4    5    28.7670891736    1.0
579    19    4    19    28.8938013407    0.2
580    19    7    14    28.9133278878    1.0
581    7    4    2    28.9184805748    0.2
582    25    14    7    28.96880108    0.8
583    20    3    10    28.9691609544    0.2
584    24    2    2    29.0294603873    0.6
585    18    10    1    29.0438694626    0.1
586    5    3    0    29.071207204    0.7
587    7    6    0    29.1058206547    0.4
588    25    16    10    29.1288277201    1.0
589    5    4    3    29.1316377502    0.9
590    24    22    10    29.1486129229    0.2
591    9    8    6    29.2101863078    0.7
592    6    3    1    29.2107616156    1.0
593    8    8    8    29.2267614456    1.0
594    12    5    2    29.3092283205    0.4
595    17    13    17    29.3269682749    0.5
596    4    2    3    29.3888998368    0.7
597    23    2    9    29.4034662096    0.7
598    2    0    0    29.4637030433    0.4
599    18    2    6    29.4813203509    0.5
600    16    13    9    29.4819416602    0.7
601    16    9    2    29.601940494    1.0
602    3    1    3    29.6224328519    0.3
603    22    5    10    29.8298416732    0.8
604    24    19    10    29.9241815901    0.6
605    25    11    11    30.0219002661    0.6
606    8    3    2    30.1125734812    0.7
607    11    10    8    30.1230231293    0.9
608    4    4    0    30.1424129014    0.3
609    22    11    14    30.2043701219    0.5
610    15    0    14    30.2339201712    0.4
611    13    11    12    30.2811104753    1.0
612    23    8    12    30.3035412797    0.6
613    13    12    13    30.4260169929    0.4
614    13    12    13    30.445967088    0.8
615    4    1    2    30.458421871    0.5
616    22    21    11    30.4880375389    0.3
617    5    2    3    30.5544438761    0.8
618    19    15    16    30.6994909508    0.7
619    5    5    4    30.7152774358    0.9
620    3    0    3    30.7890757783    0.9
621    24    8    11    30.8262739773    0.8
622    23    14    2    31.0088670257    0.5
623    19    0    7    31.0929780883    0.7
624    12    0    10    31.136410383    0.7
625    2    2    1    31.1376818423    0.3
626    19    15    16    31.2474632799    0.7
627    16    4    13    31.3236980824    0.5
628    23    12    23    31.405515085    1.0
629    1    1    1    31.5321839872    0.1
630    24    7    4    31.5599632507    0.3
631    10    7    1    31.5764231846    0.9
632    1    0    0    31.5930756373    0.7
633    23    14    13    31.6230423562    0.9
634    9    1    1    31.7110424214    0.5
635    9    3    8    31.7111741201    0.1
636    15    11    12    31.7374813065    0.6
637    16    2    9    31.7436025428    0.7
638    9    5    9    31.7827107266    0.6
639    3    1    1    31.8447834024    0.7
640    1    1    0    31.8706202766    0.9
641    13    2    13    31.917565003    0.4
642    1    1    0    32.0146688771    0.3
643    19    15    13    32.0585068302    0.2
644    5    1    0    32.0946159348    0.4
645    17    10    4    32.1225863395    0.9
646    14    4    12    32.1993419982    0.6
647    22    6    19    32.2020846771    0.6
648    15    11    10    32.290060445    0.7
649    13    0    6    32.3114002612    0.8
650    11    10    2    32.311824682    0.8
651    7    6    4    32.34208258    0.5
652    22    21    1    32.4005758392    0.9
653    12    1    8    32.6356278973    0.4
654    9    6    9    32.649812913    0.5
655    2    2    1    32.6912414528    0.2
656    25    7    0    32.9088892664    0.8
657    16    3    3    32.911066056    0.5
658    8    3    1    32.9345194156    1.0
659    1    1    1    32.947846729    0.3
660    16    15    6    33.1973751303    0.2
661    9    2    8    33.2541912249    0.2
662    12    11    6    33.2697380613    0.8
663    18    3    10    33.3132915428    1.0
664    3    0    0    33.5418315635    0.6
665    7    7    2    33.5507154143    0.3
666    25    6    1    33.5791112654    0.6
667    11    5    2    33.5942382961    0.7
668    6    1    6    33.6757511808    0.3
669    13    3    6    33.6898200897    0.1
670    18    1    13    33.7093692858    0.4
671    14    2    12    33.7651556973    0.6
672    1    1    1    33.7728770147    0.6
673    11    7    6    33.8242669804    0.6
674    2    0    2    33.8335955995    0.2
675    23    21    21    33.8748652218    1.0
676    1    0    1    33.8909885747    0.5
677    4    4    1    34.0557565235    0.4
678    20    3    7    34.0618940237    0.6
679    10    4    10    34.0881188276    0.1
680    3    1    2    34.1335546686    0.3
681    10    7    2    34.1590338262    0.5
682    8    2    8    34.1890499292    0.1
683    19    9    19    34.2616901408    0.4
684    22    16    13    34.3050772162    0.8
685    15    5    12    34.4204638875    0.1
686    14    2    8    34.4366322377    0.1
687    8    5    7    34.4571905025    0.4
688    25    6    1    34.5321875655    0.8
689    23    20    10    34.5454763914    0.4
690    18    7    7    34.6236742167    0.2
691    2    2    2    34.8652191423    0.5
692    2    2    0    34.8828713682    0.4
693    14    1    5    35.2338081128    0.4
694    5    0    2    35.376920063    0.2
695    21    12    2    35.3846531337    0.7
696    15    6    13    35.4124247747    0.2
697    22    14    11    35.4597092652    0.8
698    18    8    17    35.4723327742    0.2
699    12    10    7    35.6001540241    0.3
700    12    1    1    35.6330503604    0.7
701    24    1    9    35.6826136071    0.3
702    10    3    6    35.688893652    0.3
703    22    18    4    35.7079184654    0.4
704    20    7    13    35.7322901076    0.5
705    6    1    5    35.994336025    0.9
706    4    1    1    36.077190189    0.7
707    11    5    9    36.1149729273    0.1
708    25    9    11    36.1405656742    0.8
709    7    3    5    36.1681551404    0.4
710    1    1    1    36.1941070832    0.6
711    21    2    11    36.3128275609    0.2
712    11    2    7    36.3302051349    0.7
713    21    7    3    36.3795608418    0.3
714    9    2    1    36.440798774    1.0
715    17    12    3    36.4862870598    0.3
716    1    1    1    36.5253378116    0.9
717    17    0    4    36.5534109148    0.2
718    6    0    3    36.6517340393    1.0
719    15    8    9    36.709415278    0.5
720    25    8    12    36.7119362983    0.2
721    9    2    0    36.8810360962    0.6
722    1    0    0    36.9039755695    0.4
723    7    1    2    36.9407562076    0.9
724    23    20    7    36.9427284186    0.7
725    10    5    10    37.0062688313    0.4
726    5    1    4    37.0517565039    0.2
727    16    16    3    37.1124789303    0.6
728    7    4    6    37.1151428865    1.0
729    10    2    3    37.1751385184    1.0
730    13    12    9    37.1821109598    0.5
731    21    13    21    37.1833517189    1.0
732    15    5    8    37.2298162031    0.2
733    6    6    2    37.2786995512    0.3
734    3    2    2    37.3280706909    0.9
735    23    1    7    37.5061771384    1.0
736    1    1    0    37.5148046301    0.1
737    6    3    1    37.5485982021    0.9
738    12    12    3    37.5849367713    0.9
739    11    10    10    37.6700262864    0.5
740    13    9    7    37.732848652    0.7
741    10    7    2    37.7338431867    0.7
742    14    3    7    37.7688438666    0.5
743    8    3    6    37.7731358572    0.1
744    20    10    9    37.8417406689    0.2
745    16    4    3    37.8653252866    1.0
746    15    1    6    37.8856114935    0.4
747    3    2    0    37.8884938055    0.1
748    7    0    2    37.8969194029    0.6
749    8    7    6    37.9038519572    0.4
750    10    3    9    37.9071255358    0.7
751    23    13    10    37.9093765306    0.4
752    20    7    6    37.9411340712    0.7
753    13    3    8    37.9635853285    0.8
754    15    11    9    37.9768486984    0.2
755    17    8    7    37.9800347571    0.6
756    3    2    1    38.1220798187    0.8
757    2    0    0    38.2050752064    0.7
758    4    2    1    38.2874494467    0.4
759    21    11    19    38.333715945    0.6
760    19    15    9    38.3737593305    0.1
761    7    7    1    38.5617546348    0.6
762    6    2    0    38.6160129743    0.1
763    23    20    9    38.7055113411    0.7
764    21    15    9    38.7478328436    0.2
765    13    8    5    38.8578641895    0.8
766    13    10    11    38.8987501504    0.2
767    20    18    10    39.0600363242    0.4
768    14    0    4    39.107508368    1.0
769    4    3    4    39.1681639905    0.2
770    13    8    7    39.1865486821    0.1
771    7    4    0    39.2070543794    0.4
772    9    0    6    39.2405727222    0.5
773    8    8    3    39.4120860503    0.4
774    10    1    0    39.5329523982    0.5
775    21    20    17    39.5461348667    0.2
776    11    8    8    39.5557583125    0.4
777    3    2    0    39.7144951702    1.0
778    4    4    1    39.7927386358    0.7
779    14    2    2    39.8160528204    0.8
780    3    3    3    39.8426242546    0.8
781    15    10    5    39.9174029339    0.3
782    20    14    9    39.929718158    0.9
783    23    19    20    40.0133965837    0.4
784    21    4    19    40.0905075414    0.4
785    25    23    18    40.1204711703    0.8
786    18    3    9    40.196899095    0.9
787    23    2    19    40.3458216146    0.6
788    7    7    3    40.6094403418    0.4
789    21    14    11    40.7156415372    0.7
790    14    2    5    40.7297017268    0.5
791    17    17    5    40.9320669304    0.8
792    21    1    3    40.9422096982    1.0
793    25    7    20    41.010968288    0.8
794    20    20    3    41.0709708658    0.6
795    16    5    6    41.0965276785    0.7
796    24    16    12    41.1502142169    0.1
797    23    11    19    41.2859863065    0.4
798    13    11    6    41.2867523237    0.3
799    16    0    10    41.3008285678    0.1
800    9    9    0    41.4313051302    0.4
801    17    4    13    41.4527692641    0.5
802    7    4    4    41.5520377529    0.7
803    14    1    0    41.6554500714    0.6
804    1    0    1    41.7413339095    0.1
805    24    1    15    41.7484676653    0.8
806    16    6    5    41.9786237339    0.5
807    23    13    17    42.0552880743    0.4
808    16    13    9    42.0640787615    0.1
809    2    0    0    42.067737638    0.6
810    18    16    16    42.1056374418    0.1
811    12    5    2    42.1652535667    0.2
812    25    25    19    42.2218248281    0.8
813    15    9    12    42.2252288727    0.5
814    10    6    1    42.2754874096    0.5
815    4    3    0    42.2857502246    0.9
816    20    7    1    42.4093972706    1.0
817    13    1    2    42.4452650475    1.0
818    1    0    1    42.469467059    0.8
819    16    12    9    42.5806721023    1.0
820    1    1    0    42.6297999435    1.0
821    2    2    2    42.6615468015    0.7
822    18    14    5    42.7064369907    0.7
823    24    4    20    42.7285912269    0.4
824    25    22    20    42.8287282026    0.6
825    8    2    2    42.8370502106    0.9
826    11    7    5    42.8902070473    0.1
827    10    5    0    42.8917958947    0.6
828    4    2    1    43.0754701116    0.9
829    15    10    0    43.1625382627    0.3
830    16    6    0    43.1780117241    0.5
831    2    2    2    43.220594965    0.5
832    18    2    10    43.2334170055    0.7
833    1    0    1    43.2418545059    0.9
834    4    3    3    43.2593169068    1.0
835    14    5    2    43.3215634019    0.5
836    4    0    4    43.3577219895    0.9
837    16    12    6    43.4287030172    0.5
838    22    9    2    43.4569219225    0.9
839    16    13    2    43.4614438556    0.6
840    11    11    1    43.4710392628    0.3
841    18    12    3    43.4938301558    0.5
842    23    23    1    43.515327483    0.4
843    11    6    1    43.598988619    0.5
844    22    14    1    43.6149198829    0.9
845    5    2    2    43.6150200067    0.6
846    9    8    0    43.6226553153    0.1
847    8    3    2    43.6363636296    0.7
848    19    13    12    43.636420389    0.9
849    8    5    7    43.6553472536    1.0
850    6    4    4    43.6972131101    0.1
851    22    20    21    43.7061668159    0.4
852    23    9    1    43.7125321009    0.5
853    9    0    0    43.7364856027    0.5
854    14    12    5    43.7888356257    0.3
855    22    15    20    43.9116424416    0.6
856    23    20    16    43.9753281157    0.4
857    4    2    0    44.0253427471    0.6
858    5    4    1    44.0868710935    0.8
859    14    1    0    44.1079223481    0.9
860    2    1    0    44.1628921406    0.2
861    11    2    10    44.1671385063    0.5
862    19    0    3    44.2757031308    0.1
863    14    4    10    44.3000682579    0.9
864    12    8    4    44.3179826582    0.2
865    25    13    25    44.3731595079    0.8
866    6    5    1    44.4710097745    0.1
867    7    6    1    44.5344248322    0.2
868    13    10    10    44.5493339363    0.3
869    21    16    21    44.71442653    0.4
870    20    3    15    44.751308421    1.0
871    21    12    19    44.8399745374    0.2
872    6    5    0    44.9116233997    0.6
873    4    0    3    44.9244288862    0.7
874    16    12    3    44.9546657531    1.0
875    6    2    4    45.0167130163    0.9
876    4    3    1    45.0607803856    0.8
877    12    12    5    45.0690098266    0.3
878    7    5    2    45.1746050536    0.7
879    16    15    9    45.1829801963    0.8
880    17    5    0    45.1903539994    0.6
881    5    3    5    45.2084795596    1.0
882    21    5    10    45.2496396538    0.6
883    16    3    0    45.2715597979    0.6
884    23    0    19    45.3448932428    0.4
885    2    0    2    45.347494369    0.8
886    17    7    5    45.4723470396    1.0
887    9    8    4    45.5174190069    0.1
888    10    6    0    45.5225679516    0.8
889    20    7    11    45.5366698926    0.6
890    20    6    20    45.6144784755    0.8
891    19    4    10    45.6652808602    0.4
892    15    5    3    45.6920342815    0.9
893    13    0    10    45.7477332664    0.5
894    20    20    6    45.8175400544    0.3
895    21    11    2    45.828317879    0.4
896    25    20    4    45.964608248    0.7
897    3    3    0    46.0158951359    0.9
898    8    1    8    46.1124589995    0.2
899    17    12    16    46.1144042593    0.4
900    14    14    1    46.3849862162    0.2
901    11    3    7    46.5245968277    0.2
902    16    7    3    46.6484370085    0.1
903    17    4    17    46.6504354309    0.4
904    20    4    2    46.6639833437    0.2
905    24    24    12    46.6891502146    0.8
906    3    1    3    46.7124922085    0.7
907    2    1    1    46.7187241699    0.9
908    11    11    7    46.774018293    0.4
909    10    2    0    46.7964538858    0.6
910    21    1    9    46.8007520965    0.2
911    4    2    2    46.8080990491    0.9
912    3    1    3    46.8366967956    0.5
913    8    4    0    46.8503340517    0.6
914    21    13    8    46.9730753265    0.3
915    19    15    19    47.0368751444    0.3
916    14    9    6    47.0775522486    0.4
917    15    0    8    47.1202769455    0.6
918    21    4    8    47.5456855377    1.0
919    23    20    12    47.5812630466    0.1
920    1    1    1    47.6353208493    0.8
921    15    15    3    47.6396452693    1.0
922    22    10    9    47.6735580558    0.9
923    11    4    3    47.7683674838    0.2
924    5    3    1    47.778821096    0.1
925    8    1    7    47.8352554535    0.2
926    25    7    7    47.8523735186    1.0
927    9    4    0    47.9559646604    0.5
928    1    1    0    47.9646802745    0.6
929    16    16    4    48.0001165978    0.6
930    14    7    1    48.020517526    0.6
931    22    17    20    48.2384726552    0.8
932    3    2    1    48.2581110905    0.7
933    18    18    6    48.2662084248    0.3
934    8    0    7    48.3353647282    0.2
935    22    13    0    48.4268536988    1.0
936    1    1    1    48.4301638688    1.0
937    23    2    23    48.4352147967    0.3
938    6    6    4    48.4948521746    0.2
939    22    17    10    48.6375254445    0.8
940    1    0    1    48.7603789433    0.2
941    4    2    4    48.7888216821    0.7
942    12    9    0    48.7931817581    0.5
943    18    5    3    48.8356761216    0.1
944    20    1    13    48.8979252792    1.0
945    14    12    8    48.9587164438    0.4
946    5    2    5    48.9851495355    0.3
947    16    6    7    49.0014907836    0.1
948    17    11    8    49.1650149293    0.6
949    3    1    1    49.2408919478    0.6
950    17    14    12    49.2579939408    0.5
951    20    13    20    49.3214265944    0.3
952    12    7    4    49.4610716744    0.3
953    16    14    0    49.486689285    0.6
954    2    2    0    49.5900707969    0.3
955    23    8    21    49.5917737328    0.1
956    6    5    1    49.6106934243    0.9
957    21    0    0    49.6689174169    0.1
958    22    3    13    49.6958151952    0.7
959    13    5    13    49.7102168831    0.4
960    16    7    13    49.7102283583    0.8
961    23    5    1    49.7114614842    0.4
962    24    12    4    49.7302757323    0.8
963    14    14    11    49.8397707054    0.8
964    25    0    16    49.9100994267    1.0
965    20    3    18    50.011808146    0.4
966    1    1    0    50.0694885109    0.2
967    3    1    2    50.1152473633    0.9
968    23    13    6    50.1487137028    0.5
969    22    12    1    50.1833446277    0.1
970    21    4    16    50.2521604064    0.2
971    17    7    2    50.2991408138    0.3
972    13    10    11    50.4263825678    0.3
973    17    12    14    50.4682311836    0.1
974    6    4    5    50.6257951269    0.5
975    15    13    12    50.6554799319    0.4
976    2    0    0    50.9020176097    0.7
977    16    6    8    51.0134478874    0.5
978    7    2    3    51.0435437706    0.7
979    3    2    2    51.0922810253    0.4
980    18    8    8    51.1098635121    0.2
981    22    0    19    51.1137062125    1.0
982    12    0    1    51.1743280484    0.9
983    6    5    5    51.2752131649    0.2
984    25    15    0    51.3230961257    0.8
985    23    18    11    51.4991446655    1.0
986    21    19    4    51.5367027304    0.7
987    18    3    0    51.5420785764    1.0
988    4    2    2    51.5477698543    0.4
989    5    4    0    51.689079104    0.9
990    3    1    0    51.7010777953    1.0
991    18    16    0    51.7147163077    0.2
992    10    2    2    51.7560257639    0.3
993    3    0    3    51.8473945317    0.4
994    18    10    8    51.868488216    0.7
995    22    1    4    51.967502026    0.3
996    1    0    0    52.1374764154    0.9
997    14    1    6    52.1444222357    0.1
998    22    10    9    52.3091351793    1.0
999    11    10    9    52.3197691488    0.5
1000    22    16    20    52.3783411624    0.5
1001    6    3    6    52.4212373559    0.3
1002    7    1    1    52.477061562    0.5
1003    17    12    10    52.5603329176    0.4
1004    5    1    5    52.5916839962    0.1
1005    19    10    14    52.6110293781    0.5
1006    23    19    1    52.6236042502    0.2
1007    22    4    20    52.6478151863    0.6
1008    20    4    20    52.6931949919    0.8
1009    19    1    18    52.6978887353    0.6
1010    5    4    1    52.7140631515    0.4
1011    2    1    2    52.7170333636    0.8
1012    17    2    12    52.7204240914    0.6
1013    16    8    13    52.7220698383    0.6
1014    2    1    1    52.7282132969    0.7
1015    10    9    0    52.8236143897    0.9
1016    18    17    12    52.9773470671    0.9
1017    14    0    0    53.1143915602    0.4
1018    19    9    18    53.3091093265    0.5
1019    8    4    4    53.4596355926    0.1
1020    19    11    8    53.5859440095    0.9
1021    20    20    20    53.6175312297    1.0
1022    6    2    4    53.6948657718    0.3
1023    8    6    0    53.6967769469    0.2
1024    1    1    0    53.7642142009    0.3
1025    11    7    4    53.8056293831    0.5
1026    13    5    11    53.8228852254    0.1
1027    13    8    8    53.8344757151    0.6
1028    3    2    2    53.8380943668    0.5
1029    11    2    4    53.84156972    0.6
1030    23    13    6    53.955580877    0.5
1031    19    19    10    54.1914543731    0.1
1032    17    7    8    54.192374757    0.6
1033    24    4    23    54.2307151177    0.1
1034    24    14    7    54.2383902258    0.1
1035    23    13    15    54.2989164081    1.0
1036    19    4    0    54.3359556719    1.0
1037    12    3    11    54.3497618319    0.8
1038    3    3    1    54.5278708165    0.1
1039    7    7    5    54.5566863712    0.7
1040    1    0    1    54.5737273068    0.1
1041    24    15    14    54.5919112911    0.6
1042    24    24    5    54.6142888962    0.5
1043    10    8    5    54.6264602078    0.3
1044    7    4    4    54.6640140095    0.6
1045    25    20    2    54.7800082679    1.0
1046    5    3    5    54.7979572094    0.2
1047    9    3    1    54.8076234144    0.9
1048    15    11    12    54.8311070398    0.6
1049    3    2    3    54.8458427364    0.9
1050    21    19    17    54.8921048804    0.9
1051    18    13    14    54.9313105602    0.7
1052    5    0    2    55.0557750489    0.2
1053    19    13    1    55.0739801224    0.5
1054    2    2    1    55.1714659294    0.8
1055    15    9    0    55.2380553293    0.1
1056    13    8    1    55.3305731473    0.5
1057    9    3    9    55.3514785435    0.4
1058    25    9    13    55.4480993169    1.0
1059    8    0    1    55.6301387249    0.1
1060    7    7    6    55.725533775    0.4
1061    23    21    2    55.7955924878    0.1
1062    7    6    3    55.8248702898    0.2
1063    21    21    8    55.8411539904    0.5
1064    4    0    3    55.8849873375    0.6
1065    5    0    4    55.9650586301    0.1
1066    10    10    1    55.9733389188    0.4
1067    11    6    7    56.0526940438    0.6
1068    1    0    1    56.0718670843    0.1
1069    6    5    6    56.1737478289    0.8
1070    18    12    6    56.2463693257    1.0
1071    2    2    0    56.267627288    0.3
1072    21    4    15    56.4048894954    1.0
1073    22    1    10    56.4519620422    0.9
1074    16    1    16    56.4647296769    0.2
1075    15    0    15    56.5728285851    1.0
1076    21    21    15    56.6035009451    0.8
1077    19    12    3    56.6090535358    0.8
1078    11    8    1    56.7379519576    0.9
1079    23    21    21    56.8044886032    0.5
1080    10    1    6    56.8493409072    1.0
1081    14    9    4    56.920228704    0.6
1082    19    8    1    56.957492241    0.3
1083    15    3    3    56.9886979066    0.7
1084    13    13    5    57.0465951893    0.2
1085    17    0    14    57.1127055123    0.8
1086    5    4    1    57.2743096018    0.6
1087    19    16    3    57.2825193296    1.0
1088    2    0    1    57.3058349931    0.8
1089    21    19    15    57.3409918787    0.8
1090    1    1    0    57.3646222404    0.7
1091    23    16    18    57.3949623374    0.4
1092    2    1    2    57.4004075573    0.7
1093    18    17    17    57.4633051707    0.2
1094    14    12    9    57.4932117326    0.3
1095    1    0    0    57.5295763041    0.5
1096    8    1    4    57.566973179    0.4
1097    18    5    1    57.5709434932    0.4
1098    6    1    4    57.8617964161    0.1
1099    4    4    2    57.8756603531    0.9
1100    1    0    1    57.9540490552    0.3
1101    6    5    2    58.0488825989    0.1
1102    9    4    3    58.0676717796    0.2
1103    20    1    8    58.1315340937    0.6
1104    11    10    0    58.1368593935    0.3
1105    1    1    1    58.1777511074    0.4
1106    5    1    4    58.2591206997    0.9
1107    15    4    0    58.3098872781    0.6
1108    21    7    0    58.3327923367    0.5
1109    11    10    10    58.4160794086    0.5
1110    12    3    12    58.4514980901    0.6
1111    16    10    6    58.4793721886    0.5
1112    17    3    3    58.5626616784    0.9
1113    5    4    0    58.6231470253    0.9
1114    10    10    3    58.7203060625    0.5
1115    1    1    1    58.7257293022    0.2
1116    13    0    8    58.8545609798    0.7
1117    19    19    0    58.9396368021    0.7
1118    3    2    1    58.9940654033    0.1
1119    23    10    3    59.0001561917    0.7
1120    5    2    4    59.1465972206    0.5
1121    11    11    7    59.153331158    0.2
1122    20    12    4    59.2087876657    0.2
1123    18    7    16    59.2094579191    0.9
1124    13    13    7    59.224172497    0.6
1125    9    5    4    59.2972283031    0.9
1126    22    17    17    59.3235826667    1.0
1127    23    6    23    59.3422131676    0.5
1128    7    0    0    59.3973356241    0.6
1129    24    17    3    59.4296498202    0.6
1130    6    2    5    59.5292550936    0.1
1131    2    1    1    59.5918050582    0.9
1132    12    9    6    59.5952007932    0.2
1133    25    16    0    59.6120144818    0.4
1134    16    7    8    59.6796011298    0.6
1135    11    10    8    59.7206727959    0.7
1136    1    0    1    59.7260276722    0.8
1137    14    13    7    59.9122066694    0.7
1138    25    24    6    59.9269318716    0.4
1139    6    4    4    60.023405846    0.9
1140    19    16    18    60.0571252735    0.4
1141    11    1    1    60.143609241    0.8
1142    19    4    1    60.1469572942    0.2
1143    22    3    4    60.1753259793    0.3
1144    17    3    17    60.2576698187    0.2
1145    1    1    1    60.3516273807    1.0
1146    6    6    0    60.3734222681    0.3
1147    25    21    1    60.4076348192    0.4
1148    1    0    0    60.4153693262    0.2
1149    8    2    3    60.4509087177    0.5
1150    10    9    9    60.453265673    0.3
1151    6    0    1    60.5016382029    0.6
1152    3    3    0    60.5093974453    0.8
1153    1    1    1    60.5139800398    0.3
1154    13    3    3    60.532475266    0.7
1155    19    12    16    60.5494912156    1.0
1156    2    2    2    60.7086243696    0.8
1157    13    2    0    60.7162115273    0.8
1158    7    6    3    60.7170020499    0.1
1159    5    3    2    60.7749227862    0.4
1160    22    14    18    60.9076976192    0.5
1161    14    3    11    60.9329686646    0.9
1162    14    6    3    60.9573374226    1.0
1163    24    1    14    60.9602522124    0.9
1164    23    7    23    60.9744965725    0.7
1165    4    2    4    61.0049832362    0.7
1166    17    7    1    61.0204104505    0.3
1167    9    2    7    61.1050709672    0.2
1168    5    4    2    61.1289025752    0.2
1169    23    9    1    61.1402463958    0.5
1170    10    6    1    61.1504255749    0.9
1171    17    8    8    61.1814410082    0.5
1172    1    0    1    61.1902626926    0.9
1173    3    2    1    61.1922260774    0.1
1174    6    6    4    61.2908739638    0.6
1175    21    0    6    61.3541794841    0.6
1176    11    10    3    61.4956550771    0.1
1177    7    5    2    61.4997322325    0.8
1178    5    0    3    61.515936595    0.6
1179    9    6    8    61.6830220395    0.1
1180    7    5    4    61.7131204663    1.0
1181    10    5    5    61.7953104574    0.4
1182    6    6    5    61.880393822    0.2
1183    18    2    0    62.0452483216    0.9
1184    1    1    0    62.10539466    0.1
1185    4    2    0    62.1424437463    0.1
1186    15    12    13    62.2102537141    0.3
1187    21    8    11    62.2426111016    0.3
1188    25    13    5    62.2780323407    0.4
1189    25    12    18    62.3749675767    0.8
1190    23    6    19    62.6441001197    0.8
1191    14    12    6    62.6523806412    0.7
1192    8    3    4    62.6736951426    0.2
1193    10    5    2    62.7597291547    0.5
1194    22    15    9    62.7731674491    0.2
1195    11    4    11    62.8040598283    0.3
1196    16    10    7    62.8391107821    0.7
1197    1    1    1    62.8546126809    0.8
1198    23    4    2    62.9107019521    0.2
1199    7    5    6    62.9145632466    0.4
1200    6    0    5    63.169488718    0.9
1201    25    14    15    63.1699964235    1.0
1202    13    3    2    63.318779614    0.2
1203    22    9    20    63.3292451106    0.4
1204    16    15    1    63.3391023047    0.1
1205    24    3    19    63.3571894181    0.9
1206    8    3    7    63.3637231449    1.0
1207    15    8    4    63.3744876989    0.9
1208    25    3    8    63.547415499    0.1
1209    5    1    4    63.6135363113    0.9
1210    22    11    16    63.6566429863    0.8
1211    23    19    15    63.7810555549    0.4
1212    12    9    10    63.8416649159    0.3
1213    14    14    10    63.8963486303    0.7
1214    9    0    4    63.8991293054    0.7
1215    20    0    19    63.92955407    0.7
1216    14    4    6    63.9318828294    0.6
1217    3    1    0    63.9646962378    0.1
1218    23    3    12    64.1231520885    0.7
1219    22    16    6    64.3978814824    0.2
1220    16    1    6    64.4417080056    0.1
1221    24    18    11    64.4774448893    0.9
1222    7    7    3    64.4991954294    0.2
1223    1    0    1    64.5872623774    0.5
1224    11    11    6    64.6751683116    0.6
1225    5    5    5    64.7036773979    0.5
1226    8    0    1    64.729101609    0.5
1227    6    2    1    64.7853741109    0.7
1228    3    3    0    64.7896630867    0.1
1229    20    14    15    64.8068472071    0.3
1230    2    0    2    64.8195659419    1.0
1231    10    5    0    64.974281172    1.0
1232    8    7    2    65.0005921735    0.2
1233    7    4    3    65.011054294    0.5
1234    2    1    1    65.018199859    0.8
1235    20    2    1    65.0245019503    0.4
1236    21    16    13    65.0389973564    1.0
1237    15    15    15    65.0571377345    0.4
1238    14    0    7    65.0814163616    1.0
1239    22    4    9    65.1316036783    0.4
1240    16    15    15    65.1336416665    0.9
1241    6    6    4    65.1734133993    0.6
1242    24    1    23    65.1848443264    0.1
1243    5    3    5    65.2369609862    0.4
1244    24    22    12    65.3350173838    0.1
1245    2    0    0    65.3361779228    0.5
1246    22    14    18    65.4197931136    0.4
1247    8    0    1    65.4203704576    0.8
1248    11    11    2    65.4721641376    0.6
1249    11    5    7    65.5436450216    0.4
1250    18    14    15    65.6135771123    1.0
1251    16    8    1    65.7156100365    0.7
1252    16    3    9    65.7736423073    1.0
1253    19    14    18    65.7995452414    0.6
1254    8    1    8    65.8415363979    0.4
1255    11    11    9    65.8589706304    0.7
1256    3    2    1    65.878431605    1.0
1257    12    9    10    66.0037845138    0.8
1258    7    7    3    66.0091985799    0.5
1259    17    9    6    66.0547929291    0.3
1260    3    2    3    66.087857377    0.7
1261    14    10    0    66.0964983761    0.3
1262    4    2    1    66.107879813    0.2
1263    3    2    3    66.1701817277    0.5
1264    25    21    5    66.1905485101    0.5
1265    8    0    4    66.2019958183    0.4
1266    8    4    0    66.2183077319    0.4
1267    9    5    4    66.2488068539    0.7
1268    12    0    1    66.2907754685    0.9
1269    1    1    0    66.3091455704    1.0
1270    7    7    3    66.3296415796    0.2
1271    1    1    0    66.4317511061    1.0
1272    9    2    4    66.4530354087    0.3
1273    7    7    5    66.4937608904    0.9
1274    14    13    5    66.5238777054    1.0
1275    4    0    3    66.6100481147    0.7
1276    20    15    8    66.641980871    0.4
1277    8    8    0    66.6991255851    0.7
1278    22    18    15    66.7243399145    0.3
1279    24    3    17    66.8220468509    0.2
1280    24    18    23    66.9184429148    0.6
1281    4    1    2    66.9295353464    0.7
1282    25    19    16    66.9436846348    0.4
1283    15    7    7    67.1263665411    0.9
1284    20    17    15    67.1309141343    1.0
1285    19    17    17    67.1700023659    0.6
1286    4    4    3    67.3931799057    0.8
1287    1    0    1    67.4403075309    0.2
1288    21    17    17    67.4619304113    0.5
1289    10    3    8    67.5508324067    0.5
1290    20    11    17    67.5644242227    0.7
1291    7    3    7    67.6010165646    0.7
1292    4    1    3    67.7302256369    0.6
1293    18    17    17    67.7549667113    1.0
1294    7    4    0    67.7556397383    0.4
1295    14    13    0    67.7580710514    0.6
1296    16    14    16    67.7840617393    0.8
1297    20    14    3    67.7972404694    0.1
1298    6    1    5    67.8067222125    0.5
1299    1    0    0    67.854103807    0.8
1300    21    14    10    68.0730033804    1.0
1301    9    0    4    68.113628193    0.1
1302    11    5    8    68.2168666859    0.7
1303    16    0    11    68.2228826789    1.0
1304    13    7    0    68.2398853975    0.9
1305    22    17    21    68.3667586429    0.6
1306    3    1    3    68.4544070746    0.1
1307    6    0    5    68.5067714828    0.5
1308    23    21    3    68.5139138269    0.3
1309    5    4    5    68.5709286055    0.4
1310    3    0    2    68.5835943081    0.6
1311    5    1    5    68.5962165013    1.0
1312    3    1    0    68.6176899842    0.3
1313    12    2    5    68.6878953885    0.6
1314    22    20    20    68.7523734189    0.9
1315    13    1    9    68.8516087885    0.7
1316    17    2    11    68.8695932748    0.3
1317    22    5    12    68.8783983563    0.1
1318    25    22    3    68.9035800153    0.6
1319    19    16    2    68.959781743    0.8
1320    25    23    14    68.9603395522    0.1
1321    25    12    12    69.0023689938    0.2
1322    8    2    6    69.0051987324    1.0
1323    19    19    11    69.0406483106    0.8
1324    5    0    0    69.0474113987    0.3
1325    25    14    9    69.0498032606    0.4
1326    1    0    1    69.0952447427    0.1
1327    17    1    1    69.1130519429    0.7
1328    1    0    1    69.263455919    0.2
1329    11    4    1    69.2675326808    0.8
1330    17    6    10    69.2903209687    0.5
1331    9    8    2    69.3041304202    0.1
1332    14    14    4    69.3058779849    0.3
1333    1    0    1    69.3928151364    0.5
1334    25    4    6    69.4016764783    0.9
1335    10    2    0    69.4160960401    0.8
1336    3    2    0    69.6209663548    0.9
1337    11    3    8    69.6353719966    0.8
1338    16    4    14    69.6393793453    0.5
1339    16    2    6    69.6696260582    0.6
1340    9    8    2    69.7339493209    1.0
1341    19    2    9    69.7464824974    0.9
1342    5    0    2    69.7688132921    0.4
1343    1    1    0    69.7946104923    0.3
1344    3    1    3    69.8359286767    1.0
1345    5    4    4    69.9146534053    0.1
1346    21    3    21    70.0647475852    0.2
1347    2    0    1    70.1279063661    0.5
1348    1    0    0    70.2105701511    0.1
1349    11    4    7    70.2628967893    0.8
1350    11    9    4    70.3578859878    0.5
1351    21    15    17    70.3963959875    1.0
1352    15    0    5    70.5185513274    0.9
1353    3    1    2    70.5747645047    0.7
1354    15    0    7    70.5802486264    0.1
1355    25    3    8    70.5963767156    1.0
1356    17    2    2    70.7347887311    0.5
1357    20    6    10    70.7831146836    0.2
1358    13    12    3    70.8288689158    1.0
1359    20    5    19    70.8600999508    0.1
1360    13    2    10    70.872623329    0.6
1361    19    4    19    70.9627145883    0.5
1362    24    12    0    71.0263723297    0.1
1363    8    0    0    71.3269512294    0.2
1364    22    20    15    71.3314066773    1.0
1365    14    6    0    71.3405052584    0.6
1366    20    7    1    71.3446741366    0.4
1367    19    9    0    71.3721187321    0.7
1368    10    8    10    71.3898133021    0.1
1369    24    1    14    71.3975645885    0.3
1370    25    16    4    71.3999386626    0.6
1371    19    2    19    71.4523334953    0.5
1372    15    7    1    71.6290517766    0.9
1373    8    7    7    71.7291832563    0.1
1374    16    16    16    71.7414259439    0.7
1375    9    4    7    71.7695665532    0.4
1376    1    1    0    71.7978583687    0.6
1377    3    1    3    71.8165247435    1.0
1378    7    1    4    71.8726816013    0.8
1379    18    3    3    71.9701131744    0.2
1380    13    5    10    71.9701466794    1.0
1381    10    6    1    72.0189736115    0.6
1382    8    0    7    72.0301057272    0.9
1383    23    11    13    72.0506161585    0.1
1384    17    11    16    72.2708825272    0.2
1385    6    5    2    72.3115909182    1.0
1386    1    1    0    72.3703889244    0.7
1387    14    5    1    72.4775312971    0.4
1388    8    0    6    72.5098307824    0.1
1389    8    1    1    72.5389087822    0.5
1390    14    12    11    72.7330711772    0.8
1391    22    16    14    72.7967289991    0.7
1392    16    15    9    72.8515672465    0.1
1393    17    1    15    72.8780508663    0.8
1394    10    7    6    72.9939741304    0.5
1395    1    1    0    73.0217323154    0.3
1396    8    5    1    73.0417844147    1.0
1397    13    1    1    73.0466922825    0.9
1398    6    4    3    73.1031826504    0.1
1399    14    6    9    73.1694743308    0.7
1400    7    3    0    73.2174466871    0.3
1401    16    1    15    73.2532281208    0.7
1402    24    8    17    73.3008393176    0.7
1403    16    16    12    73.352448257    0.4
1404    24    16    5    73.3919850707    0.4
1405    10    6    9    73.3927110635    0.7
1406    12    8    7    73.4699461121    1.0
1407    2    0    0    73.4882766375    0.3
1408    9    5    8    73.4894810649    0.8
1409    18    9    11    73.4906766779    0.4
1410    21    16    17    73.566353241    1.0
1411    20    7    8    73.8171078324    0.2
1412    6    5    1    73.8401856293    0.1
1413    1    0    0    73.8881900864    1.0
1414    24    18    4    73.9801831537    0.6
1415    1    0    0    74.1040486025    0.7
1416    21    14    4    74.146421997    0.5
1417    24    22    12    74.1682267907    0.4
1418    22    12    21    74.172564195    0.8
1419    23    17    8    74.2149359126    0.3
1420    18    14    0    74.271107815    0.1
1421    19    0    10    74.4203270195    0.8
1422    15    7    15    74.4370804675    0.4
1423    24    6    14    74.506481477    1.0
1424    6    0    2    74.5240577343    0.4
1425    15    11    13    74.5401761894    0.8
1426    23    1    0    74.5608010827    0.5
1427    10    1    10    74.6008789615    0.7
1428    24    0    18    74.6758164528    0.4
1429    7    1    7    74.688617524    0.4
1430    1    1    1    74.6995966414    0.2
1431    20    11    10    74.8560839669    0.8
1432    21    14    9    74.885380457    0.8
1433    8    7    4    74.8980747908    0.4
1434    21    21    15    75.0488917259    0.8
1435    6    2    5    75.2223713056    0.4
1436    15    2    15    75.3142136018    0.9
1437    9    0    7    75.3408566747    0.5
1438    4    4    3    75.4519227028    0.6
1439    3    3    2    75.4673006734    0.5
1440    24    2    20    75.4734850802    0.6
1441    21    9    21    75.4927177653    0.8
1442    2    2    2    75.5236334621    0.9
1443    14    3    9    75.5542815609    0.4
1444    5    1    4    75.6798361165    1.0
1445    25    5    4    75.6850371306    0.1
1446    9    3    8    75.7107323203    0.5
1447    16    16    8    75.8594694397    1.0
1448    21    11    21    75.9210197676    0.7
1449    21    20    20    76.0411476364    0.8
1450    12    4    12    76.0455939224    0.3
1451    9    5    4    76.1190549911    0.3
1452    13    10    9    76.1569890941    0.4
1453    5    3    0    76.161038152    0.1
1454    23    14    3    76.3040678234    0.4
1455    1    1    0    76.3041353033    0.6
1456    17    8    14    76.3578943553    0.7
1457    10    5    5    76.413628273    0.5
1458    21    13    13    76.4829298578    0.7
1459    18    9    4    76.5132620439    0.9
1460    7    5    4    76.5299348794    0.2
1461    4    4    3    76.5467701769    0.7
1462    22    20    4    76.5984222055    1.0
1463    15    8    8    76.604501237    0.9
1464    15    15    4    76.7732146318    0.1
1465    3    2    1    76.8310045846    0.1
1466    3    3    3    76.9144268358    0.6
1467    9    0    7    76.9354426993    0.3
1468    3    2    2    76.9588068127    0.6
1469    10    1    9    76.9866623219    0.2
1470    22    10    15    77.022256607    0.5
1471    6    3    5    77.0905268089    0.1
1472    1    0    0    77.1990457534    0.8
1473    6    6    0    77.2397565121    1.0
1474    1    0    1    77.2446569702    0.2
1475    15    3    2    77.2606258166    0.7
1476    4    4    2    77.3058060075    0.3
1477    17    9    0    77.3442310788    0.7
1478    2    1    2    77.4272668627    0.6
1479    9    7    5    77.4626793117    1.0
1480    6    1    6    77.4709799083    0.3
1481    5    5    1    77.4895083762    0.3
1482    20    16    11    77.5424995464    0.4
1483    23    15    23    77.546217003    0.9
1484    12    4    12    77.6084295526    0.9
1485    17    9    10    77.6154759643    0.9
1486    5    1    0    77.6339744238    0.8
1487    3    1    3    77.650976064    0.4
1488    6    2    1    77.7669334367    0.8
1489    24    9    14    77.855383078    0.2
1490    24    15    15    77.864369968    0.9
1491    13    11    4    77.8875174673    0.1
1492    14    4    5    77.9611789617    0.7
1493    22    11    18    78.0451676184    0.8
1494    17    17    15    78.0469942682    0.8
1495    13    3    7    78.0674587064    0.3
1496    4    1    0    78.1507804914    0.7
1497    3    0    3    78.3069443007    0.5
1498    24    24    16    78.3159315017    0.3
1499    20    3    6    78.3415559348    0.6
1500    8    6    2    78.3565934562    0.7
1501    15    14    1    78.4041770373    1.0
1502    16    11    1    78.4358246733    0.1
1503    20    10    4    78.5353443811    0.9
1504    17    6    13    78.6484230945    0.2
1505    22    17    8    78.6629000764    0.9
1506    3    2    2    78.7275109585    0.3
1507    8    5    1    78.8028182388    0.2
1508    7    1    4    78.8810254009    0.4
1509    17    11    15    78.9434834387    0.2
1510    7    1    1    79.1090334804    1.0
1511    14    7    8    79.1216685823    0.9
1512    13    1    7    79.1634191641    0.5
1513    8    1    8    79.2042619282    0.9
1514    20    3    17    79.2118891286    0.4
1515    16    8    7    79.2267971886    0.2
1516    9    6    9    79.2893551653    0.2
1517    13    4    0    79.3082722598    0.7
1518    9    6    9    79.3525775392    0.2
1519    18    18    10    79.3733374667    0.9
1520    4    4    2    79.3852419999    0.7
1521    3    1    1    79.3902933265    1.0
1522    21    13    14    79.4620863552    0.3
1523    15    6    13    79.4683851497    0.5
1524    25    15    2    79.5262565558    0.5
1525    3    2    0    79.6562045128    0.7
1526    16    4    8    79.6615791651    0.1
1527    18    13    2    79.7082610399    0.1
1528    15    4    12    79.7133389681    0.2
1529    11    1    4    79.7366563994    0.3
1530    12    12    1    79.7495711483    0.9
1531    1    1    1    79.7653212726    0.1
1532    24    20    6    79.7719996514    0.6
1533    19    8    19    79.7777416593    0.3
1534    24    11    3    79.7830517445    0.2
1535    4    1    2    79.7982537684    0.6
1536    6    0    6    79.8529442299    0.1
1537    13    4    1    80.0280735413    0.7
1538    7    7    4    80.0451314165    1.0
1539    1    0    0    80.0587138212    0.9
1540    5    4    3    80.1080157992    1.0
1541    14    1    8    80.1912419497    0.8
1542    22    5    22    80.2144971111    0.9
1543    18    17    15    80.2821244705    0.4
1544    13    7    11    80.3485573101    0.6
1545    25    8    4    80.3552818178    0.3
1546    2    1    2    80.3820836491    0.2
1547    7    2    6    80.4296449715    0.7
1548    7    0    0    80.44618451    0.6
1549    3    0    0    80.4569820629    0.4
1550    1    0    0    80.4791665725    0.8
1551    16    3    11    80.5211721353    0.8
1552    18    3    4    80.5250821501    0.5
1553    25    23    9    80.5642078743    0.3
1554    8    0    1    80.5716607972    0.7
1555    10    9    5    80.6183611017    0.4
1556    18    0    4    80.6600776016    0.7
1557    5    0    5    80.7028456573    0.7
1558    22    11    1    80.7198581736    0.5
1559    9    1    7    80.8345394685    0.1
1560    3    3    1    80.8891992235    1.0
1561    14    10    1    80.8956859158    0.4
1562    7    2    7    81.0640640167    0.6
1563    2    2    2    81.1137656968    0.1
1564    17    15    10    81.2027586536    0.9
1565    23    9    12    81.2308769163    1.0
1566    1    0    1    81.2336232183    0.7
1567    16    5    0    81.2547378372    0.9
1568    16    14    2    81.261481019    0.1
1569    14    6    0    81.3577198377    0.7
1570    14    0    11    81.3729564939    0.1
1571    22    9    12    81.4655529104    1.0
1572    10    4    2    81.4801856611    0.8
1573    24    22    21    81.5080058229    0.4
1574    8    8    8    81.5101938798    0.7
1575    13    10    10    81.550545603    0.1
1576    2    1    1    81.5677062693    0.9
1577    25    25    6    81.5836369218    0.9
1578    16    0    0    81.6966292456    0.4
1579    20    3    8    81.7028627525    1.0
1580    14    8    7    81.7049901456    0.6
1581    12    11    12    81.734480827    0.4
1582    8    3    4    81.7973550467    0.3
1583    10    9    10    81.8308825546    1.0
1584    10    6    9    81.842500788    0.5
1585    3    3    3    81.8701499255    0.9
1586    14    0    6    81.8750743279    0.5
1587    1    1    0    81.8781522267    0.8
1588    6    5    2    81.9109971525    0.2
1589    24    11    3    81.9136505277    0.2
1590    24    24    22    81.9935102076    0.2
1591    13    13    13    82.1319202083    1.0
1592    7    6    5    82.2326797932    0.3
1593    23    10    3    82.2817541488    0.4
1594    15    6    2    82.2839275995    0.7
1595    2    2    0    82.2858177179    0.5
1596    24    10    16    82.2926899524    0.7
1597    3    0    1    82.3503187916    0.8
1598    10    7    7    82.4160999496    0.8
1599    5    1    4    82.4177424304    1.0
1600    4    2    0    82.4517785255    0.9
1601    23    23    10    82.4569899214    0.5
1602    5    0    3    82.5022445734    0.2
1603    1    1    1    82.5279116454    0.4
1604    8    4    0    82.7506667405    0.2
1605    18    16    3    82.8621751692    0.8
1606    22    3    19    82.9758851771    0.3
1607    7    5    1    83.0470492059    0.6
1608    22    9    14    83.0820456868    0.3
1609    22    0    15    83.1830633004    0.5
1610    17    3    11    83.3793395138    0.1
1611    14    14    2    83.4441266068    0.2
1612    18    17    16    83.481476251    0.9
1613    21    11    14    83.4816053918    0.3
1614    13    11    13    83.638084722    0.3
1615    6    2    5    83.6459186022    0.6
1616    12    2    6    83.7564708941    0.9
1617    11    0    9    83.9156286232    0.4
1618    23    7    16    83.9832812219    0.3
1619    4    0    0    84.1662127582    0.1
1620    16    2    13    84.2488009354    0.3
1621    25    10    22    84.2655085349    0.7
1622    17    10    0    84.3252885613    0.9
1623    25    19    9    84.3333499589    0.1
1624    25    0    20    84.3540267721    0.5
1625    25    19    11    84.3785376726    0.6
1626    6    1    6    84.3850336806    0.9
1627    23    8    4    84.4567420716    0.3
1628    22    14    3    84.5142015629    0.6
1629    18    18    17    84.6105504817    0.8
1630    10    10    0    84.6189910319    0.7
1631    3    2    1    84.6261977019    0.8
1632    6    5    0    84.6390577206    0.1
1633    23    0    3    84.6456237195    0.4
1634    4    0    3    84.6457218571    1.0
1635    14    14    1    84.6801803444    0.7
1636    22    9    4    84.7419481662    0.9
1637    4    4    3    84.7588510012    0.4
1638    3    3    2    84.7875287019    0.9
1639    17    8    0    84.7978972977    0.6
1640    17    9    1    84.8089997321    0.8
1641    8    6    7    84.8448832789    0.8
1642    15    14    3    84.868678819    0.4
1643    17    11    10    84.8852767169    0.6
1644    16    6    15    84.895334758    0.1
1645    19    8    16    84.9060794428    0.3
1646    15    15    13    84.9796920001    0.5
1647    21    15    19    85.0079676659    0.6
1648    6    5    2    85.0687182599    0.6
1649    3    3    1    85.1596536433    0.3
1650    4    0    4    85.2227358111    0.8
1651    13    2    4    85.2579808819    0.2
1652    24    5    24    85.2968954904    1.0
1653    17    6    10    85.3473948895    0.7
1654    1    1    1    85.3623822845    0.2
1655    7    4    2    85.3657801357    0.4
1656    23    15    14    85.3791849809    0.5
1657    9    9    2    85.405014318    0.5
1658    19    11    7    85.4691572739    0.4
1659    2    1    1    85.5143774942    0.4
1660    4    2    4    85.5612517475    0.2
1661    22    5    8    85.6333804297    0.4
1662    10    3    9    85.6999257037    0.3
1663    22    3    21    85.8158810395    0.8
1664    14    1    8    85.8428509179    0.6
1665    14    13    1    85.883470769    0.8
1666    12    4    11    85.9072426951    0.1
1667    20    15    18    85.9179110338    0.1
1668    11    10    6    85.9216746637    0.7
1669    10    8    10    85.9808550574    0.7
1670    22    15    17    86.003811347    0.1
1671    17    9    17    86.0521079614    0.6
1672    5    0    1    86.1005177217    0.5
1673    23    3    16    86.1334661302    0.1
1674    16    0    9    86.1591633199    1.0
1675    25    7    9    86.2473199345    0.7
1676    23    1    14    86.4908725452    0.6
1677    18    13    15    86.529413953    0.9
1678    21    13    18    86.5640566637    1.0
1679    18    18    16    86.644331711    0.1
1680    14    9    12    86.6532892186    0.5
1681    6    0    2    86.6586842224    0.8
1682    21    3    16    86.8095090916    0.5
1683    23    7    23    86.8599800575    0.7
1684    5    5    0    86.8637664424    1.0
1685    17    9    7    86.901045538    1.0
1686    25    8    15    86.9172733043    0.9
1687    10    3    6    86.9995672772    0.5
1688    15    13    3    87.0911136924    0.3
1689    6    0    3    87.1084502136    0.7
1690    15    5    2    87.1203642056    0.2
1691    3    0    2    87.1248066219    0.1
1692    15    13    5    87.1958098273    0.9
1693    19    19    1    87.2714030285    0.7
1694    7    2    5    87.3085026422    0.9
1695    8    8    6    87.3410460451    0.6
1696    25    21    13    87.3420790228    0.3
1697    16    15    7    87.3556032341    0.6
1698    2    1    1    87.3785058034    0.1
1699    5    0    1    87.4431554405    0.7
1700    5    1    3    87.5324146134    0.2
1701    15    6    9    87.5993440186    0.2
1702    5    3    1    87.6206870319    0.9
1703    9    6    5    87.6567621417    0.6
1704    4    3    4    87.6772743671    0.3
1705    7    2    5    87.6779216573    0.2
1706    20    13    9    87.6794238541    0.2
1707    9    3    1    87.7398674724    0.6
1708    11    0    8    87.7903568292    1.0
1709    22    19    15    87.8383673802    0.2
1710    12    8    10    87.8624624368    0.8
1711    6    2    1    87.9285064479    0.2
1712    10    7    9    87.9344500322    0.6
1713    9    8    7    87.9678976749    1.0
1714    5    1    2    87.9778553101    0.1
1715    1    1    1    88.0339012058    0.4
1716    23    9    9    88.1023691298    0.6
1717    25    0    18    88.1080513822    0.5
1718    12    2    3    88.1356571733    0.6
1719    9    7    2    88.1944213408    0.9
1720    4    0    2    88.2100334217    1.0
1721    13    6    8    88.222393391    0.4
1722    5    0    1    88.2267875981    0.4
1723    7    5    4    88.4364756178    0.6
1724    6    4    5    88.4980422743    0.7
1725    2    1    2    88.5128466605    0.6
1726    25    6    7    88.5189810261    0.2
1727    23    4    2    88.5211460581    0.6
1728    15    10    1    88.5475502773    0.8
1729    18    12    16    88.6293541753    1.0
1730    19    9    5    88.6345111988    0.4
1731    16    14    0    88.6613982868    0.3
1732    9    1    4    88.6804453866    0.2
1733    3    0    0    88.8476815199    0.1
1734    18    18    15    88.8749086491    0.1
1735    21    10    10    88.8874080094    0.6
1736    12    3    3    88.9018672322    0.5
1737    13    2    10    88.9301353978    0.9
1738    9    1    9    88.9551647466    0.4
1739    14    3    1    89.1581192523    0.3
1740    5    1    2    89.2077527191    0.6
1741    17    10    12    89.2195748973    1.0
1742    17    13    14    89.337350081    0.8
1743    13    7    12    89.4654506815    0.2
1744    11    10    4    89.4936314385    0.6
1745    18    11    2    89.5090849868    0.2
1746    3    3    0    89.5477821846    0.8
1747    17    0    1    89.5605379904    0.7
1748    3    0    2    89.5688723566    0.9
1749    19    9    19    89.600981723    1.0
1750    17    16    12    89.6152903512    1.0
1751    24    8    16    89.7476917115    0.9
1752    24    2    15    89.8730187114    0.6
1753    4    1    1    89.8986977492    0.5
1754    24    9    19    89.9089492716    0.7
1755    13    1    3    89.9940067189    0.6
1756    9    0    7    90.0166785307    1.0
1757    2    2    1    90.0352682477    0.9
1758    11    4    6    90.1548042326    0.7
1759    19    14    10    90.2335163572    0.6
1760    5    1    1    90.2409959315    0.5
1761    15    8    9    90.3120520838    0.8
1762    1    0    1    90.3168343834    0.8
1763    17    8    13    90.4320135759    0.7
1764    2    2    0    90.4345345194    0.1
1765    19    12    13    90.5078630621    0.6
1766    2    1    0    90.6738313235    0.9
1767    13    10    0    90.7423557241    0.1
1768    5    3    1    90.895219783    0.3
1769    8    7    0    90.908618461    1.0
1770    16    15    12    90.9134690252    0.9
1771    7    7    7    90.9242850684    0.3
1772    1    1    0    90.9490659083    0.3
1773    8    8    5    91.0429607842    0.7
1774    16    3    10    91.0963442638    0.1
1775    5    0    3    91.1029927634    0.3
1776    4    0    4    91.1224459543    0.4
1777    20    17    20    91.1236815296    0.9
1778    4    4    1    91.1974006694    0.5
1779    8    5    0    91.5013756138    0.3
1780    9    2    7    91.5148493944    1.0
1781    8    7    6    91.5218062946    0.6
1782    18    16    13    91.5655078133    0.2
1783    8    5    0    91.584400558    0.7
1784    11    6    2    91.6101565642    0.2
1785    10    6    7    91.6589392738    0.6
1786    20    9    3    91.8293183857    0.6
1787    23    21    20    91.8636711282    0.9
1788    4    4    4    91.8765174459    0.5
1789    8    7    7    91.8968650829    0.2
1790    2    1    2    91.9476542068    0.2
1791    14    10    13    91.9592267156    0.1
1792    14    4    2    92.0074545811    1.0
1793    18    14    16    92.1032607328    0.1
1794    10    7    8    92.1133605354    0.6
1795    18    6    18    92.1381037156    0.8
1796    21    20    15    92.2285773187    0.4
1797    12    9    0    92.2591331107    0.3
1798    25    14    22    92.2752355492    0.3
1799    24    0    23    92.3376377236    0.8
1800    12    6    3    92.4772484854    0.8
1801    3    1    0    92.4838987315    0.5
1802    4    0    1    92.4948762443    0.9
1803    21    9    4    92.5349096168    0.7
1804    12    7    7    92.5385583918    0.7
1805    19    13    10    92.5531393055    0.3
1806    7    7    5    92.562601874    0.3
1807    12    3    3    92.5867917501    0.9
1808    25    5    23    92.5878169285    0.1
1809    11    0    2    92.7402020695    0.9
1810    13    13    8    92.8207547436    0.8
1811    22    12    13    92.8267323176    0.6
1812    16    4    9    92.9187994442    0.4
1813    10    4    2    92.9210918124    0.7
1814    25    13    2    92.9837002693    0.7
1815    6    5    5    93.0514554444    0.3
1816    4    2    2    93.0962778839    0.7
1817    5    1    1    93.1054032113    0.2
1818    1    1    0    93.1894785135    0.2
1819    18    17    15    93.2313203156    0.8
1820    5    4    2    93.3244924444    0.1
1821    23    12    9    93.3901476648    0.2
1822    12    5    1    93.4077987695    0.8
1823    1    0    1    93.4652203724    0.6
1824    5    3    1    93.5970544048    1.0
1825    2    0    2    93.5989858593    0.9
1826    13    3    12    93.6030573643    0.1
1827    1    0    1    93.6586147529    0.3
1828    19    0    17    93.7030396118    0.2
1829    24    4    18    93.7458006585    0.2
1830    8    3    5    93.7675154027    0.9
1831    25    2    17    93.7683373393    0.7
1832    2    1    2    93.7694351283    0.7
1833    17    8    8    93.7818787444    0.1
1834    23    14    13    93.839905216    0.8
1835    14    3    11    93.9480215293    0.1
1836    21    12    1    94.0051660852    0.4
1837    9    9    3    94.0668778305    0.1
1838    9    6    0    94.1091729624    0.9
1839    10    2    6    94.1329920478    0.6
1840    3    0    3    94.147079341    0.3
1841    19    0    18    94.188456013    0.7
1842    14    14    12    94.2547425318    0.3
1843    1    1    0    94.271050653    1.0
1844    19    11    16    94.3014020298    0.7
1845    11    1    9    94.3249295708    0.9
1846    8    4    2    94.3708664295    0.8
1847    21    3    15    94.3757197135    1.0
1848    5    2    1    94.4021663921    0.8
1849    7    0    5    94.4062327566    0.3
1850    12    5    6    94.4477876877    0.9
1851    24    19    13    94.4637592936    0.1
1852    19    2    10    94.6242677639    0.6
1853    2    0    1    94.6402612395    1.0
1854    7    4    4    94.6632068172    0.1
1855    22    11    19    94.7207512098    0.9
1856    17    8    14    94.837511455    1.0
1857    2    2    1    94.8445085791    0.5
1858    6    4    2    95.0588682587    0.3
1859    10    1    4    95.0689204821    0.2
1860    3    1    0    95.2493145307    0.4
1861    2    0    2    95.2990175974    0.3
1862    12    1    12    95.7831810198    0.3
1863    12    2    1    95.8478493641    0.4
1864    16    15    9    95.9438654128    0.5
1865    21    1    16    95.9639646361    0.7
1866    23    8    13    96.0122450618    1.0
1867    6    2    6    96.1107777632    0.8
1868    7    6    4    96.1149222212    0.5
1869    24    23    20    96.4312543429    0.4
1870    18    15    16    96.4484157357    0.5
1871    25    6    9    96.5759406561    0.3
1872    8    7    4    96.5763394461    0.6
1873    24    11    23    96.579071264    0.3
1874    9    6    3    96.5798626073    0.3
1875    19    0    5    96.5990755534    0.3
1876    8    0    4    96.6924564746    0.3
1877    22    18    6    96.6974400091    0.4
1878    14    4    0    96.7145755379    0.4
1879    8    6    8    96.7308977778    0.3
1880    20    17    4    96.7650338964    0.7
1881    2    2    0    96.8503451968    1.0
1882    13    7    1    96.9389873436    0.2
1883    20    12    14    96.9789288493    0.2
1884    13    9    10    97.009550844    1.0
1885    16    8    15    97.0224918312    0.8
1886    14    9    1    97.082525202    0.7
1887    18    9    10    97.1026144706    0.5
1888    19    10    13    97.1376759679    0.1
1889    1    0    1    97.1560047323    0.6
1890    2    1    1    97.158740974    0.9
1891    3    3    3    97.1822550936    0.3
1892    10    1    7    97.2782981599    0.5
1893    15    12    13    97.2949278553    0.8
1894    4    4    1    97.3519932333    0.5
1895    7    7    0    97.3749124815    0.6
1896    5    5    4    97.5008753908    0.1
1897    22    7    14    97.5177051764    0.7
1898    19    17    8    97.5285302902    0.3
1899    7    4    2    97.5460802181    0.1
1900    22    12    14    97.6921454813    0.2
1901    24    4    12    97.7334445473    0.9
1902    20    0    20    97.773408392    0.4
1903    3    3    3    97.7876601385    0.2
1904    8    7    0    97.7963613452    0.9
1905    10    6    10    97.9166495372    0.9
1906    7    6    3    97.9659983702    0.4
1907    4    4    4    97.9697769999    0.1
1908    9    1    8    98.0045473836    0.5
1909    6    6    2    98.0473927048    0.6
1910    11    10    7    98.1115511373    0.3
1911    13    13    10    98.114335623    0.6
1912    20    7    2    98.1319881481    0.4
1913    9    0    0    98.2411898088    0.5
1914    22    5    6    98.2526700213    0.4
1915    7    5    7    98.2938979641    0.7
1916    8    2    8    98.3258541858    0.4
1917    25    16    12    98.3478941713    0.3
1918    20    17    20    98.3757912466    0.2
1919    16    12    16    98.4067467926    0.6
1920    5    4    1    98.4237878899    0.3
1921    8    5    3    98.449703279    0.5
1922    12    9    12    98.5176747113    1.0
1923    21    16    15    98.6382828715    0.2
1924    6    0    3    99.1078054744    0.1
1925    21    21    11    99.1109997924    0.9
1926    9    8    2    99.1636524293    0.2
1927    15    14    1    99.1908204427    0.6
1928    8    8    0    99.2162067297    0.9
1929    25    11    7    99.2524003848    0.8
1930    10    7    6    99.2607369089    0.5
1931    19    16    9    99.2684278403    0.5
1932    20    1    16    99.3356642383    0.4
1933    3    2    1    99.3395830938    0.6
1934    1    1    1    99.3719966966    0.8
1935    3    2    2    99.3897025942    0.7
1936    1    1    1    99.3974631627    0.3
1937    14    12    14    99.4133236468    0.7
1938    14    2    8    99.5097993155    0.5
1939    12    4    7    99.5511902252    0.8
1940    5    1    3    99.6455674939    0.8
1941    12    8    5    99.6907381536    0.9
1942    8    6    0    99.7750650855    0.8
1943    7    2    4    99.8074035497    1.0
1944    25    0    6    99.8136266904    1.0
1945    15    7    8    99.869649503    1.0
1946    11    9    10    99.8810546006    0.5
1947    7    0    6    99.9606333952    0.5
1948    23    15    7    100.028849223    0.9
1949    7    1    3    100.045507715    0.7
1950    4    0    4    100.105425194    0.8
1951    13    8    0    100.123961747    0.3
1952    23    11    13    100.170729811    0.2
1953    24    6    17    100.178946816    0.2
1954    8    0    2    100.195671441    0.9
1955    5    2    5    100.217907352    0.6
1956    11    8    1    100.234889142    0.1
1957    8    7    6    100.283628391    0.8
1958    19    3    15    100.295949276    1.0
1959    5    3    0    100.374392241    0.3
1960    11    10    2    100.420877894    0.4
1961    6    3    6    100.44156016    0.4
1962    12    4    0    100.446190128    0.5
1963    6    4    4    100.448864927    0.8
1964    7    2    0    100.457716007    0.8
1965    15    0    2    100.530680652    0.6
1966    1    0    0    100.737870789    0.9
1967    13    0    5    100.74146332    0.8
1968    9    2    4    100.766303879    0.5
1969    21    12    21    100.826898092    0.4
1970    10    9    1    100.873570399    0.1
1971    16    13    16    100.910483261    0.6
1972    18    15    13    100.917012572    0.5
1973    5    0    2    100.954770765    0.6
1974    25    13    7    101.071380838    0.3
1975    9    0    2    101.136793925    0.4
1976    11    4    8    101.136932065    0.1
1977    5    5    2    101.196161856    0.4
1978    5    5    2    101.294811819    0.3
1979    2    2    1    101.321192665    0.7
1980    20    10    0    101.327969682    0.3
1981    17    13    14    101.380721703    0.5
1982    12    2    9    101.532626585    0.6
1983    8    8    3    101.555824045    0.3
1984    5    5    2    101.639651793    0.2
1985    25    4    20    101.690690061    0.4
1986    25    8    4    101.722010065    1.0
1987    22    17    22    101.767776375    0.6
1988    7    5    1    101.781814998    1.0
1989    11    10    7    101.814406928    0.8
1990    5    1    0    101.822337655    0.1
1991    20    7    20    102.004708565    0.7
1992    20    1    1    102.009451722    0.5
1993    18    4    4    102.068553327    0.4
1994    20    8    16    102.068875569    0.7
1995    12    8    10    102.120252623    0.1
1996    7    3    2    102.216932636    0.1
1997    25    0    16    102.232760344    1.0
1998    19    3    19    102.352463937    0.1
1999    22    18    8    102.388418708    0.6
2000    21    4    11    102.49800779    1.0
