#timestep  occupied-CPU  total-CPU  utilization  queuingjobs
1    6    1024    0.005859375    0
2    64    1024    0.0625    0
3    0    1024    0.0    3
4    388    1024    0.37890625    0
5    84    1024    0.08203125    3
6    0    1024    0.0    6
7    66    1024    0.064453125    4
8    0    1024    0.0    5
9    260    1024    0.25390625    8
10    0    1024    0.0    10
11    64    1024    0.0625    12
12    256    1024    0.25    16
13    84    1024    0.08203125    13
14    0    1024    0.0    17
15    0    1024    0.0    21
16    0    1024    0.0    13
17    260    1024    0.25390625    14
18    320    1024    0.3125    20
19    256    1024    0.25    23
20    0    1024    0.0    25
21    203    1024    0.1982421875    26
22    4    1024    0.00390625    23
23    320    1024    0.3125    25
24    256    1024    0.25    31
25    0    1024    0.0    29
26    0    1024    0.0    23
27    378    1024    0.369140625    15
28    0    1024    0.0    20
29    0    1024    0.0    21
30    0    1024    0.0    24
31    19    1024    0.0185546875    18
32    188    1024    0.18359375    19
33    21    1024    0.0205078125    19
34    92    1024    0.08984375    9
35    0    1024    0.0    10
36    4    1024    0.00390625    10
37    256    1024    0.25    12
38    106    1024    0.103515625    15
39    0    1024    0.0    19
40    0    1024    0.0    23
41    2    1024    0.001953125    28
42    256    1024    0.25    32
43    256    1024    0.25    35
44    256    1024    0.25    36
45    16    1024    0.015625    35
46    0    1024    0.0    35
47    0    1024    0.0    30
48    272    1024    0.265625    29
49    272    1024    0.265625    32
50    256    1024    0.25    36
51    4    1024    0.00390625    35
52    4    1024    0.00390625    30
53    68    1024    0.06640625    26
54    0    1024    0.0    32
55    0    1024    0.0    33
56    0    1024    0.0    38
57    0    1024    0.0    39
58    28    1024    0.02734375    35
59    20    1024    0.01953125    32
60    0    1024    0.0    38
61    0    1024    0.0    40
62    0    1024    0.0    44
63    256    1024    0.25    40
64    445    1024    0.4345703125    33
65    222    1024    0.216796875    36
66    0    1024    0.0    38
67    0    1024    0.0    38
68    20    1024    0.01953125    35
69    256    1024    0.25    37
70    256    1024    0.25    41
71    332    1024    0.32421875    28
72    12    1024    0.01171875    29
73    0    1024    0.0    25
74    64    1024    0.0625    27
75    272    1024    0.265625    26
76    0    1024    0.0    29
77    0    1024    0.0    31
78    0    1024    0.0    33
79    0    1024    0.0    37
80    0    1024    0.0    39
81    256    1024    0.25    40
82    9    1024    0.0087890625    42
83    280    1024    0.2734375    40
84    0    1024    0.0    43
85    0    1024    0.0    43
86    352    1024    0.34375    39
87    0    1024    0.0    41
88    256    1024    0.25    42
89    256    1024    0.25    46
90    276    1024    0.26953125    45
91    0    1024    0.0    50
92    4    1024    0.00390625    48
93    476    1024    0.46484375    27
94    0    1024    0.0    32
95    0    1024    0.0    34
96    0    1024    0.0    35
97    0    1024    0.0    38
98    320    1024    0.3125    39
99    84    1024    0.08203125    33
100    272    1024    0.265625    36
101    0    1024    0.0    37
102    84    1024    0.08203125    27
103    140    1024    0.13671875    18
104    0    1024    0.0    21
105    0    1024    0.0    23
106    1    1024    0.0009765625    25
107    0    1024    0.0    25
108    0    1024    0.0    23
109    224    1024    0.21875    12
110    0    1024    0.0    16
111    24    1024    0.0234375    7
112    0    1024    0.0    13
113    256    1024    0.25    17
114    182    1024    0.177734375    19
115    0    1024    0.0    19
116    236    1024    0.23046875    18
117    320    1024    0.3125    19
118    320    1024    0.3125    21
119    320    1024    0.3125    22
120    0    1024    0.0    29
121    71    1024    0.0693359375    28
122    368    1024    0.359375    19
123    68    1024    0.06640625    19
124    0    1024    0.0    18
125    0    1024    0.0    21
126    320    1024    0.3125    22
127    256    1024    0.25    25
128    0    1024    0.0    24
129    0    1024    0.0    27
130    256    1024    0.25    30
131    263    1024    0.2568359375    26
132    0    1024    0.0    30
133    61    1024    0.0595703125    27
134    0    1024    0.0    31
135    320    1024    0.3125    31
136    320    1024    0.3125    34
137    256    1024    0.25    38
138    0    1024    0.0    44
139    0    1024    0.0    48
140    0    1024    0.0    51
141    0    1024    0.0    54
142    256    1024    0.25    57
143    40    1024    0.0390625    52
144    229    1024    0.2236328125    53
145    0    1024    0.0    54
146    16    1024    0.015625    49
147    361    1024    0.3525390625    45
148    331    1024    0.3232421875    37
149    8    1024    0.0078125    34
150    260    1024    0.25390625    27
151    0    1024    0.0    27
152    257    1024    0.2509765625    23
153    0    1024    0.0    22
154    81    1024    0.0791015625    21
155    138    1024    0.134765625    16
156    16    1024    0.015625    10
157    162    1024    0.158203125    8
158    152    1024    0.1484375    7
159    180    1024    0.17578125    3
160    161    1024    0.1572265625    2
161    320    1024    0.3125    0
162    0    1024    0.0    0

average cpu utilization is: 0.110164689429
average ssd utilization is: 0.0931290991512
average gpu utilization is: 0.0918993537809
average utilization is: 0.0983977141204
average queuing jobs are: 26.8765432099
maximum queuing jobs are: 57


#job_number  submit  dispatch  queue  cpu#  runtime  weight  response(turnaround)  cpu_aspl  cpu_diameter
0    1562291231.98    1562291236.09    4.11217689514    16    0.7616    12.1856    4.87377689514    2.58333333333    4
1    1562291236.18    1562291236.19    0.0174930095673    64    0.6779    43.3856    0.695393009567    3.8814484127    6
2    1562291236.24    1562291236.24    0.000229120254517    16    0.7616    12.1856    0.761829120255    2.58333333333    4
3    1562291236.52    1562291236.52    8.01086425781e-05    4    0.0284    0.1136    0.0284801086426    1.5    2
4    1562291236.56    1562291236.61    0.0469210147858    64    0.0234    1.4976    0.0703210147858    3.93452380952    6
5    1562291237.03    1562291237.07    0.046530008316    64    0.1855    11.872    0.232030008316    3.94742063492    6
6    1562291237.18    1562291237.21    0.0347850322723    64    0.6779    43.3856    0.712685032272    3.98214285714    6
7    1562291237.28    1562291237.31    0.027626991272    64    0.4167    26.6688    0.444326991272    4.06845238095    6
8    1562291237.84    1562291238.85    1.01236796379    256    0.7528    192.7168    1.76516796379    5.0587622549    7
9    1562291237.96    1562291238.85    0.891088008881    4    0.0832    0.3328    0.974288008881    1.5    2
10    1562291238.03    1562291238.94    0.917464017868    64    0.4167    26.6688    1.33416401787    3.92063492063    6
11    1562291238.72    1562291239.04    0.326162815094    64    0.1855    11.872    0.511662815094    4.13740079365    6
12    1562291238.85    1562291239.05    0.203236818314    16    0.0098    0.1568    0.213036818314    2.58333333333    4
13    1562291239.05    1562291239.14    0.0876529216766    64    0.0125    0.8    0.100152921677    4.13293650794    6
14    1562291239.14    1562291239.14    3.2901763916e-05    4    0.6452    2.5808    0.645232901764    1.5    2
15    1562291239.3    1562291239.3    -0.00175905227661    16    0.0297    0.4752    0.0279409477234    2.66666666667    4
16    1562291239.36    1562291239.35    -0.00262594223022    16    0.8805    14.088    0.87787405777    2.66666666667    4
17    1562291239.73    1562291239.72    -0.00772404670715    4    0.6452    2.5808    0.637475953293    1.5    2
18    1562291239.81    1562291239.88    0.0722198486328    64    0.4167    26.6688    0.488919848633    3.99007936508    6
19    1562291240.04    1562291241.26    1.213149786    256    0.6189    158.4384    1.832049786    5.05618872549    8
20    1562291240.2    1562291241.26    1.05636692047    4    0.0832    0.3328    1.13956692047    1.5    2
21    1562291240.23    1562291241.26    1.02557587624    4    0.0832    0.3328    1.10877587624    1.5    2
22    1562291240.49    1562291241.26    0.766368150711    4    0.0522    0.2088    0.818568150711    1.5    2
23    1562291240.63    1562291241.26    0.633001089096    4    1.1283    4.5132    1.7613010891    1.5    2
24    1562291241.02    1562291241.33    0.309468984604    64    0.9446    60.4544    1.2540689846    4.1433531746    6
25    1562291241.78    1562291242.96    1.17742300034    256    0.0177    4.5312    1.19512300034    5.09947916667    8
26    1562291241.89    1562291242.96    1.07621788979    16    0.0285    0.456    1.10471788979    2.58333333333    4
27    1562291242.16    1562291243.05    0.892925977707    64    0.0234    1.4976    0.916325977707    4.0376984127    6
28    1562291242.27    1562291244.32    2.04491305351    256    0.6189    158.4384    2.66381305351    5.0821997549    7
29    1562291242.31    1562291244.32    2.00938916206    4    0.5956    2.3824    2.60498916206    1.5    2
30    1562291242.74    1562291245.65    2.9117770195    256    0.0057    1.4592    2.9174770195    4.99917279412    8
31    1562291242.83    1562291245.74    2.91018605232    64    0.0234    1.4976    2.93358605232    4.01240079365    6
32    1562291243.32    1562291245.83    2.50523090363    64    0.4167    26.6688    2.92193090363    3.98214285714    6
33    1562291243.57    1562291245.9    2.33450007439    64    0.4167    26.6688    2.75120007439    3.94742063492    6
34    1562291243.96    1562291245.98    2.01699185371    64    0.9446    60.4544    2.96159185371    4.06845238095    6
35    1562291244.12    1562291247.25    3.1310210228    256    0.6189    158.4384    3.7499210228    5.14610906863    8
36    1562291244.31    1562291248.48    4.17819809914    256    0.0057    1.4592    4.18389809914    5.02441789216    8
37    1562291244.42    1562291248.49    4.07178211212    16    0.0285    0.456    4.10028211212    2.48333333333    4
38    1562291244.81    1562291248.49    3.67731499672    4    0.0522    0.2088    3.72951499672    1.5    2
39    1562291245.25    1562291248.5    3.25233197212    16    0.4243    6.7888    3.67663197212    2.58333333333    4
40    1562291245.61    1562291248.57    2.96579408646    64    0.4167    26.6688    3.38249408646    3.94742063492    6
41    1562291245.74    1562291248.58    2.83746695518    16    0.0297    0.4752    2.86716695518    2.56666666667    4
42    1562291245.77    1562291248.58    2.80923581123    16    0.0285    0.456    2.83773581123    2.65    4
43    1562291246.17    1562291248.58    2.413367033    4    0.6452    2.5808    3.058567033    1.5    2
44    1562291246.25    1562291248.58    2.33429408073    4    0.0059    0.0236    2.34019408073    1.5    2
45    1562291246.27    1562291249.83    3.56465816498    256    0.0057    1.4592    3.57035816498    5.11393995098    8
46    1562291246.32    1562291249.84    3.5103161335    4    0.0284    0.1136    3.5387161335    1.5    2
47    1562291246.61    1562291251.0    4.3836081028    256    0.6189    158.4384    5.0025081028    5.26053921569    8
48    1562291246.85    1562291251.0    4.14755797386    4    0.0832    0.3328    4.23075797386    1.5    2
49    1562291246.94    1562291251.01    4.063133955    16    0.7616    12.1856    4.824733955    2.58333333333    4
50    1562291247.15    1562291251.01    3.86270809174    16    0.0429    0.6864    3.90560809174    2.61666666667    4
51    1562291247.51    1562291251.08    3.57641887665    64    0.0234    1.4976    3.59981887665    4.08978174603    6
52    1562291247.74    1562291251.08    3.33957386017    4    0.6452    2.5808    3.98477386017    1.5    2
53    1562291247.92    1562291251.09    3.16421914101    4    0.0522    0.2088    3.21641914101    1.5    2
54    1562291248.26    1562291251.09    2.82556009293    4    0.0284    0.1136    2.85396009293    1.5    2
55    1562291248.48    1562291251.09    2.6063079834    16    0.4243    6.7888    3.0306079834    2.68333333333    4
56    1562291248.57    1562291251.1    2.52322697639    16    0.0285    0.456    2.55172697639    2.66666666667    4
57    1562291248.64    1562291251.18    2.53792500496    64    0.0234    1.4976    2.56132500496    4.33779761905    6
58    1562291249.2    1562291252.46    3.26137018204    256    0.8    204.8    4.06137018204    5.27628676471    8
59    1562291249.24    1562291252.47    3.22056293488    16    0.0285    0.456    3.24906293488    2.58333333333    4
60    1562291249.54    1562291252.47    2.92369794846    4    0.6452    2.5808    3.56889794846    1.5    2
61    1562291249.7    1562291252.47    2.77655720711    16    0.0285    0.456    2.80505720711    2.65    4
62    1562291249.93    1562291253.73    3.80154681206    256    0.7528    192.7168    4.55434681206    5.23799019608    8
63    1562291250.08    1562291253.81    3.73110985756    64    0.4167    26.6688    4.14780985756    4.14236111111    6
64    1562291250.52    1562291255.02    4.50100517273    256    0.6189    158.4384    5.11990517273    5.20303308824    8
65    1562291250.63    1562291255.1    4.47509503365    64    0.6779    43.3856    5.15299503365    3.86755952381    6
66    1562291250.8    1562291255.18    4.37677001953    64    0.0055    0.352    4.38227001953    4.1001984127    6
67    1562291250.89    1562291256.39    5.49719905853    256    0.8    204.8    6.29719905853    5.44304534314    8
68    1562291251.14    1562291257.53    6.39279699326    256    0.4221    108.0576    6.81489699326    5.22815563725    8
69    1562291251.52    1562291257.61    6.0845079422    64    0.0234    1.4976    6.1079079422    3.97619047619    6
70    1562291251.63    1562291257.62    5.98936891556    16    0.0098    0.1568    5.99916891556    2.58333333333    4
71    1562291251.95    1562291257.62    5.6762740612    16    0.0098    0.1568    5.6860740612    2.64166666667    4
72    1562291252.09    1562291257.63    5.54272603989    16    0.0285    0.456    5.57122603989    2.65    4
73    1562291252.41    1562291257.64    5.22575092316    16    0.4243    6.7888    5.65005092316    2.58333333333    4
74    1562291252.62    1562291257.64    5.02196502686    4    1.1283    4.5132    6.15026502686    1.5    2
75    1562291252.84    1562291258.9    6.05993103981    256    0.6189    158.4384    6.67883103981    5.21513480392    8
76    1562291253.12    1562291258.98    5.85875892639    64    0.9446    60.4544    6.80335892639    4.01686507937    6
77    1562291253.26    1562291260.25    6.99084496498    256    0.4221    108.0576    7.41294496498    5.22677696078    8
78    1562291253.52    1562291260.33    6.81900000572    64    0.4167    26.6688    7.23570000572    3.94742063492    6
79    1562291253.65    1562291260.34    6.6888461113    4    0.6452    2.5808    7.3340461113    1.5    2
80    1562291253.73    1562291260.34    6.6114590168    4    0.0059    0.0236    6.6173590168    1.5    2
81    1562291253.81    1562291260.35    6.53672289848    16    0.0285    0.456    6.56522289848    2.7    4
82    1562291254.01    1562291261.58    7.56719899178    256    0.4221    108.0576    7.98929899178    5.33694852941    8
83    1562291254.07    1562291261.58    7.51556015015    4    0.0284    0.1136    7.54396015015    1.5    2
84    1562291254.26    1562291261.58    7.32687902451    4    0.0284    0.1136    7.35527902451    1.5    2
85    1562291254.48    1562291261.67    7.18601679802    64    0.0125    0.8    7.19851679802    4.1810515873    6
86    1562291255.01    1562291261.67    6.66463184357    4    0.6452    2.5808    7.30983184357    1.5    2
87    1562291255.1    1562291261.67    6.57009482384    4    0.0284    0.1136    6.59849482384    1.5    2
88    1562291255.56    1562291261.67    6.11226201057    4    0.0522    0.2088    6.16446201057    1.5    2
89    1562291255.8    1562291262.92    7.12261199951    256    0.7528    192.7168    7.87541199951    5.07123161765    8
90    1562291256.0    1562291262.98    6.98277997971    64    0.4167    26.6688    7.39947997971    4.1443452381    6
91    1562291256.26    1562291263.05    6.79033493996    64    0.1855    11.872    6.97583493996    4.16666666667    6
92    1562291256.76    1562291263.06    6.29479217529    16    0.0297    0.4752    6.32449217529    2.63333333333    4
93    1562291257.21    1562291263.06    5.85181188583    16    0.0285    0.456    5.88031188583    2.63333333333    4
94    1562291257.67    1562291263.07    5.39367699623    16    0.0285    0.456    5.42217699623    2.65    4
95    1562291257.89    1562291263.14    5.25399017334    64    0.9446    60.4544    6.19859017334    4.13888888889    6
96    1562291257.98    1562291263.15    5.16470694542    16    0.0285    0.456    5.19320694542    2.63333333333    4
97    1562291258.31    1562291263.22    4.91150712967    64    0.0125    0.8    4.92400712967    4.19791666667    6
98    1562291258.41    1562291263.23    4.81345701218    4    0.0832    0.3328    4.89665701218    1.5    2
99    1562291258.68    1562291263.23    4.54992294312    16    0.0098    0.1568    4.55972294312    2.68333333333    4
100    1562291258.84    1562291263.23    4.39203000069    4    0.0284    0.1136    4.42043000069    1.5    2
101    1562291259.19    1562291264.68    5.49718403816    256    0.0057    1.4592    5.50288403816    5.41485906863    8
102    1562291259.51    1562291264.69    5.18139004707    4    0.0284    0.1136    5.20979004707    1.5    2
103    1562291259.65    1562291264.69    5.04247999191    16    0.0285    0.456    5.07097999191    2.58333333333    4
104    1562291259.75    1562291265.88    6.12867307663    256    0.8    204.8    6.92867307663    5.06274509804    8
105    1562291259.93    1562291267.04    7.1063170433    256    0.4221    108.0576    7.5284170433    5.01075367647    8
106    1562291259.96    1562291267.11    7.1450240612    64    0.0055    0.352    7.1505240612    3.89236111111    6
107    1562291260.05    1562291267.18    7.13791584969    64    0.6779    43.3856    7.81581584969    4.17212301587    6
108    1562291260.25    1562291267.19    6.93110704422    4    0.5956    2.3824    7.52670704422    1.5    2
109    1562291260.82    1562291267.19    6.36386179924    4    0.0522    0.2088    6.41606179924    1.5    2
110    1562291261.36    1562291267.19    5.83024907112    4    0.5956    2.3824    6.42584907112    1.5    2
111    1562291261.62    1562291267.19    5.56728601456    4    0.0522    0.2088    5.61948601456    1.5    2
112    1562291262.92    1562291267.27    4.34820389748    64    0.0234    1.4976    4.37160389748    4.18055555556    6
113    1562291263.05    1562291267.27    4.21648597717    4    0.0832    0.3328    4.29968597717    1.5    2
114    1562291263.36    1562291268.48    5.11360812187    256    0.4221    108.0576    5.53570812187    5.34136029412    8
115    1562291263.4    1562291268.48    5.08265089989    4    0.5956    2.3824    5.67825089989    1.5    2
116    1562291263.69    1562291268.55    4.8621878624    64    0.0125    0.8    4.8746878624    4.26339285714    6
117    1562291263.89    1562291268.55    4.65937805176    4    0.0522    0.2088    4.71157805176    1.5    2
118    1562291264.02    1562291269.8    5.78195595741    256    0.0057    1.4592    5.78765595741    5.26164215686    8
119    1562291264.14    1562291269.81    5.6634349823    16    0.0297    0.4752    5.6931349823    2.58333333333    4
120    1562291264.51    1562291269.89    5.38040804863    64    0.0234    1.4976    5.40380804863    3.99702380952    6
121    1562291264.87    1562291269.89    5.02733421326    16    0.0429    0.6864    5.07023421326    2.58333333333    4
122    1562291265.25    1562291269.99    4.73212623596    64    0.0125    0.8    4.74462623596    3.95386904762    6
123    1562291265.63    1562291269.99    4.36334705353    16    0.0098    0.1568    4.37314705353    2.58333333333    4
124    1562291265.69    1562291270.0    4.30725097656    16    0.0429    0.6864    4.35015097656    2.58333333333    4
125    1562291266.17    1562291270.0    3.83429908752    4    0.0059    0.0236    3.84019908752    1.5    2
126    1562291266.44    1562291270.09    3.64314603806    64    0.9446    60.4544    4.58774603806    4.18551587302    6
127    1562291266.72    1562291270.16    3.43267607689    64    0.4167    26.6688    3.84937607689    3.99107142857    6
128    1562291266.79    1562291270.16    3.37208604813    4    0.0284    0.1136    3.40048604813    1.5    2
129    1562291266.96    1562291270.23    3.2721259594    64    0.6779    43.3856    3.9500259594    4.08382936508    6
130    1562291267.16    1562291270.23    3.07113099098    4    0.0284    0.1136    3.09953099098    1.5    2
131    1562291267.81    1562291270.24    2.42448210716    16    0.0098    0.1568    2.43428210716    2.65    4
132    1562291268.44    1562291270.24    1.798402071    16    0.7616    12.1856    2.560002071    2.56666666667    4
133    1562291268.48    1562291270.25    1.7689139843    16    0.7616    12.1856    2.5305139843    2.65    4
134    1562291268.53    1562291270.25    1.72164201736    16    0.0297    0.4752    1.75134201736    2.65    4
135    1562291268.57    1562291270.26    1.69275307655    16    0.0297    0.4752    1.72245307655    2.63333333333    4
136    1562291268.88    1562291270.26    1.38858604431    16    0.4243    6.7888    1.81288604431    2.65    4
137    1562291269.1    1562291271.5    2.40259218216    256    0.4221    108.0576    2.82469218216    5.32435661765    8
138    1562291269.4    1562291272.75    3.35007882118    256    0.0057    1.4592    3.35577882118    5.10119485294    8
139    1562291269.72    1562291272.75    3.03104996681    4    0.5956    2.3824    3.62664996681    1.5    2
140    1562291269.97    1562291272.83    2.86788988113    64    0.0055    0.352    2.87338988113    3.92410714286    6
141    1562291269.99    1562291272.84    2.84184598923    4    0.0059    0.0236    2.84774598923    1.5    2
142    1562291270.21    1562291273.97    3.7657558918    256    0.6189    158.4384    4.3846558918    5.1362745098    8
143    1562291270.69    1562291275.14    4.4480919838    256    0.0177    4.5312    4.4657919838    5.39895833333    8
144    1562291270.85    1562291275.15    4.29868912697    16    0.7616    12.1856    5.06028912697    2.58333333333    4
145    1562291270.92    1562291276.38    5.46349287033    256    0.7528    192.7168    6.21629287033    5.12475490196    8
146    1562291271.35    1562291276.39    5.03752398491    4    0.0522    0.2088    5.08972398491    1.5    2
147    1562291272.03    1562291277.59    5.55961799622    256    0.8    204.8    6.35961799622    5.26133578431    8
148    1562291272.21    1562291277.61    5.39796710014    16    0.8805    14.088    6.27846710014    2.58333333333    4
149    1562291272.7    1562291278.94    6.23357915878    256    0.6189    158.4384    6.85247915878    5.2428002451    8
150    1562291273.11    1562291280.14    7.03551602364    256    0.7528    192.7168    7.78831602364    5.09396446078    8
151    1562291273.13    1562291281.35    8.21908307076    256    0.7528    192.7168    8.97188307076    5.22117034314    8
152    1562291273.41    1562291281.35    7.93644499779    16    0.0285    0.456    7.96494499779    2.58333333333    4
153    1562291273.73    1562291282.55    8.8141181469    256    0.0177    4.5312    8.8318181469    5.22827818627    8
154    1562291274.07    1562291282.55    8.47916603088    16    0.0429    0.6864    8.52206603088    2.65    4
155    1562291274.4    1562291282.63    8.22975897789    64    0.0055    0.352    8.23525897789    4.15674603175    6
156    1562291274.67    1562291282.64    7.96111917496    16    0.0429    0.6864    8.00401917496    2.58333333333    4
157    1562291274.94    1562291282.64    7.70035409927    16    0.7616    12.1856    8.46195409927    2.58333333333    4
158    1562291275.15    1562291282.73    7.57709717751    64    0.0234    1.4976    7.60049717751    4.04216269841    6
159    1562291275.2    1562291282.81    7.60486578941    64    0.6779    43.3856    8.28276578941    4.0431547619    6
160    1562291275.56    1562291282.81    7.2452878952    4    0.0832    0.3328    7.3284878952    1.5    2
161    1562291275.9    1562291282.88    6.97814488411    64    0.6779    43.3856    7.65604488411    3.95833333333    6
162    1562291275.94    1562291282.88    6.94079589844    4    0.0522    0.2088    6.99299589844    1.5    2
163    1562291276.38    1562291284.08    7.69332098961    256    0.0177    4.5312    7.71102098961    5.1637254902    8
164    1562291276.5    1562291284.08    7.58695888519    16    0.0098    0.1568    7.59675888519    2.58333333333    4
165    1562291276.58    1562291284.08    7.50656890869    4    0.0832    0.3328    7.58976890869    1.5    2
166    1562291276.77    1562291284.09    7.31604003906    16    0.4243    6.7888    7.74034003906    2.58333333333    4
167    1562291277.04    1562291284.09    7.0517449379    16    0.0285    0.456    7.0802449379    2.48333333333    4
168    1562291277.15    1562291284.09    6.94878602028    4    0.5956    2.3824    7.54438602028    1.5    2
169    1562291277.54    1562291284.1    6.55537319183    4    0.0059    0.0236    6.56127319183    1.5    2
170    1562291277.61    1562291284.17    6.56467580795    64    0.0234    1.4976    6.58807580795    3.94742063492    6
171    1562291277.78    1562291285.3    7.5192899704    256    0.7528    192.7168    8.2720899704    5.1390625    8
172    1562291278.1    1562291285.31    7.20914983749    4    0.0059    0.0236    7.21504983749    1.5    2
173    1562291278.21    1562291285.38    7.17589402199    64    0.4167    26.6688    7.59259402199    3.97767857143    6
174    1562291278.41    1562291285.39    6.98060703278    16    0.0098    0.1568    6.99040703278    2.58333333333    4
175    1562291278.42    1562291286.6    8.17891287804    256    0.8    204.8    8.97891287804    5.2972120098    8
176    1562291278.48    1562291286.61    8.13106393814    16    0.7616    12.1856    8.89266393814    2.58333333333    4
177    1562291278.93    1562291287.9    8.96152210236    256    0.7528    192.7168    9.71432210236    5.00073529412    8
178    1562291279.15    1562291288.0    8.85245394707    64    0.0234    1.4976    8.87585394707    4.09871031746    6
179    1562291279.25    1562291288.1    8.84684491158    64    0.1855    11.872    9.03234491158    4.16865079365    6
180    1562291279.37    1562291288.1    8.73778104782    16    0.7616    12.1856    9.49938104782    2.58333333333    4
181    1562291279.56    1562291288.11    8.54744195938    4    0.0522    0.2088    8.59964195938    1.5    2
182    1562291279.77    1562291288.11    8.33290600777    4    0.0832    0.3328    8.41610600777    1.5    2
183    1562291279.86    1562291288.11    8.25178599358    4    1.1283    4.5132    9.38008599358    1.5    2
184    1562291280.32    1562291289.36    9.03715801239    256    0.0177    4.5312    9.05485801239    5.29595588235    8
185    1562291280.57    1562291289.36    8.7954518795    4    0.0522    0.2088    8.8476518795    1.5    2
186    1562291280.88    1562291289.37    8.4915459156    16    0.0297    0.4752    8.5212459156    2.58333333333    4
187    1562291281.35    1562291289.37    8.02802491188    16    0.0098    0.1568    8.03782491188    2.65    4
188    1562291281.48    1562291289.45    7.97193813324    64    0.1855    11.872    8.15743813324    4.18005952381    6
189    1562291281.76    1562291289.53    7.77389287949    64    0.0234    1.4976    7.79729287949    4.16567460317    6
190    1562291282.1    1562291289.61    7.50768208504    64    0.4167    26.6688    7.92438208504    4.00793650794    6
191    1562291282.5    1562291289.61    7.11509394646    4    0.5956    2.3824    7.71069394646    1.5    2
192    1562291282.62    1562291290.88    8.2606151104    256    0.0177    4.5312    8.2783151104    5.0762254902    8
193    1562291282.81    1562291290.96    8.15290403366    64    0.0055    0.352    8.15840403366    3.97817460317    6
194    1562291282.88    1562291291.04    8.16646409035    64    0.9446    60.4544    9.11106409035    4.07043650794    6
195    1562291283.38    1562291291.04    7.66056990623    4    0.5956    2.3824    8.25616990623    1.5    2
196    1562291283.5    1562291291.04    7.54326200485    4    0.0522    0.2088    7.59546200485    1.5    2
197    1562291283.84    1562291292.32    8.47872805595    256    0.0057    1.4592    8.48442805595    5.04577205882    8
198    1562291284.08    1562291292.32    8.24217510223    4    0.6452    2.5808    8.88737510223    1.5    2
199    1562291284.28    1562291292.32    8.04274702072    4    0.0284    0.1136    8.07114702072    1.5    2
200    1562291284.75    1562291293.58    8.8290681839    256    0.4221    108.0576    9.2511681839    5.07196691176    8
201    1562291285.01    1562291294.84    9.83673214912    256    0.0057    1.4592    9.84243214912    5.18823529412    8
202    1562291285.72    1562291294.85    9.12238287926    4    0.0059    0.0236    9.12828287926    1.5    2
203    1562291285.82    1562291294.85    9.02307105064    4    0.0832    0.3328    9.10627105064    1.5    2
204    1562291286.16    1562291296.06    9.90139603615    256    0.0177    4.5312    9.91909603615    5.03884803922    8
205    1562291286.37    1562291296.07    9.69697093964    16    0.0297    0.4752    9.72667093964    2.58333333333    4
206    1562291286.6    1562291296.07    9.46821093559    16    0.0429    0.6864    9.51111093559    2.68333333333    4
207    1562291286.79    1562291296.07    9.28015398979    4    0.6452    2.5808    9.92535398979    1.5    2
208    1562291286.9    1562291296.07    9.16918897629    4    1.1283    4.5132    10.2974889763    1.5    2
209    1562291287.0    1562291296.07    9.06950497627    4    1.1283    4.5132    10.1978049763    1.5    2
210    1562291287.22    1562291296.08    8.85871481895    16    0.8805    14.088    9.73921481895    2.68333333333    4
211    1562291287.38    1562291297.3    9.9197781086    256    0.0177    4.5312    9.9374781086    5.16660539216    8
212    1562291287.72    1562291297.38    9.6565990448    64    0.1855    11.872    9.8420990448    4.15376984127    6
213    1562291287.99    1562291297.45    9.46522808075    64    0.0055    0.352    9.47072808075    3.9935515873    6
214    1562291288.1    1562291297.53    9.43017601967    64    0.0234    1.4976    9.45357601967    3.91517857143    6
215    1562291288.3    1562291297.53    9.23625206947    16    0.0297    0.4752    9.26595206947    2.61666666667    4
216    1562291288.46    1562291297.53    9.0792760849    4    0.6452    2.5808    9.7244760849    1.5    2
217    1562291288.7    1562291297.54    8.83664703369    16    0.4243    6.7888    9.26094703369    2.48333333333    4
218    1562291288.84    1562291298.78    9.94014000893    256    0.6189    158.4384    10.5590400089    5.16878063725    8
219    1562291289.36    1562291298.79    9.42759394646    16    0.4243    6.7888    9.85189394646    2.58333333333    4
220    1562291289.96    1562291298.79    8.83577418327    16    0.7616    12.1856    9.59737418327    2.58333333333    4
221    1562291290.03    1562291299.92    9.88504385948    256    0.8    204.8    10.6850438595    5.36816789216    8
222    1562291290.6    1562291301.09    10.4937798977    256    0.8    204.8    11.2937798977    5.20438112745    8
223    1562291291.27    1562291301.1    9.82852482796    4    0.0059    0.0236    9.83442482796    1.5    2
224    1562291291.47    1562291301.1    9.63428807259    16    0.0297    0.4752    9.66398807259    2.48333333333    4
225    1562291291.59    1562291301.11    9.52005195618    16    0.7616    12.1856    10.2816519562    2.58333333333    4
226    1562291291.65    1562291301.12    9.46553611755    16    0.0429    0.6864    9.50843611755    2.54166666667    4
227    1562291291.82    1562291301.12    9.29798221588    4    0.0522    0.2088    9.35018221588    1.5    2
228    1562291292.19    1562291301.19    9.00900697708    64    0.0125    0.8    9.02150697708    4.04613095238    6
229    1562291292.34    1562291301.27    8.92832708359    64    0.0055    0.352    8.93382708359    3.99156746032    6
230    1562291292.56    1562291302.5    9.93685293198    256    0.4221    108.0576    10.358952932    5.21875    8
231    1562291292.94    1562291302.51    9.56294798851    16    0.0297    0.4752    9.59264798851    2.58333333333    4
232    1562291293.33    1562291302.51    9.17853307724    16    0.8805    14.088    10.0590330772    2.58333333333    4
233    1562291293.58    1562291302.51    8.93288302422    4    0.0522    0.2088    8.98508302422    1.5    2
234    1562291293.84    1562291302.59    8.7494790554    64    0.9446    60.4544    9.6940790554    4.16865079365    6
235    1562291294.0    1562291302.59    8.58905100822    4    0.0522    0.2088    8.64125100822    1.5    2
236    1562291294.11    1562291302.6    8.48439478874    16    0.0098    0.1568    8.49419478874    2.64166666667    4
237    1562291294.21    1562291302.68    8.4685549736    64    0.1855    11.872    8.6540549736    4.02232142857    6
238    1562291294.45    1562291302.68    8.2369890213    16    0.7616    12.1856    8.9985890213    2.58333333333    4
239    1562291294.63    1562291302.75    8.12751889229    64    0.1855    11.872    8.31301889229    4.20138888889    6
240    1562291294.84    1562291305.11    10.266479969    256    0.8    204.8    11.066479969    5.42025122549    8
241    1562291294.89    1562291306.31    11.4173159599    256    0.0177    4.5312    11.4350159599    5.12941176471    8
242    1562291295.26    1562291306.31    11.0475130081    4    0.0059    0.0236    11.0534130081    1.5    2
243    1562291295.95    1562291306.31    10.3632388115    4    0.6452    2.5808    11.0084388115    1.5    2
244    1562291296.26    1562291306.31    10.0492479801    4    1.1283    4.5132    11.1775479801    1.5    2
245    1562291296.51    1562291306.31    9.80136799812    16    0.8805    14.088    10.6818679981    2.58333333333    4
246    1562291296.97    1562291306.39    9.41675305367    64    0.6779    43.3856    10.0946530537    4.07390873016    6
247    1562291297.09    1562291306.4    9.30237817764    16    0.8805    14.088    10.1828781776    2.58333333333    4
248    1562291297.3    1562291307.71    10.4128239155    256    0.6189    158.4384    11.0317239155    5.08786764706    8
249    1562291297.45    1562291307.79    10.3410830498    64    0.4167    26.6688    10.7577830498    3.94742063492    6
250    1562291297.91    1562291307.86    9.95810818672    64    0.0055    0.352    9.96360818672    4.10267857143    6
251    1562291298.13    1562291309.12    10.9839611053    256    0.8    204.8    11.7839611053    5.18121936275    8
252    1562291298.21    1562291309.12    10.9108929634    4    0.0059    0.0236    10.9167929634    1.5    2
253    1562291298.36    1562291310.28    11.9227371216    256    0.6189    158.4384    12.5416371216    5.05419730392    8
254    1562291298.48    1562291310.28    11.8047318459    4    0.0522    0.2088    11.8569318459    1.5    2
255    1562291298.78    1562291310.28    11.4993128777    4    0.0059    0.0236    11.5052128777    1.5    2
256    1562291298.8    1562291310.29    11.4878251553    16    0.8805    14.088    12.3683251553    2.56666666667    4
257    1562291299.13    1562291310.29    11.1596601009    16    0.0098    0.1568    11.1694601009    2.58333333333    4
258    1562291299.31    1562291310.3    10.9840331078    16    0.0098    0.1568    10.9938331078    2.68333333333    4
259    1562291299.51    1562291310.3    10.7888920307    16    0.0297    0.4752    10.8185920307    2.58333333333    4
260    1562291299.81    1562291310.3    10.4933481216    4    0.0284    0.1136    10.5217481216    1.5    2
261    1562291300.18    1562291310.3    10.1253731251    4    0.0522    0.2088    10.1775731251    1.5    2
262    1562291300.27    1562291310.3    10.0371420383    4    0.0284    0.1136    10.0655420383    1.5    2
263    1562291300.39    1562291310.3    9.9159040451    4    1.1283    4.5132    11.0442040451    1.5    2
264    1562291300.74    1562291310.31    9.56839203835    4    0.0284    0.1136    9.59679203835    1.5    2
265    1562291300.83    1562291310.31    9.48192691803    4    1.1283    4.5132    10.610226918    1.5    2
266    1562291301.1    1562291310.31    9.20942616463    4    0.0059    0.0236    9.21532616463    1.5    2
267    1562291301.27    1562291310.31    9.04864096642    16    0.0429    0.6864    9.09154096642    2.68333333333    4
268    1562291301.4    1562291310.32    8.9252820015    16    0.8805    14.088    9.8057820015    2.65    4
269    1562291301.86    1562291310.32    8.46935009956    4    0.5956    2.3824    9.06495009956    1.5    2
270    1562291302.31    1562291310.41    8.09918999672    64    0.4167    26.6688    8.51588999672    4.28521825397    6
271    1562291302.49    1562291310.41    7.92181801796    4    1.1283    4.5132    9.05011801796    1.5    2
272    1562291303.0    1562291311.65    8.64648008347    256    0.4221    108.0576    9.06858008347    5.20493259804    8
273    1562291303.26    1562291311.65    8.39048695564    4    0.0284    0.1136    8.41888695564    1.5    2
274    1562291303.86    1562291311.65    7.78752088547    4    0.6452    2.5808    8.43272088547    1.5    2
275    1562291303.98    1562291311.65    7.67425107956    4    0.0284    0.1136    7.70265107956    1.5    2
276    1562291304.79    1562291311.65    6.86135315895    4    0.5956    2.3824    7.45695315895    1.5    2
277    1562291305.02    1562291311.72    6.70628881454    64    0.0125    0.8    6.71878881454    4.13938492063    6
278    1562291305.46    1562291312.98    7.5208799839    256    0.4221    108.0576    7.9429799839    5.14347426471    8
279    1562291306.91    1562291313.05    6.14077401161    64    0.6779    43.3856    6.81867401161    4.24950396825    6
280    1562291307.04    1562291314.25    7.20741796494    256    0.7528    192.7168    7.96021796494    5.24947916667    8
281    1562291307.08    1562291314.32    7.2415599823    64    0.0125    0.8    7.2540599823    4.14484126984    6
282    1562291307.09    1562291314.32    7.22747397423    4    0.0522    0.2088    7.27967397423    1.5    2
283    1562291307.28    1562291314.32    7.04228687286    4    0.0284    0.1136    7.07068687286    1.5    2
284    1562291307.69    1562291314.32    6.6328561306    16    0.7616    12.1856    7.3944561306    2.66666666667    4
285    1562291307.79    1562291315.51    7.71995902061    256    0.0057    1.4592    7.72565902061    5.38820465686    8
286    1562291307.89    1562291315.52    7.6302690506    4    0.0284    0.1136    7.6586690506    1.5    2
287    1562291308.22    1562291316.78    8.55762696266    256    0.0177    4.5312    8.57532696266    5.1696997549    8
288    1562291308.34    1562291317.97    9.63293194771    256    0.0057    1.4592    9.63863194771    5.12882965686    8
289    1562291308.47    1562291319.19    10.7173240185    256    0.0177    4.5312    10.7350240185    5.05765931373    8
290    1562291308.98    1562291319.19    10.2091310024    16    0.0285    0.456    10.2376310024    2.65    4
291    1562291309.12    1562291320.48    11.3610060215    256    0.7528    192.7168    12.1138060215    5.31259191176    8
292    1562291309.26    1562291320.48    11.2164638042    4    0.0522    0.2088    11.2686638042    1.5    2
293    1562291309.41    1562291320.48    11.070168972    4    0.0832    0.3328    11.153368972    1.5    2
294    1562291309.95    1562291321.62    11.6663069725    256    0.0057    1.4592    11.6720069725    5.29745710784    8
295    1562291310.32    1562291321.63    11.3084828854    16    0.0098    0.1568    11.3182828854    2.58333333333    4
296    1562291310.56    1562291321.63    11.0686881542    16    0.0098    0.1568    11.0784881542    2.48333333333    4
297    1562291310.83    1562291322.82    11.9897580147    256    0.4221    108.0576    12.4118580147    5.17999387255    8
298    1562291310.97    1562291322.82    11.8531239033    4    0.5956    2.3824    12.4487239033    1.5    2
299    1562291311.0    1562291322.82    11.8197460175    16    0.8805    14.088    12.7002460175    2.48333333333    4
300    1562291311.32    1562291322.83    11.5039918423    4    0.0059    0.0236    11.5098918423    1.5    2
301    1562291311.45    1562291322.83    11.3825099468    4    0.0522    0.2088    11.4347099468    1.5    2
302    1562291311.93    1562291322.84    10.9051680565    16    0.0297    0.4752    10.9348680565    2.56666666667    4
303    1562291312.96    1562291322.84    9.88200283051    16    0.8805    14.088    10.7625028305    2.65    4
304    1562291313.05    1562291324.05    10.9947168827    256    0.4221    108.0576    11.4168168827    5.27659313725    8
305    1562291313.09    1562291324.06    10.9624948502    16    0.0297    0.4752    10.9921948502    2.58333333333    4
306    1562291313.33    1562291325.26    11.9256031513    256    0.7528    192.7168    12.6784031513    5.08134191176    8
307    1562291313.74    1562291325.26    11.5187211037    4    0.0059    0.0236    11.5246211037    1.5    2
308    1562291314.08    1562291325.26    11.1860158443    4    0.0522    0.2088    11.2382158443    1.5    2
309    1562291314.25    1562291325.34    11.0890908241    64    0.9446    60.4544    12.0336908241    4.0496031746    6
310    1562291314.5    1562291325.34    10.8471739292    16    0.8805    14.088    11.7276739292    2.63333333333    4
311    1562291314.98    1562291325.35    10.3663570881    4    0.0832    0.3328    10.4495570881    1.5    2
312    1562291315.31    1562291325.35    10.0414698124    16    0.7616    12.1856    10.8030698124    2.58333333333    4
313    1562291315.47    1562291326.55    11.080945015    256    0.0177    4.5312    11.098645015    5.18226102941    8
314    1562291315.72    1562291326.56    10.8366179466    16    0.0098    0.1568    10.8464179466    2.58333333333    4
315    1562291315.96    1562291327.82    11.861771822    256    0.6189    158.4384    12.480671822    5.05805759804    8
316    1562291316.18    1562291329.05    12.8665249348    256    0.6189    158.4384    13.4854249348    5.18149509804    8
317    1562291316.67    1562291330.22    13.5581169128    256    0.4221    108.0576    13.9802169128    5.03069852941    8
318    1562291316.78    1562291330.23    13.4432318211    4    0.0284    0.1136    13.4716318211    1.5    2
319    1562291316.88    1562291330.23    13.3537499905    16    0.0297    0.4752    13.3834499905    2.7    4
320    1562291317.54    1562291331.48    13.941986084    256    0.6189    158.4384    14.560886084    5.08676470588    8
321    1562291317.92    1562291331.49    13.5690431595    4    1.1283    4.5132    14.6973431595    1.5    2
322    1562291318.09    1562291331.49    13.3994619846    16    0.0297    0.4752    13.4291619846    2.54166666667    4
323    1562291318.3    1562291331.57    13.2698180676    64    0.0234    1.4976    13.2932180676    4.02827380952    6
324    1562291318.55    1562291331.57    13.0236020088    4    0.6452    2.5808    13.6688020088    1.5    2
325    1562291318.6    1562291331.65    13.0555539131    64    0.1855    11.872    13.2410539131    4.30803571429    6
326    1562291318.75    1562291331.66    12.9109239578    16    0.4243    6.7888    13.3352239578    2.58333333333    4
327    1562291319.19    1562291332.91    13.7257449627    256    0.7528    192.7168    14.4785449627    5.14007352941    8
328    1562291319.52    1562291332.91    13.3954479694    4    0.0284    0.1136    13.4238479694    1.5    2
329    1562291319.66    1562291332.99    13.3325200081    64    0.6779    43.3856    14.0104200081    4.0808531746    6
330    1562291320.01    1562291332.99    12.985106945    16    0.0098    0.1568    12.994906945    2.58333333333    4
331    1562291320.42    1562291333.0    12.5768401623    16    0.8805    14.088    13.4573401623    2.63333333333    4
332    1562291320.48    1562291333.0    12.524077177    16    0.4243    6.7888    12.948377177    2.625    4
333    1562291320.64    1562291333.0    12.3612809181    4    0.5956    2.3824    12.9568809181    1.5    2
334    1562291320.92    1562291333.01    12.094712019    16    0.8805    14.088    12.975212019    2.69166666667    4
335    1562291321.25    1562291333.02    11.7633209229    16    0.4243    6.7888    12.1876209229    2.58333333333    4
336    1562291321.63    1562291333.02    11.3944811821    16    0.7616    12.1856    12.1560811821    2.66666666667    4
337    1562291321.76    1562291333.02    11.2640161514    4    0.0059    0.0236    11.2699161514    1.5    2
338    1562291321.83    1562291333.02    11.1931409836    4    0.0059    0.0236    11.1990409836    1.5    2
339    1562291322.42    1562291333.03    10.6033058167    4    0.6452    2.5808    11.2485058167    1.5    2
340    1562291322.79    1562291333.03    10.2411139011    16    0.0098    0.1568    10.2509139011    2.68333333333    4
341    1562291322.89    1562291333.03    10.1485271454    4    0.0059    0.0236    10.1544271454    1.5    2
342    1562291323.25    1562291333.04    9.78847289085    4    0.0832    0.3328    9.87167289085    1.5    2
343    1562291323.43    1562291333.11    9.68564200401    64    0.6779    43.3856    10.363542004    4.33482142857    6
344    1562291323.58    1562291333.12    9.54365205765    16    0.7616    12.1856    10.3052520576    2.68333333333    4
345    1562291323.75    1562291333.12    9.37603807449    4    0.0522    0.2088    9.42823807449    1.5    2
346    1562291323.94    1562291333.13    9.19084405899    4    0.0284    0.1136    9.21924405899    1.5    2
347    1562291324.49    1562291333.13    8.64707899094    16    0.7616    12.1856    9.40867899094    2.7    4
348    1562291324.78    1562291333.21    8.43045496941    64    0.0055    0.352    8.43595496941    4.30307539683    6
349    1562291325.33    1562291333.22    7.88343095779    4    1.1283    4.5132    9.01173095779    1.5    2
350    1562291325.71    1562291334.8    9.09415698051    256    0.7528    192.7168    9.84695698051    5.22971813725    8
351    1562291326.03    1562291334.8    8.7768061161    4    0.5956    2.3824    9.3724061161    1.5    2
352    1562291326.23    1562291336.05    9.81899404526    256    0.6189    158.4384    10.4378940453    5.16121323529    8
353    1562291326.69    1562291337.22    10.5291829109    256    0.6189    158.4384    11.1480829109    5.21819852941    8
354    1562291326.73    1562291337.23    10.5011730194    16    0.0429    0.6864    10.5440730194    2.6    4
355    1562291327.15    1562291338.45    11.3041579723    256    0.8    204.8    12.1041579723    5.31136642157    8
356    1562291327.62    1562291338.45    10.8307549953    4    0.0522    0.2088    10.8829549953    1.5    2
357    1562291328.08    1562291338.52    10.4364869595    64    0.6779    43.3856    11.1143869595    4.00793650794    6
358    1562291328.52    1562291339.76    11.2328670025    256    0.0057    1.4592    11.2385670025    5.19770220588    8
359    1562291328.59    1562291339.76    11.1676979065    4    0.5956    2.3824    11.7632979065    1.5    2
360    1562291328.86    1562291339.76    10.9027190208    16    0.7616    12.1856    11.6643190208    2.48333333333    4
361    1562291329.05    1562291339.77    10.7154240608    4    0.0059    0.0236    10.7213240608    1.5    2
362    1562291329.32    1562291339.84    10.5171220303    64    0.4167    26.6688    10.9338220303    3.99007936508    6
363    1562291329.72    1562291339.84    10.123071909    16    0.0285    0.456    10.151571909    2.58333333333    4
364    1562291330.22    1562291339.84    9.61866497993    4    0.0522    0.2088    9.67086497993    1.5    2
365    1562291330.57    1562291339.84    9.27406597137    4    0.0059    0.0236    9.27996597137    1.5    2
366    1562291330.65    1562291339.92    9.27001905441    64    0.0125    0.8    9.28251905441    3.98958333333    6
367    1562291331.07    1562291341.17    10.0930950642    256    0.4221    108.0576    10.5151950642    5.05208333333    8
368    1562291331.19    1562291341.17    9.98518610001    16    0.0098    0.1568    9.99498610001    2.58333333333    4
369    1562291331.34    1562291341.18    9.84424686432    16    0.8805    14.088    10.7247468643    2.58333333333    4
370    1562291331.48    1562291341.18    9.70028495789    4    0.0832    0.3328    9.78348495789    1.5    2
371    1562291331.65    1562291342.37    10.7147400379    256    0.0057    1.4592    10.7204400379    5.12208946078    8
372    1562291331.87    1562291342.37    10.5015180111    16    0.4243    6.7888    10.9258180111    2.58333333333    4
373    1562291331.91    1562291342.37    10.4595701694    4    1.1283    4.5132    11.5878701694    1.5    2
374    1562291332.04    1562291342.45    10.4132559299    64    0.6779    43.3856    11.0911559299    3.84771825397    6
375    1562291333.21    1562291342.46    9.24142694473    16    0.7616    12.1856    10.0030269447    2.48333333333    4
376    1562291333.49    1562291342.52    9.0324511528    64    0.1855    11.872    9.2179511528    3.93898809524    6
377    1562291333.69    1562291342.52    8.82929611206    4    0.0284    0.1136    8.85769611206    1.5    2
378    1562291334.17    1562291342.6    8.42963194847    64    0.0055    0.352    8.43513194847    4.01339285714    6
379    1562291334.3    1562291342.61    8.30153393745    16    0.8805    14.088    9.18203393745    2.58333333333    4
380    1562291334.37    1562291342.68    8.30787587166    64    0.1855    11.872    8.49337587166    4.09424603175    6
381    1562291334.71    1562291342.68    7.96899986267    4    0.0284    0.1136    7.99739986267    1.5    2
382    1562291335.3    1562291342.76    7.45434117317    64    0.6779    43.3856    8.13224117317    3.99007936508    6
383    1562291335.42    1562291342.76    7.3406920433    4    0.0284    0.1136    7.3690920433    1.5    2
384    1562291335.57    1562291342.84    7.27084112167    64    0.4167    26.6688    7.68754112167    4.00694444444    6
385    1562291335.76    1562291342.85    7.090239048    16    0.0297    0.4752    7.119939048    2.58333333333    4
386    1562291336.05    1562291342.93    6.88075709343    64    0.0125    0.8    6.89325709343    4.03819444444    6
387    1562291336.51    1562291342.94    6.42072510719    16    0.0098    0.1568    6.43052510719    2.58333333333    4
388    1562291337.22    1562291342.94    5.71832203865    16    0.4243    6.7888    6.14262203865    2.65    4
389    1562291337.34    1562291344.19    6.85764813423    256    0.0177    4.5312    6.87534813423    5.24727328431    8
390    1562291337.72    1562291344.2    6.47592186928    4    1.1283    4.5132    7.60422186928    1.5    2
391    1562291337.85    1562291344.2    6.34364795685    4    0.5956    2.3824    6.93924795685    1.5    2
392    1562291338.08    1562291344.2    6.12628102303    16    0.8805    14.088    7.00678102303    2.48333333333    4
393    1562291338.45    1562291344.27    5.82718110085    64    0.9446    60.4544    6.77178110085    3.9181547619    6
394    1562291338.71    1562291344.28    5.56841802597    4    0.5956    2.3824    6.16401802597    1.5    2
395    1562291338.95    1562291344.28    5.33302593231    16    0.7616    12.1856    6.09462593231    2.48333333333    4
396    1562291339.1    1562291344.35    5.24535703659    64    0.0055    0.352    5.25085703659    3.90823412698    6
397    1562291339.21    1562291344.35    5.14621400833    16    0.7616    12.1856    5.90781400833    2.58333333333    4
398    1562291339.58    1562291344.36    4.78282189369    16    0.8805    14.088    5.66332189369    2.58333333333    4
399    1562291340.05    1562291344.36    4.30899906158    4    0.0059    0.0236    4.31489906158    1.5    2
400    1562291340.27    1562291344.37    4.09102392197    16    0.0098    0.1568    4.10082392197    2.58333333333    4
401    1562291340.37    1562291345.61    5.24365711212    256    0.4221    108.0576    5.66575711212    5.07484681373    8
402    1562291340.64    1562291345.62    4.97944498062    16    0.0285    0.456    5.00794498062    2.63333333333    4
403    1562291341.03    1562291345.69    4.65499091148    64    0.1855    11.872    4.84049091148    4.04712301587    6
404    1562291341.17    1562291345.69    4.52414894104    16    0.0098    0.1568    4.53394894104    2.63333333333    4
405    1562291341.41    1562291346.93    5.52303910255    256    0.6189    158.4384    6.14193910255    5.17199754902    8
406    1562291341.85    1562291346.94    5.08395195007    4    0.0284    0.1136    5.11235195007    1.5    2
407    1562291342.08    1562291348.12    6.03631210327    256    0.0057    1.4592    6.04201210327    5.20477941176    8
408    1562291342.52    1562291348.2    5.67811107635    64    0.0055    0.352    5.68361107635    4.05208333333    6
409    1562291342.6    1562291348.28    5.68055105209    64    0.0234    1.4976    5.70395105209    3.98214285714    6
410    1562291342.68    1562291349.34    6.66267490387    256    0.0057    1.4592    6.66837490387    5.0587622549    7
411    1562291342.73    1562291349.42    6.69507908821    64    0.0055    0.352    6.70057908821    3.98214285714    6
412    1562291342.8    1562291349.43    6.63427901268    16    0.0285    0.456    6.66277901268    2.58333333333    4
413    1562291342.93    1562291349.43    6.50013208389    4    0.0284    0.1136    6.52853208389    1.5    2
414    1562291343.13    1562291350.58    7.44984912872    256    0.4221    108.0576    7.87194912872    5.1284620098    8
415    1562291343.28    1562291350.65    7.36767101288    64    0.1855    11.872    7.55317101288    4.1056547619    6
416    1562291343.45    1562291350.72    7.27044296265    64    0.6779    43.3856    7.94834296265    3.98214285714    6
417    1562291344.07    1562291350.73    6.65763783455    16    0.4243    6.7888    7.08193783455    2.63333333333    4
418    1562291344.5    1562291350.79    6.29477500916    64    0.6779    43.3856    6.97267500916    4.31150793651    6
419    1562291344.81    1562291350.79    5.98769903183    4    0.0522    0.2088    6.03989903183    1.5    2
420    1562291344.98    1562291350.8    5.82225584984    16    0.0297    0.4752    5.85195584984    2.7    4
421    1562291345.31    1562291350.81    5.49741816521    16    0.0297    0.4752    5.52711816521    2.65    4
422    1562291345.61    1562291350.81    5.19702482224    4    0.6452    2.5808    5.84222482224    1.5    2
423    1562291345.73    1562291350.89    5.16347694397    64    0.0234    1.4976    5.18687694397    4.36904761905    6
424    1562291345.97    1562291350.89    4.91862988472    4    0.0522    0.2088    4.97082988472    1.5    2
425    1562291346.08    1562291350.89    4.80928993225    4    0.0284    0.1136    4.83768993225    1.5    2
426    1562291346.26    1562291350.97    4.71328020096    64    0.4167    26.6688    5.12998020096    4.4439484127    6
427    1562291346.49    1562291352.22    5.72567987442    256    0.7528    192.7168    6.47847987442    5.32953431373    8
428    1562291346.93    1562291352.22    5.28738903999    4    1.1283    4.5132    6.41568903999    1.5    2
429    1562291347.06    1562291352.3    5.23445820808    64    0.1855    11.872    5.41995820808    3.97271825397    6
430    1562291347.56    1562291352.37    4.80500507355    64    0.0125    0.8    4.81750507355    4.03125    6
431    1562291347.59    1562291352.45    4.86212301254    64    0.4167    26.6688    5.27882301254    4.03075396825    6
432    1562291348.02    1562291352.46    4.44357299805    16    0.0098    0.1568    4.45337299805    2.48333333333    4
433    1562291348.27    1562291352.46    4.19674897194    16    0.0285    0.456    4.22524897194    2.63333333333    4
434    1562291348.92    1562291352.47    3.54935979843    16    0.0297    0.4752    3.57905979843    2.68333333333    4
435    1562291349.4    1562291352.47    3.06743121147    4    1.1283    4.5132    4.19573121147    1.5    2
436    1562291350.08    1562291352.55    2.47233700752    64    0.1855    11.872    2.65783700752    4.03125    6
437    1562291350.46    1562291352.55    2.09126806259    4    0.0284    0.1136    2.11966806259    1.5    2
438    1562291350.84    1562291352.55    1.71448898315    4    0.0832    0.3328    1.79768898315    1.5    2
439    1562291351.18    1562291352.56    1.38186812401    16    0.8805    14.088    2.26236812401    2.58333333333    4
440    1562291351.29    1562291352.57    1.27261519432    16    0.0285    0.456    1.30111519432    2.68333333333    4
441    1562291351.88    1562291353.84    1.9638299942    256    0.0057    1.4592    1.9695299942    5.34203431373    8
442    1562291352.1    1562291354.99    2.89439082146    256    0.8    204.8    3.69439082146    5.13069852941    8
443    1562291352.29    1562291356.2    3.9143409729    256    0.0057    1.4592    3.9200409729    5.27521446078    8
444    1562291352.4    1562291356.3    3.89080500603    64    0.1855    11.872    4.07630500603    3.96875    6
445    1562291352.55    1562291356.3    3.75028705597    16    0.0098    0.1568    3.76008705597    2.58333333333    4
446    1562291353.05    1562291356.3    3.24665689468    4    0.0284    0.1136    3.27505689468    1.5    2
447    1562291353.2    1562291357.55    4.34542107582    256    0.8    204.8    5.14542107582    5.10024509804    8
448    1562291353.63    1562291357.56    3.92827606201    16    0.0429    0.6864    3.97117606201    2.58333333333    4
449    1562291353.84    1562291357.56    3.71892786026    16    0.0098    0.1568    3.72872786026    2.58333333333    4
450    1562291353.89    1562291358.8    4.90974092484    256    0.6189    158.4384    5.52864092484    5.19794730392    8
451    1562291353.93    1562291358.8    4.87687516212    4    0.0832    0.3328    4.96007516212    1.5    2
452    1562291353.93    1562291358.87    4.94420790672    64    0.9446    60.4544    5.88880790672    4.03373015873    6
453    1562291354.14    1562291360.02    5.87429404259    256    0.6189    158.4384    6.49319404259    4.99736519608    8
454    1562291354.16    1562291360.02    5.8560090065    4    0.0284    0.1136    5.8844090065    1.5    2
455    1562291354.26    1562291360.09    5.82825899124    64    0.9446    60.4544    6.77285899124    4.09623015873    6
456    1562291354.43    1562291361.32    6.89160490036    256    0.4221    108.0576    7.31370490036    5.2074754902    8
457    1562291354.91    1562291361.33    6.41596484184    16    0.0285    0.456    6.44446484184    2.58333333333    4
458    1562291355.2    1562291361.33    6.13168692589    16    0.0297    0.4752    6.16138692589    2.58333333333    4
459    1562291355.25    1562291361.41    6.1620080471    64    0.9446    60.4544    7.1066080471    4.19642857143    6
460    1562291355.79    1562291362.59    6.79796695709    256    0.6189    158.4384    7.41686695709    5.16531862745    8
461    1562291356.14    1562291362.59    6.45138406754    16    0.7616    12.1856    7.21298406754    2.58333333333    4
462    1562291356.28    1562291362.59    6.31739616394    4    0.0832    0.3328    6.40059616394    1.5    2
463    1562291356.71    1562291362.66    5.95451307297    64    0.9446    60.4544    6.89911307297    4.0496031746    6
464    1562291357.18    1562291362.75    5.56860589981    64    0.9446    60.4544    6.51320589981    3.99305555556    6
465    1562291357.31    1562291362.75    5.4444360733    16    0.0285    0.456    5.4729360733    2.68333333333    4
466    1562291357.55    1562291364.0    6.45146918297    256    0.8    204.8    7.25146918297    5.46727941176    8
467    1562291358.0    1562291364.01    6.00596094131    16    0.0429    0.6864    6.04886094131    2.58333333333    4
468    1562291358.41    1562291364.01    5.59569001198    4    0.0059    0.0236    5.60159001198    1.5    2
469    1562291358.43    1562291364.01    5.57809901237    4    0.0059    0.0236    5.58399901237    1.5    2
470    1562291358.8    1562291364.09    5.28644990921    64    0.0125    0.8    5.29894990921    3.99107142857    6
471    1562291358.98    1562291364.17    5.18788695335    64    0.1855    11.872    5.37338695335    4.07341269841    6
472    1562291359.72    1562291364.24    4.51888918877    64    0.0234    1.4976    4.54228918877    4.13293650794    6
473    1562291359.89    1562291364.25    4.35465312004    16    0.7616    12.1856    5.11625312004    2.63333333333    4
474    1562291360.0    1562291364.25    4.25005197525    16    0.7616    12.1856    5.01165197525    2.68333333333    4
475    1562291360.1    1562291364.26    4.15893101692    16    0.7616    12.1856    4.92053101692    2.58333333333    4
476    1562291360.43    1562291364.33    3.90053510666    64    0.9446    60.4544    4.84513510666    4.43005952381    6
477    1562291360.64    1562291364.4    3.76468110085    64    0.0055    0.352    3.77018110085    4.13293650794    6
478    1562291360.96    1562291364.41    3.45125293732    16    0.0429    0.6864    3.49415293732    2.58333333333    4
479    1562291361.04    1562291364.41    3.36541700363    4    0.0522    0.2088    3.41761700363    1.5    2
480    1562291361.42    1562291365.56    4.14373111725    256    0.0057    1.4592    4.14943111725    5.29825367647    8
481    1562291361.49    1562291365.57    4.07890796661    16    0.0098    0.1568    4.08870796661    2.58333333333    4
482    1562291361.77    1562291365.65    3.87820601463    64    0.1855    11.872    4.06370601463    4.24751984127    6
483    1562291361.84    1562291365.66    3.81404685974    16    0.0429    0.6864    3.85694685974    2.58333333333    4
484    1562291362.02    1562291365.74    3.71519112587    64    0.0234    1.4976    3.73859112587    3.90327380952    6
485    1562291362.3    1562291365.82    3.51902699471    64    0.4167    26.6688    3.93572699471    4.0496031746    6
486    1562291362.38    1562291365.82    3.4383058548    4    0.0059    0.0236    3.4442058548    1.5    2
487    1562291362.49    1562291365.91    3.41508698463    64    0.0234    1.4976    3.43848698463    3.99553571429    6
488    1562291362.57    1562291365.91    3.3421049118    4    0.6452    2.5808    3.9873049118    1.5    2
489    1562291362.59    1562291367.15    4.55319499969    256    0.6189    158.4384    5.17209499969    5.16559436275    8
490    1562291362.66    1562291368.4    5.7379090786    256    0.8    204.8    6.5379090786    5.09515931373    8
491    1562291363.04    1562291368.4    5.36191296577    4    0.5956    2.3824    5.95751296577    1.5    2
492    1562291363.34    1562291368.47    5.13515400887    64    0.9446    60.4544    6.07975400887    4.18402777778    6
493    1562291363.37    1562291369.66    6.29332900047    256    0.6189    158.4384    6.91222900047    5.20484068627    8
494    1562291363.99    1562291370.9    6.90202593803    256    0.0057    1.4592    6.90772593803    5.02650122549    7
495    1562291364.09    1562291370.9    6.80775213242    4    0.0059    0.0236    6.81365213242    1.5    2
496    1562291364.17    1562291370.9    6.73228812218    16    0.0429    0.6864    6.77518812218    2.58333333333    4
497    1562291364.46    1562291372.13    7.67458891869    256    0.0177    4.5312    7.69228891869    5.24892769608    8
498    1562291364.65    1562291373.21    8.56114292145    256    0.7528    192.7168    9.31394292145    5.03802083333    7
499    1562291364.77    1562291374.43    9.65829086304    256    0.4221    108.0576    10.080390863    5.10716911765    8
500    1562291365.16    1562291374.44    9.27087783813    4    0.5956    2.3824    9.86647783813    1.5    2
501    1562291365.42    1562291374.44    9.01441502571    4    0.0832    0.3328    9.09761502571    1.5    2
502    1562291365.56    1562291374.44    8.87727403641    16    0.0098    0.1568    8.88707403641    2.58333333333    4
503    1562291366.0    1562291374.44    8.44509196281    4    0.0059    0.0236    8.45099196281    1.5    2
504    1562291366.24    1562291374.44    8.20064401627    4    0.0832    0.3328    8.28384401627    1.5    2
505    1562291366.4    1562291374.53    8.12879300117    64    0.6779    43.3856    8.80669300117    4.29662698413    6
506    1562291366.58    1562291374.59    8.01164197922    64    0.4167    26.6688    8.42834197922    4.24801587302    6
507    1562291367.44    1562291375.8    8.35673689842    256    0.0057    1.4592    8.36243689842    5.33232230392    8
508    1562291367.52    1562291375.87    8.35313487053    64    0.9446    60.4544    9.29773487053    4.04265873016    6
509    1562291367.77    1562291375.88    8.10688591003    16    0.0098    0.1568    8.11668591003    2.68333333333    4
510    1562291367.84    1562291375.95    8.11295294762    64    0.6779    43.3856    8.79085294762    3.94444444444    6
511    1562291368.29    1562291375.95    7.6599149704    4    1.1283    4.5132    8.7882149704    1.5    2
512    1562291368.47    1562291375.95    7.48386907578    4    0.0059    0.0236    7.48976907578    1.5    2
513    1562291368.76    1562291377.13    8.36800098419    256    0.0177    4.5312    8.38570098419    5.09231004902    8
514    1562291368.97    1562291378.31    9.33697199821    256    0.8    204.8    10.1369719982    5.1393995098    8
515    1562291369.43    1562291378.38    8.94835782051    64    0.6779    43.3856    9.62625782051    3.97420634921    6
516    1562291369.8    1562291379.6    9.80183386803    256    0.8    204.8    10.601833868    5.1287377451    8
517    1562291369.91    1562291379.67    9.76132178307    64    0.6779    43.3856    10.4392217831    4.08035714286    6
518    1562291370.19    1562291380.91    10.722607851    256    0.6189    158.4384    11.341507851    5.08719362745    8
519    1562291370.9    1562291382.16    11.2642979622    256    0.0057    1.4592    11.2699979622    5.08719362745    8
520    1562291371.29    1562291382.25    10.9520089626    64    0.6779    43.3856    11.6299089626    3.97718253968    6
521    1562291371.93    1562291383.41    11.4868838787    256    0.0177    4.5312    11.5045838787    5.07527573529    7
522    1562291372.11    1562291383.42    11.3046970367    16    0.8805    14.088    12.1851970367    2.56666666667    4
523    1562291372.13    1562291384.69    12.5566680431    256    0.0057    1.4592    12.5623680431    5.17435661765    8
524    1562291372.18    1562291384.77    12.5909109116    64    0.0234    1.4976    12.6143109116    3.94742063492    6
525    1562291372.71    1562291384.77    12.0603818893    16    0.0285    0.456    12.0888818893    2.56666666667    4
526    1562291373.14    1562291385.96    12.8250730038    256    0.6189    158.4384    13.4439730038    5.07922794118    8
527    1562291373.21    1562291385.97    12.7635581493    16    0.0285    0.456    12.7920581493    2.58333333333    4
528    1562291373.58    1562291385.97    12.3945760727    16    0.0285    0.456    12.4230760727    2.58333333333    4
529    1562291373.95    1562291387.19    13.2393670082    256    0.0057    1.4592    13.2450670082    5.16767769608    8
530    1562291374.43    1562291387.19    12.7590928078    4    1.1283    4.5132    13.8873928078    1.5    2
531    1562291374.86    1562291387.2    12.3345468044    16    0.7616    12.1856    13.0961468044    2.58333333333    4
532    1562291374.93    1562291387.2    12.2755670547    16    0.8805    14.088    13.1560670547    2.65    4
533    1562291374.97    1562291387.27    12.3021318913    64    0.0234    1.4976    12.3255318913    3.99007936508    6
534    1562291375.21    1562291387.27    12.0626189709    4    0.0284    0.1136    12.0910189709    1.5    2
535    1562291375.35    1562291387.28    11.9227180481    4    0.0522    0.2088    11.9749180481    1.5    2
536    1562291375.8    1562291387.28    11.4805788994    4    0.5956    2.3824    12.0761788994    1.5    2
537    1562291376.39    1562291388.55    12.1593091488    256    0.0057    1.4592    12.1650091488    5.03590686275    8
538    1562291376.64    1562291388.64    12.0011940002    64    0.0125    0.8    12.0136940002    4.16021825397    6
539    1562291376.81    1562291388.65    11.837116003    16    0.0429    0.6864    11.880016003    2.61666666667    4
540    1562291376.86    1562291388.73    11.865956068    64    0.0055    0.352    11.871456068    3.96974206349    6
541    1562291377.18    1562291389.9    12.7146987915    256    0.4221    108.0576    13.1367987915    5.03682598039    7
542    1562291377.37    1562291389.98    12.614495039    64    0.0125    0.8    12.626995039    3.87152777778    6
543    1562291377.82    1562291389.99    12.1670868397    4    0.0522    0.2088    12.2192868397    1.5    2
544    1562291378.01    1562291389.99    11.9840359688    16    0.8805    14.088    12.8645359688    2.675    4
545    1562291378.47    1562291389.99    11.5219299793    16    0.0429    0.6864    11.5648299793    2.58333333333    4
546    1562291378.82    1562291390.0    11.1800830364    16    0.0297    0.4752    11.2097830364    2.65    4
547    1562291379.6    1562291390.0    10.4013030529    16    0.8805    14.088    11.2818030529    2.58333333333    4
548    1562291379.82    1562291390.01    10.1892158985    4    0.5956    2.3824    10.7848158985    1.5    2
549    1562291380.02    1562291390.01    9.98654508591    16    0.0429    0.6864    10.0294450859    2.58333333333    4
550    1562291380.09    1562291390.1    10.0012068748    64    0.4167    26.6688    10.4179068748    4.30505952381    6
551    1562291380.18    1562291391.31    11.1354150772    256    0.8    204.8    11.9354150772    5.27401960784    8
552    1562291380.36    1562291391.38    11.0227761269    64    0.6779    43.3856    11.7006761269    3.94742063492    6
553    1562291380.41    1562291391.45    11.0417869091    64    0.9446    60.4544    11.9863869091    4.07043650794    6
554    1562291380.81    1562291391.46    10.6420779228    4    0.0284    0.1136    10.6704779228    1.5    2
555    1562291381.13    1562291392.61    11.4820828438    256    0.8    204.8    12.2820828438    5.26078431373    8
556    1562291381.28    1562291392.62    11.3414850235    16    0.7616    12.1856    12.1030850235    2.58333333333    4
557    1562291381.44    1562291392.62    11.1784799099    16    0.0297    0.4752    11.2081799099    2.58333333333    4
558    1562291381.55    1562291392.63    11.0788998604    16    0.0285    0.456    11.1073998604    2.48333333333    4
559    1562291381.6    1562291392.63    11.0348260403    16    0.7616    12.1856    11.7964260403    2.58333333333    4
560    1562291381.62    1562291392.71    11.0857260227    64    0.4167    26.6688    11.5024260227    4.10168650794    6
561    1562291381.79    1562291392.78    10.9816892147    64    0.0055    0.352    10.9871892147    3.90724206349    6
562    1562291382.16    1562291392.85    10.6948280334    64    0.0055    0.352    10.7003280334    4.1314484127    6
563    1562291382.2    1562291394.06    11.8553230762    256    0.0057    1.4592    11.8610230762    5.16375612745    8
564    1562291382.71    1562291394.06    11.3466727734    4    1.1283    4.5132    12.4749727734    1.5    2
565    1562291382.93    1562291394.06    11.1264820099    4    0.6452    2.5808    11.7716820099    1.5    2
566    1562291382.99    1562291395.27    12.2827198505    256    0.7528    192.7168    13.0355198505    5.13651960784    8
567    1562291383.23    1562291395.27    12.0441029072    4    1.1283    4.5132    13.1724029072    1.5    2
568    1562291383.27    1562291395.28    12.0111010075    16    0.0429    0.6864    12.0540010075    2.525    4
569    1562291383.41    1562291395.28    11.8709380627    16    0.0098    0.1568    11.8807380627    2.65    4
570    1562291383.45    1562291395.36    11.9068610668    64    0.0055    0.352    11.9123610668    4.12896825397    6
571    1562291383.84    1562291395.37    11.5280399323    16    0.0297    0.4752    11.5577399323    2.525    4
572    1562291384.18    1562291395.44    11.260283947    64    0.0055    0.352    11.265783947    4.13492063492    6
573    1562291384.33    1562291396.58    12.2509598732    256    0.0177    4.5312    12.2686598732    5.14325980392    8
574    1562291384.52    1562291396.59    12.0662691593    16    0.0297    0.4752    12.0959691593    2.68333333333    4
575    1562291384.69    1562291397.67    12.9794270992    256    0.6189    158.4384    13.5983270992    5.15863970588    8
576    1562291384.76    1562291397.67    12.9099690914    4    0.0059    0.0236    12.9158690914    1.5    2
577    1562291384.85    1562291397.75    12.8973519802    64    0.9446    60.4544    13.8419519802    4.03174603175    6
578    1562291385.2    1562291398.93    13.7250971794    256    0.7528    192.7168    14.4778971794    5.1724877451    8
579    1562291385.54    1562291400.04    14.5047221184    256    0.7528    192.7168    15.2575221184    5.04816176471    8
580    1562291385.61    1562291400.05    14.4350061417    16    0.0429    0.6864    14.4779061417    2.56666666667    4
581    1562291385.78    1562291400.05    14.2728939056    4    0.0284    0.1136    14.3012939056    1.5    2
582    1562291385.96    1562291400.13    14.1634418964    64    0.0234    1.4976    14.1868418964    4.03323412698    6
583    1562291386.03    1562291400.13    14.1023819447    4    0.0832    0.3328    14.1855819447    1.5    2
584    1562291386.19    1562291401.22    15.0310809612    256    0.4221    108.0576    15.4531809612    5.20625    8
585    1562291386.43    1562291401.3    14.8648011684    64    0.0234    1.4976    14.8882011684    3.94494047619    6
586    1562291386.79    1562291401.3    14.5141510963    4    0.0284    0.1136    14.5425510963    1.5    2
587    1562291387.19    1562291401.3    14.114397049    16    0.0098    0.1568    14.124197049    2.575    4
588    1562291387.51    1562291401.31    13.7956528664    16    0.7616    12.1856    14.5572528664    2.68333333333    4
589    1562291388.33    1562291401.31    12.9826271534    4    0.5956    2.3824    13.5782271534    1.5    2
590    1562291388.62    1562291402.41    13.7940559387    256    0.8    204.8    14.5940559387    5.33268995098    8
591    1562291388.73    1562291402.41    13.6887300014    4    0.0284    0.1136    13.7171300014    1.5    2
592    1562291388.75    1562291403.58    14.8329410553    256    0.6189    158.4384    15.4518410553    5.2003370098    8
593    1562291388.98    1562291404.64    15.6640729904    256    0.6189    158.4384    16.2829729904    5.18425245098    8
594    1562291389.64    1562291404.65    15.0085260868    16    0.0297    0.4752    15.0382260868    2.56666666667    4
595    1562291389.83    1562291404.72    14.888999939    64    0.1855    11.872    15.074499939    4.13095238095    6
596    1562291389.98    1562291404.72    14.7394058704    16    0.0297    0.4752    14.7691058704    2.56666666667    4
597    1562291390.23    1562291405.87    15.6408379078    256    0.4221    108.0576    16.0629379078    5.29381127451    8
598    1562291390.34    1562291406.96    16.6260480881    256    0.6189    158.4384    17.2449480881    5.03465073529    8
599    1562291390.37    1562291407.04    16.6628568172    64    0.6779    43.3856    17.3407568172    3.95932539683    6

dispatched jobs are: 600 out of 600
average queue time is: 7.65383655032
fso links are used for 0 times
overall utilization is 0.10244784203538856
average response time is 7.98933005032
average weighted response time is 8.931605496461726
average slowdown is 13.294216031661655
cpu_request: 44976, cpu_run: 44976
ssd_request: 22171, ssd_run: 0
gpu_request: 22485, gpu_run: 0
cpu aspl: 3.1817107527
cpu diameter: 4.745
job x: 0.0
job y: 0.0
job z: 0.0
