#timestep  occupied-CPU  total-CPU  utilization  queuingjobs
1    4    1024    0.00390625    0
2    0    1024    0.0    4
3    0    1024    0.0    9
4    0    1024    0.0    12
5    0    1024    0.0    19
6    24    1024    0.0234375    19
7    0    1024    0.0    23
8    0    1024    0.0    30
9    0    1024    0.0    40
10    0    1024    0.0    46
11    0    1024    0.0    50
12    0    1024    0.0    55
13    0    1024    0.0    59
14    0    1024    0.0    63
15    0    1024    0.0    64
16    0    1024    0.0    68
17    0    1024    0.0    72
18    0    1024    0.0    79
19    0    1024    0.0    81
20    0    1024    0.0    87
21    0    1024    0.0    89
22    0    1024    0.0    97
23    0    1024    0.0    102
24    0    1024    0.0    105
25    0    1024    0.0    110
26    16    1024    0.015625    111
27    0    1024    0.0    114
28    0    1024    0.0    120
29    0    1024    0.0    126
30    264    1024    0.2578125    131
31    0    1024    0.0    134
32    0    1024    0.0    140
33    0    1024    0.0    147
34    0    1024    0.0    150
35    334    1024    0.326171875    148
36    0    1024    0.0    152
37    0    1024    0.0    153
38    0    1024    0.0    159
39    0    1024    0.0    165
40    0    1024    0.0    169
41    256    1024    0.25    175
42    4    1024    0.00390625    175
43    0    1024    0.0    180
44    0    1024    0.0    190
45    0    1024    0.0    194
46    0    1024    0.0    201
47    4    1024    0.00390625    206
48    16    1024    0.015625    201
49    0    1024    0.0    205
50    0    1024    0.0    211
51    0    1024    0.0    214
52    0    1024    0.0    219
53    0    1024    0.0    225
54    32    1024    0.03125    224
55    16    1024    0.015625    226
56    0    1024    0.0    229
57    0    1024    0.0    235
58    0    1024    0.0    244
59    0    1024    0.0    248
60    0    1024    0.0    251
61    0    1024    0.0    248
62    0    1024    0.0    251
63    0    1024    0.0    255
64    0    1024    0.0    258
65    0    1024    0.0    258
66    0    1024    0.0    262
67    0    1024    0.0    261
68    0    1024    0.0    264
69    0    1024    0.0    269
70    0    1024    0.0    275
71    0    1024    0.0    279
72    0    1024    0.0    284
73    16    1024    0.015625    279
74    36    1024    0.03515625    272
75    0    1024    0.0    278
76    0    1024    0.0    282
77    0    1024    0.0    283
78    0    1024    0.0    286
79    0    1024    0.0    289
80    256    1024    0.25    294
81    64    1024    0.0625    297
82    0    1024    0.0    304
83    0    1024    0.0    313
84    0    1024    0.0    320
85    0    1024    0.0    328
86    0    1024    0.0    332
87    0    1024    0.0    337
88    8    1024    0.0078125    342
89    0    1024    0.0    347
90    0    1024    0.0    350
91    0    1024    0.0    355
92    0    1024    0.0    357
93    0    1024    0.0    364
94    0    1024    0.0    370
95    64    1024    0.0625    372
96    0    1024    0.0    378
97    0    1024    0.0    382
98    0    1024    0.0    386
99    0    1024    0.0    391
100    8    1024    0.0078125    393
101    0    1024    0.0    392
102    0    1024    0.0    392
103    0    1024    0.0    392
104    0    1024    0.0    392
105    0    1024    0.0    392
106    0    1024    0.0    392
107    0    1024    0.0    392
108    0    1024    0.0    392
109    0    1024    0.0    392
110    0    1024    0.0    392
111    0    1024    0.0    391
112    0    1024    0.0    391
113    0    1024    0.0    391
114    0    1024    0.0    391
115    0    1024    0.0    391
116    0    1024    0.0    391
117    0    1024    0.0    391
118    0    1024    0.0    391
119    4    1024    0.00390625    385
120    0    1024    0.0    385
121    0    1024    0.0    385
122    0    1024    0.0    385
123    0    1024    0.0    385
124    0    1024    0.0    385
125    0    1024    0.0    385
126    0    1024    0.0    385
127    0    1024    0.0    385
128    0    1024    0.0    385
129    0    1024    0.0    385
130    0    1024    0.0    385
131    0    1024    0.0    385
132    0    1024    0.0    385
133    0    1024    0.0    385
134    276    1024    0.26953125    382
135    64    1024    0.0625    381
136    23    1024    0.0224609375    375
137    0    1024    0.0    375
138    0    1024    0.0    375
139    0    1024    0.0    375
140    0    1024    0.0    375
141    0    1024    0.0    375
142    0    1024    0.0    374
143    16    1024    0.015625    371
144    0    1024    0.0    371
145    0    1024    0.0    371
146    0    1024    0.0    371
147    0    1024    0.0    371
148    0    1024    0.0    371
149    0    1024    0.0    371
150    0    1024    0.0    371
151    335    1024    0.3271484375    368
152    17    1024    0.0166015625    364
153    96    1024    0.09375    360
154    0    1024    0.0    360
155    0    1024    0.0    360
156    0    1024    0.0    360
157    0    1024    0.0    360
158    0    1024    0.0    360
159    0    1024    0.0    360
160    0    1024    0.0    360
161    0    1024    0.0    360
162    0    1024    0.0    360
163    0    1024    0.0    360
164    0    1024    0.0    359
165    0    1024    0.0    357
166    64    1024    0.0625    352
167    64    1024    0.0625    351
168    0    1024    0.0    351
169    0    1024    0.0    351
170    0    1024    0.0    351
171    0    1024    0.0    351
172    0    1024    0.0    351
173    0    1024    0.0    351
174    0    1024    0.0    351
175    0    1024    0.0    351
176    3    1024    0.0029296875    347
177    64    1024    0.0625    346
178    0    1024    0.0    346
179    0    1024    0.0    346
180    0    1024    0.0    346
181    0    1024    0.0    346
182    0    1024    0.0    346
183    0    1024    0.0    346
184    276    1024    0.26953125    342
185    0    1024    0.0    341
186    0    1024    0.0    341
187    0    1024    0.0    341
188    0    1024    0.0    341
189    0    1024    0.0    341
190    0    1024    0.0    341
191    0    1024    0.0    341
192    256    1024    0.25    338
193    80    1024    0.078125    330
194    0    1024    0.0    329
195    0    1024    0.0    329
196    0    1024    0.0    329
197    0    1024    0.0    329
198    0    1024    0.0    329
199    0    1024    0.0    329
200    288    1024    0.28125    323
201    0    1024    0.0    323
202    0    1024    0.0    323
203    0    1024    0.0    323
204    0    1024    0.0    323
205    0    1024    0.0    323
206    0    1024    0.0    323
207    0    1024    0.0    323
208    0    1024    0.0    322
209    0    1024    0.0    322
210    0    1024    0.0    322
211    0    1024    0.0    322
212    0    1024    0.0    322
213    0    1024    0.0    322
214    0    1024    0.0    322
215    4    1024    0.00390625    315
216    0    1024    0.0    315
217    0    1024    0.0    315
218    0    1024    0.0    315
219    0    1024    0.0    315
220    0    1024    0.0    315
221    0    1024    0.0    315
222    256    1024    0.25    314
223    0    1024    0.0    314
224    0    1024    0.0    314
225    0    1024    0.0    314
226    0    1024    0.0    314
227    0    1024    0.0    314
228    0    1024    0.0    314
229    0    1024    0.0    313
230    0    1024    0.0    312
231    0    1024    0.0    312
232    0    1024    0.0    312
233    0    1024    0.0    312
234    0    1024    0.0    312
235    0    1024    0.0    312
236    0    1024    0.0    312
237    0    1024    0.0    311
238    0    1024    0.0    310
239    0    1024    0.0    310
240    0    1024    0.0    310
241    0    1024    0.0    310
242    0    1024    0.0    310
243    0    1024    0.0    310
244    0    1024    0.0    310
245    0    1024    0.0    310
246    0    1024    0.0    309
247    0    1024    0.0    309
248    0    1024    0.0    309
249    0    1024    0.0    309
250    0    1024    0.0    309
251    0    1024    0.0    309
252    0    1024    0.0    309
253    0    1024    0.0    309
254    0    1024    0.0    308
255    0    1024    0.0    308
256    0    1024    0.0    308
257    0    1024    0.0    308
258    0    1024    0.0    308
259    0    1024    0.0    308
260    0    1024    0.0    308
261    0    1024    0.0    308
262    256    1024    0.25    307
263    64    1024    0.0625    305
264    0    1024    0.0    305
265    0    1024    0.0    305
266    0    1024    0.0    305
267    0    1024    0.0    305
268    0    1024    0.0    305
269    0    1024    0.0    305
270    0    1024    0.0    305
271    320    1024    0.3125    303
272    0    1024    0.0    302
273    0    1024    0.0    301
274    0    1024    0.0    301
275    0    1024    0.0    301
276    0    1024    0.0    301
277    0    1024    0.0    301
278    0    1024    0.0    301
279    0    1024    0.0    301
280    0    1024    0.0    299
281    64    1024    0.0625    297
282    0    1024    0.0    297
283    0    1024    0.0    297
284    0    1024    0.0    297
285    0    1024    0.0    297
286    0    1024    0.0    297
287    0    1024    0.0    297
288    0    1024    0.0    297
289    150    1024    0.146484375    290
290    20    1024    0.01953125    286
291    0    1024    0.0    286
292    0    1024    0.0    286
293    0    1024    0.0    286
294    0    1024    0.0    286
295    0    1024    0.0    286
296    0    1024    0.0    286
297    0    1024    0.0    286
298    0    1024    0.0    286
299    0    1024    0.0    285
300    0    1024    0.0    285
301    0    1024    0.0    285
302    0    1024    0.0    285
303    0    1024    0.0    285
304    0    1024    0.0    285
305    0    1024    0.0    285
306    0    1024    0.0    285
307    64    1024    0.0625    283
308    0    1024    0.0    283
309    0    1024    0.0    283
310    0    1024    0.0    283
311    0    1024    0.0    283
312    0    1024    0.0    283
313    0    1024    0.0    283
314    0    1024    0.0    283
315    0    1024    0.0    283
316    0    1024    0.0    282
317    4    1024    0.00390625    277
318    0    1024    0.0    277
319    0    1024    0.0    277
320    0    1024    0.0    277
321    0    1024    0.0    277
322    0    1024    0.0    277
323    0    1024    0.0    277
324    0    1024    0.0    277
325    4    1024    0.00390625    272
326    0    1024    0.0    272
327    0    1024    0.0    272
328    0    1024    0.0    272
329    0    1024    0.0    272
330    0    1024    0.0    272
331    0    1024    0.0    272
332    0    1024    0.0    272
333    0    1024    0.0    270
334    0    1024    0.0    270
335    0    1024    0.0    270
336    0    1024    0.0    270
337    0    1024    0.0    270
338    0    1024    0.0    270
339    0    1024    0.0    270
340    251    1024    0.2451171875    269
341    0    1024    0.0    269
342    0    1024    0.0    269
343    0    1024    0.0    269
344    0    1024    0.0    269
345    0    1024    0.0    269
346    0    1024    0.0    269
347    0    1024    0.0    268
348    0    1024    0.0    267
349    0    1024    0.0    267
350    0    1024    0.0    267
351    0    1024    0.0    267
352    0    1024    0.0    267
353    0    1024    0.0    267
354    0    1024    0.0    267
355    256    1024    0.25    266
356    0    1024    0.0    266
357    0    1024    0.0    266
358    0    1024    0.0    266
359    0    1024    0.0    266
360    0    1024    0.0    266
361    0    1024    0.0    266
362    0    1024    0.0    265
363    0    1024    0.0    265
364    0    1024    0.0    265
365    0    1024    0.0    265
366    0    1024    0.0    265
367    0    1024    0.0    265
368    0    1024    0.0    265
369    0    1024    0.0    265
370    0    1024    0.0    262
371    0    1024    0.0    262
372    0    1024    0.0    262
373    0    1024    0.0    262
374    0    1024    0.0    262
375    0    1024    0.0    262
376    0    1024    0.0    262
377    0    1024    0.0    262
378    320    1024    0.3125    259
379    0    1024    0.0    259
380    0    1024    0.0    259
381    0    1024    0.0    259
382    0    1024    0.0    259
383    0    1024    0.0    259
384    0    1024    0.0    259
385    0    1024    0.0    259
386    0    1024    0.0    259
387    68    1024    0.06640625    256
388    0    1024    0.0    256
389    0    1024    0.0    256
390    0    1024    0.0    256
391    0    1024    0.0    256
392    0    1024    0.0    256
393    0    1024    0.0    256
394    256    1024    0.25    255
395    0    1024    0.0    255
396    0    1024    0.0    255
397    0    1024    0.0    255
398    0    1024    0.0    255
399    0    1024    0.0    255
400    0    1024    0.0    255
401    20    1024    0.01953125    244
402    0    1024    0.0    244
403    0    1024    0.0    244
404    0    1024    0.0    244
405    0    1024    0.0    244
406    0    1024    0.0    244
407    0    1024    0.0    244
408    0    1024    0.0    244
409    0    1024    0.0    243
410    0    1024    0.0    239
411    0    1024    0.0    239
412    0    1024    0.0    239
413    0    1024    0.0    239
414    0    1024    0.0    239
415    0    1024    0.0    239
416    0    1024    0.0    239
417    256    1024    0.25    237
418    64    1024    0.0625    233
419    0    1024    0.0    233
420    0    1024    0.0    233
421    0    1024    0.0    233
422    0    1024    0.0    233
423    0    1024    0.0    233
424    0    1024    0.0    233
425    0    1024    0.0    233
426    260    1024    0.25390625    231
427    71    1024    0.0693359375    224
428    4    1024    0.00390625    223
429    0    1024    0.0    223
430    0    1024    0.0    223
431    0    1024    0.0    223
432    0    1024    0.0    223
433    0    1024    0.0    223
434    0    1024    0.0    223
435    0    1024    0.0    223
436    8    1024    0.0078125    218
437    0    1024    0.0    218
438    0    1024    0.0    218
439    0    1024    0.0    218
440    0    1024    0.0    218
441    0    1024    0.0    218
442    0    1024    0.0    218
443    0    1024    0.0    218
444    256    1024    0.25    216
445    0    1024    0.0    216
446    0    1024    0.0    216
447    0    1024    0.0    216
448    0    1024    0.0    216
449    0    1024    0.0    216
450    0    1024    0.0    216
451    0    1024    0.0    216
452    256    1024    0.25    215
453    0    1024    0.0    215
454    0    1024    0.0    215
455    0    1024    0.0    215
456    0    1024    0.0    215
457    0    1024    0.0    215
458    0    1024    0.0    215
459    0    1024    0.0    215
460    0    1024    0.0    213
461    0    1024    0.0    213
462    0    1024    0.0    213
463    0    1024    0.0    213
464    0    1024    0.0    213
465    0    1024    0.0    213
466    0    1024    0.0    213
467    225    1024    0.2197265625    211
468    0    1024    0.0    211
469    0    1024    0.0    211
470    0    1024    0.0    211
471    0    1024    0.0    211
472    0    1024    0.0    211
473    0    1024    0.0    211
474    0    1024    0.0    211
475    22    1024    0.021484375    208
476    64    1024    0.0625    206
477    0    1024    0.0    202
478    0    1024    0.0    202
479    0    1024    0.0    202
480    0    1024    0.0    202
481    0    1024    0.0    202
482    0    1024    0.0    202
483    0    1024    0.0    202
484    0    1024    0.0    202
485    0    1024    0.0    202
486    256    1024    0.25    197
487    0    1024    0.0    197
488    0    1024    0.0    197
489    0    1024    0.0    197
490    0    1024    0.0    197
491    0    1024    0.0    197
492    0    1024    0.0    197
493    0    1024    0.0    197
494    284    1024    0.27734375    189
495    0    1024    0.0    187
496    0    1024    0.0    187
497    0    1024    0.0    187
498    0    1024    0.0    187
499    0    1024    0.0    187
500    0    1024    0.0    187
501    0    1024    0.0    187
502    0    1024    0.0    187
503    272    1024    0.265625    185
504    0    1024    0.0    185
505    0    1024    0.0    185
506    0    1024    0.0    185
507    0    1024    0.0    185
508    0    1024    0.0    185
509    0    1024    0.0    185
510    0    1024    0.0    185
511    0    1024    0.0    184
512    0    1024    0.0    184
513    0    1024    0.0    184
514    0    1024    0.0    184
515    0    1024    0.0    184
516    0    1024    0.0    184
517    0    1024    0.0    184
518    0    1024    0.0    183
519    84    1024    0.08203125    179
520    0    1024    0.0    179
521    0    1024    0.0    179
522    0    1024    0.0    179
523    0    1024    0.0    179
524    0    1024    0.0    179
525    0    1024    0.0    179
526    260    1024    0.25390625    177
527    0    1024    0.0    177
528    0    1024    0.0    177
529    0    1024    0.0    177
530    0    1024    0.0    177
531    0    1024    0.0    177
532    0    1024    0.0    177
533    272    1024    0.265625    171
534    0    1024    0.0    171
535    0    1024    0.0    171
536    0    1024    0.0    171
537    0    1024    0.0    171
538    0    1024    0.0    171
539    0    1024    0.0    171
540    0    1024    0.0    171
541    68    1024    0.06640625    165
542    0    1024    0.0    164
543    0    1024    0.0    164
544    0    1024    0.0    164
545    0    1024    0.0    164
546    0    1024    0.0    164
547    0    1024    0.0    164
548    0    1024    0.0    164
549    0    1024    0.0    162
550    0    1024    0.0    161
551    0    1024    0.0    161
552    0    1024    0.0    161
553    0    1024    0.0    161
554    0    1024    0.0    161
555    0    1024    0.0    161
556    0    1024    0.0    161
557    0    1024    0.0    160
558    0    1024    0.0    158
559    0    1024    0.0    158
560    0    1024    0.0    158
561    0    1024    0.0    158
562    0    1024    0.0    158
563    0    1024    0.0    158
564    0    1024    0.0    158
565    256    1024    0.25    157
566    0    1024    0.0    157
567    0    1024    0.0    157
568    0    1024    0.0    157
569    0    1024    0.0    157
570    0    1024    0.0    157
571    0    1024    0.0    157
572    0    1024    0.0    157
573    0    1024    0.0    155
574    0    1024    0.0    155
575    0    1024    0.0    155
576    0    1024    0.0    155
577    0    1024    0.0    155
578    0    1024    0.0    155
579    0    1024    0.0    155
580    256    1024    0.25    152
581    0    1024    0.0    152
582    0    1024    0.0    152
583    0    1024    0.0    152
584    0    1024    0.0    152
585    0    1024    0.0    152
586    0    1024    0.0    152
587    0    1024    0.0    152
588    0    1024    0.0    151
589    0    1024    0.0    150
590    0    1024    0.0    150
591    0    1024    0.0    150
592    0    1024    0.0    150
593    0    1024    0.0    150
594    0    1024    0.0    150
595    0    1024    0.0    148
596    0    1024    0.0    148
597    0    1024    0.0    148
598    0    1024    0.0    148
599    0    1024    0.0    148
600    0    1024    0.0    148
601    0    1024    0.0    148
602    22    1024    0.021484375    140
603    0    1024    0.0    140
604    0    1024    0.0    140
605    0    1024    0.0    140
606    0    1024    0.0    140
607    0    1024    0.0    140
608    256    1024    0.25    138
609    0    1024    0.0    138
610    0    1024    0.0    138
611    0    1024    0.0    138
612    0    1024    0.0    138
613    0    1024    0.0    134
614    0    1024    0.0    134
615    0    1024    0.0    134
616    0    1024    0.0    134
617    340    1024    0.33203125    130
618    0    1024    0.0    130
619    0    1024    0.0    130
620    0    1024    0.0    130
621    257    1024    0.2509765625    128
622    0    1024    0.0    128
623    0    1024    0.0    128
624    0    1024    0.0    128
625    0    1024    0.0    128
626    64    1024    0.0625    124
627    0    1024    0.0    124
628    0    1024    0.0    124
629    0    1024    0.0    124
630    260    1024    0.25390625    120
631    0    1024    0.0    120
632    0    1024    0.0    120
633    0    1024    0.0    120
634    0    1024    0.0    120
635    35    1024    0.0341796875    112
636    0    1024    0.0    112
637    0    1024    0.0    112
638    0    1024    0.0    112
639    0    1024    0.0    112
640    0    1024    0.0    109
641    0    1024    0.0    109
642    0    1024    0.0    109
643    0    1024    0.0    109
644    0    1024    0.0    108
645    0    1024    0.0    108
646    0    1024    0.0    108
647    0    1024    0.0    108
648    280    1024    0.2734375    104
649    0    1024    0.0    104
650    0    1024    0.0    104
651    0    1024    0.0    104
652    272    1024    0.265625    102
653    113    1024    0.1103515625    92
654    64    1024    0.0625    91
655    0    1024    0.0    91
656    0    1024    0.0    91
657    0    1024    0.0    91
658    0    1024    0.0    90
659    0    1024    0.0    90
660    0    1024    0.0    90
661    0    1024    0.0    90
662    0    1024    0.0    89
663    0    1024    0.0    89
664    0    1024    0.0    89
665    0    1024    0.0    89
666    0    1024    0.0    89
667    8    1024    0.0078125    79
668    0    1024    0.0    79
669    0    1024    0.0    79
670    0    1024    0.0    79
671    0    1024    0.0    79
672    21    1024    0.0205078125    72
673    0    1024    0.0    72
674    0    1024    0.0    72
675    0    1024    0.0    72
676    0    1024    0.0    72
677    0    1024    0.0    71
678    0    1024    0.0    71
679    0    1024    0.0    71
680    0    1024    0.0    71
681    0    1024    0.0    70
682    0    1024    0.0    70
683    0    1024    0.0    70
684    0    1024    0.0    70
685    0    1024    0.0    69
686    0    1024    0.0    67
687    0    1024    0.0    67
688    0    1024    0.0    67
689    0    1024    0.0    67
690    324    1024    0.31640625    62
691    0    1024    0.0    62
692    0    1024    0.0    62
693    0    1024    0.0    62
694    256    1024    0.25    61
695    64    1024    0.0625    57
696    0    1024    0.0    57
697    0    1024    0.0    57
698    0    1024    0.0    57
699    0    1024    0.0    57
700    20    1024    0.01953125    52
701    0    1024    0.0    52
702    0    1024    0.0    52
703    0    1024    0.0    52
704    256    1024    0.25    51
705    0    1024    0.0    51
706    0    1024    0.0    51
707    0    1024    0.0    51
708    276    1024    0.26953125    48
709    64    1024    0.0625    45
710    0    1024    0.0    45
711    0    1024    0.0    45
712    0    1024    0.0    45
713    256    1024    0.25    44
714    0    1024    0.0    44
715    0    1024    0.0    44
716    0    1024    0.0    44
717    0    1024    0.0    44
718    0    1024    0.0    41
719    0    1024    0.0    41
720    0    1024    0.0    41
721    0    1024    0.0    41
722    256    1024    0.25    40
723    0    1024    0.0    40
724    0    1024    0.0    40
725    0    1024    0.0    40
726    0    1024    0.0    40
727    64    1024    0.0625    36
728    0    1024    0.0    36
729    0    1024    0.0    36
730    0    1024    0.0    36
731    0    1024    0.0    36
732    256    1024    0.25    33
733    0    1024    0.0    33
734    0    1024    0.0    33
735    0    1024    0.0    33
736    0    1024    0.0    33
737    0    1024    0.0    32
738    0    1024    0.0    32
739    0    1024    0.0    32
740    0    1024    0.0    32
741    256    1024    0.25    31
742    0    1024    0.0    31
743    0    1024    0.0    31
744    0    1024    0.0    31
745    0    1024    0.0    30
746    4    1024    0.00390625    23
747    0    1024    0.0    23
748    0    1024    0.0    23
749    0    1024    0.0    23
750    0    1024    0.0    23
751    4    1024    0.00390625    18
752    0    1024    0.0    18
753    0    1024    0.0    18
754    0    1024    0.0    18
755    256    1024    0.25    17
756    0    1024    0.0    17
757    0    1024    0.0    17
758    0    1024    0.0    17
759    0    1024    0.0    17
760    16    1024    0.015625    10
761    0    1024    0.0    10
762    0    1024    0.0    10
763    0    1024    0.0    10
764    0    1024    0.0    10
765    0    1024    0.0    9
766    0    1024    0.0    9
767    0    1024    0.0    9
768    0    1024    0.0    9
769    0    1024    0.0    9
770    128    1024    0.125    4
771    0    1024    0.0    4
772    0    1024    0.0    4
773    0    1024    0.0    4
774    0    1024    0.0    4

average cpu utilization is: 0.017622284803
average ssd utilization is: 0.00822634043928
average gpu utilization is: 0.00841559673773
average utilization is: 0.0114214073267
average queuing jobs are: 212.802325581
maximum queuing jobs are: 393


#job_number  submit  dispatch  queue  cpu#  runtime  weight  response(turnaround)  cpu_aspl  cpu_diameter
0    1563431766.0    1563431772.31    6.31299996376    4    0.0522    0.2088    6.36519996376    0.0    0
1    1563431772.52    1563431772.52    0.000999927520752    64    0.0125    0.8    0.0134999275208    0.0    0
2    1563431772.67    1563431772.73    0.0599999427795    64    0.1855    11.872    0.24549994278    0.0    0
3    1563431772.85    1563431773.03    0.180999994278    16    0.0098    0.1568    0.190799994278    0.0    0
4    1563431772.92    1563431773.05    0.128999948502    256    0.4221    108.0576    0.551099948502    0.0    0
5    1563431773.04    1563431777.03    3.98600006104    16    0.7616    12.1856    4.74760006104    0.0    0
6    1563431773.21    1563431777.04    3.82699990273    4    0.6452    2.5808    4.47219990273    0.0    0
7    1563431773.38    1563431777.04    3.65900015831    64    0.0055    0.352    3.66450015831    0.0    0
8    1563431773.62    1563431777.25    3.63000011444    4    0.6452    2.5808    4.27520011444    0.0    0
9    1563431773.66    1563431777.27    3.60299992561    256    0.8    204.8    4.40299992561    0.0    0
10    1563431774.11    1563431781.79    7.67800021172    64    0.4167    26.6688    8.09470021172    0.0    0
11    1563431774.29    1563431782.08    7.78799986839    256    0.0177    4.5312    7.80569986839    0.0    0
12    1563431774.39    1563431786.81    12.4199998379    64    0.1855    11.872    12.6054998379    0.0    0
13    1563431774.65    1563431787.1    12.4489998817    256    0.0057    1.4592    12.4546998817    0.0    0
14    1563431774.9    1563431792.24    17.3379998207    256    0.4221    108.0576    17.7600998207    0.0    0
15    1563431775.37    1563431797.45    22.0789999962    16    0.0285    0.456    22.1074999962    0.0    0
16    1563431775.47    1563431797.47    21.9910001755    16    0.0098    0.1568    22.0008001755    0.0    0
17    1563431775.83    1563431797.48    21.6499998569    16    0.7616    12.1856    22.4115998569    0.0    0
18    1563431775.89    1563431797.51    21.6270000935    16    0.0285    0.456    21.6555000935    0.0    0
19    1563431776.12    1563431797.54    21.4189999104    256    0.4221    108.0576    21.8410999104    0.0    0
20    1563431776.36    1563431802.06    25.6990001202    4    0.5956    2.3824    26.2946001202    0.0    0
21    1563431776.37    1563431802.06    25.6949999332    4    1.1283    4.5132    26.8232999332    0.0    0
22    1563431776.4    1563431802.07    25.6769998074    256    0.6189    158.4384    26.2958998074    0.0    0
23    1563431776.81    1563431807.0    30.1900000572    4    1.1283    4.5132    31.3183000572    0.0    0
24    1563431777.11    1563431807.0    29.8960001469    4    1.1283    4.5132    31.0243001469    0.0    0
25    1563431777.15    1563431807.0    29.8519999981    64    0.9446    60.4544    30.7965999981    0.0    0
26    1563431777.21    1563431807.26    30.0510001183    4    0.6452    2.5808    30.6962001183    0.0    0
27    1563431777.29    1563431807.27    29.9740002155    4    0.0832    0.3328    30.0572002155    0.0    0
28    1563431777.54    1563431807.27    29.7309999466    4    0.0522    0.2088    29.7831999466    0.0    0
29    1563431777.84    1563431807.27    29.4299998283    64    0.1855    11.872    29.6154998283    0.0    0
30    1563431777.93    1563431807.58    29.6480000019    64    0.4167    26.6688    30.0647000019    0.0    0
31    1563431777.95    1563431807.85    29.9050002098    256    0.8    204.8    30.7050002098    0.0    0
32    1563431778.77    1563431813.36    34.5889999866    64    0.4167    26.6688    35.0056999866    0.0    0
33    1563431778.82    1563431813.68    34.8580000401    16    0.7616    12.1856    35.6196000401    0.0    0
34    1563431779.17    1563431813.7    34.5220000744    16    0.7616    12.1856    35.2836000744    0.0    0
35    1563431779.24    1563431813.71    34.4779999256    64    0.0234    1.4976    34.5013999256    0.0    0
36    1563431779.25    1563431814.03    34.7760000229    16    0.0285    0.456    34.8045000229    0.0    0
37    1563431779.36    1563431814.05    34.6840000153    4    1.1283    4.5132    35.8123000153    0.0    0
38    1563431779.51    1563431814.06    34.5480000973    256    0.0177    4.5312    34.5657000973    0.0    0
39    1563431779.66    1563431819.34    39.6799998283    4    0.5956    2.3824    40.2755998283    0.0    0
40    1563431779.74    1563431819.34    39.5979998112    64    0.0125    0.8    39.6104998112    0.0    0
41    1563431779.75    1563431819.64    39.8870000839    64    0.0125    0.8    39.8995000839    0.0    0
42    1563431779.82    1563431819.99    40.1759998798    4    0.0284    0.1136    40.2043998798    0.0    0
43    1563431779.98    1563431820.0    40.0230000019    4    0.0832    0.3328    40.1062000019    0.0    0
44    1563431779.99    1563431820.01    40.0199999809    4    0.0284    0.1136    40.0483999809    0.0    0
45    1563431780.37    1563431820.01    39.638999939    16    0.8805    14.088    40.519499939    0.0    0
46    1563431780.5    1563431820.04    39.5440001488    16    0.0098    0.1568    39.5538001488    0.0    0
47    1563431780.53    1563431820.07    39.5379998684    64    0.0125    0.8    39.5504998684    0.0    0
48    1563431780.55    1563431820.34    39.7940001488    16    0.0429    0.6864    39.8369001488    0.0    0
49    1563431781.0    1563431820.36    39.3650000095    4    0.0284    0.1136    39.3934000095    0.0    0
50    1563431781.36    1563431820.36    38.9989998341    4    0.0832    0.3328    39.0821998341    0.0    0
51    1563431781.37    1563431820.36    38.995000124    16    0.0297    0.4752    39.024700124    0.0    0
52    1563431781.38    1563431820.39    39.0099999905    256    0.6189    158.4384    39.6288999905    0.0    0
53    1563431781.4    1563431826.06    44.6649999619    4    0.5956    2.3824    45.2605999619    0.0    0
54    1563431781.42    1563431826.07    44.6449999809    64    0.0055    0.352    44.6504999809    0.0    0
55    1563431781.67    1563431826.37    44.6989998817    64    0.1855    11.872    44.8844998817    0.0    0
56    1563431781.76    1563431826.67    44.9179999828    64    0.0234    1.4976    44.9413999828    0.0    0
57    1563431781.93    1563431826.95    45.0269999504    16    0.8805    14.088    45.9074999504    0.0    0
58    1563431782.01    1563431826.97    44.9659998417    16    0.0429    0.6864    45.0088998417    0.0    0
59    1563431782.4    1563431826.99    44.5950000286    64    0.4167    26.6688    45.0117000286    0.0    0
60    1563431782.51    1563431827.28    44.7650001049    16    0.8805    14.088    45.6455001049    0.0    0
61    1563431782.81    1563431827.29    44.4829998016    4    0.0522    0.2088    44.5351998016    0.0    0
62    1563431783.01    1563431827.3    44.2960000038    256    0.6189    158.4384    44.9149000038    0.0    0
63    1563431783.08    1563431833.5    50.4259998798    4    0.0284    0.1136    50.4543998798    0.0    0
64    1563431783.12    1563431833.51    50.3819999695    4    0.5956    2.3824    50.9775999695    0.0    0
65    1563431783.62    1563431833.51    49.8849999905    16    0.0429    0.6864    49.9278999905    0.0    0
66    1563431783.76    1563431833.53    49.7749998569    4    0.0284    0.1136    49.8033998569    0.0    0
67    1563431784.02    1563431833.55    49.5260000229    256    0.0057    1.4592    49.5317000229    0.0    0
68    1563431784.1    1563431839.83    55.7259998322    64    0.0234    1.4976    55.7493998322    0.0    0
69    1563431784.33    1563431840.12    55.7910001278    16    0.0429    0.6864    55.8339001278    0.0    0
70    1563431784.91    1563431840.15    55.2430000305    256    0.0177    4.5312    55.2607000305    0.0    0
71    1563431785.17    1563431845.85    60.6749999523    16    0.0098    0.1568    60.6847999523    0.0    0
72    1563431785.27    1563431845.87    60.5959999561    4    1.1283    4.5132    61.7242999561    0.0    0
73    1563431785.64    1563431845.88    60.2350001335    4    0.0522    0.2088    60.2872001335    0.0    0
74    1563431786.63    1563431845.88    59.253000021    64    0.0234    1.4976    59.276400021    0.0    0
75    1563431787.04    1563431846.18    59.1400001049    4    1.1283    4.5132    60.2683001049    0.0    0
76    1563431787.07    1563431846.18    59.1080000401    4    1.1283    4.5132    60.2363000401    0.0    0
77    1563431787.28    1563431846.19    58.9030001163    64    0.0234    1.4976    58.9264001163    0.0    0
78    1563431787.29    1563431846.49    59.2000000477    4    0.0832    0.3328    59.2832000477    0.0    0
79    1563431787.54    1563431846.49    58.9539999962    4    0.5956    2.3824    59.5495999962    0.0    0
80    1563431787.64    1563431846.49    58.8510000706    16    0.0098    0.1568    58.8608000706    0.0    0
81    1563431787.89    1563431846.51    58.6229999065    64    0.1855    11.872    58.8084999065    0.0    0
82    1563431787.98    1563431846.85    58.8659999371    4    0.6452    2.5808    59.5111999371    0.0    0
83    1563431788.28    1563431846.85    58.5759999752    4    0.6452    2.5808    59.2211999752    0.0    0
84    1563431788.59    1563431846.86    58.2620000839    16    0.8805    14.088    59.1425000839    0.0    0
85    1563431788.87    1563431846.88    58.003000021    4    0.5956    2.3824    58.598600021    0.0    0
86    1563431788.96    1563431846.88    57.9170000553    16    0.8805    14.088    58.7975000553    0.0    0
87    1563431788.98    1563431846.9    57.9140000343    16    0.0297    0.4752    57.9437000343    0.0    0
88    1563431789.27    1563431846.92    57.6540000439    4    0.5956    2.3824    58.2496000439    0.0    0
89    1563431789.41    1563431846.92    57.513999939    64    0.0234    1.4976    57.537399939    0.0    0
90    1563431789.49    1563431847.23    57.7449998856    4    0.6452    2.5808    58.3901998856    0.0    0
91    1563431789.83    1563431847.24    57.4159998894    256    0.8    204.8    58.2159998894    0.0    0
92    1563431790.1    1563431853.8    63.7049999237    64    0.0055    0.352    63.7104999237    0.0    0
93    1563431790.12    1563431854.34    64.2139999866    16    0.0285    0.456    64.2424999866    0.0    0
94    1563431790.96    1563431854.37    63.4059998989    64    0.4167    26.6688    63.8226998989    0.0    0
95    1563431790.96    1563431854.83    63.8669998646    256    0.0057    1.4592    63.8726998646    0.0    0
96    1563431791.31    1563431861.66    70.3509998322    4    0.0832    0.3328    70.4341998322    0.0    0
97    1563431791.54    1563431861.66    70.1180000305    4    0.6452    2.5808    70.7632000305    0.0    0
98    1563431791.76    1563431861.68    69.9179999828    64    0.0234    1.4976    69.9413999828    0.0    0
99    1563431791.89    1563431862.0    70.1059999466    4    1.1283    4.5132    71.2342999466    0.0    0
100    1563431791.98    1563431862.01    70.0279998779    256    0.7528    192.7168    70.7807998779    0.0    0
101    1563431792.49    1563431868.67    76.1740000248    64    0.9446    60.4544    77.1186000248    0.0    0
102    1563431792.83    1563431868.92    76.0939998627    256    0.0177    4.5312    76.1116998627    0.0    0
103    1563431793.36    1563431873.99    80.6340000629    64    0.0125    0.8    80.6465000629    0.0    0
104    1563431793.38    1563431874.65    81.2769999504    4    0.0284    0.1136    81.3053999504    0.0    0
105    1563431793.46    1563431874.66    81.1960000992    4    0.6452    2.5808    81.8412000992    0.0    0
106    1563431793.56    1563431874.66    81.1029999256    16    0.0297    0.4752    81.1326999256    0.0    0
107    1563431793.64    1563431874.7    81.0569999218    64    0.0055    0.352    81.0624999218    0.0    0
108    1563431793.72    1563431875.26    81.5350000858    256    0.7528    192.7168    82.2878000858    0.0    0
109    1563431793.74    1563431885.6    91.8589999676    256    0.0057    1.4592    91.8646999676    0.0    0
110    1563431793.89    1563431893.96    100.071000099    4    0.0059    0.0236    100.076900099    0.0    0
111    1563431794.23    1563431893.97    99.7449998856    4    0.6452    2.5808    100.390199886    0.0    0
112    1563431794.23    1563431893.99    99.7650001049    4    1.1283    4.5132    100.893300105    0.0    0
113    1563431794.35    1563431894.01    99.6530001163    16    0.0429    0.6864    99.6959001163    0.0    0
114    1563431794.47    1563431894.06    99.5840001106    16    0.4243    6.7888    100.008300111    0.0    0
115    1563431794.9    1563431894.12    99.2260000706    256    0.8    204.8    100.026000071    0.0    0
116    1563431795.16    1563431910.77    115.607999802    16    0.4243    6.7888    116.032299802    0.0    0
117    1563431795.53    1563431910.81    115.277999878    4    1.1283    4.5132    116.406299878    0.0    0
118    1563431795.94    1563431910.82    114.871000051    64    0.6779    43.3856    115.548900051    0.0    0
119    1563431796.15    1563431911.71    115.552000046    64    0.6779    43.3856    116.229900046    0.0    0
120    1563431796.22    1563431912.24    116.023999929    64    0.0234    1.4976    116.047399929    0.0    0
121    1563431796.4    1563431912.73    116.33100009    4    1.1283    4.5132    117.45930009    0.0    0
122    1563431796.41    1563431912.73    116.32400012    64    0.0055    0.352    116.32950012    0.0    0
123    1563431796.61    1563431913.07    116.462000132    16    0.7616    12.1856    117.223600132    0.0    0
124    1563431797.18    1563431913.09    115.913000107    4    0.0832    0.3328    115.996200107    0.0    0
125    1563431797.19    1563431913.1    115.909999847    256    0.0057    1.4592    115.915699847    0.0    0
126    1563431797.2    1563431919.34    122.133999825    16    0.7616    12.1856    122.895599825    0.0    0
127    1563431797.53    1563431919.41    121.884000063    64    0.4167    26.6688    122.300700063    0.0    0
128    1563431797.7    1563431919.99    122.289999962    16    0.8805    14.088    123.170499962    0.0    0
129    1563431797.81    1563431920.05    122.233999968    256    0.6189    158.4384    122.852899968    0.0    0
130    1563431798.21    1563431928.32    130.105000019    64    0.4167    26.6688    130.521700019    0.0    0
131    1563431798.58    1563431928.85    130.270999908    16    0.4243    6.7888    130.695299908    0.0    0
132    1563431798.79    1563431928.89    130.105000019    64    0.1855    11.872    130.290500019    0.0    0
133    1563431799.57    1563431929.45    129.88499999    4    0.0059    0.0236    129.89089999    0.0    0
134    1563431799.74    1563431929.46    129.715000153    64    0.0055    0.352    129.720500153    0.0    0
135    1563431799.89    1563431929.94    130.046000004    4    0.0522    0.2088    130.098200004    0.0    0
136    1563431799.91    1563431929.95    130.040999889    16    0.0297    0.4752    130.070699889    0.0    0
137    1563431799.97    1563431930.0    130.024000168    64    0.6779    43.3856    130.701900168    0.0    0
138    1563431800.14    1563431930.45    130.31099987    16    0.8805    14.088    131.19149987    0.0    0
139    1563431800.22    1563431930.47    130.25    16    0.7616    12.1856    131.0116    0.0    0
140    1563431800.49    1563431930.51    130.025000095    256    0.4221    108.0576    130.447100095    0.0    0
141    1563431800.78    1563431941.82    141.038000107    64    0.0234    1.4976    141.061400107    0.0    0
142    1563431801.03    1563431942.86    141.835999966    16    0.0297    0.4752    141.865699966    0.0    0
143    1563431801.04    1563431942.94    141.899999857    64    0.4167    26.6688    142.316699857    0.0    0
144    1563431801.04    1563431943.82    142.779999971    4    0.5956    2.3824    143.375599971    0.0    0
145    1563431801.33    1563431943.83    142.498999834    16    0.8805    14.088    143.379499834    0.0    0
146    1563431801.51    1563431943.88    142.370000124    64    0.9446    60.4544    143.314600124    0.0    0
147    1563431801.6    1563431944.53    142.928000212    4    0.0284    0.1136    142.956400212    0.0    0
148    1563431801.64    1563431944.53    142.893999815    64    0.9446    60.4544    143.838599815    0.0    0
149    1563431801.91    1563431945.37    143.460999966    256    0.4221    108.0576    143.883099966    0.0    0
150    1563431801.93    1563431954.91    152.980999947    64    0.0234    1.4976    153.004399947    0.0    0
151    1563431802.04    1563431955.35    153.309000015    16    0.0429    0.6864    153.351900015    0.0    0
152    1563431802.12    1563431955.37    153.250999928    4    0.0832    0.3328    153.334199928    0.0    0
153    1563431802.27    1563431955.38    153.114000082    64    0.6779    43.3856    153.791900082    0.0    0
154    1563431802.93    1563431955.91    152.984999895    256    0.6189    158.4384    153.603899895    0.0    0
155    1563431803.19    1563431963.69    160.506999969    16    0.0297    0.4752    160.536699969    0.0    0
156    1563431803.37    1563431963.72    160.350000143    16    0.8805    14.088    161.230500143    0.0    0
157    1563431803.7    1563431963.74    160.042000055    4    0.5956    2.3824    160.637600055    0.0    0
158    1563431803.8    1563431963.74    159.941999912    64    0.0234    1.4976    159.965399912    0.0    0
159    1563431803.99    1563431964.19    160.205999851    256    0.8    204.8    161.005999851    0.0    0
160    1563431804.02    1563431971.81    167.790999889    16    0.0297    0.4752    167.820699889    0.0    0
161    1563431804.17    1563431971.83    167.6650002    4    0.0832    0.3328    167.7482002    0.0    0
162    1563431804.4    1563431971.83    167.429000139    64    0.4167    26.6688    167.845700139    0.0    0
163    1563431804.44    1563431972.32    167.884000063    16    0.0285    0.456    167.912500063    0.0    0
164    1563431804.66    1563431972.35    167.691999912    16    0.0098    0.1568    167.701799912    0.0    0
165    1563431804.66    1563431972.38    167.720999956    4    0.6452    2.5808    168.366199956    0.0    0
166    1563431804.72    1563431972.39    167.664999962    64    0.9446    60.4544    168.609599962    0.0    0
167    1563431805.02    1563431972.83    167.810000181    4    0.0059    0.0236    167.815900181    0.0    0
168    1563431805.07    1563431972.83    167.762000084    4    0.0059    0.0236    167.767900084    0.0    0
169    1563431805.69    1563431972.83    167.145000219    16    0.7616    12.1856    167.906600219    0.0    0
170    1563431805.82    1563431972.86    167.039999962    64    0.1855    11.872    167.225499962    0.0    0
171    1563431805.86    1563431973.38    167.51699996    256    0.7528    192.7168    168.26979996    0.0    0
172    1563431806.35    1563431980.2    173.848999977    16    0.0297    0.4752    173.878699977    0.0    0
173    1563431806.44    1563431980.22    173.780999899    4    0.0059    0.0236    173.786899899    0.0    0
174    1563431806.58    1563431980.23    173.64199996    16    0.7616    12.1856    174.40359996    0.0    0
175    1563431807.03    1563431980.26    173.229000092    16    0.4243    6.7888    173.653300092    0.0    0
176    1563431807.17    1563431980.29    173.120000124    4    0.0832    0.3328    173.203200124    0.0    0
177    1563431807.38    1563431980.3    172.924000025    256    0.0177    4.5312    172.941700025    0.0    0
178    1563431807.4    1563431987.97    180.570999861    256    0.0057    1.4592    180.576699861    0.0    0
179    1563431807.43    1563431995.27    187.835000038    16    0.0098    0.1568    187.844800038    0.0    0
180    1563431807.57    1563431995.31    187.74000001    4    0.0522    0.2088    187.79220001    0.0    0
181    1563431808.1    1563431995.32    187.213000059    4    1.1283    4.5132    188.341300059    0.0    0
182    1563431808.39    1563431995.32    186.921999931    4    0.6452    2.5808    187.567199931    0.0    0
183    1563431808.84    1563431995.32    186.484999895    4    0.6452    2.5808    187.130199895    0.0    0
184    1563431809.62    1563431995.33    185.707999945    64    0.0125    0.8    185.720499945    0.0    0
185    1563431809.81    1563431995.69    185.880999804    256    0.7528    192.7168    186.633799804    0.0    0
186    1563431810.05    1563432002.8    192.755999804    256    0.0057    1.4592    192.761699804    0.0    0
187    1563431810.22    1563432010.47    200.246000051    64    0.6779    43.3856    200.923900051    0.0    0
188    1563431810.26    1563432010.99    200.736999989    256    0.0057    1.4592    200.742699989    0.0    0
189    1563431810.26    1563432019.02    208.761999846    64    0.4167    26.6688    209.178699846    0.0    0
190    1563431810.55    1563432019.51    208.963000059    256    0.0057    1.4592    208.968700059    0.0    0
191    1563431810.98    1563432027.65    216.671000004    256    0.0177    4.5312    216.688700004    0.0    0
192    1563431810.98    1563432035.98    225.003999949    256    0.7528    192.7168    225.756799949    0.0    0
193    1563431810.99    1563432045.05    234.053000212    64    0.0055    0.352    234.058500212    0.0    0
194    1563431811.15    1563432045.57    234.417999983    64    0.9446    60.4544    235.362599983    0.0    0
195    1563431811.44    1563432046.05    234.603000164    256    0.6189    158.4384    235.221900164    0.0    0
196    1563431811.6    1563432054.29    242.690000057    64    0.6779    43.3856    243.367900057    0.0    0
197    1563431811.68    1563432054.74    243.059999943    64    0.4167    26.6688    243.476699943    0.0    0
198    1563431812.42    1563432055.32    242.904999971    64    0.6779    43.3856    243.582899971    0.0    0
199    1563431812.55    1563432055.92    243.368999958    256    0.0177    4.5312    243.386699958    0.0    0
200    1563431812.75    1563432063.41    250.654000044    64    0.0234    1.4976    250.677400044    0.0    0
201    1563431812.9    1563432063.85    250.947000027    64    0.0125    0.8    250.959500027    0.0    0
202    1563431812.93    1563432064.26    251.328999996    64    0.6779    43.3856    252.006899996    0.0    0
203    1563431812.93    1563432064.68    251.752000093    256    0.6189    158.4384    252.370900093    0.0    0
204    1563431813.06    1563432072.67    259.612999916    64    0.6779    43.3856    260.290899916    0.0    0
205    1563431813.12    1563432073.06    259.936000109    16    0.0429    0.6864    259.978900109    0.0    0
206    1563431813.44    1563432073.08    259.644000053    16    0.8805    14.088    260.524500053    0.0    0
207    1563431813.86    1563432073.11    259.246000051    64    0.6779    43.3856    259.923900051    0.0    0
208    1563431814.54    1563432073.54    259.007999897    4    0.0059    0.0236    259.013899897    0.0    0
209    1563431814.56    1563432073.55    258.986999989    16    0.0098    0.1568    258.996799989    0.0    0
210    1563431814.6    1563432073.58    258.982000113    64    0.4167    26.6688    259.398700113    0.0    0
211    1563431814.61    1563432074.08    259.471999884    16    0.7616    12.1856    260.233599884    0.0    0
212    1563431814.65    1563432074.1    259.447000027    16    0.0297    0.4752    259.476700027    0.0    0
213    1563431814.7    1563432074.14    259.441999912    4    0.6452    2.5808    260.087199912    0.0    0
214    1563431814.79    1563432074.15    259.358999968    256    0.0177    4.5312    259.376699968    0.0    0
215    1563431814.96    1563432083.22    268.261999846    256    0.0057    1.4592    268.267699846    0.0    0
216    1563431815.15    1563432091.71    276.562999964    64    0.4167    26.6688    276.979699964    0.0    0
217    1563431815.16    1563432092.31    277.148000002    256    0.0057    1.4592    277.153700002    0.0    0
218    1563431815.99    1563432101.56    285.566999912    64    0.1855    11.872    285.752499912    0.0    0
219    1563431816.03    1563432102.02    285.986999989    4    0.0832    0.3328    286.070199989    0.0    0
220    1563431816.24    1563432102.02    285.779999971    4    1.1283    4.5132    286.908299971    0.0    0
221    1563431816.31    1563432102.02    285.717000008    16    0.0429    0.6864    285.759900008    0.0    0
222    1563431816.42    1563432102.06    285.638000011    4    0.0832    0.3328    285.721200011    0.0    0
223    1563431816.43    1563432102.08    285.647000074    256    0.6189    158.4384    286.265900074    0.0    0
224    1563431816.48    1563432110.45    293.967000008    64    0.4167    26.6688    294.383700008    0.0    0
225    1563431816.49    1563432110.85    294.359999895    4    0.6452    2.5808    295.005199895    0.0    0
226    1563431816.49    1563432110.85    294.359999895    4    0.0284    0.1136    294.388399895    0.0    0
227    1563431816.68    1563432110.85    294.16899991    16    0.0297    0.4752    294.19869991    0.0    0
228    1563431817.03    1563432110.9    293.862999916    256    0.7528    192.7168    294.615799916    0.0    0
229    1563431817.07    1563432118.92    301.845999956    4    0.0059    0.0236    301.851899956    0.0    0
230    1563431817.13    1563432118.94    301.808000088    256    0.7528    192.7168    302.560800088    0.0    0
231    1563431817.54    1563432126.38    308.840999842    256    0.0057    1.4592    308.846699842    0.0    0
232    1563431817.78    1563432134.02    316.237999916    64    0.0125    0.8    316.250499916    0.0    0
233    1563431818.07    1563432134.48    316.419999838    256    0.7528    192.7168    317.172799838    0.0    0
234    1563431818.09    1563432142.42    324.325999975    256    0.0057    1.4592    324.331699975    0.0    0
235    1563431818.1    1563432150.11    332.006000042    256    0.6189    158.4384    332.624900042    0.0    0
236    1563431818.29    1563432157.79    339.499000072    4    0.6452    2.5808    340.144200072    0.0    0
237    1563431818.52    1563432157.8    339.275000095    16    0.0285    0.456    339.303500095    0.0    0
238    1563431818.74    1563432157.83    339.088999987    256    0.8    204.8    339.888999987    0.0    0
239    1563431818.95    1563432166.18    347.235999823    4    0.5956    2.3824    347.831599823    0.0    0
240    1563431819.04    1563432166.19    347.146000147    64    0.4167    26.6688    347.562700147    0.0    0
241    1563431819.12    1563432166.68    347.562999964    256    0.0177    4.5312    347.580699964    0.0    0
242    1563431819.19    1563432175.75    356.562000036    64    0.1855    11.872    356.747500036    0.0    0
243    1563431819.25    1563432176.23    356.974999905    4    0.6452    2.5808    357.620199905    0.0    0
244    1563431819.68    1563432176.24    356.558000088    256    0.6189    158.4384    357.176900088    0.0    0
245    1563431819.69    1563432183.14    363.447000027    256    0.7528    192.7168    364.199800027    0.0    0
246    1563431819.72    1563432190.06    370.330000162    4    1.1283    4.5132    371.458300162    0.0    0
247    1563431819.89    1563432190.06    370.16899991    4    0.5956    2.3824    370.76459991    0.0    0
248    1563431819.93    1563432190.06    370.131999969    16    0.0098    0.1568    370.141799969    0.0    0
249    1563431820.34    1563432190.09    369.750999928    16    0.7616    12.1856    370.512599928    0.0    0
250    1563431820.54    1563432190.11    369.57400012    64    0.0055    0.352    369.57950012    0.0    0
251    1563431820.6    1563432190.45    369.847000122    4    0.0059    0.0236    369.852900122    0.0    0
252    1563431820.84    1563432190.45    369.61500001    16    0.0285    0.456    369.64350001    0.0    0
253    1563431821.01    1563432190.47    369.467999935    64    0.0234    1.4976    369.491399935    0.0    0
254    1563431821.06    1563432190.84    369.777999878    4    0.0284    0.1136    369.806399878    0.0    0
255    1563431821.32    1563432190.84    369.524999857    16    0.4243    6.7888    369.949299857    0.0    0
256    1563431821.37    1563432190.88    369.514000177    256    0.0057    1.4592    369.519700177    0.0    0
257    1563431821.97    1563432198.96    376.993000031    64    0.4167    26.6688    377.409700031    0.0    0
258    1563431822.04    1563432199.42    377.381000042    4    0.0059    0.0236    377.386900042    0.0    0
259    1563431822.14    1563432199.43    377.286000013    4    0.0284    0.1136    377.314400013    0.0    0
260    1563431822.28    1563432199.43    377.150000095    4    0.5956    2.3824    377.745600095    0.0    0
261    1563431822.35    1563432199.45    377.101999998    256    0.8    204.8    377.901999998    0.0    0
262    1563431822.65    1563432207.45    384.796000004    4    0.0059    0.0236    384.801900004    0.0    0
263    1563431822.96    1563432207.45    384.492999792    64    0.4167    26.6688    384.909699792    0.0    0
264    1563431823.23    1563432207.91    384.673000097    16    0.0297    0.4752    384.702700097    0.0    0
265    1563431823.54    1563432207.93    384.396999836    64    0.9446    60.4544    385.341599836    0.0    0
266    1563431823.99    1563432208.36    384.369999886    16    0.0098    0.1568    384.379799886    0.0    0
267    1563431824.19    1563432208.4    384.210000038    256    0.8    204.8    385.010000038    0.0    0
268    1563431824.29    1563432217.05    392.756000042    4    1.1283    4.5132    393.884300042    0.0    0
269    1563431824.69    1563432217.05    392.362000227    64    0.6779    43.3856    393.039900227    0.0    0
270    1563431824.84    1563432217.54    392.693000078    16    0.0429    0.6864    392.735900078    0.0    0
271    1563431825.09    1563432217.56    392.47300005    16    0.0429    0.6864    392.51590005    0.0    0
272    1563431825.35    1563432217.59    392.239000082    16    0.0429    0.6864    392.281900082    0.0    0
273    1563431825.65    1563432217.62    391.970999956    64    0.0234    1.4976    391.994399956    0.0    0
274    1563431825.74    1563432218.12    392.382999897    4    1.1283    4.5132    393.511299897    0.0    0
275    1563431825.81    1563432218.12    392.316999912    16    0.0285    0.456    392.345499912    0.0    0
276    1563431825.98    1563432218.17    392.183999777    16    0.0098    0.1568    392.193799777    0.0    0
277    1563431826.11    1563432218.25    392.141000032    256    0.4221    108.0576    392.563100032    0.0    0
278    1563431826.24    1563432227.18    400.939999819    4    1.1283    4.5132    402.068299819    0.0    0
279    1563431826.46    1563432227.18    400.727999926    16    0.4243    6.7888    401.152299926    0.0    0
280    1563431826.62    1563432227.22    400.595000029    16    0.4243    6.7888    401.019300029    0.0    0
281    1563431826.76    1563432227.25    400.486999989    4    0.0832    0.3328    400.570199989    0.0    0
282    1563431827.02    1563432227.27    400.252999783    256    0.6189    158.4384    400.871899783    0.0    0
283    1563431827.08    1563432235.49    408.405999899    16    0.0297    0.4752    408.435699899    0.0    0
284    1563431827.58    1563432235.53    407.943000078    256    0.6189    158.4384    408.561900078    0.0    0
285    1563431827.6    1563432244.0    416.407000065    256    0.7528    192.7168    417.159800065    0.0    0
286    1563431827.6    1563432251.94    424.335999966    4    0.0059    0.0236    424.341899966    0.0    0
287    1563431827.92    1563432251.95    424.036999941    256    0.4221    108.0576    424.459099941    0.0    0
288    1563431828.22    1563432259.76    431.536000013    16    0.0098    0.1568    431.545800013    0.0    0
289    1563431828.53    1563432259.8    431.268000126    256    0.4221    108.0576    431.690100126    0.0    0
290    1563431828.58    1563432268.14    439.556999922    16    0.7616    12.1856    440.318599922    0.0    0
291    1563431829.15    1563432268.17    439.019999981    64    0.4167    26.6688    439.436699981    0.0    0
292    1563431829.2    1563432268.62    439.417999983    64    0.0234    1.4976    439.441399983    0.0    0
293    1563431829.45    1563432269.13    439.682999849    64    0.1855    11.872    439.868499849    0.0    0
294    1563431829.46    1563432269.59    440.133000135    64    0.0234    1.4976    440.156400135    0.0    0
295    1563431829.83    1563432270.07    440.24000001    4    0.0522    0.2088    440.29220001    0.0    0
296    1563431830.07    1563432270.08    440.00999999    64    0.0125    0.8    440.02249999    0.0    0
297    1563431830.17    1563432270.55    440.38499999    4    0.0284    0.1136    440.41339999    0.0    0
298    1563431830.33    1563432270.58    440.25    256    0.7528    192.7168    441.0028    0.0    0
299    1563431830.35    1563432279.49    449.138999939    16    0.0285    0.456    449.167499939    0.0    0
300    1563431830.5    1563432279.52    449.019000053    16    0.4243    6.7888    449.443300053    0.0    0
301    1563431830.6    1563432279.54    448.940999985    64    0.0055    0.352    448.946499985    0.0    0
302    1563431830.78    1563432279.94    449.165999889    4    0.0059    0.0236    449.171899889    0.0    0
303    1563431830.94    1563432279.97    449.026000023    256    0.8    204.8    449.826000023    0.0    0
304    1563431830.96    1563432287.85    456.886000156    4    1.1283    4.5132    458.014300156    0.0    0
305    1563431831.02    1563432287.85    456.830000162    64    0.0055    0.352    456.835500162    0.0    0
306    1563431831.15    1563432288.32    457.164000034    4    0.0059    0.0236    457.169900034    0.0    0
307    1563431831.23    1563432288.32    457.092000008    4    0.5956    2.3824    457.687600008    0.0    0
308    1563431831.53    1563432288.33    456.803999901    16    0.7616    12.1856    457.565599901    0.0    0
309    1563431831.84    1563432288.36    456.525000095    4    0.0832    0.3328    456.608200095    0.0    0
310    1563431832.51    1563432288.37    455.858999968    4    0.6452    2.5808    456.504199968    0.0    0
311    1563431832.68    1563432288.37    455.694000006    64    0.0055    0.352    455.699500006    0.0    0
312    1563431832.69    1563432288.91    456.213999987    4    0.0284    0.1136    456.242399987    0.0    0
313    1563431833.33    1563432288.93    455.605000019    256    0.7528    192.7168    456.357800019    0.0    0
314    1563431834.22    1563432297.83    463.614000082    16    0.4243    6.7888    464.038300082    0.0    0
315    1563431834.93    1563432297.87    462.947999954    256    0.0057    1.4592    462.953699954    0.0    0
316    1563431835.07    1563432306.3    471.237999916    256    0.0177    4.5312    471.255699916    0.0    0
317    1563431835.29    1563432313.68    478.393000126    64    0.1855    11.872    478.578500126    0.0    0
318    1563431835.58    1563432314.1    478.513000011    16    0.8805    14.088    479.393500011    0.0    0
319    1563431835.79    1563432314.12    478.328999996    64    0.4167    26.6688    478.745699996    0.0    0
320    1563431835.99    1563432314.45    478.465999842    4    0.5956    2.3824    479.061599842    0.0    0
321    1563431836.31    1563432314.47    478.157999992    256    0.8    204.8    478.957999992    0.0    0
322    1563431836.39    1563432321.54    485.152999878    4    0.6452    2.5808    485.798199878    0.0    0
323    1563431836.44    1563432321.56    485.117000103    256    0.4221    108.0576    485.539100103    0.0    0
324    1563431836.65    1563432329.24    492.590000153    16    0.0297    0.4752    492.619700153    0.0    0
325    1563431838.57    1563432329.26    490.697999954    4    0.0832    0.3328    490.781199954    0.0    0
326    1563431838.67    1563432329.27    490.592999935    16    0.7616    12.1856    491.354599935    0.0    0
327    1563431838.88    1563432329.29    490.413000107    4    0.0059    0.0236    490.418900107    0.0    0
328    1563431839.09    1563432329.29    490.202000141    16    0.0297    0.4752    490.231700141    0.0    0
329    1563431839.55    1563432329.33    489.788000107    256    0.4221    108.0576    490.210100107    0.0    0
330    1563431840.05    1563432336.75    496.700000048    4    0.0832    0.3328    496.783200048    0.0    0
331    1563431840.95    1563432336.75    495.799000025    64    0.4167    26.6688    496.215700025    0.0    0
332    1563431841.06    1563432337.21    496.154000044    64    0.1855    11.872    496.339500044    0.0    0
333    1563431841.29    1563432337.62    496.332000017    16    0.0429    0.6864    496.374900017    0.0    0
334    1563431841.8    1563432337.65    495.854000092    4    0.6452    2.5808    496.499200092    0.0    0
335    1563431841.83    1563432337.66    495.824999809    64    0.4167    26.6688    496.241699809    0.0    0
336    1563431841.88    1563432338.14    496.267999887    256    0.0057    1.4592    496.273699887    0.0    0
337    1563431842.02    1563432346.0    503.985000134    4    0.0832    0.3328    504.068200134    0.0    0
338    1563431842.5    1563432346.01    503.503000021    64    0.0055    0.352    503.508500021    0.0    0
339    1563431842.67    1563432346.48    503.809000015    256    0.0057    1.4592    503.814700015    0.0    0
340    1563431842.86    1563432354.32    511.464999914    64    0.0125    0.8    511.477499914    0.0    0
341    1563431843.09    1563432354.82    511.731999874    4    0.0522    0.2088    511.784199874    0.0    0
342    1563431843.17    1563432354.84    511.662999868    256    0.4221    108.0576    512.085099868    0.0    0
343    1563431843.19    1563432362.87    519.684000015    256    0.8    204.8    520.484000015    0.0    0
344    1563431843.32    1563432370.57    527.250999928    64    0.1855    11.872    527.436499928    0.0    0
345    1563431843.75    1563432370.99    527.247999907    256    0.7528    192.7168    528.000799907    0.0    0
346    1563431843.83    1563432378.87    535.036999941    4    0.0284    0.1136    535.065399941    0.0    0
347    1563431844.48    1563432378.87    534.388000011    4    0.0059    0.0236    534.393900011    0.0    0
348    1563431844.55    1563432378.89    534.342000008    256    0.0177    4.5312    534.359700008    0.0    0
349    1563431844.73    1563432386.98    542.25    64    0.0055    0.352    542.2555    0.0    0
350    1563431844.95    1563432387.45    542.499000072    256    0.0057    1.4592    542.504700072    0.0    0
351    1563431845.05    1563432394.25    549.203999996    4    0.0284    0.1136    549.232399996    0.0    0
352    1563431845.11    1563432394.28    549.170000076    256    0.8    204.8    549.970000076    0.0    0
353    1563431845.57    1563432401.21    555.648000002    16    0.8805    14.088    556.528500002    0.0    0
354    1563431845.8    1563432401.24    555.436000109    4    0.6452    2.5808    556.081200109    0.0    0
355    1563431845.84    1563432401.24    555.40199995    16    0.4243    6.7888    555.82629995    0.0    0
356    1563431846.36    1563432401.27    554.910000086    16    0.7616    12.1856    555.671600086    0.0    0
357    1563431846.37    1563432401.29    554.924000025    4    1.1283    4.5132    556.052300025    0.0    0
358    1563431846.59    1563432401.29    554.701999903    4    0.0522    0.2088    554.754199903    0.0    0
359    1563431846.61    1563432401.3    554.690999985    16    0.8805    14.088    555.571499985    0.0    0
360    1563431846.74    1563432401.33    554.588000059    256    0.7528    192.7168    555.340800059    0.0    0
361    1563431847.03    1563432407.79    560.758000135    4    0.0059    0.0236    560.763900135    0.0    0
362    1563431847.4    1563432407.81    560.404999971    256    0.4221    108.0576    560.827099971    0.0    0
363    1563431847.72    1563432412.68    564.953000069    4    0.5956    2.3824    565.548600069    0.0    0
364    1563431847.79    1563432412.68    564.89199996    4    0.0059    0.0236    564.89789996    0.0    0
365    1563431847.94    1563432412.68    564.739000082    16    0.7616    12.1856    565.500600082    0.0    0
366    1563431848.48    1563432412.71    564.224999905    256    0.8    204.8    565.024999905    0.0    0
367    1563431848.7    1563432417.44    568.736999989    16    0.8805    14.088    569.617499989    0.0    0
368    1563431848.71    1563432417.45    568.740999937    64    0.6779    43.3856    569.418899937    0.0    0
369    1563431849.04    1563432417.68    568.634000063    4    0.6452    2.5808    569.279200063    0.0    0
370    1563431849.2    1563432417.69    568.481000185    256    0.6189    158.4384    569.099900185    0.0    0
371    1563431849.47    1563432421.92    572.453000069    16    0.0098    0.1568    572.462800069    0.0    0
372    1563431849.59    1563432421.96    572.363999844    256    0.6189    158.4384    572.982899844    0.0    0
373    1563431849.81    1563432426.45    576.643000126    64    0.0125    0.8    576.655500126    0.0    0
374    1563431851.14    1563432426.68    575.542999983    4    0.0832    0.3328    575.626199983    0.0    0
375    1563431851.41    1563432426.69    575.276000023    64    0.9446    60.4544    576.220600023    0.0    0
376    1563431851.79    1563432426.93    575.138000011    256    0.6189    158.4384    575.756900011    0.0    0
377    1563431851.91    1563432431.06    579.143000126    4    0.6452    2.5808    579.788200126    0.0    0
378    1563431852.6    1563432431.06    578.462000132    16    0.0098    0.1568    578.471800132    0.0    0
379    1563431852.87    1563432431.07    578.19900012    4    0.0832    0.3328    578.28220012    0.0    0
380    1563431853.43    1563432431.08    577.648999929    256    0.0057    1.4592    577.654699929    0.0    0
381    1563431853.56    1563432435.5    581.940999985    16    0.7616    12.1856    582.702599985    0.0    0
382    1563431853.65    1563432435.53    581.878999949    4    0.0832    0.3328    581.962199949    0.0    0
383    1563431853.68    1563432435.53    581.846999884    64    0.6779    43.3856    582.524899884    0.0    0
384    1563431853.69    1563432435.79    582.095000029    64    0.1855    11.872    582.280500029    0.0    0
385    1563431853.75    1563432436.02    582.269999981    16    0.0297    0.4752    582.299699981    0.0    0
386    1563431854.0    1563432436.04    582.039999962    64    0.0055    0.352    582.045499962    0.0    0
387    1563431854.1    1563432436.28    582.184000015    4    0.0284    0.1136    582.212400015    0.0    0
388    1563431854.14    1563432436.3    582.157000065    256    0.7528    192.7168    582.909800065    0.0    0
389    1563431854.29    1563432440.77    586.478000164    4    0.5956    2.3824    587.073600164    0.0    0
390    1563431854.35    1563432440.77    586.427000046    64    0.0234    1.4976    586.450400046    0.0    0
391    1563431854.53    1563432441.03    586.502000093    256    0.0057    1.4592    586.507700093    0.0    0
392    1563431855.13    1563432445.48    590.355999947    256    0.7528    192.7168    591.108799947    0.0    0
393    1563431855.56    1563432449.71    594.154999971    4    1.1283    4.5132    595.283299971    0.0    0
394    1563431855.66    1563432449.71    594.051999807    4    1.1283    4.5132    595.180299807    0.0    0
395    1563431855.77    1563432449.71    593.940000057    16    0.4243    6.7888    594.364300057    0.0    0
396    1563431855.8    1563432449.73    593.936999798    256    0.6189    158.4384    594.555899798    0.0    0
397    1563431855.88    1563432454.1    598.220000029    16    0.4243    6.7888    598.644300029    0.0    0
398    1563431856.03    1563432454.12    598.090999842    16    0.7616    12.1856    598.852599842    0.0    0
399    1563431856.12    1563432454.15    598.023000002    64    0.1855    11.872    598.208500002    0.0    0
400    1563431856.64    1563432454.38    597.744999886    4    1.1283    4.5132    598.873299886    0.0    0
401    1563431856.65    1563432454.38    597.738000154    16    0.0429    0.6864    597.780900154    0.0    0
402    1563431856.76    1563432454.4    597.638000011    64    0.1855    11.872    597.823500011    0.0    0
403    1563431856.78    1563432454.64    597.861999989    64    0.4167    26.6688    598.278699989    0.0    0
404    1563431856.85    1563432454.9    598.053999901    16    0.8805    14.088    598.934499901    0.0    0
405    1563431856.89    1563432454.92    598.031999826    4    0.0832    0.3328    598.115199826    0.0    0
406    1563431856.92    1563432454.92    598.006000042    64    0.0055    0.352    598.011500042    0.0    0
407    1563431857.04    1563432455.17    598.134000063    4    0.0284    0.1136    598.162400063    0.0    0
408    1563431857.11    1563432455.18    598.072999954    64    0.9446    60.4544    599.017599954    0.0    0
409    1563431857.14    1563432455.45    598.309000015    256    0.0177    4.5312    598.326700015    0.0    0
410    1563431857.32    1563432459.99    602.674000025    256    0.0177    4.5312    602.691700025    0.0    0
411    1563431857.48    1563432464.45    606.96600008    256    0.6189    158.4384    607.58490008    0.0    0
412    1563431857.62    1563432468.95    611.329999924    16    0.0098    0.1568    611.339799924    0.0    0
413    1563431857.85    1563432468.97    611.122000217    4    1.1283    4.5132    612.250300217    0.0    0
414    1563431857.9    1563432468.97    611.075000048    4    0.5956    2.3824    611.670600048    0.0    0
415    1563431858.13    1563432468.97    610.840000153    4    0.5956    2.3824    611.435600153    0.0    0
416    1563431858.3    1563432468.97    610.677999973    4    0.0284    0.1136    610.706399973    0.0    0
417    1563431858.34    1563432468.98    610.640000105    4    0.0059    0.0236    610.645900105    0.0    0
418    1563431858.46    1563432468.98    610.525000095    64    0.0055    0.352    610.530500095    0.0    0
419    1563431858.56    1563432469.27    610.705999851    4    0.6452    2.5808    611.351199851    0.0    0
420    1563431858.76    1563432469.27    610.515999794    64    0.0055    0.352    610.521499794    0.0    0
421    1563431858.9    1563432469.54    610.635999918    256    0.7528    192.7168    611.388799918    0.0    0
422    1563431858.98    1563432474.03    615.048000097    16    0.0429    0.6864    615.090900097    0.0    0
423    1563431859.37    1563432474.04    614.672999859    16    0.7616    12.1856    615.434599859    0.0    0
424    1563431859.52    1563432474.06    614.538000107    64    0.6779    43.3856    615.215900107    0.0    0
425    1563431859.88    1563432474.31    614.434999943    64    0.0055    0.352    614.440499943    0.0    0
426    1563431860.04    1563432474.56    614.519999981    16    0.0285    0.456    614.548499981    0.0    0
427    1563431860.31    1563432474.58    614.273999929    64    0.0055    0.352    614.279499929    0.0    0
428    1563431860.67    1563432474.84    614.170000076    256    0.0177    4.5312    614.187700076    0.0    0
429    1563431860.86    1563432479.38    618.517000198    256    0.0057    1.4592    618.522700198    0.0    0
430    1563431860.96    1563432483.86    622.899999857    256    0.0177    4.5312    622.917699857    0.0    0
431    1563431861.21    1563432488.26    627.049999952    64    0.1855    11.872    627.235499952    0.0    0
432    1563431861.23    1563432488.51    627.276000023    16    0.0098    0.1568    627.285800023    0.0    0
433    1563431861.44    1563432488.53    627.088999987    256    0.8    204.8    627.888999987    0.0    0
434    1563431861.5    1563432493.03    631.535000086    16    0.0098    0.1568    631.544800086    0.0    0
435    1563431861.51    1563432493.05    631.539000034    64    0.9446    60.4544    632.483600034    0.0    0
436    1563431861.54    1563432493.27    631.731999874    4    0.0059    0.0236    631.737899874    0.0    0
437    1563431861.57    1563432493.28    631.703000069    4    0.5956    2.3824    632.298600069    0.0    0
438    1563431861.6    1563432493.29    631.685000181    256    0.7528    192.7168    632.437800181    0.0    0
439    1563431861.83    1563432497.63    635.799999952    64    0.0055    0.352    635.805499952    0.0    0
440    1563431862.06    1563432497.89    635.829999924    64    0.4167    26.6688    636.246699924    0.0    0
441    1563431862.2    1563432498.13    635.926000118    16    0.4243    6.7888    636.350300118    0.0    0
442    1563431862.28    1563432498.14    635.861999989    64    0.9446    60.4544    636.806599989    0.0    0
443    1563431862.4    1563432498.42    636.014999866    256    0.0057    1.4592    636.020699866    0.0    0
444    1563431862.45    1563432503.23    640.777000189    16    0.8805    14.088    641.657500189    0.0    0
445    1563431862.53    1563432503.26    640.726999998    4    1.1283    4.5132    641.855299998    0.0    0
446    1563431863.19    1563432503.26    640.071999788    4    0.0832    0.3328    640.155199788    0.0    0
447    1563431863.71    1563432503.26    639.548000097    16    0.0297    0.4752    639.577700097    0.0    0
448    1563431863.81    1563432503.28    639.477999926    256    0.6189    158.4384    640.096899926    0.0    0
449    1563431863.88    1563432507.74    643.866000175    256    0.7528    192.7168    644.618800175    0.0    0
450    1563431864.39    1563432512.29    647.895999908    4    0.0832    0.3328    647.979199908    0.0    0
451    1563431864.48    1563432512.29    647.81400013    16    0.7616    12.1856    648.57560013    0.0    0
452    1563431864.67    1563432512.31    647.636000156    64    0.0234    1.4976    647.659400156    0.0    0
453    1563431865.02    1563432512.57    647.546999931    4    0.6452    2.5808    648.192199931    0.0    0
454    1563431865.19    1563432512.57    647.384000063    64    0.6779    43.3856    648.061900063    0.0    0
455    1563431865.6    1563432512.82    647.22300005    256    0.8    204.8    648.02300005    0.0    0
456    1563431866.4    1563432517.51    651.111999989    256    0.0057    1.4592    651.117699989    0.0    0
457    1563431866.58    1563432522.09    655.503999949    4    0.0832    0.3328    655.587199949    0.0    0
458    1563431866.72    1563432522.09    655.365999937    4    0.6452    2.5808    656.011199937    0.0    0
459    1563431866.78    1563432522.11    655.327000141    256    0.8    204.8    656.127000141    0.0    0
460    1563431866.9    1563432526.53    659.625    256    0.0177    4.5312    659.6427    0.0    0
461    1563431867.33    1563432531.18    663.85800004    64    0.0055    0.352    663.86350004    0.0    0
462    1563431867.42    1563432531.45    664.032000065    64    0.4167    26.6688    664.448700065    0.0    0
463    1563431867.45    1563432531.7    664.245000124    64    0.4167    26.6688    664.661700124    0.0    0
464    1563431867.54    1563432531.94    664.396999836    256    0.8    204.8    665.196999836    0.0    0
465    1563431867.58    1563432536.67    669.096999884    64    0.1855    11.872    669.282499884    0.0    0
466    1563431868.04    1563432536.94    668.898000002    16    0.0285    0.456    668.926500002    0.0    0
467    1563431868.09    1563432536.96    668.871000051    256    0.0177    4.5312    668.888700051    0.0    0
468    1563431868.13    1563432541.58    673.455000162    256    0.7528    192.7168    674.207800162    0.0    0
469    1563431868.14    1563432546.36    678.217000008    256    0.0057    1.4592    678.222700008    0.0    0
470    1563431868.63    1563432550.83    682.200999975    64    0.4167    26.6688    682.617699975    0.0    0
471    1563431868.8    1563432551.1    682.298000097    64    0.0125    0.8    682.310500097    0.0    0
472    1563431869.21    1563432551.35    682.138000011    4    0.0832    0.3328    682.221200011    0.0    0
473    1563431869.27    1563432551.35    682.078999996    4    0.6452    2.5808    682.724199996    0.0    0
474    1563431869.59    1563432551.35    681.766000032    64    0.0055    0.352    681.771500032    0.0    0
475    1563431869.64    1563432551.61    681.965000153    16    0.0098    0.1568    681.974800153    0.0    0
476    1563431869.73    1563432551.63    681.900000095    64    0.0055    0.352    681.905500095    0.0    0
477    1563431869.85    1563432551.88    682.027000189    256    0.0057    1.4592    682.032700189    0.0    0
478    1563431870.16    1563432556.35    686.182999849    16    0.0429    0.6864    686.225899849    0.0    0
479    1563431870.45    1563432556.37    685.919999838    64    0.0234    1.4976    685.943399838    0.0    0
480    1563431870.65    1563432556.63    685.974999905    4    1.1283    4.5132    687.103299905    0.0    0
481    1563431870.69    1563432556.63    685.940000057    4    0.0832    0.3328    686.023200057    0.0    0
482    1563431871.08    1563432556.64    685.563000202    256    0.8    204.8    686.363000202    0.0    0
483    1563431871.37    1563432561.11    689.748000145    256    0.4221    108.0576    690.170100145    0.0    0
484    1563431871.83    1563432565.55    693.726000071    4    0.0284    0.1136    693.754400071    0.0    0
485    1563431872.37    1563432565.56    693.189999819    16    0.0285    0.456    693.218499819    0.0    0
486    1563431872.45    1563432565.58    693.125    16    0.0285    0.456    693.1535    0.0    0
487    1563431872.51    1563432565.6    693.083999872    64    0.1855    11.872    693.269499872    0.0    0
488    1563431873.19    1563432565.88    692.690000057    16    0.0429    0.6864    692.732900057    0.0    0
489    1563431873.27    1563432565.9    692.625999928    16    0.7616    12.1856    693.387599928    0.0    0
490    1563431873.34    1563432565.92    692.585000038    256    0.8    204.8    693.385000038    0.0    0
491    1563431873.44    1563432570.89    697.454999924    256    0.0177    4.5312    697.472699924    0.0    0
492    1563431873.52    1563432576.07    702.549999952    64    0.6779    43.3856    703.227899952    0.0    0
493    1563431873.81    1563432576.32    702.509000063    4    0.0284    0.1136    702.537400063    0.0    0
494    1563431873.88    1563432576.32    702.437000036    64    0.0055    0.352    702.442500036    0.0    0
495    1563431874.14    1563432576.57    702.429000139    64    0.9446    60.4544    703.373600139    0.0    0
496    1563431874.16    1563432576.81    702.648000002    256    0.0057    1.4592    702.653700002    0.0    0
497    1563431874.32    1563432581.21    706.89199996    4    0.0284    0.1136    706.92039996    0.0    0
498    1563431874.37    1563432581.22    706.851000071    64    0.9446    60.4544    707.795600071    0.0    0
499    1563431874.56    1563432581.47    706.914000034    4    0.0284    0.1136    706.942400034    0.0    0

dispatched jobs are: 500 out of 500
average queue time is: 343.750607998
fso links are used for 0 times
overall utilization is 0.0185739428599
average response time is 344.115458398
average weighted response time is 378.304849909
average slowdown is 552.36295725
cpu_request: 39824, cpu_run: 39824
ssd_request: 19339, ssd_run: 0
gpu_request: 18326, gpu_run: 0
cpu aspl: 0.0
cpu diameter: 0.0
job x: 0.0
job y: 0.0
job z: 0.0
