#timestep  occupied-CPU  total-CPU  utilization  queuingjobs
1    0    1024    0.0    1
2    0    1024    0.0    2
3    0    1024    0.0    3
4    0    1024    0.0    9
5    320    1024    0.3125    11
6    16    1024    0.015625    6
7    0    1024    0.0    11
8    324    1024    0.31640625    7
9    0    1024    0.0    13
10    0    1024    0.0    16
11    0    1024    0.0    19
12    0    1024    0.0    23
13    260    1024    0.25390625    25
14    0    1024    0.0    28
15    64    1024    0.0625    31
16    64    1024    0.0625    33
17    0    1024    0.0    37
18    215    1024    0.2099609375    40
19    0    1024    0.0    46
20    84    1024    0.08203125    41
21    0    1024    0.0    46
22    0    1024    0.0    48
23    0    1024    0.0    49
24    0    1024    0.0    53
25    0    1024    0.0    49
26    0    1024    0.0    51
27    260    1024    0.25390625    50
28    0    1024    0.0    51
29    256    1024    0.25    54
30    0    1024    0.0    58
31    0    1024    0.0    61
32    0    1024    0.0    62
33    0    1024    0.0    65
34    256    1024    0.25    68
35    0    1024    0.0    72
36    263    1024    0.2568359375    69
37    0    1024    0.0    72
38    256    1024    0.25    76
39    8    1024    0.0078125    78
40    0    1024    0.0    83
41    4    1024    0.00390625    83
42    0    1024    0.0    87
43    237    1024    0.2314453125    84
44    0    1024    0.0    89
45    0    1024    0.0    93
46    67    1024    0.0654296875    85
47    0    1024    0.0    88
48    0    1024    0.0    89
49    0    1024    0.0    93
50    256    1024    0.25    95
51    0    1024    0.0    97
52    0    1024    0.0    102
53    11    1024    0.0107421875    99
54    0    1024    0.0    103
55    205    1024    0.2001953125    102
56    0    1024    0.0    104
57    53    1024    0.0517578125    105
58    166    1024    0.162109375    96
59    0    1024    0.0    102
60    9    1024    0.0087890625    106
61    0    1024    0.0    108
62    0    1024    0.0    111
63    0    1024    0.0    112
64    0    1024    0.0    116
65    0    1024    0.0    118
66    0    1024    0.0    122
67    16    1024    0.015625    124
68    0    1024    0.0    126
69    256    1024    0.25    127
70    0    1024    0.0    129
71    272    1024    0.265625    129
72    0    1024    0.0    130
73    256    1024    0.25    133
74    0    1024    0.0    137
75    256    1024    0.25    141
76    0    1024    0.0    144
77    0    1024    0.0    147
78    0    1024    0.0    150
79    0    1024    0.0    153
80    144    1024    0.140625    148
81    0    1024    0.0    152
82    256    1024    0.25    157
83    0    1024    0.0    156
84    0    1024    0.0    159
85    256    1024    0.25    160
86    0    1024    0.0    164
87    272    1024    0.265625    165
88    0    1024    0.0    170
89    256    1024    0.25    170
90    4    1024    0.00390625    167
91    0    1024    0.0    170
92    68    1024    0.06640625    166
93    0    1024    0.0    170
94    215    1024    0.2099609375    171
95    64    1024    0.0625    172
96    0    1024    0.0    176
97    4    1024    0.00390625    175
98    0    1024    0.0    177
99    0    1024    0.0    180
100    0    1024    0.0    182
101    0    1024    0.0    183
102    0    1024    0.0    184
103    28    1024    0.02734375    182
104    0    1024    0.0    188
105    64    1024    0.0625    188
106    0    1024    0.0    188
107    0    1024    0.0    191
108    0    1024    0.0    195
109    0    1024    0.0    198
110    256    1024    0.25    200
111    0    1024    0.0    203
112    272    1024    0.265625    200
113    0    1024    0.0    204
114    400    1024    0.390625    197
115    0    1024    0.0    198
116    0    1024    0.0    200
117    220    1024    0.21484375    201
118    0    1024    0.0    205
119    100    1024    0.09765625    203
120    0    1024    0.0    210
121    320    1024    0.3125    210
122    0    1024    0.0    216
123    0    1024    0.0    218
124    0    1024    0.0    219
125    308    1024    0.30078125    206
126    12    1024    0.01171875    210
127    0    1024    0.0    213
128    8    1024    0.0078125    213
129    0    1024    0.0    216
130    320    1024    0.3125    218
131    0    1024    0.0    221
132    256    1024    0.25    225
133    0    1024    0.0    224
134    0    1024    0.0    228
135    0    1024    0.0    229
136    0    1024    0.0    232
137    0    1024    0.0    233
138    0    1024    0.0    237
139    0    1024    0.0    239
140    0    1024    0.0    241
141    0    1024    0.0    243
142    0    1024    0.0    246
143    256    1024    0.25    247
144    0    1024    0.0    251
145    0    1024    0.0    250
146    0    1024    0.0    255
147    292    1024    0.28515625    251
148    0    1024    0.0    258
149    0    1024    0.0    264
150    0    1024    0.0    269
151    0    1024    0.0    273
152    142    1024    0.138671875    273
153    0    1024    0.0    276
154    0    1024    0.0    277
155    0    1024    0.0    281
156    256    1024    0.25    284
157    0    1024    0.0    284
158    0    1024    0.0    283
159    256    1024    0.25    280
160    0    1024    0.0    280
161    260    1024    0.25390625    277
162    0    1024    0.0    273
163    256    1024    0.25    272
164    132    1024    0.12890625    250
165    0    1024    0.0    250
166    260    1024    0.25390625    248
167    0    1024    0.0    248
168    92    1024    0.08984375    247
169    0    1024    0.0    247
170    0    1024    0.0    245
171    320    1024    0.3125    242
172    120    1024    0.1171875    242
173    20    1024    0.01953125    238
174    0    1024    0.0    233
175    272    1024    0.265625    229
176    0    1024    0.0    229
177    164    1024    0.16015625    219
178    12    1024    0.01171875    211
179    0    1024    0.0    211
180    116    1024    0.11328125    199
181    0    1024    0.0    199
182    0    1024    0.0    195
183    0    1024    0.0    195
184    0    1024    0.0    193
185    0    1024    0.0    190
186    0    1024    0.0    190
187    0    1024    0.0    186
188    256    1024    0.25    185
189    128    1024    0.125    173
190    0    1024    0.0    173
191    328    1024    0.3203125    164
192    0    1024    0.0    159
193    256    1024    0.25    158
194    0    1024    0.0    158
195    187    1024    0.1826171875    157
196    223    1024    0.2177734375    157
197    0    1024    0.0    153
198    256    1024    0.25    150
199    0    1024    0.0    150
200    64    1024    0.0625    147
201    0    1024    0.0    147
202    4    1024    0.00390625    144
203    256    1024    0.25    143
204    30    1024    0.029296875    140
205    256    1024    0.25    139
206    94    1024    0.091796875    134
207    0    1024    0.0    134
208    112    1024    0.109375    120
209    0    1024    0.0    120
210    68    1024    0.06640625    111
211    0    1024    0.0    111
212    256    1024    0.25    110
213    0    1024    0.0    110
214    200    1024    0.1953125    107
215    0    1024    0.0    107
216    0    1024    0.0    106
217    256    1024    0.25    105
218    0    1024    0.0    103
219    0    1024    0.0    102
220    45    1024    0.0439453125    102
221    0    1024    0.0    101
222    260    1024    0.25390625    95
223    0    1024    0.0    93
224    132    1024    0.12890625    87
225    0    1024    0.0    87
226    0    1024    0.0    86
227    320    1024    0.3125    84
228    255    1024    0.2490234375    84
229    256    1024    0.25    83
230    195    1024    0.1904296875    82
231    256    1024    0.25    81
232    0    1024    0.0    81
233    64    1024    0.0625    79
234    193    1024    0.1884765625    78
235    0    1024    0.0    77
236    256    1024    0.25    76
237    0    1024    0.0    74
238    256    1024    0.25    71
239    0    1024    0.0    71
240    4    1024    0.00390625    63
241    0    1024    0.0    63
242    0    1024    0.0    59
243    324    1024    0.31640625    56
244    0    1024    0.0    49
245    256    1024    0.25    48
246    218    1024    0.212890625    45
247    0    1024    0.0    45
248    184    1024    0.1796875    37
249    0    1024    0.0    37
250    5    1024    0.0048828125    34
251    0    1024    0.0    34
252    1    1024    0.0009765625    27
253    256    1024    0.25    26
254    0    1024    0.0    25
255    320    1024    0.3125    22
256    0    1024    0.0    22
257    256    1024    0.25    21
258    0    1024    0.0    21
259    256    1024    0.25    16
260    0    1024    0.0    16
261    0    1024    0.0    10
262    256    1024    0.25    8
263    0    1024    0.0    8
264    256    1024    0.25    7
265    0    1024    0.0    7
266    174    1024    0.169921875    3
267    0    1024    0.0    3
268    0    1024    0.0    2

average cpu utilization is: 0.0747835529384
average ssd utilization is: 0.0687383395522
average gpu utilization is: 0.0693505130597
average utilization is: 0.0709574685168
average queuing jobs are: 135.055970149
maximum queuing jobs are: 284


#job_number  submit  dispatch  queue  cpu#  runtime  weight  response(turnaround)  cpu_aspl  cpu_diameter
0    1562292197.52    1562292201.73    4.21293497086    16    0.7616    12.1856    4.97453497086    0.0    0
1    1562292201.84    1562292201.76    -0.0786111354828    64    0.6779    43.3856    0.599288864517    0.0    0
2    1562292201.95    1562292201.94    -0.0166709423065    16    0.7616    12.1856    0.744929057693    0.0    0
3    1562292202.24    1562292202.23    -0.00135207176208    4    0.0284    0.1136    0.0270479282379    0.0    0
4    1562292202.25    1562292202.25    1.28746032715e-05    64    0.0234    1.4976    0.0234128746033    0.0    0
5    1562292202.71    1562292202.71    0.000135898590088    64    0.1855    11.872    0.18563589859    0.0    0
6    1562292202.87    1562292202.87    0.000100135803223    64    0.6779    43.3856    0.678000135803    0.0    0
7    1562292202.96    1562292203.0    0.0371401309967    64    0.4167    26.6688    0.453840130997    0.0    0
8    1562292203.42    1562292203.42    0.000157833099365    256    0.7528    192.7168    0.752957833099    0.0    0
9    1562292203.55    1562292206.01    2.46166992188    4    0.0832    0.3328    2.54486992188    0.0    0
10    1562292203.58    1562292206.01    2.42730498314    64    0.4167    26.6688    2.84400498314    0.0    0
11    1562292204.09    1562292206.16    2.06585502625    64    0.1855    11.872    2.25135502625    0.0    0
12    1562292204.17    1562292206.32    2.15070104599    16    0.0098    0.1568    2.16050104599    0.0    0
13    1562292204.36    1562292206.33    1.97466278076    64    0.0125    0.8    1.98716278076    0.0    0
14    1562292204.6    1562292206.47    1.8690161705    4    0.6452    2.5808    2.5142161705    0.0    0
15    1562292204.84    1562292206.47    1.63588309288    16    0.0297    0.4752    1.66558309288    0.0    0
16    1562292205.0    1562292206.48    1.48462104797    16    0.8805    14.088    2.36512104797    0.0    0
17    1562292205.49    1562292206.49    1.00238204002    4    0.6452    2.5808    1.64758204002    0.0    0
18    1562292205.67    1562292206.5    0.825623035431    64    0.4167    26.6688    1.24232303543    0.0    0
19    1562292205.82    1562292206.66    0.839056968689    256    0.6189    158.4384    1.45795696869    0.0    0
20    1562292205.92    1562292209.22    3.29614400864    4    0.0832    0.3328    3.37934400864    0.0    0
21    1562292206.01    1562292209.22    3.2069299221    4    0.0832    0.3328    3.2901299221    0.0    0
22    1562292206.32    1562292209.22    2.89656400681    4    0.0522    0.2088    2.94876400681    0.0    0
23    1562292206.41    1562292209.22    2.80764389038    4    1.1283    4.5132    3.93594389038    0.0    0
24    1562292206.75    1562292209.22    2.46605491638    64    0.9446    60.4544    3.41065491638    0.0    0
25    1562292207.62    1562292209.38    1.7525370121    256    0.0177    4.5312    1.7702370121    0.0    0
26    1562292207.78    1562292211.68    3.89659309387    16    0.0285    0.456    3.92509309387    0.0    0
27    1562292208.13    1562292211.68    3.55545806885    64    0.0234    1.4976    3.57885806885    0.0    0
28    1562292208.28    1562292211.84    3.56323003769    256    0.6189    158.4384    4.18213003769    0.0    0
29    1562292208.32    1562292214.23    5.90521883965    4    0.5956    2.3824    6.50081883965    0.0    0
30    1562292208.8    1562292214.23    5.43341112137    256    0.0057    1.4592    5.43911112137    0.0    0
31    1562292208.96    1562292216.53    7.5725209713    64    0.0234    1.4976    7.5959209713    0.0    0
32    1562292209.5    1562292216.68    7.17994904518    64    0.4167    26.6688    7.59664904518    0.0    0
33    1562292209.73    1562292216.84    7.10648798943    64    0.4167    26.6688    7.52318798943    0.0    0
34    1562292209.99    1562292216.96    6.97036790848    64    0.9446    60.4544    7.91496790848    0.0    0
35    1562292210.16    1562292217.08    6.91695594788    256    0.6189    158.4384    7.53585594788    0.0    0
36    1562292210.3    1562292219.44    9.13942193985    256    0.0057    1.4592    9.14512193985    0.0    0
37    1562292210.44    1562292221.88    11.4405961037    16    0.0285    0.456    11.4690961037    0.0    0
38    1562292210.89    1562292221.89    10.9981520176    4    0.0522    0.2088    11.0503520176    0.0    0
39    1562292211.39    1562292221.89    10.5030469894    16    0.4243    6.7888    10.9273469894    0.0    0
40    1562292211.67    1562292221.9    10.2312061787    64    0.4167    26.6688    10.6479061787    0.0    0
41    1562292211.82    1562292222.05    10.2362670898    16    0.0297    0.4752    10.2659670898    0.0    0
42    1562292211.84    1562292222.06    10.2275149822    16    0.0285    0.456    10.2560149822    0.0    0
43    1562292212.22    1562292222.07    9.85015082359    4    0.6452    2.5808    10.4953508236    0.0    0
44    1562292212.44    1562292222.08    9.63584494591    4    0.0059    0.0236    9.64174494591    0.0    0
45    1562292212.55    1562292222.08    9.52463698387    256    0.0057    1.4592    9.53033698387    0.0    0
46    1562292212.66    1562292224.54    11.8837909698    4    0.0284    0.1136    11.9121909698    0.0    0
47    1562292212.97    1562292224.55    11.5773730278    256    0.6189    158.4384    12.1962730278    0.0    0
48    1562292213.15    1562292226.83    13.6846780777    4    0.0832    0.3328    13.7678780777    0.0    0
49    1562292213.42    1562292226.83    13.4108510017    16    0.7616    12.1856    14.1724510017    0.0    0
50    1562292213.65    1562292226.84    13.1882929802    16    0.0429    0.6864    13.2311929802    0.0    0
51    1562292214.2    1562292226.85    12.655092001    64    0.0234    1.4976    12.678492001    0.0    0
52    1562292214.42    1562292226.99    12.571117878    4    0.6452    2.5808    13.216317878    0.0    0
53    1562292214.66    1562292226.99    12.3378798962    4    0.0522    0.2088    12.3900798962    0.0    0
54    1562292214.73    1562292227.0    12.2699129581    4    0.0284    0.1136    12.2983129581    0.0    0
55    1562292214.99    1562292227.0    12.0106339455    16    0.4243    6.7888    12.4349339455    0.0    0
56    1562292215.13    1562292227.01    11.8743441105    16    0.0285    0.456    11.9028441105    0.0    0
57    1562292215.34    1562292227.02    11.6843800545    64    0.0234    1.4976    11.7077800545    0.0    0
58    1562292216.01    1562292227.22    11.2085940838    256    0.8    204.8    12.0085940838    0.0    0
59    1562292216.21    1562292229.56    13.3486349583    16    0.0285    0.456    13.3771349583    0.0    0
60    1562292216.47    1562292229.57    13.1023030281    4    0.6452    2.5808    13.7475030281    0.0    0
61    1562292216.53    1562292229.57    13.0361680984    16    0.0285    0.456    13.0646680984    0.0    0
62    1562292216.74    1562292229.58    12.838755846    256    0.7528    192.7168    13.591555846    0.0    0
63    1562292216.83    1562292231.97    15.1372170448    64    0.4167    26.6688    15.5539170448    0.0    0
64    1562292217.26    1562292232.12    14.8549089432    256    0.6189    158.4384    15.4738089432    0.0    0
65    1562292217.38    1562292234.34    16.9634349346    64    0.6779    43.3856    17.6413349346    0.0    0
66    1562292217.6    1562292234.48    16.8715381622    64    0.0055    0.352    16.8770381622    0.0    0
67    1562292217.8    1562292234.61    16.8046541214    256    0.8    204.8    17.6046541214    0.0    0
68    1562292218.07    1562292236.91    18.841547966    256    0.4221    108.0576    19.263647966    0.0    0
69    1562292218.47    1562292239.36    20.8919279575    64    0.0234    1.4976    20.9153279575    0.0    0
70    1562292218.7    1562292239.5    20.8025369644    16    0.0098    0.1568    20.8123369644    0.0    0
71    1562292219.01    1562292239.51    20.5073609352    16    0.0098    0.1568    20.5171609352    0.0    0
72    1562292219.15    1562292239.53    20.3728489876    16    0.0285    0.456    20.4013489876    0.0    0
73    1562292219.43    1562292239.55    20.1129119396    16    0.4243    6.7888    20.5372119396    0.0    0
74    1562292219.72    1562292239.56    19.8442349434    4    1.1283    4.5132    20.9725349434    0.0    0
75    1562292219.81    1562292239.57    19.7584109306    256    0.6189    158.4384    20.3773109306    0.0    0
76    1562292220.09    1562292241.87    21.7821629047    64    0.9446    60.4544    22.7267629047    0.0    0
77    1562292220.25    1562292242.01    21.7588319778    256    0.4221    108.0576    22.1809319778    0.0    0
78    1562292220.55    1562292244.41    23.8572869301    64    0.4167    26.6688    24.2739869301    0.0    0
79    1562292220.75    1562292244.55    23.8092801571    4    0.6452    2.5808    24.4544801571    0.0    0
80    1562292221.08    1562292244.56    23.4715349674    4    0.0059    0.0236    23.4774349674    0.0    0
81    1562292221.17    1562292244.56    23.3847339153    16    0.0285    0.456    23.4132339153    0.0    0
82    1562292221.59    1562292244.57    22.9749150276    256    0.4221    108.0576    23.3970150276    0.0    0
83    1562292221.67    1562292246.94    25.2741310596    4    0.0284    0.1136    25.3025310596    0.0    0
84    1562292221.88    1562292246.94    25.0632510185    4    0.0284    0.1136    25.0916510185    0.0    0
85    1562292222.06    1562292246.95    24.8807110786    64    0.0125    0.8    24.8932110786    0.0    0
86    1562292222.54    1562292247.09    24.5495960712    4    0.6452    2.5808    25.1947960712    0.0    0
87    1562292222.73    1562292247.09    24.3686900139    4    0.0284    0.1136    24.3970900139    0.0    0
88    1562292223.05    1562292247.09    24.0412409306    4    0.0522    0.2088    24.0934409306    0.0    0
89    1562292223.28    1562292247.1    23.8134717941    256    0.7528    192.7168    24.5662717941    0.0    0
90    1562292223.36    1562292249.58    26.2278959751    64    0.4167    26.6688    26.6445959751    0.0    0
91    1562292223.73    1562292249.72    25.9938910007    64    0.1855    11.872    26.1793910007    0.0    0
92    1562292224.31    1562292249.87    25.5549321175    16    0.0297    0.4752    25.5846321175    0.0    0
93    1562292225.07    1562292249.88    24.8044109344    16    0.0285    0.456    24.8329109344    0.0    0
94    1562292225.55    1562292249.89    24.3325109482    16    0.0285    0.456    24.3610109482    0.0    0
95    1562292225.66    1562292249.89    24.2337231636    64    0.9446    60.4544    25.1783231636    0.0    0
96    1562292225.95    1562292250.05    24.0928199291    16    0.0285    0.456    24.1213199291    0.0    0
97    1562292226.3    1562292250.06    23.7623701096    64    0.0125    0.8    23.7748701096    0.0    0
98    1562292226.46    1562292250.22    23.7573559284    4    0.0832    0.3328    23.8405559284    0.0    0
99    1562292226.66    1562292250.22    23.5598101616    16    0.0098    0.1568    23.5696101616    0.0    0
100    1562292226.83    1562292250.23    23.3948321342    4    0.0284    0.1136    23.4232321342    0.0    0
101    1562292227.14    1562292250.23    23.083304882    256    0.0057    1.4592    23.089004882    0.0    0
102    1562292227.41    1562292252.56    25.155547142    4    0.0284    0.1136    25.183947142    0.0    0
103    1562292227.52    1562292252.57    25.0493249893    16    0.0285    0.456    25.0778249893    0.0    0
104    1562292227.58    1562292252.58    25.0000360012    256    0.8    204.8    25.8000360012    0.0    0
105    1562292227.65    1562292254.95    27.2941310406    256    0.4221    108.0576    27.7162310406    0.0    0
106    1562292227.79    1562292257.29    29.5055308342    64    0.0055    0.352    29.5110308342    0.0    0
107    1562292227.85    1562292257.44    29.5989191532    64    0.6779    43.3856    30.2768191532    0.0    0
108    1562292228.24    1562292257.59    29.3512740135    4    0.5956    2.3824    29.9468740135    0.0    0
109    1562292228.98    1562292257.59    28.618021965    4    0.0522    0.2088    28.670221965    0.0    0
110    1562292229.48    1562292257.59    28.1155750751    4    0.5956    2.3824    28.7111750751    0.0    0
111    1562292229.77    1562292257.6    27.8283510208    4    0.0522    0.2088    27.8805510208    0.0    0
112    1562292230.97    1562292257.6    26.6222529411    64    0.0234    1.4976    26.6456529411    0.0    0
113    1562292231.3    1562292257.77    26.4697408676    4    0.0832    0.3328    26.5529408676    0.0    0
114    1562292231.67    1562292257.78    26.1106479168    256    0.4221    108.0576    26.5327479168    0.0    0
115    1562292231.78    1562292260.07    28.2948050499    4    0.5956    2.3824    28.8904050499    0.0    0
116    1562292232.09    1562292260.07    27.982681036    64    0.0125    0.8    27.995181036    0.0    0
117    1562292232.26    1562292260.21    27.9439780712    4    0.0522    0.2088    27.9961780712    0.0    0
118    1562292232.37    1562292260.21    27.839124918    256    0.0057    1.4592    27.844824918    0.0    0
119    1562292232.53    1562292262.48    29.9436721802    16    0.0297    0.4752    29.9733721802    0.0    0
120    1562292232.77    1562292262.49    29.7203440666    64    0.0234    1.4976    29.7437440666    0.0    0
121    1562292233.19    1562292262.64    29.4498910904    16    0.0429    0.6864    29.4927910904    0.0    0
122    1562292233.71    1562292262.65    28.9415619373    64    0.0125    0.8    28.9540619373    0.0    0
123    1562292234.05    1562292262.81    28.7589828968    16    0.0098    0.1568    28.7687828968    0.0    0
124    1562292234.2    1562292262.82    28.6252439022    16    0.0429    0.6864    28.6681439022    0.0    0
125    1562292234.78    1562292262.83    28.0516719818    4    0.0059    0.0236    28.0575719818    0.0    0
126    1562292234.92    1562292262.84    27.9201600552    64    0.9446    60.4544    28.8647600552    0.0    0
127    1562292235.2    1562292262.99    27.7939009666    64    0.4167    26.6688    28.2106009666    0.0    0
128    1562292235.28    1562292263.12    27.836135149    4    0.0284    0.1136    27.864535149    0.0    0
129    1562292235.53    1562292263.12    27.5889348984    64    0.6779    43.3856    28.2668348984    0.0    0
130    1562292235.84    1562292263.27    27.4300310612    4    0.0284    0.1136    27.4584310612    0.0    0
131    1562292236.59    1562292263.27    26.6796219349    16    0.0098    0.1568    26.6894219349    0.0    0
132    1562292237.16    1562292263.28    26.119686842    16    0.7616    12.1856    26.881286842    0.0    0
133    1562292237.25    1562292263.29    26.0335159302    16    0.7616    12.1856    26.7951159302    0.0    0
134    1562292237.38    1562292263.3    25.9121870995    16    0.0297    0.4752    25.9418870995    0.0    0
135    1562292237.45    1562292263.31    25.8534901142    16    0.0297    0.4752    25.8831901142    0.0    0
136    1562292237.73    1562292263.32    25.5870289803    16    0.4243    6.7888    26.0113289803    0.0    0
137    1562292238.13    1562292263.33    25.1960248947    256    0.4221    108.0576    25.6181248947    0.0    0
138    1562292238.29    1562292265.86    27.5714960098    256    0.0057    1.4592    27.5771960098    0.0    0
139    1562292238.59    1562292268.18    29.5959839821    4    0.5956    2.3824    30.1915839821    0.0    0
140    1562292239.02    1562292268.18    29.1654891968    64    0.0055    0.352    29.1709891968    0.0    0
141    1562292239.1    1562292268.33    29.2328820229    4    0.0059    0.0236    29.2387820229    0.0    0
142    1562292239.31    1562292268.33    29.0267670155    256    0.6189    158.4384    29.6456670155    0.0    0
143    1562292239.8    1562292270.71    30.9122889042    256    0.0177    4.5312    30.9299889042    0.0    0
144    1562292239.89    1562292273.0    33.1165878773    16    0.7616    12.1856    33.8781878773    0.0    0
145    1562292240.0    1562292273.01    33.0120360851    256    0.7528    192.7168    33.7648360851    0.0    0
146    1562292240.43    1562292275.31    34.8770978451    4    0.0522    0.2088    34.9292978451    0.0    0
147    1562292241.19    1562292275.31    34.1185541153    256    0.8    204.8    34.9185541153    0.0    0
148    1562292241.29    1562292277.5    36.2029380798    16    0.8805    14.088    37.0834380798    0.0    0
149    1562292241.52    1562292277.51    35.9841189384    256    0.6189    158.4384    36.6030189384    0.0    0
150    1562292241.96    1562292279.87    37.9144859314    256    0.7528    192.7168    38.6672859314    0.0    0
151    1562292242.0    1562292282.16    40.1540689468    256    0.7528    192.7168    40.9068689468    0.0    0
152    1562292242.39    1562292284.5    42.1124298573    16    0.0285    0.456    42.1409298573    0.0    0
153    1562292242.52    1562292284.51    41.9931681156    256    0.0177    4.5312    42.0108681156    0.0    0
154    1562292242.96    1562292286.75    43.7957248688    16    0.0429    0.6864    43.8386248688    0.0    0
155    1562292243.3    1562292286.76    43.4611339569    64    0.0055    0.352    43.4666339569    0.0    0
156    1562292243.64    1562292286.92    43.2770009041    16    0.0429    0.6864    43.3199009041    0.0    0
157    1562292243.75    1562292286.93    43.1789200306    16    0.7616    12.1856    43.9405200306    0.0    0
158    1562292243.94    1562292286.94    43.0009031296    64    0.0234    1.4976    43.0243031296    0.0    0
159    1562292244.0    1562292287.09    43.0907180309    64    0.6779    43.3856    43.7686180309    0.0    0
160    1562292244.34    1562292287.24    42.90625    4    0.0832    0.3328    42.98945    0.0    0
161    1562292244.55    1562292287.25    42.6905391216    64    0.6779    43.3856    43.3684391216    0.0    0
162    1562292244.63    1562292287.38    42.7549269199    4    0.0522    0.2088    42.8071269199    0.0    0
163    1562292245.13    1562292287.38    42.2543981075    256    0.0177    4.5312    42.2720981075    0.0    0
164    1562292245.21    1562292289.83    44.6116700172    16    0.0098    0.1568    44.6214700172    0.0    0
165    1562292245.48    1562292289.84    44.3628308773    4    0.0832    0.3328    44.4460308773    0.0    0
166    1562292245.8    1562292289.84    44.038269043    16    0.4243    6.7888    44.462569043    0.0    0
167    1562292246.03    1562292289.85    43.8260529041    16    0.0285    0.456    43.8545529041    0.0    0
168    1562292246.22    1562292289.86    43.6458370686    4    0.5956    2.3824    44.2414370686    0.0    0
169    1562292246.71    1562292289.86    43.1528987885    4    0.0059    0.0236    43.1587987885    0.0    0
170    1562292246.92    1562292289.87    42.9424657822    64    0.0234    1.4976    42.9658657822    0.0    0
171    1562292247.09    1562292290.01    42.9211771488    256    0.7528    192.7168    43.6739771488    0.0    0
172    1562292247.38    1562292292.32    44.9407980442    4    0.0059    0.0236    44.9466980442    0.0    0
173    1562292247.45    1562292292.32    44.8724210262    64    0.4167    26.6688    45.2891210262    0.0    0
174    1562292247.74    1562292292.47    44.7242770195    16    0.0098    0.1568    44.7340770195    0.0    0
175    1562292247.77    1562292292.48    44.7124547958    256    0.8    204.8    45.5124547958    0.0    0
176    1562292248.09    1562292294.74    46.6462118626    16    0.7616    12.1856    47.4078118626    0.0    0
177    1562292248.56    1562292294.75    46.1837520599    256    0.7528    192.7168    46.9365520599    0.0    0
178    1562292248.93    1562292297.09    48.1590750217    64    0.0234    1.4976    48.1824750217    0.0    0
179    1562292249.08    1562292297.22    48.1423640251    64    0.1855    11.872    48.3278640251    0.0    0
180    1562292249.29    1562292297.37    48.0769050121    16    0.7616    12.1856    48.8385050121    0.0    0
181    1562292249.58    1562292297.38    47.7943589687    4    0.0522    0.2088    47.8465589687    0.0    0
182    1562292249.87    1562292297.38    47.5117189884    4    0.0832    0.3328    47.5949189884    0.0    0
183    1562292249.93    1562292297.38    47.4532589912    4    1.1283    4.5132    48.5815589912    0.0    0
184    1562292250.31    1562292297.38    47.0698330402    256    0.0177    4.5312    47.0875330402    0.0    0
185    1562292250.5    1562292299.67    49.1775159836    4    0.0522    0.2088    49.2297159836    0.0    0
186    1562292250.76    1562292299.67    48.9184811115    16    0.0297    0.4752    48.9481811115    0.0    0
187    1562292251.29    1562292299.68    48.3955359459    16    0.0098    0.1568    48.4053359459    0.0    0
188    1562292251.46    1562292299.7    48.2382740974    64    0.1855    11.872    48.4237740974    0.0    0
189    1562292251.96    1562292299.82    47.864289999    64    0.0234    1.4976    47.887689999    0.0    0
190    1562292252.18    1562292299.98    47.8010280132    64    0.4167    26.6688    48.2177280132    0.0    0
191    1562292252.51    1562292300.11    47.5983600616    4    0.5956    2.3824    48.1939600616    0.0    0
192    1562292252.67    1562292300.11    47.4434380531    256    0.0177    4.5312    47.4611380531    0.0    0
193    1562292252.93    1562292302.42    49.4888401031    64    0.0055    0.352    49.4943401031    0.0    0
194    1562292253.18    1562292302.58    49.4005570412    64    0.9446    60.4544    50.3451570412    0.0    0
195    1562292253.57    1562292302.72    49.1507759094    4    0.5956    2.3824    49.7463759094    0.0    0
196    1562292253.74    1562292302.72    48.9789710045    4    0.0522    0.2088    49.0311710045    0.0    0
197    1562292254.06    1562292302.72    48.6646940708    256    0.0057    1.4592    48.6703940708    0.0    0
198    1562292254.41    1562292305.06    50.6494629383    4    0.6452    2.5808    51.2946629383    0.0    0
199    1562292254.88    1562292305.06    50.1771080494    4    0.0284    0.1136    50.2055080494    0.0    0
200    1562292255.46    1562292305.06    49.6015930176    256    0.4221    108.0576    50.0236930176    0.0    0
201    1562292255.66    1562292307.22    51.560382843    256    0.0057    1.4592    51.566082843    0.0    0
202    1562292256.51    1562292309.55    53.0444290638    4    0.0059    0.0236    53.0503290638    0.0    0
203    1562292256.6    1562292309.55    52.9556591511    4    0.0832    0.3328    53.0388591511    0.0    0
204    1562292256.99    1562292309.56    52.5679690838    256    0.0177    4.5312    52.5856690838    0.0    0
205    1562292257.21    1562292311.85    54.6396768093    16    0.0297    0.4752    54.6693768093    0.0    0
206    1562292257.27    1562292311.86    54.591411829    16    0.0429    0.6864    54.634311829    0.0    0
207    1562292257.43    1562292311.87    54.4370439053    4    0.6452    2.5808    55.0822439053    0.0    0
208    1562292257.59    1562292311.87    54.2751989365    4    1.1283    4.5132    55.4034989365    0.0    0
209    1562292257.66    1562292311.87    54.2089548111    4    1.1283    4.5132    55.3372548111    0.0    0
210    1562292257.8    1562292311.87    54.0671820641    16    0.8805    14.088    54.9476820641    0.0    0
211    1562292257.88    1562292311.88    54.0036609173    256    0.0177    4.5312    54.0213609173    0.0    0
212    1562292258.21    1562292314.16    55.9519779682    64    0.1855    11.872    56.1374779682    0.0    0
213    1562292258.49    1562292314.32    55.8285410404    64    0.0055    0.352    55.8340410404    0.0    0
214    1562292258.63    1562292314.47    55.8414099216    64    0.0234    1.4976    55.8648099216    0.0    0
215    1562292258.82    1562292314.61    55.7940051556    16    0.0297    0.4752    55.8237051556    0.0    0
216    1562292259.29    1562292314.63    55.3404650688    4    0.6452    2.5808    55.9856650688    0.0    0
217    1562292259.61    1562292314.63    55.0197529793    16    0.4243    6.7888    55.4440529793    0.0    0
218    1562292259.88    1562292314.64    54.7643768787    256    0.6189    158.4384    55.3832768787    0.0    0
219    1562292260.49    1562292317.08    56.5882198811    16    0.4243    6.7888    57.0125198811    0.0    0
220    1562292261.09    1562292317.09    56.0047059059    16    0.7616    12.1856    56.7663059059    0.0    0
221    1562292261.19    1562292317.1    55.9128479958    256    0.8    204.8    56.7128479958    0.0    0
222    1562292261.7    1562292319.41    57.7035140991    256    0.8    204.8    58.5035140991    0.0    0
223    1562292262.45    1562292321.65    59.1946258545    4    0.0059    0.0236    59.2005258545    0.0    0
224    1562292262.48    1562292321.65    59.1694819927    16    0.0297    0.4752    59.1991819927    0.0    0
225    1562292262.55    1562292321.66    59.1044139862    16    0.7616    12.1856    59.8660139862    0.0    0
226    1562292262.64    1562292321.67    59.0243639946    16    0.0429    0.6864    59.0672639946    0.0    0
227    1562292262.75    1562292321.68    58.9227039814    4    0.0522    0.2088    58.9749039814    0.0    0
228    1562292262.99    1562292321.68    58.6837799549    64    0.0125    0.8    58.6962799549    0.0    0
229    1562292263.23    1562292321.83    58.6023430824    64    0.0055    0.352    58.6078430824    0.0    0
230    1562292263.45    1562292321.98    58.531085968    256    0.4221    108.0576    58.953185968    0.0    0
231    1562292263.59    1562292324.25    60.6577138901    16    0.0297    0.4752    60.6874138901    0.0    0
232    1562292263.78    1562292324.26    60.4809160233    16    0.8805    14.088    61.3614160233    0.0    0
233    1562292263.97    1562292324.27    60.2954230309    4    0.0522    0.2088    60.3476230309    0.0    0
234    1562292264.06    1562292324.27    60.2070538998    64    0.9446    60.4544    61.1516538998    0.0    0
235    1562292264.15    1562292324.41    60.2623438835    4    0.0522    0.2088    60.3145438835    0.0    0
236    1562292264.33    1562292324.42    60.0821681023    16    0.0098    0.1568    60.0919681023    0.0    0
237    1562292264.61    1562292324.43    59.8161020279    64    0.1855    11.872    60.0016020279    0.0    0
238    1562292264.92    1562292324.59    59.6684648991    16    0.7616    12.1856    60.4300648991    0.0    0
239    1562292265.1    1562292324.6    59.5021820068    64    0.1855    11.872    59.6876820068    0.0    0
240    1562292265.32    1562292324.75    59.425205946    256    0.8    204.8    60.225205946    0.0    0
241    1562292265.49    1562292327.09    61.5992021561    256    0.0177    4.5312    61.6169021561    0.0    0
242    1562292265.82    1562292329.34    63.5271949768    4    0.0059    0.0236    63.5330949768    0.0    0
243    1562292266.3    1562292329.35    63.0422689915    4    0.6452    2.5808    63.6874689915    0.0    0
244    1562292266.72    1562292329.35    62.6256151199    4    1.1283    4.5132    63.7539151199    0.0    0
245    1562292266.9    1562292329.35    62.4512090683    16    0.8805    14.088    63.3317090683    0.0    0
246    1562292267.45    1562292329.36    61.9108018875    64    0.6779    43.3856    62.5887018875    0.0    0
247    1562292267.62    1562292329.51    61.898704052    16    0.8805    14.088    62.779204052    0.0    0
248    1562292267.94    1562292329.52    61.5824620724    256    0.6189    158.4384    62.2013620724    0.0    0
249    1562292268.11    1562292331.9    63.7879478931    64    0.4167    26.6688    64.2046478931    0.0    0
250    1562292268.57    1562292332.04    63.4754738808    64    0.0055    0.352    63.4809738808    0.0    0
251    1562292268.85    1562292332.18    63.3288609982    256    0.8    204.8    64.1288609982    0.0    0
252    1562292269.04    1562292334.37    65.3308150768    4    0.0059    0.0236    65.3367150768    0.0    0
253    1562292269.37    1562292334.37    65.0012028217    256    0.6189    158.4384    65.6201028217    0.0    0
254    1562292269.46    1562292336.6    67.1383450031    4    0.0522    0.2088    67.1905450031    0.0    0
255    1562292269.85    1562292336.6    66.7507219315    4    0.0059    0.0236    66.7566219315    0.0    0
256    1562292270.11    1562292336.6    66.4938778877    16    0.8805    14.088    67.3743778877    0.0    0
257    1562292270.38    1562292336.61    66.2324419022    16    0.0098    0.1568    66.2422419022    0.0    0
258    1562292270.71    1562292336.62    65.9070370197    16    0.0098    0.1568    65.9168370197    0.0    0
259    1562292270.96    1562292336.63    65.6707000732    16    0.0297    0.4752    65.7004000732    0.0    0
260    1562292271.35    1562292336.64    65.2881150246    4    0.0284    0.1136    65.3165150246    0.0    0
261    1562292271.82    1562292336.64    64.8162541389    4    0.0522    0.2088    64.8684541389    0.0    0
262    1562292272.25    1562292336.64    64.3889498711    4    0.0284    0.1136    64.4173498711    0.0    0
263    1562292272.42    1562292336.64    64.2249438763    4    1.1283    4.5132    65.3532438763    0.0    0
264    1562292272.75    1562292336.64    63.8954501152    4    0.0284    0.1136    63.9238501152    0.0    0
265    1562292272.91    1562292336.64    63.7354879379    4    1.1283    4.5132    64.8637879379    0.0    0
266    1562292273.39    1562292336.64    63.2558529377    4    0.0059    0.0236    63.2617529377    0.0    0
267    1562292273.62    1562292336.65    63.0270359516    16    0.0429    0.6864    63.0699359516    0.0    0
268    1562292273.65    1562292336.65    63.0045759678    16    0.8805    14.088    63.8850759678    0.0    0
269    1562292274.1    1562292336.66    62.5610041618    4    0.5956    2.3824    63.1566041618    0.0    0
270    1562292274.83    1562292336.67    61.8341419697    64    0.4167    26.6688    62.2508419697    0.0    0
271    1562292275.16    1562292336.83    61.6717181206    4    1.1283    4.5132    62.8000181206    0.0    0
272    1562292275.63    1562292336.83    61.1996381283    256    0.4221    108.0576    61.6217381283    0.0    0
273    1562292275.88    1562292339.24    63.3654711246    4    0.0284    0.1136    63.3938711246    0.0    0
274    1562292276.47    1562292339.24    62.7692217827    4    0.6452    2.5808    63.4144217827    0.0    0
275    1562292276.84    1562292339.24    62.4017028809    4    0.0284    0.1136    62.4301028809    0.0    0
276    1562292277.75    1562292339.24    61.495814085    4    0.5956    2.3824    62.091414085    0.0    0
277    1562292277.84    1562292339.24    61.4011821747    64    0.0125    0.8    61.4136821747    0.0    0
278    1562292278.0    1562292339.39    61.3891639709    256    0.4221    108.0576    61.8112639709    0.0    0
279    1562292279.8    1562292341.76    61.9623718262    64    0.6779    43.3856    62.6402718262    0.0    0
280    1562292280.0    1562292341.9    61.9015519619    256    0.7528    192.7168    62.6543519619    0.0    0
281    1562292280.12    1562292344.2    64.0845279694    64    0.0125    0.8    64.0970279694    0.0    0
282    1562292280.23    1562292344.36    64.1303758621    4    0.0522    0.2088    64.1825758621    0.0    0
283    1562292280.41    1562292344.36    63.949406147    4    0.0284    0.1136    63.977806147    0.0    0
284    1562292280.69    1562292344.36    63.6724300385    16    0.7616    12.1856    64.4340300385    0.0    0
285    1562292281.01    1562292344.38    63.3655738831    256    0.0057    1.4592    63.3712738831    0.0    0
286    1562292281.14    1562292346.7    65.5649740696    4    0.0284    0.1136    65.5933740696    0.0    0
287    1562292281.55    1562292346.71    65.1566390991    256    0.0177    4.5312    65.1743390991    0.0    0
288    1562292281.76    1562292348.94    67.1787211895    256    0.0057    1.4592    67.1844211895    0.0    0
289    1562292281.87    1562292351.25    69.380341053    256    0.0177    4.5312    69.398041053    0.0    0
290    1562292282.16    1562292353.51    71.3493990898    16    0.0285    0.456    71.3778990898    0.0    0
291    1562292282.35    1562292353.52    71.1692481041    256    0.7528    192.7168    71.9220481041    0.0    0
292    1562292282.58    1562292355.76    73.1878919601    4    0.0522    0.2088    73.2400919601    0.0    0
293    1562292282.72    1562292355.76    73.0440528393    4    0.0832    0.3328    73.1272528393    0.0    0
294    1562292283.19    1562292355.77    72.5748109818    256    0.0057    1.4592    72.5805109818    0.0    0
295    1562292283.73    1562292358.05    74.3219211102    16    0.0098    0.1568    74.3317211102    0.0    0
296    1562292284.02    1562292358.06    74.0398089886    16    0.0098    0.1568    74.0496089886    0.0    0
297    1562292284.44    1562292358.07    73.6365158558    256    0.4221    108.0576    74.0586158558    0.0    0
298    1562292284.55    1562292360.31    75.7654900551    4    0.5956    2.3824    76.3610900551    0.0    0
299    1562292284.67    1562292360.31    75.6392009258    16    0.8805    14.088    76.5197009258    0.0    0
300    1562292285.0    1562292360.32    75.32655406    4    0.0059    0.0236    75.33245406    0.0    0
301    1562292285.14    1562292360.32    75.1857509613    4    0.0522    0.2088    75.2379509613    0.0    0
302    1562292285.52    1562292360.32    74.8040258884    16    0.0297    0.4752    74.8337258884    0.0    0
303    1562292286.24    1562292360.33    74.0967478752    16    0.8805    14.088    74.9772478752    0.0    0
304    1562292286.47    1562292360.35    73.8706159592    256    0.4221    108.0576    74.2927159592    0.0    0
305    1562292286.57    1562292362.82    76.2531580925    16    0.0297    0.4752    76.2828580925    0.0    0
306    1562292286.75    1562292362.83    76.0788981915    256    0.7528    192.7168    76.8316981915    0.0    0
307    1562292287.12    1562292365.16    78.0355489254    4    0.0059    0.0236    78.0414489254    0.0    0
308    1562292287.36    1562292365.16    77.7950241566    4    0.0522    0.2088    77.8472241566    0.0    0
309    1562292287.46    1562292365.16    77.7011728287    64    0.9446    60.4544    78.6457728287    0.0    0
310    1562292287.72    1562292365.31    77.5872869492    16    0.8805    14.088    78.4677869492    0.0    0
311    1562292287.96    1562292365.32    77.3533039093    4    0.0832    0.3328    77.4365039093    0.0    0
312    1562292288.34    1562292365.32    76.9756479263    16    0.7616    12.1856    77.7372479263    0.0    0
313    1562292288.62    1562292365.33    76.7061238289    256    0.0177    4.5312    76.7238238289    0.0    0
314    1562292288.77    1562292367.59    78.8213641644    16    0.0098    0.1568    78.8311641644    0.0    0
315    1562292288.9    1562292367.6    78.7009570599    256    0.6189    158.4384    79.3198570599    0.0    0
316    1562292289.05    1562292369.95    80.9052131176    256    0.6189    158.4384    81.5241131176    0.0    0
317    1562292289.13    1562292372.18    83.0453391075    256    0.4221    108.0576    83.4674391075    0.0    0
318    1562292289.27    1562292374.16    84.8817870617    4    0.0284    0.1136    84.9101870617    0.0    0
319    1562292289.45    1562292374.16    84.7062580585    16    0.0297    0.4752    84.7359580585    0.0    0
320    1562292289.82    1562292374.17    84.3501639366    256    0.6189    158.4384    84.9690639366    0.0    0
321    1562292289.94    1562292376.21    86.2690291405    4    1.1283    4.5132    87.3973291405    0.0    0
322    1562292290.19    1562292376.21    86.0231461525    16    0.0297    0.4752    86.0528461525    0.0    0
323    1562292290.3    1562292376.22    85.9223690033    64    0.0234    1.4976    85.9457690033    0.0    0
324    1562292290.48    1562292376.37    85.898362875    4    0.6452    2.5808    86.543562875    0.0    0
325    1562292290.56    1562292376.37    85.8162429333    64    0.1855    11.872    86.0017429333    0.0    0
326    1562292290.89    1562292376.53    85.6392428875    16    0.4243    6.7888    86.0635428875    0.0    0
327    1562292291.19    1562292376.54    85.3583641052    256    0.7528    192.7168    86.1111641052    0.0    0
328    1562292291.67    1562292378.64    86.9747190475    4    0.0284    0.1136    87.0031190475    0.0    0
329    1562292291.97    1562292378.64    86.6687459946    64    0.6779    43.3856    87.3466459946    0.0    0
330    1562292292.06    1562292378.79    86.7245330811    16    0.0098    0.1568    86.7343330811    0.0    0
331    1562292292.16    1562292378.8    86.6353619099    16    0.8805    14.088    87.5158619099    0.0    0
332    1562292292.24    1562292378.8    86.5606360435    16    0.4243    6.7888    86.9849360435    0.0    0
333    1562292292.44    1562292378.81    86.3771989346    4    0.5956    2.3824    86.9727989346    0.0    0
334    1562292292.9    1562292378.82    85.9113349915    16    0.8805    14.088    86.7918349915    0.0    0
335    1562292293.13    1562292378.82    85.690625906    16    0.4243    6.7888    86.114925906    0.0    0
336    1562292293.62    1562292378.83    85.2129738331    16    0.7616    12.1856    85.9745738331    0.0    0
337    1562292293.95    1562292378.84    84.8933830261    4    0.0059    0.0236    84.8992830261    0.0    0
338    1562292294.07    1562292378.85    84.7801551819    4    0.0059    0.0236    84.7860551819    0.0    0
339    1562292294.73    1562292378.85    84.1117289066    4    0.6452    2.5808    84.7569289066    0.0    0
340    1562292294.87    1562292378.85    83.9753789902    16    0.0098    0.1568    83.9851789902    0.0    0
341    1562292295.09    1562292378.86    83.7726900578    4    0.0059    0.0236    83.7785900578    0.0    0
342    1562292295.46    1562292378.86    83.4019520283    4    0.0832    0.3328    83.4851520283    0.0    0
343    1562292295.68    1562292378.86    83.1769809723    64    0.6779    43.3856    83.8548809723    0.0    0
344    1562292295.8    1562292379.01    83.2133469582    16    0.7616    12.1856    83.9749469582    0.0    0
345    1562292296.12    1562292379.02    82.8985598087    4    0.0522    0.2088    82.9507598087    0.0    0
346    1562292296.49    1562292379.02    82.5356719494    4    0.0284    0.1136    82.5640719494    0.0    0
347    1562292297.07    1562292379.02    81.9561150074    16    0.7616    12.1856    82.7177150074    0.0    0
348    1562292297.2    1562292379.03    81.8313660622    64    0.0055    0.352    81.8368660622    0.0    0
349    1562292297.77    1562292379.17    81.402889967    4    1.1283    4.5132    82.531189967    0.0    0
350    1562292298.16    1562292379.18    81.0197110176    256    0.7528    192.7168    81.7725110176    0.0    0
351    1562292298.69    1562292381.46    82.7691631317    4    0.5956    2.3824    83.3647631317    0.0    0
352    1562292298.87    1562292381.46    82.5896639824    256    0.6189    158.4384    83.2085639824    0.0    0
353    1562292299.35    1562292383.63    84.2810451984    256    0.6189    158.4384    84.8999451984    0.0    0
354    1562292299.5    1562292385.62    86.1194820404    16    0.0429    0.6864    86.1623820404    0.0    0
355    1562292299.98    1562292385.63    85.6528480053    256    0.8    204.8    86.4528480053    0.0    0
356    1562292300.06    1562292387.72    87.6633808613    4    0.0522    0.2088    87.7155808613    0.0    0
357    1562292300.37    1562292387.72    87.3463129997    64    0.6779    43.3856    88.0242129997    0.0    0
358    1562292300.83    1562292387.88    87.0540809631    256    0.0057    1.4592    87.0597809631    0.0    0
359    1562292301.07    1562292389.98    88.9082200527    4    0.5956    2.3824    89.5038200527    0.0    0
360    1562292301.41    1562292389.98    88.5677518845    16    0.7616    12.1856    89.3293518845    0.0    0
361    1562292301.54    1562292389.99    88.4494900703    4    0.0059    0.0236    88.4553900703    0.0    0
362    1562292301.96    1562292389.99    88.0335979462    64    0.4167    26.6688    88.4502979462    0.0    0
363    1562292302.35    1562292390.15    87.7948479652    16    0.0285    0.456    87.8233479652    0.0    0
364    1562292302.87    1562292390.16    87.2833371162    4    0.0522    0.2088    87.3355371162    0.0    0
365    1562292303.05    1562292390.16    87.1028411388    4    0.0059    0.0236    87.1087411388    0.0    0
366    1562292303.18    1562292390.16    86.9761419296    64    0.0125    0.8    86.9886419296    0.0    0
367    1562292303.47    1562292390.31    86.847561121    256    0.4221    108.0576    87.269661121    0.0    0
368    1562292303.5    1562292392.51    89.006757021    16    0.0098    0.1568    89.016557021    0.0    0
369    1562292303.68    1562292392.52    88.8433470726    16    0.8805    14.088    89.7238470726    0.0    0
370    1562292303.93    1562292392.53    88.6001358032    4    0.0832    0.3328    88.6833358032    0.0    0
371    1562292304.33    1562292392.53    88.1988229752    256    0.0057    1.4592    88.2045229752    0.0    0
372    1562292304.6    1562292394.76    90.1586971283    16    0.4243    6.7888    90.5829971283    0.0    0
373    1562292304.7    1562292394.77    90.0663158894    4    1.1283    4.5132    91.1946158894    0.0    0
374    1562292304.97    1562292394.77    89.799451828    64    0.6779    43.3856    90.477351828    0.0    0
375    1562292306.4    1562292394.9    88.4975578785    16    0.7616    12.1856    89.2591578785    0.0    0
376    1562292306.64    1562292394.91    88.2651600838    64    0.1855    11.872    88.4506600838    0.0    0
377    1562292306.83    1562292395.04    88.2024328709    4    0.0284    0.1136    88.2308328709    0.0    0
378    1562292307.46    1562292395.04    87.5748209953    64    0.0055    0.352    87.5803209953    0.0    0
379    1562292307.66    1562292395.18    87.517250061    16    0.8805    14.088    88.397750061    0.0    0
380    1562292307.77    1562292395.19    87.4167919159    64    0.1855    11.872    87.6022919159    0.0    0
381    1562292308.37    1562292395.35    86.975219965    4    0.0284    0.1136    87.003619965    0.0    0
382    1562292308.83    1562292395.35    86.515666008    64    0.6779    43.3856    87.193566008    0.0    0
383    1562292309.16    1562292395.5    86.3319621086    4    0.0284    0.1136    86.3603621086    0.0    0
384    1562292309.55    1562292395.5    85.9445281029    64    0.4167    26.6688    86.3612281029    0.0    0
385    1562292309.67    1562292395.65    85.9781110287    16    0.0297    0.4752    86.0078110287    0.0    0
386    1562292310.1    1562292395.66    85.5509669781    64    0.0125    0.8    85.5634669781    0.0    0
387    1562292310.92    1562292395.8    84.8764138222    16    0.0098    0.1568    84.8862138222    0.0    0
388    1562292311.49    1562292395.81    84.3211669922    16    0.4243    6.7888    84.7454669922    0.0    0
389    1562292311.65    1562292395.82    84.1743569374    256    0.0177    4.5312    84.1920569374    0.0    0
390    1562292311.85    1562292398.01    86.1665170193    4    1.1283    4.5132    87.2948170193    0.0    0
391    1562292312.11    1562292398.01    85.9038670063    4    0.5956    2.3824    86.4994670063    0.0    0
392    1562292312.31    1562292398.01    85.7045388222    16    0.8805    14.088    86.5850388222    0.0    0
393    1562292312.51    1562292398.02    85.5104022026    64    0.9446    60.4544    86.4550022026    0.0    0
394    1562292312.68    1562292398.18    85.4943048954    4    0.5956    2.3824    86.0899048954    0.0    0
395    1562292312.78    1562292398.18    85.3954379559    16    0.7616    12.1856    86.1570379559    0.0    0
396    1562292312.97    1562292398.19    85.2234067917    64    0.0055    0.352    85.2289067917    0.0    0
397    1562292313.07    1562292398.32    85.2534170151    16    0.7616    12.1856    86.0150170151    0.0    0
398    1562292313.31    1562292398.33    85.0231499672    16    0.8805    14.088    85.9036499672    0.0    0
399    1562292314.12    1562292398.34    84.2176790237    4    0.0059    0.0236    84.2235790237    0.0    0
400    1562292314.46    1562292398.34    83.8849089146    16    0.0098    0.1568    83.8947089146    0.0    0
401    1562292314.55    1562292398.35    83.7982769012    256    0.4221    108.0576    84.2203769012    0.0    0
402    1562292314.8    1562292400.49    85.6910450459    16    0.0285    0.456    85.7195450459    0.0    0
403    1562292314.96    1562292400.5    85.5462930202    64    0.1855    11.872    85.7317930202    0.0    0
404    1562292315.06    1562292400.65    85.5864999294    16    0.0098    0.1568    85.5962999294    0.0    0
405    1562292315.28    1562292400.66    85.3741369247    256    0.6189    158.4384    85.9930369247    0.0    0
406    1562292315.91    1562292402.85    86.9333999157    4    0.0284    0.1136    86.9617999157    0.0    0
407    1562292316.45    1562292402.85    86.3976089954    256    0.0057    1.4592    86.4033089954    0.0    0
408    1562292317.0    1562292405.01    88.0044879913    64    0.0055    0.352    88.0099879913    0.0    0
409    1562292317.09    1562292405.15    88.0591249466    64    0.0234    1.4976    88.0825249466    0.0    0
410    1562292317.17    1562292405.3    88.1366820335    256    0.0057    1.4592    88.1423820335    0.0    0
411    1562292317.3    1562292407.33    90.0295090675    64    0.0055    0.352    90.0350090675    0.0    0
412    1562292317.46    1562292407.48    90.0194079876    16    0.0285    0.456    90.0479079876    0.0    0
413    1562292317.71    1562292407.5    89.7906131744    4    0.0284    0.1136    89.8190131744    0.0    0
414    1562292317.89    1562292407.5    89.6080098152    256    0.4221    108.0576    90.0301098152    0.0    0
415    1562292318.06    1562292409.63    91.5692310333    64    0.1855    11.872    91.7547310333    0.0    0
416    1562292318.45    1562292409.75    91.3048629761    64    0.6779    43.3856    91.9827629761    0.0    0
417    1562292318.69    1562292409.89    91.2009768486    16    0.4243    6.7888    91.6252768486    0.0    0
418    1562292319.08    1562292409.9    90.8187119961    64    0.6779    43.3856    91.4966119961    0.0    0
419    1562292319.4    1562292410.05    90.6499328613    4    0.0522    0.2088    90.7021328613    0.0    0
420    1562292319.58    1562292410.05    90.4733719826    16    0.0297    0.4752    90.5030719826    0.0    0
421    1562292319.97    1562292410.06    90.0891399384    16    0.0297    0.4752    90.1188399384    0.0    0
422    1562292320.29    1562292410.07    89.7771909237    4    0.6452    2.5808    90.4223909237    0.0    0
423    1562292320.61    1562292410.07    89.4641411304    64    0.0234    1.4976    89.4875411304    0.0    0
424    1562292321.22    1562292410.21    88.9969339371    4    0.0522    0.2088    89.0491339371    0.0    0
425    1562292321.42    1562292410.21    88.793418169    4    0.0284    0.1136    88.821818169    0.0    0
426    1562292321.65    1562292410.21    88.5675749779    64    0.4167    26.6688    88.9842749779    0.0    0
427    1562292321.74    1562292410.36    88.6202909946    256    0.7528    192.7168    89.3730909946    0.0    0
428    1562292322.12    1562292412.46    90.337059021    4    1.1283    4.5132    91.465359021    0.0    0
429    1562292322.28    1562292412.46    90.1836180687    64    0.1855    11.872    90.3691180687    0.0    0
430    1562292322.68    1562292412.6    89.9213290215    64    0.0125    0.8    89.9338290215    0.0    0
431    1562292322.79    1562292412.73    89.9435689449    64    0.4167    26.6688    90.3602689449    0.0    0
432    1562292323.32    1562292412.89    89.573143959    16    0.0098    0.1568    89.582943959    0.0    0
433    1562292323.65    1562292412.91    89.2590360641    16    0.0285    0.456    89.2875360641    0.0    0
434    1562292324.25    1562292412.92    88.668806076    16    0.0297    0.4752    88.698506076    0.0    0
435    1562292324.75    1562292412.93    88.1806399822    4    1.1283    4.5132    89.3089399822    0.0    0
436    1562292325.38    1562292412.93    87.5441629887    64    0.1855    11.872    87.7296629887    0.0    0
437    1562292325.45    1562292413.08    87.6319479942    4    0.0284    0.1136    87.6603479942    0.0    0
438    1562292326.11    1562292413.08    86.9736828804    4    0.0832    0.3328    87.0568828804    0.0    0
439    1562292326.78    1562292413.08    86.3060631752    16    0.8805    14.088    87.1865631752    0.0    0
440    1562292327.05    1562292413.09    86.0448949337    16    0.0285    0.456    86.0733949337    0.0    0
441    1562292327.75    1562292413.1    85.3467969894    256    0.0057    1.4592    85.3524969894    0.0    0
442    1562292327.98    1562292415.3    87.320276022    256    0.8    204.8    88.120276022    0.0    0
443    1562292328.12    1562292417.41    89.288269043    256    0.0057    1.4592    89.293969043    0.0    0
444    1562292328.26    1562292419.64    91.3732790947    64    0.1855    11.872    91.5587790947    0.0    0
445    1562292328.59    1562292419.79    91.2018010616    16    0.0098    0.1568    91.2116010616    0.0    0
446    1562292329.1    1562292419.8    90.7031309605    4    0.0284    0.1136    90.7315309605    0.0    0
447    1562292329.34    1562292419.8    90.4578578472    256    0.8    204.8    91.2578578472    0.0    0
448    1562292329.84    1562292421.86    92.0267951488    16    0.0429    0.6864    92.0696951488    0.0    0
449    1562292330.01    1562292421.87    91.8576459885    16    0.0098    0.1568    91.8674459885    0.0    0
450    1562292330.07    1562292421.88    91.8161420822    256    0.6189    158.4384    92.4350420822    0.0    0
451    1562292330.22    1562292424.28    94.0674920082    4    0.0832    0.3328    94.1506920082    0.0    0
452    1562292330.28    1562292424.28    94.0065970421    64    0.9446    60.4544    94.9511970421    0.0    0
453    1562292330.46    1562292424.42    93.9629900455    256    0.6189    158.4384    94.5818900455    0.0    0
454    1562292330.5    1562292426.57    96.0771400928    4    0.0284    0.1136    96.1055400928    0.0    0
455    1562292330.67    1562292426.58    95.9069850445    64    0.9446    60.4544    96.8515850445    0.0    0
456    1562292330.77    1562292426.72    95.9539251328    256    0.4221    108.0576    96.3760251328    0.0    0
457    1562292331.1    1562292428.87    97.7680809498    16    0.0285    0.456    97.7965809498    0.0    0
458    1562292331.35    1562292428.88    97.5289759636    16    0.0297    0.4752    97.5586759636    0.0    0
459    1562292331.62    1562292428.89    97.268296957    64    0.9446    60.4544    98.212896957    0.0    0
460    1562292332.04    1562292429.04    97.001292944    256    0.6189    158.4384    97.620192944    0.0    0
461    1562292332.36    1562292431.14    98.785009861    16    0.7616    12.1856    99.546609861    0.0    0
462    1562292332.48    1562292431.15    98.6700179577    4    0.0832    0.3328    98.7532179577    0.0    0
463    1562292332.81    1562292431.15    98.3376610279    64    0.9446    60.4544    99.2822610279    0.0    0
464    1562292332.92    1562292431.3    98.3754808903    64    0.9446    60.4544    99.3200808903    0.0    0
465    1562292333.13    1562292431.44    98.3113811016    16    0.0285    0.456    98.3398811016    0.0    0
466    1562292333.28    1562292431.45    98.1693999767    256    0.8    204.8    98.9693999767    0.0    0
467    1562292333.85    1562292433.7    99.8532829285    16    0.0429    0.6864    99.8961829285    0.0    0
468    1562292334.37    1562292433.71    99.3411250114    4    0.0059    0.0236    99.3470250114    0.0    0
469    1562292334.41    1562292433.71    99.3056058884    4    0.0059    0.0236    99.3115058884    0.0    0
470    1562292334.83    1562292433.72    98.8879518509    64    0.0125    0.8    98.9004518509    0.0    0
471    1562292335.21    1562292433.86    98.6546549797    64    0.1855    11.872    98.8401549797    0.0    0
472    1562292336.07    1562292434.02    97.9499571323    64    0.0234    1.4976    97.9733571323    0.0    0
473    1562292336.53    1562292434.14    97.6166639328    16    0.7616    12.1856    98.3782639328    0.0    0
474    1562292336.6    1562292434.15    97.5533931255    16    0.7616    12.1856    98.3149931255    0.0    0
475    1562292336.74    1562292434.16    97.4246149063    16    0.7616    12.1856    98.1862149063    0.0    0
476    1562292337.15    1562292434.17    97.0174248219    64    0.9446    60.4544    97.9620248219    0.0    0
477    1562292337.24    1562292434.31    97.0751781464    64    0.0055    0.352    97.0806781464    0.0    0
478    1562292337.33    1562292434.44    97.1074500084    16    0.0429    0.6864    97.1503500084    0.0    0
479    1562292337.38    1562292434.45    97.0697209835    4    0.0522    0.2088    97.1219209835    0.0    0
480    1562292337.75    1562292434.45    96.6987450123    256    0.0057    1.4592    96.7044450123    0.0    0
481    1562292337.77    1562292436.76    98.9863848686    16    0.0098    0.1568    98.9961848686    0.0    0
482    1562292338.14    1562292436.77    98.6277971268    64    0.1855    11.872    98.8132971268    0.0    0
483    1562292338.7    1562292436.92    98.2211999893    16    0.0429    0.6864    98.2640999893    0.0    0
484    1562292338.88    1562292436.93    98.0451390743    64    0.0234    1.4976    98.0685390743    0.0    0
485    1562292339.23    1562292437.08    97.8447010517    64    0.4167    26.6688    98.2614010517    0.0    0
486    1562292339.36    1562292437.23    97.873458147    4    0.0059    0.0236    97.879358147    0.0    0
487    1562292339.39    1562292437.23    97.8405148983    64    0.0234    1.4976    97.8639148983    0.0    0
488    1562292339.46    1562292437.38    97.9188361168    4    0.6452    2.5808    98.5640361168    0.0    0
489    1562292339.62    1562292437.39    97.7664730549    256    0.6189    158.4384    98.3853730549    0.0    0
490    1562292339.69    1562292439.66    99.9647209644    256    0.8    204.8    100.764720964    0.0    0
491    1562292340.08    1562292441.84    101.760052919    4    0.5956    2.3824    102.355652919    0.0    0
492    1562292340.44    1562292441.84    101.394451857    64    0.9446    60.4544    102.339051857    0.0    0
493    1562292340.74    1562292441.97    101.229338169    256    0.6189    158.4384    101.848238169    0.0    0
494    1562292341.53    1562292444.28    102.74720192    256    0.0057    1.4592    102.75290192    0.0    0
495    1562292341.7    1562292446.26    104.569348097    4    0.0059    0.0236    104.575248097    0.0    0
496    1562292341.86    1562292446.27    104.404690981    16    0.0429    0.6864    104.447590981    0.0    0
497    1562292342.2    1562292446.28    104.080034018    256    0.0177    4.5312    104.097734018    0.0    0
498    1562292342.35    1562292448.33    105.983772993    256    0.7528    192.7168    106.736572993    0.0    0
499    1562292342.51    1562292450.5    107.990190983    256    0.4221    108.0576    108.412290983    0.0    0
500    1562292343.1    1562292452.5    109.402185917    4    0.5956    2.3824    109.997785917    0.0    0
501    1562292343.56    1562292452.5    108.938148975    4    0.0832    0.3328    109.021348975    0.0    0
502    1562292343.75    1562292452.5    108.754605055    16    0.0098    0.1568    108.764405055    0.0    0
503    1562292344.2    1562292452.51    108.3061409    4    0.0059    0.0236    108.3120409    0.0    0
504    1562292344.28    1562292452.51    108.22658205    4    0.0832    0.3328    108.30978205    0.0    0
505    1562292344.36    1562292452.51    108.150622129    64    0.6779    43.3856    108.828522129    0.0    0
506    1562292344.58    1562292452.67    108.092530966    64    0.4167    26.6688    108.509230966    0.0    0
507    1562292345.37    1562292452.8    107.431973934    256    0.0057    1.4592    107.437673934    0.0    0
508    1562292345.38    1562292455.04    109.65702796    64    0.9446    60.4544    110.60162796    0.0    0
509    1562292345.59    1562292455.19    109.603018999    16    0.0098    0.1568    109.612818999    0.0    0
510    1562292345.98    1562292455.2    109.215024948    64    0.6779    43.3856    109.892924948    0.0    0
511    1562292346.4    1562292455.35    108.95700717    4    1.1283    4.5132    110.08530717    0.0    0
512    1562292346.6    1562292455.35    108.751029968    4    0.0059    0.0236    108.756929968    0.0    0
513    1562292346.87    1562292455.36    108.485160828    256    0.0177    4.5312    108.502860828    0.0    0
514    1562292347.05    1562292457.6    110.548634052    256    0.8    204.8    111.348634052    0.0    0
515    1562292347.62    1562292459.68    112.059389114    64    0.6779    43.3856    112.737289114    0.0    0
516    1562292348.32    1562292459.83    111.51044488    256    0.8    204.8    112.31044488    0.0    0
517    1562292348.49    1562292462.04    113.545356989    64    0.6779    43.3856    114.223256989    0.0    0
518    1562292348.72    1562292462.18    113.455899    256    0.6189    158.4384    114.074799    0.0    0
519    1562292349.46    1562292464.36    114.898917913    256    0.0057    1.4592    114.904617913    0.0    0
520    1562292349.69    1562292466.58    116.885478973    64    0.6779    43.3856    117.563378973    0.0    0
521    1562292350.18    1562292466.73    116.547945976    256    0.0177    4.5312    116.565645976    0.0    0
522    1562292350.45    1562292468.93    118.476169109    16    0.8805    14.088    119.356669109    0.0    0
523    1562292350.81    1562292468.94    118.131164074    256    0.0057    1.4592    118.136864074    0.0    0
524    1562292350.83    1562292471.38    120.550261021    64    0.0234    1.4976    120.573661021    0.0    0
525    1562292351.35    1562292471.54    120.189376116    16    0.0285    0.456    120.217876116    0.0    0
526    1562292351.88    1562292471.55    119.674412966    256    0.6189    158.4384    120.293312966    0.0    0
527    1562292352.04    1562292473.68    121.641019106    16    0.0285    0.456    121.669519106    0.0    0
528    1562292352.43    1562292473.69    121.255800009    16    0.0285    0.456    121.284300009    0.0    0
529    1562292352.86    1562292473.7    120.840952158    256    0.0057    1.4592    120.846652158    0.0    0
530    1562292353.43    1562292475.89    122.452787161    4    1.1283    4.5132    123.581087161    0.0    0
531    1562292353.81    1562292475.89    122.078415155    16    0.7616    12.1856    122.840015155    0.0    0
532    1562292353.93    1562292475.9    121.97154808    16    0.8805    14.088    122.85204808    0.0    0
533    1562292353.98    1562292475.91    121.924474001    64    0.0234    1.4976    121.947874001    0.0    0
534    1562292354.37    1562292476.03    121.661506176    4    0.0284    0.1136    121.689906176    0.0    0
535    1562292354.63    1562292476.03    121.398535967    4    0.0522    0.2088    121.450735967    0.0    0
536    1562292355.08    1562292476.03    120.949143887    4    0.5956    2.3824    121.544743887    0.0    0
537    1562292355.76    1562292476.04    120.273608923    256    0.0057    1.4592    120.279308923    0.0    0
538    1562292356.18    1562292478.25    122.067244053    64    0.0125    0.8    122.079744053    0.0    0
539    1562292356.2    1562292478.4    122.199923992    16    0.0429    0.6864    122.242823992    0.0    0
540    1562292356.28    1562292478.41    122.127378941    64    0.0055    0.352    122.132878941    0.0    0
541    1562292356.64    1562292478.54    121.904289007    256    0.4221    108.0576    122.326389007    0.0    0
542    1562292356.77    1562292480.55    123.77337122    64    0.0125    0.8    123.78587122    0.0    0
543    1562292357.04    1562292480.68    123.643348932    4    0.0522    0.2088    123.695548932    0.0    0
544    1562292357.24    1562292480.69    123.443302155    16    0.8805    14.088    124.323802155    0.0    0
545    1562292357.88    1562292480.7    122.811961889    16    0.0429    0.6864    122.854861889    0.0    0
546    1562292358.06    1562292480.7    122.642954111    16    0.0297    0.4752    122.672654111    0.0    0
547    1562292358.81    1562292480.71    121.906287909    16    0.8805    14.088    122.786787909    0.0    0
548    1562292359.06    1562292480.72    121.667755842    4    0.5956    2.3824    122.263355842    0.0    0
549    1562292359.24    1562292480.72    121.479351997    16    0.0429    0.6864    121.522251997    0.0    0
550    1562292359.35    1562292480.73    121.37855196    64    0.4167    26.6688    121.79525196    0.0    0
551    1562292359.47    1562292480.89    121.423485994    256    0.8    204.8    122.223485994    0.0    0
552    1562292359.76    1562292483.07    123.309178114    64    0.6779    43.3856    123.987078114    0.0    0
553    1562292359.94    1562292483.22    123.274198055    64    0.9446    60.4544    124.218798055    0.0    0
554    1562292360.31    1562292483.38    123.067815065    4    0.0284    0.1136    123.096215065    0.0    0
555    1562292360.66    1562292483.38    122.726970196    256    0.8    204.8    123.526970196    0.0    0
556    1562292360.77    1562292485.64    124.870690823    16    0.7616    12.1856    125.632290823    0.0    0
557    1562292360.94    1562292485.65    124.712282896    16    0.0297    0.4752    124.741982896    0.0    0
558    1562292361.11    1562292485.66    124.546772957    16    0.0285    0.456    124.575272957    0.0    0
559    1562292361.28    1562292485.67    124.388294935    16    0.7616    12.1856    125.149894935    0.0    0
560    1562292361.43    1562292485.68    124.247177839    64    0.4167    26.6688    124.663877839    0.0    0
561    1562292361.64    1562292485.83    124.18746686    64    0.0055    0.352    124.19296686    0.0    0
562    1562292361.86    1562292485.97    124.107954979    64    0.0055    0.352    124.113454979    0.0    0
563    1562292361.92    1562292486.12    124.205518961    256    0.0057    1.4592    124.211218961    0.0    0
564    1562292362.25    1562292488.28    126.024945021    4    1.1283    4.5132    127.153245021    0.0    0
565    1562292362.49    1562292488.28    125.790126085    4    0.6452    2.5808    126.435326085    0.0    0
566    1562292362.57    1562292488.28    125.716768026    256    0.7528    192.7168    126.469568026    0.0    0
567    1562292362.76    1562292490.54    127.778069019    4    1.1283    4.5132    128.906369019    0.0    0
568    1562292362.82    1562292490.54    127.718377113    16    0.0429    0.6864    127.761277113    0.0    0
569    1562292362.91    1562292490.55    127.637623072    16    0.0098    0.1568    127.647423072    0.0    0
570    1562292363.01    1562292490.56    127.549166203    64    0.0055    0.352    127.554666203    0.0    0
571    1562292363.24    1562292490.68    127.440220833    16    0.0297    0.4752    127.469920833    0.0    0
572    1562292363.41    1562292490.7    127.286387205    64    0.0055    0.352    127.291887205    0.0    0
573    1562292363.61    1562292490.84    127.23390317    256    0.0177    4.5312    127.25160317    0.0    0
574    1562292363.72    1562292493.01    129.294904947    16    0.0297    0.4752    129.324604947    0.0    0
575    1562292363.93    1562292493.02    129.093773842    256    0.6189    158.4384    129.712673842    0.0    0
576    1562292364.02    1562292495.16    131.144870996    4    0.0059    0.0236    131.150770996    0.0    0
577    1562292364.34    1562292495.17    130.827674866    64    0.9446    60.4544    131.772274866    0.0    0
578    1562292364.8    1562292495.32    130.522961855    256    0.7528    192.7168    131.275761855    0.0    0
579    1562292365.12    1562292497.44    132.322342873    256    0.7528    192.7168    133.075142873    0.0    0
580    1562292365.16    1562292499.66    134.505196095    16    0.0429    0.6864    134.548096095    0.0    0
581    1562292365.21    1562292499.67    134.458971977    4    0.0284    0.1136    134.487371977    0.0    0
582    1562292365.32    1562292499.67    134.3542521    64    0.0234    1.4976    134.3776521    0.0    0
583    1562292365.37    1562292499.82    134.454213142    4    0.0832    0.3328    134.537413142    0.0    0
584    1562292365.54    1562292499.82    134.279411077    256    0.4221    108.0576    134.701511077    0.0    0
585    1562292365.71    1562292502.06    136.345476866    64    0.0234    1.4976    136.368876866    0.0    0
586    1562292366.09    1562292502.19    136.101831913    4    0.0284    0.1136    136.130231913    0.0    0
587    1562292366.21    1562292502.19    135.984147072    16    0.0098    0.1568    135.993947072    0.0    0
588    1562292366.63    1562292502.2    135.576435089    16    0.7616    12.1856    136.338035089    0.0    0
589    1562292367.59    1562292502.21    134.624480009    4    0.5956    2.3824    135.220080009    0.0    0
590    1562292367.99    1562292502.21    134.228859901    256    0.8    204.8    135.028859901    0.0    0
591    1562292368.16    1562292504.27    136.105036974    4    0.0284    0.1136    136.133436974    0.0    0
592    1562292368.19    1562292504.27    136.080195904    256    0.6189    158.4384    136.699095904    0.0    0
593    1562292368.42    1562292506.28    137.867409945    256    0.6189    158.4384    138.486309945    0.0    0
594    1562292368.79    1562292508.46    139.674071074    16    0.0297    0.4752    139.703771074    0.0    0
595    1562292369.14    1562292508.47    139.335015059    64    0.1855    11.872    139.520515059    0.0    0
596    1562292369.49    1562292508.62    139.129248142    16    0.0297    0.4752    139.158948142    0.0    0
597    1562292369.74    1562292508.64    138.891554117    256    0.4221    108.0576    139.313654117    0.0    0
598    1562292369.95    1562292510.84    140.887248993    256    0.6189    158.4384    141.506148993    0.0    0
599    1562292369.99    1562292512.89    142.896716833    64    0.6779    43.3856    143.574616833    0.0    0

dispatched jobs are: 600 out of 600
average queue time is: 68.7900268352
fso links are used for 0 times
overall utilization is 0.0570297307481739
average response time is 69.1255203352
average weighted response time is 71.9302653261565
average slowdown is 107.06434434878356
cpu_request: 44976, cpu_run: 44976
ssd_request: 22171, ssd_run: 0
gpu_request: 22485, gpu_run: 0
cpu aspl: 0.0
cpu diameter: 0.0
job x: 0.0
job y: 0.0
job z: 0.0
