#timestep  occupied-CPU  total-CPU  utilization  queuingjobs
1    0    1024    0.0    1
2    0    1024    0.0    0
3    0    1024    0.0    0
4    0    1024    0.0    4
5    4    1024    0.00390625    5
6    320    1024    0.3125    0
7    80    1024    0.078125    2
8    256    1024    0.25    1
9    0    1024    0.0    5
10    0    1024    0.0    0
11    0    1024    0.0    2
12    256    1024    0.25    1
13    256    1024    0.25    1
14    0    1024    0.0    0
15    48    1024    0.046875    0
16    0    1024    0.0    1
17    4    1024    0.00390625    0
18    4    1024    0.00390625    0
19    0    1024    0.0    0
20    0    1024    0.0    3
21    236    1024    0.23046875    1
22    0    1024    0.0    0
23    64    1024    0.0625    0
24    4    1024    0.00390625    0
25    80    1024    0.078125    0
26    4    1024    0.00390625    0
27    0    1024    0.0    3
28    220    1024    0.21484375    4
29    16    1024    0.015625    2
30    80    1024    0.078125    0
31    0    1024    0.0    0
32    0    1024    0.0    2
33    4    1024    0.00390625    2
34    272    1024    0.265625    0
35    0    1024    0.0    3
36    256    1024    0.25    4
37    4    1024    0.00390625    0
38    94    1024    0.091796875    0
39    0    1024    0.0    2
40    256    1024    0.25    3
41    256    1024    0.25    0
42    0    1024    0.0    0
43    4    1024    0.00390625    0
44    0    1024    0.0    2
45    0    1024    0.0    3
46    0    1024    0.0    0
47    0    1024    0.0    2
48    0    1024    0.0    2
49    0    1024    0.0    4
50    256    1024    0.25    4
51    128    1024    0.125    2
52    256    1024    0.25    2
53    0    1024    0.0    2
54    256    1024    0.25    0
55    41    1024    0.0400390625    1
56    222    1024    0.216796875    0
57    148    1024    0.14453125    1
58    0    1024    0.0    1
59    0    1024    0.0    1
60    0    1024    0.0    2
61    256    1024    0.25    0
62    0    1024    0.0    0
63    0    1024    0.0    0
64    54    1024    0.052734375    1
65    256    1024    0.25    3
66    0    1024    0.0    0
67    80    1024    0.078125    0
68    1    1024    0.0009765625    2
69    291    1024    0.2841796875    1
70    64    1024    0.0625    0
71    0    1024    0.0    2
72    0    1024    0.0    4
73    152    1024    0.1484375    0
74    0    1024    0.0    2
75    320    1024    0.3125    4
76    256    1024    0.25    8
77    290    1024    0.283203125    8
78    0    1024    0.0    6
79    0    1024    0.0    7
80    256    1024    0.25    8
81    128    1024    0.125    6
82    272    1024    0.265625    1
83    240    1024    0.234375    1
84    0    1024    0.0    3
85    0    1024    0.0    4
86    0    1024    0.0    4
87    0    1024    0.0    6
88    0    1024    0.0    5
89    324    1024    0.31640625    0
90    4    1024    0.00390625    0
91    0    1024    0.0    0
92    0    1024    0.0    0
93    0    1024    0.0    1
94    0    1024    0.0    3
95    272    1024    0.265625    6
96    256    1024    0.25    7
97    324    1024    0.31640625    3
98    256    1024    0.25    3
99    320    1024    0.3125    2
100    0    1024    0.0    4
101    0    1024    0.0    2
102    320    1024    0.3125    0
103    4    1024    0.00390625    0
104    0    1024    0.0    3
105    256    1024    0.25    3
106    0    1024    0.0    3
107    260    1024    0.25390625    0
108    1    1024    0.0009765625    2
109    272    1024    0.265625    0
110    0    1024    0.0    4
111    324    1024    0.31640625    0
112    0    1024    0.0    0
113    0    1024    0.0    3
114    0    1024    0.0    6
115    4    1024    0.00390625    0
116    4    1024    0.00390625    0
117    0    1024    0.0    2
118    4    1024    0.00390625    0
119    4    1024    0.00390625    3
120    0    1024    0.0    2

average cpu utilization is: 0.0855305989583
average ssd utilization is: 0.145922851563
average gpu utilization is: 0.151033528646
average utilization is: 0.127495659722
average queuing jobs are: 1.90833333333
maximum queuing jobs are: 8


#job_number  submit  dispatch  queue  cpu#  runtime  weight  response(turnaround)  cpu_aspl  cpu_diameter
0    1562287929.72    1562287933.88    4.16299700737    64    0.1865    11.936    4.34949700737    3.91468253968    6
1    1562287934.81    1562287934.81    3.09944152832e-05    4    0.0284    0.1136    0.0284309944153    1.5    2
2    1562287934.97    1562287934.97    0.000139951705933    4    0.6477    2.5908    0.647839951706    1.5    2
3    1562287936.2    1562287937.12    0.926728010178    256    0.6811    174.3616    1.60782801018    5.04025735294    7
4    1562287936.53    1562287937.13    0.597885847092    4    1.1322    4.5288    1.73008584709    1.5    2
5    1562287936.92    1562287938.36    1.4441947937    256    0.7774    199.0144    2.2215947937    5.20879289216    8
6    1562287936.95    1562287938.37    1.41854405403    16    0.0432    0.6912    1.46174405403    2.58333333333    4
7    1562287937.13    1562287938.37    1.24806690216    16    0.0099    0.1584    1.25796690216    2.65    4
8    1562287937.2    1562287938.38    1.17691302299    16    0.03    0.48    1.20691302299    2.58333333333    4
9    1562287937.55    1562287938.46    0.91154718399    64    0.9639    61.6896    1.87544718399    4.12896825397    6
10    1562287939.04    1562287939.04    3.50475311279e-05    4    0.5984    2.3936    0.598435047531    1.5    2
11    1562287939.32    1562287939.32    0.000196933746338    16    0.7709    12.3344    0.771096933746    2.58333333333    4
12    1562287939.42    1562287939.5    0.075315952301    64    0.9575    61.28    1.0328159523    3.99950396825    6
13    1562287939.89    1562287941.04    1.14794492722    256    0.7774    199.0144    1.92534492722    5.07475490196    8
14    1562287940.0    1562287941.05    1.0485470295    16    0.0099    0.1584    1.0584470295    2.58333333333    4
15    1562287940.42    1562287942.27    1.84999299049    256    0.6811    174.3616    2.53109299049    5.32650122549    8
16    1562287941.42    1562287942.34    0.923851966858    64    0.1865    11.936    1.11035196686    3.91468253968    6
17    1562287941.75    1562287942.35    0.595664024353    16    0.7709    12.3344    1.36656402435    2.68333333333    4
18    1562287942.11    1562287942.35    0.237946987152    16    0.0099    0.1584    0.247846987152    2.58333333333    4
19    1562287942.13    1562287942.36    0.228114843369    16    0.03    0.48    0.258114843369    2.575    4
20    1562287942.17    1562287942.36    0.183264017105    4    0.0059    0.0236    0.189164017105    1.5    2
21    1562287942.74    1562287942.74    0.00030779838562    16    0.0099    0.1584    0.0102077983856    2.58333333333    4
22    1562287943.22    1562287943.22    -0.00046181678772    4    0.6477    2.5908    0.647238183212    1.5    2
23    1562287943.56    1562287944.62    1.06162500381    256    0.6811    174.3616    1.74272500381    4.96329656863    7
24    1562287943.95    1562287944.62    0.670448064804    4    0.0284    0.1136    0.698848064804    1.5    2
25    1562287944.33    1562287944.63    0.3028819561    16    0.0432    0.6912    0.3460819561    2.58333333333    4
26    1562287944.62    1562287944.63    0.0111241340637    16    0.0432    0.6912    0.0543241340637    2.65    4
27    1562287944.87    1562287944.87    6.31809234619e-05    4    0.0834    0.3336    0.0834631809235    1.5    2
28    1562287945.25    1562287946.23    0.976572990417    256    0.4475    114.56    1.42407299042    5.17555147059    8
29    1562287946.22    1562287946.31    0.090215921402    64    0.9575    61.28    1.0477159214    3.89136904762    6
30    1562287946.44    1562287946.44    2.21729278564e-05    16    0.0432    0.6912    0.0432221729279    2.625    4
31    1562287946.82    1562287946.82    4.91142272949e-05    4    0.0284    0.1136    0.0284491142273    1.5    2
32    1562287947.62    1562287947.62    -0.000372171401978    16    0.7709    12.3344    0.770527828598    2.58333333333    4
33    1562287947.63    1562287947.63    4.72068786621e-05    4    0.6477    2.5908    0.647747206879    1.5    2
34    1562287947.91    1562287947.91    0.000190019607544    16    0.4263    6.8208    0.426490019608    2.58333333333    4
35    1562287948.03    1562287948.03    -0.00318694114685    16    0.4263    6.8208    0.423113058853    2.58333333333    4
36    1562287948.69    1562287949.6    0.914412975311    256    0.0057    1.4592    0.920112975311    5.04025735294    7
37    1562287949.6    1562287949.6    0.000784158706665    4    0.0834    0.3336    0.0841841587067    1.5    2
38    1562287949.89    1562287949.89    3.88622283936e-05    16    0.4263    6.8208    0.426338862228    2.58333333333    4
39    1562287950.13    1562287950.13    2.8133392334e-05    4    0.5984    2.3936    0.598428133392    1.5    2
40    1562287951.14    1562287951.14    1.71661376953e-05    4    0.6477    2.5908    0.647717166138    1.5    2
41    1562287951.84    1562287951.84    0.000182867050171    16    0.0099    0.1584    0.0100828670502    2.58333333333    4
42    1562287952.07    1562287952.07    -0.000740051269531    4    0.0284    0.1136    0.0276599487305    1.5    2
43    1562287952.1    1562287952.18    0.084135055542    64    0.0056    0.3584    0.089735055542    3.89136904762    6
44    1562287952.78    1562287953.73    0.950289964676    256    0.8087    207.0272    1.75898996468    5.04025735294    7
45    1562287952.84    1562287953.74    0.896828889847    16    0.0432    0.6912    0.940028889847    2.58333333333    4
46    1562287953.11    1562287953.74    0.63200712204    16    0.0099    0.1584    0.64190712204    2.61666666667    4
47    1562287953.73    1562287953.74    0.0115120410919    4    0.0059    0.0236    0.0174120410919    1.5    2
48    1562287953.95    1562287953.95    -0.00599598884583    16    0.03    0.48    0.0240040111542    2.58333333333    4
49    1562287954.16    1562287954.16    0.000172853469849    16    0.0432    0.6912    0.0433728534698    2.58333333333    4
50    1562287954.56    1562287954.56    0.00238800048828    16    0.03    0.48    0.0323880004883    2.58333333333    4
51    1562287955.81    1562287955.83    0.0202140808105    64    0.9575    61.28    0.977714080811    3.91468253968    6
52    1562287956.01    1562287956.01    2.28881835938e-05    4    0.0284    0.1136    0.0284228881836    1.5    2
53    1562287957.51    1562287957.51    1.78813934326e-05    4    0.0834    0.3336    0.0834178813934    1.5    2
54    1562287957.8    1562287957.8    0.000180959701538    16    0.8867    14.1872    0.886880959702    2.58333333333    4
55    1562287958.22    1562287958.22    0.000189065933228    64    0.4242    27.1488    0.424389065933    3.89136904762    6
56    1562287958.69    1562287958.75    0.0525240898132    64    0.0056    0.3584    0.0581240898132    3.89136904762    6
57    1562287959.1    1562287959.1    -0.00168013572693    4    0.5984    2.3936    0.596719864273    1.5    2
58    1562287959.92    1562287959.97    0.050411939621    64    0.0131    0.8384    0.063511939621    3.91468253968    6
59    1562287960.05    1562287961.13    1.08013916016    256    0.4475    114.56    1.52763916016    5.04025735294    7
60    1562287960.37    1562287961.14    0.767830133438    16    0.0432    0.6912    0.811030133438    2.58333333333    4
61    1562287960.62    1562287961.15    0.527915000916    16    0.4263    6.8208    0.954215000916    2.61666666667    4
62    1562287960.86    1562287962.31    1.44851183891    256    0.0198    5.0688    1.46831183891    5.28458946078    8
63    1562287961.13    1562287962.31    1.1737139225    4    0.0834    0.3336    1.2571139225    1.5    2
64    1562287961.4    1562287962.31    0.912262201309    4    0.0834    0.3336    0.995662201309    1.5    2
65    1562287961.62    1562287962.31    0.696727991104    16    0.0296    0.4736    0.726327991104    2.58333333333    4
66    1562287961.96    1562287962.39    0.425572872162    64    0.0131    0.8384    0.438672872162    4.05009920635    6
67    1562287962.3    1562287962.4    0.0962429046631    16    0.0099    0.1584    0.106142904663    2.58333333333    4
68    1562287962.4    1562287962.4    2.40802764893e-05    16    0.7709    12.3344    0.770924080276    2.58333333333    4
69    1562287962.44    1562287963.51    1.06986808777    256    0.0057    1.4592    1.07556808777    4.96504289216    7
70    1562287962.67    1562287963.52    0.850008010864    16    0.0432    0.6912    0.893208010864    2.58333333333    4
71    1562287963.38    1562287963.61    0.226180076599    64    0.4242    27.1488    0.650380076599    4.06597222222    6
72    1562287963.69    1562287963.68    -0.00227284431458    16    0.4263    6.8208    0.424027155685    2.58333333333    4
73    1562287964.13    1562287964.13    3.19480895996e-05    16    0.0099    0.1584    0.0099319480896    2.58333333333    4
74    1562287965.29    1562287966.31    1.02317905426    256    0.0057    1.4592    1.02887905426    5.04025735294    7
75    1562287965.69    1562287966.31    0.624445915222    4    0.5984    2.3936    1.22284591522    1.5    2
76    1562287965.95    1562287967.47    1.52277493477    256    0.7774    199.0144    2.30017493477    5.20879289216    8
77    1562287966.65    1562287967.48    0.826310157776    16    0.8867    14.1872    1.71301015778    2.58333333333    4
78    1562287967.47    1562287967.48    0.0105810165405    16    0.0099    0.1584    0.0204810165405    2.65    4
79    1562287967.96    1562287967.96    0.00213980674744    16    0.03    0.48    0.0321398067474    2.65    4
80    1562287968.05    1562287968.05    7.60555267334e-05    4    0.6477    2.5908    0.647776055527    1.5    2
81    1562287968.58    1562287969.6    1.0173869133    256    0.4475    114.56    1.4648869133    5.04264705882    7
82    1562287968.7    1562287969.6    0.900250911713    16    0.0432    0.6912    0.943450911713    2.58333333333    4
83    1562287968.9    1562287970.76    1.86342287064    256    0.0057    1.4592    1.86912287064    5.21865808824    8
84    1562287969.25    1562287970.84    1.58638882637    64    0.0247    1.5808    1.61108882637    3.91468253968    6
85    1562287969.83    1562287970.84    1.00833892822    4    0.0834    0.3336    1.09173892822    1.5    2
86    1562287970.05    1562287970.84    0.792228937149    4    1.1322    4.5288    1.92442893715    1.5    2
87    1562287970.44    1562287970.84    0.40086889267    16    0.0296    0.4736    0.43046889267    2.55833333333    4
88    1562287971.2    1562287971.2    3.00407409668e-05    16    0.0099    0.1584    0.00993004074097    2.58333333333    4
89    1562287971.3    1562287971.3    0.000236034393311    16    0.4263    6.8208    0.426536034393    2.58333333333    4
90    1562287971.35    1562287971.35    -0.000214815139771    4    0.0526    0.2104    0.0523851848602    1.5    2
91    1562287971.38    1562287971.38    -0.00030517578125    4    0.0526    0.2104    0.0522948242188    1.5    2
92    1562287971.51    1562287971.51    -0.00173401832581    4    0.5984    2.3936    0.596665981674    1.5    2
93    1562287971.77    1562287971.77    0.000216007232666    16    0.7709    12.3344    0.771116007233    2.58333333333    4
94    1562287971.93    1562287971.93    0.000211954116821    64    0.9575    61.28    0.957711954117    3.99156746032    6
95    1562287971.97    1562287972.01    0.0386519432068    64    0.0247    1.5808    0.0633519432068    4.0064484127    6
96    1562287972.11    1562287972.11    0.000221967697144    4    0.0526    0.2104    0.0528219676971    1.5    2
97    1562287972.78    1562287973.8    1.01902604103    256    0.6811    174.3616    1.70012604103    5.05153186275    8
98    1562287972.93    1562287973.81    0.873840093613    16    0.0432    0.6912    0.917040093613    2.58333333333    4
99    1562287973.38    1562287974.95    1.56343817711    256    0.4475    114.56    2.01093817711    5.12362132353    8
100    1562287973.64    1562287974.95    1.30705022812    16    0.0099    0.1584    1.31695022812    2.58333333333    4
101    1562287974.14    1562287974.96    0.81244802475    16    0.03    0.48    0.84244802475    2.58333333333    4
102    1562287975.51    1562287975.56    0.0497860908508    64    0.0131    0.8384    0.0628860908508    3.91468253968    6
103    1562287976.44    1562287976.44    4.19616699219e-05    16    0.0099    0.1584    0.00994196166992    2.58333333333    4
104    1562287976.84    1562287976.87    0.0314559936523    64    0.1865    11.936    0.217955993652    3.91468253968    6
105    1562287977.03    1562287977.05    0.0245761871338    64    0.0131    0.8384    0.0376761871338    3.91716269841    6
106    1562287977.31    1562287977.31    3.60012054443e-05    4    0.0834    0.3336    0.0834360012054    1.5    2
107    1562287977.47    1562287978.48    1.01671886444    256    0.6811    174.3616    1.69781886444    5.04025735294    7
108    1562287977.78    1562287979.66    1.87482786179    256    0.6811    174.3616    2.55592786179    5.17331495098    8
109    1562287978.95    1562287979.66    0.708170175552    4    0.5984    2.3936    1.30657017555    1.5    2
110    1562287979.51    1562287979.72    0.213985919952    64    0.0247    1.5808    0.238685919952    4.06398809524    6
111    1562287980.79    1562287981.69    0.905438899994    256    0.6811    174.3616    1.58653889999    5.04025735294    7
112    1562287981.54    1562287981.7    0.152187824249    4    0.0284    0.1136    0.180587824249    1.5    2
113    1562287981.78    1562287982.85    1.06562900543    256    0.0057    1.4592    1.07132900543    5.17331495098    8
114    1562287982.0    1562287982.85    0.858113050461    16    0.0432    0.6912    0.901313050461    2.58333333333    4
115    1562287982.97    1562287983.98    1.01792001724    256    0.8087    207.0272    1.82662001724    5.04025735294    7
116    1562287983.15    1562287983.99    0.842401027679    16    0.0432    0.6912    0.885601027679    2.58333333333    4
117    1562287983.57    1562287984.06    0.492825031281    64    0.1872    11.9808    0.680025031281    4.14533730159    6
118    1562287983.73    1562287985.23    1.49611711502    256    0.0057    1.4592    1.50181711502    5.20441176471    8
119    1562287984.25    1562287985.31    1.0568549633    64    0.9575    61.28    2.0143549633    3.91468253968    6
120    1562287984.49    1562287985.38    0.892064809799    64    0.4242    27.1488    1.3162648098    3.91716269841    6
121    1562287984.76    1562287985.38    0.622829914093    4    0.0284    0.1136    0.651229914093    1.5    2
122    1562287985.38    1562287985.39    0.00665187835693    16    0.0099    0.1584    0.0165518783569    2.63333333333    4
123    1562287985.75    1562287986.76    1.01265096664    256    0.7774    199.0144    1.79005096664    5.18737745098    8
124    1562287985.82    1562287986.76    0.942433834076    4    0.0284    0.1136    0.970833834076    1.5    2
125    1562287986.31    1562287986.85    0.539819002151    64    0.4242    27.1488    0.964019002151    3.89136904762    6
126    1562287986.83    1562287986.85    0.0237739086151    16    0.4263    6.8208    0.450073908615    2.58333333333    4
127    1562287986.93    1562287986.98    0.0532469749451    64    0.0135    0.864    0.0667469749451    4.17013888889    6
128    1562287987.44    1562287988.54    1.0995850563    256    0.7774    199.0144    1.8769850563    5.14466911765    8
129    1562287987.82    1562287988.54    0.718317985535    4    0.0284    0.1136    0.746717985535    1.5    2
130    1562287989.12    1562287989.14    0.028165102005    64    0.9639    61.6896    0.992065102005    4.14037698413    6
131    1562287989.29    1562287989.29    1.28746032715e-05    4    0.6477    2.5908    0.647712874603    1.5    2
132    1562287989.57    1562287989.57    3.81469726562e-05    16    0.4263    6.8208    0.426338146973    2.58333333333    4
133    1562287989.99    1562287991.13    1.13880395889    256    0.0198    5.0688    1.15860395889    5.11305147059    8
134    1562287990.23    1562287991.14    0.905253887177    16    0.4263    6.8208    1.33155388718    2.58333333333    4
135    1562287990.62    1562287991.14    0.522621154785    16    0.8867    14.1872    1.40932115479    2.55    4
136    1562287990.86    1562287991.14    0.285323143005    4    0.0526    0.2104    0.337923143005    1.5    2
137    1562287991.48    1562287991.53    0.052227973938    64    0.9575    61.28    1.00972797394    3.90079365079    6
138    1562287991.53    1562287991.54    0.00567698478699    16    0.0296    0.4736    0.035276984787    2.58333333333    4
139    1562287991.69    1562287991.69    2.8133392334e-05    4    0.0834    0.3336    0.0834281333923    1.5    2
140    1562287991.71    1562287991.71    -0.000270128250122    4    0.5984    2.3936    0.59812987175    1.5    2
141    1562287991.94    1562287991.94    0.000194072723389    16    0.7709    12.3344    0.771094072723    2.58333333333    4
142    1562287992.04    1562287992.07    0.037584066391    64    0.9575    61.28    0.995084066391    4.00892857143    6
143    1562287992.07    1562287992.08    0.001216173172    4    0.0834    0.3336    0.084616173172    1.5    2
144    1562287992.08    1562287992.08    0.000196933746338    16    0.0099    0.1584    0.0100969337463    2.63333333333    4
145    1562287992.11    1562287992.17    0.0553159713745    64    0.0056    0.3584    0.0609159713745    4.12996031746    6
146    1562287992.72    1562287993.78    1.05617594719    256    0.0198    5.0688    1.07597594719    5.07110906863    8
147    1562287993.59    1562287993.78    0.190869092941    16    0.0296    0.4736    0.220469092941    2.58333333333    4
148    1562287994.05    1562287995.06    1.01723909378    256    0.0198    5.0688    1.03703909378    5.04025735294    7
149    1562287994.44    1562287996.21    1.76942896843    256    0.7774    199.0144    2.54682896843    5.17331495098    8
150    1562287995.14    1562287996.27    1.13154101372    64    0.0131    0.8384    1.14464101372    3.91468253968    6
151    1562287996.08    1562287996.35    0.266556978226    64    0.0131    0.8384    0.279656978226    4.03373015873    6
152    1562287997.23    1562287997.23    0.000195980072021    64    0.0131    0.8384    0.013295980072    3.91468253968    6
153    1562287997.5    1562287997.5    0.000146865844727    4    0.0526    0.2104    0.0527468658447    1.5    2
154    1562287997.53    1562287997.53    0.000160932540894    4    0.0284    0.1136    0.0285609325409    1.5    2
155    1562287997.66    1562287997.7    0.0382549762726    64    0.4242    27.1488    0.462454976273    3.91468253968    6
156    1562287998.36    1562287998.36    0.000143051147461    64    0.0131    0.8384    0.0132430511475    3.91468253968    6
157    1562287999.33    1562287999.33    0.000211954116821    16    0.8867    14.1872    0.886911954117    2.58333333333    4
158    1562287999.4    1562287999.45    0.0487821102142    64    0.1865    11.936    0.235282110214    3.89136904762    6
159    1562287999.6    1562288000.66    1.0679910183    256    0.4475    114.56    1.5154910183    5.08786764706    7
160    1562287999.94    1562288000.67    0.728863954544    4    0.6477    2.5908    1.37656395454    1.5    2
161    1562288000.14    1562288000.67    0.529973983765    4    0.5984    2.3936    1.12837398376    1.5    2
162    1562288000.65    1562288000.68    0.0237331390381    16    0.8867    14.1872    0.910433139038    2.575    4
163    1562288000.79    1562288000.79    0.000176191329956    16    0.7709    12.3344    0.77107619133    2.65    4
164    1562288001.94    1562288001.94    -0.00639200210571    16    0.8867    14.1872    0.880307997894    2.58333333333    4
165    1562288002.14    1562288002.14    0.000195980072021    64    0.6889    44.0896    0.689095980072    3.89136904762    6
166    1562288003.03    1562288003.03    0.000171184539795    64    0.6889    44.0896    0.68907118454    3.91468253968    6
167    1562288003.1    1562288003.14    0.0464780330658    64    0.0056    0.3584    0.0520780330658    3.91716269841    6
168    1562288003.33    1562288004.46    1.12443494797    256    0.8087    207.0272    1.93313494797    4.99727328431    8
169    1562288003.6    1562288004.46    0.867908000946    16    0.4263    6.8208    1.29420800095    2.58333333333    4
170    1562288004.05    1562288004.53    0.484653949738    64    0.0254    1.6256    0.510053949738    4.12400793651    6
171    1562288004.11    1562288004.54    0.42670416832    16    0.4263    6.8208    0.85300416832    2.65    4
172    1562288004.35    1562288004.54    0.188417196274    4    1.1322    4.5288    1.32061719627    1.5    2
173    1562288004.53    1562288005.71    1.17431712151    256    0.0198    5.0688    1.19411712151    5.36482843137    8
174    1562288005.36    1562288005.79    0.431849002838    64    0.1865    11.936    0.618349002838    4.03968253968    6
175    1562288005.95    1562288005.95    0.0001540184021    4    0.6477    2.5908    0.647854018402    1.5    2
176    1562288006.04    1562288006.04    0.000185012817383    16    0.03    0.48    0.0301850128174    2.58333333333    4
177    1562288006.1    1562288006.09    -0.00468182563782    16    0.0296    0.4736    0.0249181743622    2.58333333333    4
178    1562288006.43    1562288007.57    1.1355099678    256    0.0198    5.0688    1.1553099678    5.04712009804    7
179    1562288006.46    1562288008.69    2.22806715965    256    0.0198    5.0688    2.24786715965    5.19307598039    8
180    1562288007.16    1562288008.77    1.6109931469    64    0.0131    0.8384    1.6240931469    3.91468253968    6
181    1562288007.57    1562288008.77    1.19992685318    4    0.5984    2.3936    1.79832685318    1.5    2
182    1562288008.03    1562288008.85    0.81812787056    64    0.6889    44.0896    1.50702787056    3.99156746032    6
183    1562288008.69    1562288008.85    0.165136814117    4    0.5984    2.3936    0.763536814117    1.5    2
184    1562288008.85    1562288008.86    0.00513505935669    16    0.7709    12.3344    0.776035059357    2.65    4
185    1562288008.98    1562288009.03    0.0528538227081    64    0.9575    61.28    1.01035382271    3.99007936508    6
186    1562288009.55    1562288010.7    1.14105892181    256    0.4475    114.56    1.58855892181    5.17521446078    8
187    1562288010.01    1562288010.79    0.782979011536    64    0.6958    44.5312    1.47877901154    4.19692460317    6
188    1562288010.61    1562288011.95    1.348528862    256    0.7774    199.0144    2.125928862    5.17313112745    8
189    1562288010.68    1562288013.05    2.36782383919    256    0.6811    174.3616    3.04892383919    5.03893995098    8
190    1562288010.79    1562288013.05    2.26723718643    16    0.0099    0.1584    2.27713718643    2.58333333333    4
191    1562288010.9    1562288013.13    2.22936010361    64    0.0056    0.3584    2.23496010361    4.06994047619    6
192    1562288011.36    1562288013.21    1.84596991539    64    0.0131    0.8384    1.85906991539    3.99454365079    6
193    1562288011.49    1562288013.3    1.80468297005    64    0.6889    44.0896    2.49358297005    4.06994047619    6
194    1562288011.61    1562288013.36    1.75023198128    64    0.1865    11.936    1.93673198128    3.99454365079    6
195    1562288011.78    1562288013.37    1.58921504021    16    0.4263    6.8208    2.01551504021    2.61666666667    4
196    1562288012.16    1562288013.44    1.27095198631    64    0.0254    1.6256    1.29635198631    4.43055555556    6
197    1562288012.37    1562288014.62    2.25089693069    256    0.4594    117.6064    2.71029693069    5.47138480392    9
198    1562288012.87    1562288014.63    1.75648283958    16    0.0296    0.4736    1.78608283958    2.58333333333    4
199    1562288013.05    1562288015.77    2.72437381744    256    0.8087    207.0272    3.53307381744    5.1884497549    8
200    1562288013.13    1562288015.78    2.64942002296    16    0.0099    0.1584    2.65932002296    2.58333333333    4
201    1562288013.65    1562288016.9    3.24468708038    256    0.0057    1.4592    3.25038708038    5.1712622549    8
202    1562288013.97    1562288016.98    3.00562000275    64    0.9575    61.28    3.96312000275    4.03075396825    6
203    1562288014.85    1562288017.05    2.20579409599    64    0.0056    0.3584    2.21139409599    3.91716269841    6
204    1562288015.12    1562288017.05    1.93368005753    4    0.0059    0.0236    1.93958005753    1.5    2
205    1562288015.15    1562288017.05    1.90432214737    4    0.0834    0.3336    1.98772214737    1.5    2
206    1562288015.69    1562288017.05    1.36696100235    4    0.0526    0.2104    1.41956100235    1.5    2
207    1562288016.22    1562288017.14    0.918079853058    64    0.6889    44.0896    1.60697985306    3.89236111111    6
208    1562288016.56    1562288018.31    1.74225401878    256    0.4475    114.56    2.18975401878    5.05517769608    8
209    1562288016.9    1562288018.38    1.48758482933    64    0.1865    11.936    1.67408482933    3.91468253968    6
210    1562288016.95    1562288018.38    1.43057703972    4    0.0284    0.1136    1.45897703972    1.5    2
211    1562288017.14    1562288018.39    1.25005221367    16    0.8867    14.1872    2.13675221367    2.63333333333    4
212    1562288017.54    1562288018.39    0.851910114288    16    0.0099    0.1584    0.861810114288    2.58333333333    4
213    1562288017.6    1562288018.39    0.794182062149    4    0.0284    0.1136    0.822582062149    1.5    2
214    1562288017.84    1562288018.4    0.558726072311    4    0.0059    0.0236    0.564626072311    1.5    2
215    1562288017.92    1562288019.59    1.66650795937    256    0.0198    5.0688    1.68630795937    5.17025122549    8
216    1562288019.59    1562288020.78    1.19274377823    256    0.6811    174.3616    1.87384377823    5.07245710784    8
217    1562288019.94    1562288021.89    1.95114779472    256    0.7774    199.0144    2.72854779472    5.24445465686    8
218    1562288020.53    1562288021.89    1.36703896523    4    0.0526    0.2104    1.41963896523    1.5    2
219    1562288020.78    1562288021.9    1.11874103546    16    0.7709    12.3344    1.88964103546    2.55833333333    4
220    1562288021.1    1562288021.9    0.801120042801    16    0.4263    6.8208    1.2274200428    2.7    4
221    1562288021.89    1562288023.11    1.22146701813    256    0.0198    5.0688    1.24126701813    5.15226715686    8
222    1562288022.09    1562288024.26    2.1712770462    256    0.6811    174.3616    2.8523770462    5.10220588235    8
223    1562288022.34    1562288024.27    1.92596077919    16    0.0099    0.1584    1.93586077919    2.58333333333    4
224    1562288022.45    1562288024.35    1.89966487885    64    0.0056    0.3584    1.90526487885    4.21726190476    6
225    1562288023.1    1562288024.42    1.32132601738    64    0.0254    1.6256    1.34672601738    4.1498015873    6
226    1562288023.21    1562288025.6    2.39099812508    256    0.4475    114.56    2.83849812508    5.1621629902    8
227    1562288023.7    1562288025.68    1.98891711235    64    0.9575    61.28    2.94641711235    3.93501984127    6
228    1562288024.23    1562288025.69    1.4536819458    4    0.6477    2.5908    2.1013819458    1.5    2
229    1562288024.4    1562288025.69    1.28387713432    4    0.0284    0.1136    1.31227713432    1.5    2
230    1562288024.96    1562288025.69    0.728318929672    4    0.0284    0.1136    0.756718929672    1.5    2
231    1562288025.28    1562288025.69    0.415992021561    16    0.03    0.48    0.445992021561    2.61666666667    4
232    1562288026.12    1562288026.12    0.000261068344116    4    0.0834    0.3336    0.0836610683441    1.5    2
233    1562288027.04    1562288027.04    -0.00172305107117    4    0.0834    0.3336    0.0816769489288    1.5    2
234    1562288027.85    1562288027.85    0.000171899795532    16    0.0432    0.6912    0.0433718997955    2.58333333333    4
235    1562288028.1    1562288028.1    2.40802764893e-05    16    0.03    0.48    0.0300240802765    2.58333333333    4
236    1562288029.52    1562288030.47    0.9591588974    256    0.0057    1.4592    0.9648588974    5.04025735294    7
237    1562288030.34    1562288031.65    1.31867790222    256    0.7774    199.0144    2.09607790222    5.17331495098    8
238    1562288030.47    1562288031.66    1.18535494804    16    0.8867    14.1872    2.07205494804    2.58333333333    4
239    1562288031.22    1562288032.85    1.63156509399    256    0.8087    207.0272    2.44026509399    5.26274509804    8
240    1562288031.41    1562288032.85    1.43873405457    4    0.0284    0.1136    1.46713405457    1.5    2
241    1562288031.75    1562288033.96    2.20742797852    256    0.7774    199.0144    2.98482797852    5.12791053922    8
242    1562288032.07    1562288033.96    1.88826179504    4    0.0059    0.0236    1.89416179504    1.5    2
243    1562288032.17    1562288033.97    1.79283595085    16    0.0432    0.6912    1.83603595085    2.58333333333    4
244    1562288032.29    1562288033.97    1.68091511726    4    1.1322    4.5288    2.81311511726    1.5    2
245    1562288032.44    1562288034.04    1.6062669754    64    0.0056    0.3584    1.6118669754    4.17956349206    6
246    1562288032.69    1562288034.12    1.42838120461    64    0.6958    44.5312    2.12418120461    4.15277777778    6
247    1562288033.33    1562288034.19    0.86364197731    64    0.0135    0.864    0.87714197731    4.16071428571    6
248    1562288034.02    1562288035.32    1.30350518227    256    0.7774    199.0144    2.08090518227    5.29528186275    8
249    1562288034.12    1562288035.32    1.2021420002    4    0.0059    0.0236    1.2080420002    1.5    2
250    1562288034.24    1562288036.54    2.30070400238    256    0.7774    199.0144    3.07810400238    5.01400122549    8
251    1562288034.84    1562288036.61    1.76126599312    64    0.1872    11.9808    1.94846599312    4.08829365079    6
252    1562288035.5    1562288036.61    1.10929012299    4    0.0059    0.0236    1.11519012299    1.5    2
253    1562288035.77    1562288037.82    2.04965615273    256    0.6811    174.3616    2.73075615273    5.25333946078    8
254    1562288035.94    1562288037.9    1.95122289658    64    0.1865    11.936    2.13772289658    3.94791666667    6
255    1562288036.79    1562288037.9    1.11128783226    4    0.0284    0.1136    1.13968783226    1.5    2
256    1562288037.21    1562288037.9    0.691767930984    16    0.03    0.48    0.721767930984    2.58333333333    4
257    1562288037.9    1562288037.9    0.00928711891174    16    0.0296    0.4736    0.0388871189117    2.73333333333    4
258    1562288038.13    1562288039.28    1.15167808533    256    0.7774    199.0144    1.92907808533    5.11381740196    8
259    1562288038.47    1562288039.35    0.874583005905    64    0.9639    61.6896    1.83848300591    4.17063492063    6
260    1562288039.28    1562288039.35    0.0713250637054    16    0.0432    0.6912    0.114525063705    2.63333333333    4
261    1562288039.71    1562288039.72    0.000236988067627    16    0.0099    0.1584    0.0101369880676    2.63333333333    4
262    1562288040.08    1562288040.11    0.0361847877502    64    0.0131    0.8384    0.0492847877502    4.05704365079    6
263    1562288040.51    1562288040.5    -0.00534200668335    4    1.1322    4.5288    1.12685799332    1.5    2
264    1562288041.44    1562288042.52    1.08165121078    256    0.8087    207.0272    1.89035121078    4.96329656863    7
265    1562288041.63    1562288043.61    1.9827849865    256    0.0057    1.4592    1.9884849865    5.17555147059    8
266    1562288041.91    1562288044.67    2.76165103912    256    0.7774    199.0144    3.53905103912    4.96329656863    7
267    1562288042.52    1562288044.68    2.15586018562    16    0.0432    0.6912    2.19906018562    2.58333333333    4
268    1562288043.34    1562288044.75    1.41551685333    64    0.4242    27.1488    1.83971685333    4.06597222222    6
269    1562288045.01    1562288045.01    0.0019359588623    64    0.1865    11.936    0.188435958862    4.08234126984    6
270    1562288045.25    1562288045.25    6.60419464111e-05    4    1.1322    4.5288    1.13226604195    1.5    2
271    1562288045.84    1562288046.79    0.954294919968    256    0.8087    207.0272    1.76299491997    4.96329656863    7
272    1562288046.38    1562288046.8    0.414833068848    16    0.7709    12.3344    1.18573306885    2.58333333333    4
273    1562288047.46    1562288047.46    3.09944152832e-05    4    0.0059    0.0236    0.00593099441528    1.5    2
274    1562288047.55    1562288047.55    0.000357866287231    64    0.6889    44.0896    0.689257866287    4.06597222222    6
275    1562288047.85    1562288048.83    0.974972009659    256    0.6811    174.3616    1.65607200966    5.04901960784    7
276    1562288048.1    1562288048.83    0.732388019562    16    0.0296    0.4736    0.761988019562    2.58333333333    4
277    1562288048.26    1562288048.91    0.648497819901    64    0.6889    44.0896    1.3373978199    4.02579365079    6
278    1562288048.47    1562288048.91    0.434072971344    4    0.0284    0.1136    0.462472971344    1.5    2
279    1562288049.02    1562288049.02    0.000238180160522    16    0.03    0.48    0.0302381801605    2.58333333333    4
280    1562288049.2    1562288049.2    7.48634338379e-05    4    1.1322    4.5288    1.13227486343    1.5    2
281    1562288050.08    1562288050.08    2.19345092773e-05    16    0.03    0.48    0.0300219345093    2.58333333333    4
282    1562288050.75    1562288051.66    0.911336183548    256    0.8087    207.0272    1.72003618355    5.04025735294    7
283    1562288051.13    1562288052.81    1.68305397034    256    0.0198    5.0688    1.70285397034    5.17331495098    8
284    1562288051.58    1562288052.81    1.22937989235    4    1.1322    4.5288    2.36157989235    1.5    2
285    1562288052.19    1562288052.89    0.706182003021    64    0.6889    44.0896    1.39508200302    4.06398809524    6
286    1562288052.31    1562288052.9    0.592479944229    16    0.0432    0.6912    0.635679944229    2.55    4
287    1562288052.66    1562288052.9    0.244766950607    16    0.0296    0.4736    0.274366950607    2.58333333333    4
288    1562288052.77    1562288052.98    0.208987951279    64    0.1865    11.936    0.395487951279    3.82589285714    6
289    1562288053.88    1562288053.88    6.79492950439e-05    4    0.0059    0.0236    0.00596794929504    1.5    2
290    1562288053.99    1562288053.99    4.00543212891e-05    4    0.0526    0.2104    0.0526400543213    1.5    2
291    1562288054.63    1562288054.63    3.09944152832e-05    4    0.5984    2.3936    0.598430994415    1.5    2
292    1562288054.89    1562288054.89    0.000155210494995    16    0.03    0.48    0.030155210495    2.55    4
293    1562288054.98    1562288056.08    1.1050260067    256    0.4475    114.56    1.5525260067    4.96329656863    7
294    1562288055.68    1562288056.15    0.467080116272    64    0.1865    11.936    0.653580116272    4.07390873016    6
295    1562288056.93    1562288056.93    2.59876251221e-05    4    1.1322    4.5288    1.13222598763    1.5    2
296    1562288057.14    1562288058.15    1.00627112389    256    0.8087    207.0272    1.81497112389    4.96329656863    7
297    1562288057.3    1562288058.16    0.860137939453    16    0.8867    14.1872    1.74683793945    2.58333333333    4
298    1562288058.02    1562288059.22    1.20614790916    256    0.6811    174.3616    1.88724790916    5.16378676471    8
299    1562288058.79    1562288059.29    0.502258062363    64    0.4242    27.1488    0.926458062363    4.00198412698    6

dispatched jobs are: 300 out of 300
average queue time is: 0.750683164597
fso links are used for 0 times
overall utilization is 0.07882264917770673
average response time is 1.09819149793
average weighted response time is 1.9904848287213872
average slowdown is 2.8052290209483037
cpu_request: 22860, cpu_run: 22860
ssd_request: 11643, ssd_run: 0
gpu_request: 12015, gpu_run: 0
cpu aspl: 3.19819666686
cpu diameter: 4.76333333333
job x: 0.0
job y: 0.0
job z: 0.0
