#timestep  occupied-CPU  total-CPU  utilization  queuingjobs
1    16    1024    0.015625    1
2    0    1024    0.0    1
3    0    1024    0.0    3
4    384    1024    0.375    2
5    70    1024    0.068359375    3
6    260    1024    0.25390625    1
7    0    1024    0.0    2
8    0    1024    0.0    2
9    260    1024    0.25390625    2
10    0    1024    0.0    7
11    64    1024    0.0625    5
12    256    1024    0.25    7
13    84    1024    0.08203125    7
14    115    1024    0.1123046875    10
15    0    1024    0.0    13
16    0    1024    0.0    7
17    256    1024    0.25    7
18    256    1024    0.25    10
19    320    1024    0.3125    12
20    256    1024    0.25    18
21    256    1024    0.25    20
22    4    1024    0.00390625    18
23    64    1024    0.0625    18
24    4    1024    0.00390625    18
25    86    1024    0.083984375    16
26    390    1024    0.380859375    14
27    0    1024    0.0    10
28    0    1024    0.0    8
29    139    1024    0.1357421875    11
30    64    1024    0.0625    7
31    260    1024    0.25390625    7
32    47    1024    0.0458984375    6
33    64    1024    0.0625    1
34    48    1024    0.046875    1
35    0    1024    0.0    5
36    0    1024    0.0    9
37    0    1024    0.0    8
38    0    1024    0.0    11
39    0    1024    0.0    13
40    90    1024    0.087890625    15
41    272    1024    0.265625    17
42    256    1024    0.25    21
43    256    1024    0.25    25
44    256    1024    0.25    27
45    0    1024    0.0    31
46    0    1024    0.0    26
47    4    1024    0.00390625    21
48    320    1024    0.3125    20
49    272    1024    0.265625    22
50    0    1024    0.0    25
51    4    1024    0.00390625    21
52    68    1024    0.06640625    20
53    69    1024    0.0673828125    18
54    0    1024    0.0    22
55    0    1024    0.0    20
56    0    1024    0.0    22
57    0    1024    0.0    23
58    24    1024    0.0234375    21
59    20    1024    0.01953125    21
60    288    1024    0.28125    22
61    256    1024    0.25    24
62    0    1024    0.0    28
63    0    1024    0.0    24
64    114    1024    0.111328125    18
65    256    1024    0.25    22
66    104    1024    0.1015625    19
67    256    1024    0.25    21
68    0    1024    0.0    23
69    214    1024    0.208984375    23
70    44    1024    0.04296875    7
71    8    1024    0.0078125    2
72    320    1024    0.3125    5
73    0    1024    0.0    10
74    0    1024    0.0    10
75    0    1024    0.0    11
76    0    1024    0.0    14
77    0    1024    0.0    17
78    0    1024    0.0    19
79    256    1024    0.25    19
80    0    1024    0.0    23
81    36    1024    0.03515625    20
82    256    1024    0.25    24
83    356    1024    0.34765625    22
84    0    1024    0.0    26
85    0    1024    0.0    28
86    0    1024    0.0    31
87    0    1024    0.0    34
88    0    1024    0.0    34
89    4    1024    0.00390625    31
90    476    1024    0.46484375    12
91    0    1024    0.0    17
92    0    1024    0.0    21
93    12    1024    0.01171875    22
94    192    1024    0.1875    22
95    320    1024    0.3125    23
96    84    1024    0.08203125    20
97    275    1024    0.2685546875    19
98    0    1024    0.0    24
99    135    1024    0.1318359375    11
100    108    1024    0.10546875    9
101    0    1024    0.0    8
102    0    1024    0.0    10
103    25    1024    0.0244140625    11
104    0    1024    0.0    12
105    0    1024    0.0    12
106    320    1024    0.3125    13
107    0    1024    0.0    7
108    310    1024    0.302734375    0
109    4    1024    0.00390625    0
110    16    1024    0.015625    1
111    0    1024    0.0    5
112    0    1024    0.0    6
113    0    1024    0.0    11
114    0    1024    0.0    13
115    256    1024    0.25    13
116    320    1024    0.3125    15
117    320    1024    0.3125    15
118    320    1024    0.3125    14
119    0    1024    0.0    20
120    128    1024    0.125    17
121    368    1024    0.359375    12
122    224    1024    0.21875    15
123    0    1024    0.0    12
124    0    1024    0.0    15
125    320    1024    0.3125    14
126    256    1024    0.25    19
127    0    1024    0.0    20
128    0    1024    0.0    21
129    256    1024    0.25    25
130    324    1024    0.31640625    20
131    0    1024    0.0    23
132    68    1024    0.06640625    20
133    0    1024    0.0    23
134    320    1024    0.3125    24
135    320    1024    0.3125    27
136    256    1024    0.25    29
137    132    1024    0.12890625    34
138    0    1024    0.0    35
139    0    1024    0.0    39
140    0    1024    0.0    41
141    256    1024    0.25    43
142    40    1024    0.0390625    41
143    62    1024    0.060546875    44
144    0    1024    0.0    47
145    0    1024    0.0    39
146    384    1024    0.375    40
147    352    1024    0.34375    37
148    33    1024    0.0322265625    34
149    0    1024    0.0    34
150    0    1024    0.0    27
151    0    1024    0.0    25
152    0    1024    0.0    22
153    184    1024    0.1796875    21
154    185    1024    0.1806640625    16
155    16    1024    0.015625    10
156    256    1024    0.25    8
157    0    1024    0.0    7
158    0    1024    0.0    3
159    0    1024    0.0    2

average cpu utilization is: 0.104013119104
average ssd utilization is: 0.0879397602201
average gpu utilization is: 0.0862016018082
average utilization is: 0.0927181603774
average queuing jobs are: 17.2389937107
maximum queuing jobs are: 47


#job_number  submit  dispatch  queue  cpu#  runtime  weight  response(turnaround)  cpu_aspl  cpu_diameter
0    1562291452.65    1562291456.11    3.45429897308    16    0.7616    12.1856    4.21589897308    2.58333333333    4
1    1562291456.21    1562291456.21    -0.000787973403931    64    0.6779    43.3856    0.677112026596    3.88045634921    6
2    1562291456.27    1562291456.27    -0.00656509399414    16    0.7616    12.1856    0.755034906006    2.58333333333    4
3    1562291456.55    1562291456.55    0.000126123428345    4    0.0284    0.1136    0.0285261234283    1.5    2
4    1562291456.59    1562291456.65    0.0597109794617    64    0.0234    1.4976    0.0831109794617    3.9935515873    6
5    1562291457.12    1562291457.13    0.00354909896851    64    0.1855    11.872    0.189049098969    3.89484126984    6
6    1562291457.31    1562291457.31    0.00019907951355    64    0.6779    43.3856    0.678099079514    3.97767857143    6
7    1562291457.4    1562291457.43    0.0314910411835    64    0.4167    26.6688    0.448191041183    3.89484126984    6
8    1562291457.85    1562291458.95    1.09403085709    256    0.7528    192.7168    1.84683085709    5.07469362745    8
9    1562291458.0    1562291458.95    0.949130058289    4    0.0832    0.3328    1.03233005829    1.5    2
10    1562291458.05    1562291459.02    0.967950105667    64    0.4167    26.6688    1.38465010567    3.88045634921    6
11    1562291458.79    1562291459.1    0.312386035919    64    0.1855    11.872    0.497886035919    4.16468253968    6
12    1562291458.84    1562291459.11    0.267940044403    16    0.0098    0.1568    0.277740044403    2.58333333333    4
13    1562291459.01    1562291459.2    0.181805849075    64    0.0125    0.8    0.194305849075    4.13591269841    6
14    1562291459.12    1562291459.2    0.074285030365    4    0.6452    2.5808    0.719485030365    1.5    2
15    1562291459.28    1562291459.28    0.000267028808594    16    0.0297    0.4752    0.0299670288086    2.58333333333    4
16    1562291459.33    1562291459.33    3.2901763916e-05    16    0.8805    14.088    0.880532901764    2.65    4
17    1562291459.69    1562291459.69    3.09944152832e-05    4    0.6452    2.5808    0.645230994415    1.5    2
18    1562291459.82    1562291459.83    0.00779891014099    64    0.4167    26.6688    0.424498910141    3.88392857143    6
19    1562291459.99    1562291461.09    1.10019612312    256    0.6189    158.4384    1.71909612312    5.15713848039    8
20    1562291460.17    1562291461.09    0.916684150696    4    0.0832    0.3328    0.999884150696    1.5    2
21    1562291460.22    1562291461.09    0.875030040741    4    0.0832    0.3328    0.958230040741    1.5    2
22    1562291460.53    1562291461.09    0.559614896774    4    0.0522    0.2088    0.611814896774    1.5    2
23    1562291460.86    1562291461.09    0.229708909988    4    1.1283    4.5132    1.35800890999    1.5    2
24    1562291461.19    1562291461.24    0.0526790618896    64    0.9446    60.4544    0.99727906189    4.07837301587    6
25    1562291461.98    1562291463.15    1.17755794525    256    0.0177    4.5312    1.19525794525    4.98737745098    7
26    1562291462.12    1562291463.16    1.03511118889    16    0.0285    0.456    1.06361118889    2.58333333333    4
27    1562291462.43    1562291463.23    0.79888510704    64    0.0234    1.4976    0.82228510704    4.17757936508    6
28    1562291462.66    1562291464.29    1.62665700912    256    0.6189    158.4384    2.24555700912    4.98195465686    7
29    1562291463.15    1562291464.29    1.13856506348    4    0.5956    2.3824    1.73416506348    1.5    2
30    1562291463.69    1562291465.55    1.86240100861    256    0.0057    1.4592    1.86810100861    5.20821078431    8
31    1562291463.95    1562291465.64    1.68943500519    64    0.0234    1.4976    1.71283500519    3.89484126984    6
32    1562291464.52    1562291465.72    1.19433999062    64    0.4167    26.6688    1.61103999062    3.97767857143    6
33    1562291464.79    1562291465.79    0.993186950684    64    0.4167    26.6688    1.40988695068    3.89484126984    6
34    1562291465.09    1562291465.86    0.769240856171    64    0.9446    60.4544    1.71384085617    3.96626984127    6
35    1562291465.39    1562291467.06    1.67003917694    256    0.6189    158.4384    2.28893917694    5.10949754902    8
36    1562291465.55    1562291468.29    2.73444104195    256    0.0057    1.4592    2.74014104195    5.00775122549    8
37    1562291465.69    1562291468.29    2.60289406776    16    0.0285    0.456    2.63139406776    2.58333333333    4
38    1562291466.03    1562291468.29    2.26355409622    4    0.0522    0.2088    2.31575409622    1.5    2
39    1562291466.46    1562291468.3    1.84164500237    16    0.4243    6.7888    2.26594500237    2.625    4
40    1562291466.8    1562291468.38    1.57751202583    64    0.4167    26.6688    1.99421202583    3.89484126984    6
41    1562291467.06    1562291468.39    1.32269501686    16    0.0297    0.4752    1.35239501686    2.58333333333    4
42    1562291467.31    1562291468.39    1.07883501053    16    0.0285    0.456    1.10733501053    2.56666666667    4
43    1562291467.69    1562291468.39    0.699947834015    4    0.6452    2.5808    1.34514783401    1.5    2
44    1562291467.72    1562291468.39    0.676337003708    4    0.0059    0.0236    0.682237003708    1.5    2
45    1562291467.73    1562291469.58    1.85468196869    256    0.0057    1.4592    1.86038196869    5.08514093137    8
46    1562291467.75    1562291469.58    1.83560419083    4    0.0284    0.1136    1.86400419083    1.5    2
47    1562291468.2    1562291470.83    2.62697100639    256    0.6189    158.4384    3.24587100639    5.1609375    8
48    1562291468.29    1562291470.83    2.54367017746    4    0.0832    0.3328    2.62687017746    1.5    2
49    1562291468.33    1562291470.84    2.50216603279    16    0.7616    12.1856    3.26376603279    2.525    4
50    1562291468.5    1562291470.84    2.33649611473    16    0.0429    0.6864    2.37939611473    2.68333333333    4
51    1562291468.74    1562291470.91    2.17073488235    64    0.0234    1.4976    2.19413488235    4.06051587302    6
52    1562291468.92    1562291470.91    1.99179005623    4    0.6452    2.5808    2.63699005623    1.5    2
53    1562291469.09    1562291470.91    1.82203602791    4    0.0522    0.2088    1.87423602791    1.5    2
54    1562291469.33    1562291470.91    1.58185386658    4    0.0284    0.1136    1.61025386658    1.5    2
55    1562291469.58    1562291470.92    1.33399295807    16    0.4243    6.7888    1.75829295807    2.63333333333    4
56    1562291469.66    1562291470.92    1.26162409782    16    0.0285    0.456    1.29012409782    2.6    4
57    1562291469.72    1562291471.0    1.28492593765    64    0.0234    1.4976    1.30832593765    4.17609126984    6
58    1562291470.69    1562291472.19    1.49688482285    256    0.8    204.8    2.29688482285    5.37683823529    8
59    1562291470.83    1562291472.2    1.36812877655    16    0.0285    0.456    1.39662877655    2.58333333333    4
60    1562291471.0    1562291472.2    1.19899201393    4    0.6452    2.5808    1.84419201393    1.5    2
61    1562291471.07    1562291472.2    1.13241696358    16    0.0285    0.456    1.16091696358    2.65    4
62    1562291471.36    1562291473.37    2.00913882256    256    0.7528    192.7168    2.76193882256    5.21516544118    8
63    1562291471.46    1562291473.44    1.9856338501    64    0.4167    26.6688    2.4023338501    4.22668650794    6
64    1562291471.77    1562291474.64    2.86840701103    256    0.6189    158.4384    3.48730701103    5.18409926471    8
65    1562291472.03    1562291474.71    2.67757701874    64    0.6779    43.3856    3.35547701874    3.88045634921    6
66    1562291472.19    1562291474.79    2.59934186935    64    0.0055    0.352    2.60484186935    4.25446428571    6
67    1562291472.23    1562291475.94    3.70562887192    256    0.8    204.8    4.50562887192    5.38446691176    8
68    1562291472.57    1562291477.07    4.50344705582    256    0.4221    108.0576    4.92554705582    5.02922794118    8
69    1562291473.01    1562291477.14    4.13178896904    64    0.0234    1.4976    4.15518896904    4.11408730159    6
70    1562291473.12    1562291477.15    4.02725887299    16    0.0098    0.1568    4.03705887299    2.65    4
71    1562291473.44    1562291477.15    3.70988798141    16    0.0098    0.1568    3.71968798141    2.65    4
72    1562291473.58    1562291477.16    3.57894396782    16    0.0285    0.456    3.60744396782    2.65    4
73    1562291473.87    1562291477.17    3.29717111588    16    0.4243    6.7888    3.72147111588    2.65    4
74    1562291474.13    1562291477.17    3.03736400604    4    1.1283    4.5132    4.16566400604    1.5    2
75    1562291474.2    1562291478.41    4.21021080017    256    0.6189    158.4384    4.82911080017    5.41930147059    8
76    1562291474.64    1562291478.48    3.8382229805    64    0.9446    60.4544    4.7828229805    3.88045634921    6
77    1562291474.79    1562291479.68    4.89117002487    256    0.4221    108.0576    5.31327002487    5.16822916667    8
78    1562291475.05    1562291479.76    4.70559191704    64    0.4167    26.6688    5.12229191704    3.88045634921    6
79    1562291475.26    1562291479.76    4.49421811104    4    0.6452    2.5808    5.13941811104    1.5    2
80    1562291475.36    1562291479.76    4.40452098846    4    0.0059    0.0236    4.41042098846    1.5    2
81    1562291475.44    1562291479.77    4.32328510284    16    0.0285    0.456    4.35178510284    2.58333333333    4
82    1562291475.65    1562291480.96    5.31589603424    256    0.4221    108.0576    5.73799603424    5.25575980392    8
83    1562291475.74    1562291480.97    5.22341394424    4    0.0284    0.1136    5.25181394424    1.5    2
84    1562291475.94    1562291480.97    5.02914905548    4    0.0284    0.1136    5.05754905548    1.5    2
85    1562291476.21    1562291481.04    4.83292913437    64    0.0125    0.8    4.84542913437    4.17261904762    6
86    1562291476.75    1562291481.04    4.28806209564    4    0.6452    2.5808    4.93326209564    1.5    2
87    1562291476.84    1562291481.04    4.20156979561    4    0.0284    0.1136    4.22996979561    1.5    2
88    1562291477.13    1562291481.04    3.90848302841    4    0.0522    0.2088    3.96068302841    1.5    2
89    1562291477.47    1562291482.24    4.76858091354    256    0.7528    192.7168    5.52138091354    5.19154411765    8
90    1562291477.52    1562291482.31    4.79343295097    64    0.4167    26.6688    5.21013295097    4.28968253968    6
91    1562291477.87    1562291482.38    4.51048707962    64    0.1855    11.872    4.69598707962    3.92063492063    6
92    1562291478.31    1562291482.38    4.07453083992    16    0.0297    0.4752    4.10423083992    2.68333333333    4
93    1562291478.85    1562291482.39    3.53303694725    16    0.0285    0.456    3.56153694725    2.58333333333    4
94    1562291479.33    1562291482.39    3.06000900269    16    0.0285    0.456    3.08850900269    2.65833333333    4
95    1562291479.45    1562291482.48    3.02834105492    64    0.9446    60.4544    3.97294105492    4.35763888889    6
96    1562291479.68    1562291482.48    2.80378985405    16    0.0285    0.456    2.83228985405    2.68333333333    4
97    1562291480.05    1562291482.56    2.5025639534    64    0.0125    0.8    2.5150639534    4.28521825397    6
98    1562291480.11    1562291482.56    2.45148396492    4    0.0832    0.3328    2.53468396492    1.5    2
99    1562291480.34    1562291482.57    2.22574305534    16    0.0098    0.1568    2.23554305534    2.55    4
100    1562291480.58    1562291482.57    1.99191999435    4    0.0284    0.1136    2.02031999435    1.5    2
101    1562291480.94    1562291483.9    2.96953821182    256    0.0057    1.4592    2.97523821182    5.30873161765    8
102    1562291481.16    1562291483.91    2.75157094002    4    0.0284    0.1136    2.77997094002    1.5    2
103    1562291481.39    1562291483.92    2.52405285835    16    0.0285    0.456    2.55255285835    2.63333333333    4
104    1562291481.43    1562291484.96    3.52969503403    256    0.8    204.8    4.32969503403    4.99439338235    8
105    1562291481.51    1562291486.12    4.6047911644    256    0.4221    108.0576    5.0268911644    5.29295343137    8
106    1562291481.69    1562291486.2    4.50634622574    64    0.0055    0.352    4.51184622574    3.97817460317    6
107    1562291481.81    1562291486.27    4.46612381935    64    0.6779    43.3856    5.14402381935    4.12896825397    6
108    1562291482.09    1562291486.27    4.18434286118    4    0.5956    2.3824    4.77994286118    1.5    2
109    1562291482.69    1562291486.27    3.57932209969    4    0.0522    0.2088    3.63152209969    1.5    2
110    1562291483.38    1562291486.27    2.89711785316    4    0.5956    2.3824    3.49271785316    1.5    2
111    1562291483.9    1562291486.27    2.37588810921    4    0.0522    0.2088    2.42808810921    1.5    2
112    1562291484.96    1562291486.36    1.39518094063    64    0.0234    1.4976    1.41858094063    4.13293650794    6
113    1562291485.18    1562291486.36    1.18134593964    4    0.0832    0.3328    1.26454593964    1.5    2
114    1562291485.58    1562291487.6    2.02129197121    256    0.4221    108.0576    2.44339197121    5.20677083333    8
115    1562291485.64    1562291487.6    1.96155595779    4    0.5956    2.3824    2.55715595779    1.5    2
116    1562291485.93    1562291487.7    1.77277898788    64    0.0125    0.8    1.78527898788    4.08928571429    6
117    1562291486.12    1562291487.7    1.58539605141    4    0.0522    0.2088    1.63759605141    1.5    2
118    1562291486.2    1562291488.89    2.69565916061    256    0.0057    1.4592    2.70135916061    5.18446691176    8
119    1562291486.33    1562291488.9    2.56497502327    16    0.0297    0.4752    2.59467502327    2.68333333333    4
120    1562291486.59    1562291488.97    2.37886691093    64    0.0234    1.4976    2.40226691093    3.97966269841    6
121    1562291486.98    1562291488.98    2.0042860508    16    0.0429    0.6864    2.0471860508    2.68333333333    4
122    1562291487.6    1562291489.07    1.46557402611    64    0.0125    0.8    1.47807402611    3.91617063492    6
123    1562291487.92    1562291489.07    1.15317702293    16    0.0098    0.1568    1.16297702293    2.58333333333    4
124    1562291487.93    1562291489.08    1.14662909508    16    0.0429    0.6864    1.18952909508    2.56666666667    4
125    1562291488.48    1562291489.08    0.598880052567    4    0.0059    0.0236    0.604780052567    1.5    2
126    1562291488.71    1562291489.17    0.464216947556    64    0.9446    60.4544    1.40881694756    4.06448412698    6
127    1562291488.99    1562291489.24    0.253443002701    64    0.4167    26.6688    0.670143002701    3.89484126984    6
128    1562291489.04    1562291489.24    0.203085184097    4    0.0284    0.1136    0.231485184097    1.5    2
129    1562291489.17    1562291489.32    0.144795894623    64    0.6779    43.3856    0.822695894623    3.9494047619    6
130    1562291489.37    1562291489.37    -0.00336790084839    4    0.0284    0.1136    0.0250320991516    1.5    2
131    1562291490.01    1562291490.01    0.00313901901245    16    0.0098    0.1568    0.0129390190125    2.58333333333    4
132    1562291490.44    1562291490.45    0.000729084014893    16    0.7616    12.1856    0.762329084015    2.58333333333    4
133    1562291490.45    1562291490.45    0.00465393066406    16    0.7616    12.1856    0.766253930664    2.58333333333    4
134    1562291490.5    1562291490.5    0.000139951705933    16    0.0297    0.4752    0.0298399517059    2.58333333333    4
135    1562291490.53    1562291490.53    0.000883817672729    16    0.0297    0.4752    0.0305838176727    2.56666666667    4
136    1562291490.79    1562291490.79    -0.000501155853271    16    0.4243    6.7888    0.423798844147    2.58333333333    4
137    1562291491.04    1562291492.16    1.11874818802    256    0.4221    108.0576    1.54084818802    5.00471813725    7
138    1562291491.18    1562291493.28    2.091370821    256    0.0057    1.4592    2.097070821    5.17898284314    8
139    1562291491.4    1562291493.28    1.8788189888    4    0.5956    2.3824    2.4744189888    1.5    2
140    1562291491.84    1562291493.36    1.52028393745    64    0.0055    0.352    1.52578393745    4.20783730159    6
141    1562291492.04    1562291493.36    1.31372094154    4    0.0059    0.0236    1.31962094154    1.5    2
142    1562291492.27    1562291494.51    2.2331328392    256    0.6189    158.4384    2.8520328392    5.07824754902    8
143    1562291492.74    1562291495.64    2.89947795868    256    0.0177    4.5312    2.91717795868    5.17150735294    8
144    1562291492.83    1562291495.64    2.81354188919    16    0.7616    12.1856    3.57514188919    2.58333333333    4
145    1562291492.89    1562291496.78    3.89221692085    256    0.7528    192.7168    4.64501692085    5.32962622549    8
146    1562291493.26    1562291496.79    3.53103709221    4    0.0522    0.2088    3.58323709221    1.5    2
147    1562291494.11    1562291497.95    3.84383106232    256    0.8    204.8    4.64383106232    5.14990808824    8
148    1562291494.3    1562291497.96    3.66215395927    16    0.8805    14.088    4.54265395927    2.68333333333    4
149    1562291494.4    1562291499.14    4.73374199867    256    0.6189    158.4384    5.35264199867    5.14892769608    8
150    1562291494.83    1562291500.37    5.54024004936    256    0.7528    192.7168    6.29304004936    5.34604779412    8
151    1562291495.04    1562291501.59    6.54812097549    256    0.7528    192.7168    7.30092097549    5.21519607843    8
152    1562291495.36    1562291501.59    6.23190307617    16    0.0285    0.456    6.26040307617    2.58333333333    4
153    1562291495.46    1562291502.79    7.3331451416    256    0.0177    4.5312    7.3508451416    5.21703431373    8
154    1562291495.82    1562291502.79    6.97104597092    16    0.0429    0.6864    7.01394597092    2.58333333333    4
155    1562291496.27    1562291502.88    6.60409712791    64    0.0055    0.352    6.60959712791    4.06200396825    6
156    1562291496.54    1562291502.88    6.34239912033    16    0.0429    0.6864    6.38529912033    2.58333333333    4
157    1562291496.7    1562291502.89    6.18679499626    16    0.7616    12.1856    6.94839499626    2.58333333333    4
158    1562291496.85    1562291502.96    6.10810709    64    0.0234    1.4976    6.13150709    3.88045634921    6
159    1562291496.94    1562291503.03    6.09544110298    64    0.6779    43.3856    6.77334110298    4.00694444444    6
160    1562291497.31    1562291503.03    5.72304701805    4    0.0832    0.3328    5.80624701805    1.5    2
161    1562291497.55    1562291503.11    5.55402898788    64    0.6779    43.3856    6.23192898788    3.95238095238    6
162    1562291497.59    1562291503.11    5.51235389709    4    0.0522    0.2088    5.56455389709    1.5    2
163    1562291498.15    1562291504.3    6.14973497391    256    0.0177    4.5312    6.16743497391    5.06495098039    8
164    1562291498.33    1562291504.31    5.97690105438    16    0.0098    0.1568    5.98670105438    2.58333333333    4
165    1562291498.58    1562291504.31    5.72823095322    4    0.0832    0.3328    5.81143095322    1.5    2
166    1562291498.72    1562291504.32    5.59429192543    16    0.4243    6.7888    6.01859192543    2.56666666667    4
167    1562291498.86    1562291504.32    5.46559286118    16    0.0285    0.456    5.49409286118    2.68333333333    4
168    1562291498.97    1562291504.32    5.35447597504    4    0.5956    2.3824    5.95007597504    1.5    2
169    1562291499.55    1562291504.33    4.77533698082    4    0.0059    0.0236    4.78123698082    1.5    2
170    1562291499.62    1562291504.4    4.78621482849    64    0.0234    1.4976    4.80961482849    3.88045634921    6
171    1562291499.77    1562291505.63    5.86420798302    256    0.7528    192.7168    6.61700798302    5.08477328431    8
172    1562291500.2    1562291505.64    5.43226099014    4    0.0059    0.0236    5.43816099014    1.5    2
173    1562291500.37    1562291505.71    5.33707404137    64    0.4167    26.6688    5.75377404137    3.88045634921    6
174    1562291500.61    1562291505.72    5.1107840538    16    0.0098    0.1568    5.1205840538    2.68333333333    4
175    1562291500.65    1562291506.91    6.26065993309    256    0.8    204.8    7.06065993309    5.10612745098    8
176    1562291500.98    1562291506.91    5.93470191956    16    0.7616    12.1856    6.69630191956    2.58333333333    4
177    1562291501.48    1562291508.06    6.5763130188    256    0.7528    192.7168    7.3291130188    5.05196078431    8
178    1562291501.59    1562291508.13    6.53348016739    64    0.0234    1.4976    6.55688016739    4.07986111111    6
179    1562291501.72    1562291508.21    6.48800992966    64    0.1855    11.872    6.67350992966    4.04613095238    6
180    1562291501.9    1562291508.21    6.31510901451    16    0.7616    12.1856    7.07670901451    2.58333333333    4
181    1562291502.13    1562291508.21    6.08357214928    4    0.0522    0.2088    6.13577214928    1.5    2
182    1562291502.41    1562291508.21    5.80075120926    4    0.0832    0.3328    5.88395120926    1.5    2
183    1562291502.5    1562291508.21    5.71168899536    4    1.1283    4.5132    6.83998899536    1.5    2
184    1562291502.86    1562291509.5    6.63962101936    256    0.0177    4.5312    6.65732101936    5.26234681373    8
185    1562291503.03    1562291509.5    6.4696199894    4    0.0522    0.2088    6.5218199894    1.5    2
186    1562291503.15    1562291509.51    6.35282897949    16    0.0297    0.4752    6.38252897949    2.58333333333    4
187    1562291503.67    1562291509.51    5.84477305412    16    0.0098    0.1568    5.85457305412    2.63333333333    4
188    1562291503.79    1562291509.6    5.81045603752    64    0.1855    11.872    5.99595603752    3.91567460317    6
189    1562291504.11    1562291509.67    5.56236815453    64    0.0234    1.4976    5.58576815453    4.0193452381    6
190    1562291504.3    1562291509.76    5.45151090622    64    0.4167    26.6688    5.86821090622    4.0193452381    6
191    1562291504.75    1562291509.76    5.00470900536    4    0.5956    2.3824    5.60030900536    1.5    2
192    1562291504.92    1562291510.97    6.04334497452    256    0.0177    4.5312    6.06104497452    5.07879901961    8
193    1562291505.49    1562291511.04    5.55115413666    64    0.0055    0.352    5.55665413666    4.25942460317    6
194    1562291505.63    1562291511.12    5.48777318001    64    0.9446    60.4544    6.43237318001    4.00892857143    6
195    1562291506.16    1562291511.12    4.96023702621    4    0.5956    2.3824    5.55583702621    1.5    2
196    1562291506.34    1562291511.12    4.78281712532    4    0.0522    0.2088    4.83501712532    1.5    2
197    1562291506.66    1562291512.28    5.626912117    256    0.0057    1.4592    5.632612117    4.97294730392    8
198    1562291506.91    1562291512.29    5.38104295731    4    0.6452    2.5808    6.02624295731    1.5    2
199    1562291507.17    1562291512.29    5.11819791794    4    0.0284    0.1136    5.14659791794    1.5    2
200    1562291507.69    1562291513.49    5.8025290966    256    0.4221    108.0576    6.2246290966    5.16522671569    8
201    1562291507.89    1562291514.62    6.72538304329    256    0.0057    1.4592    6.73108304329    5.03838848039    8
202    1562291508.75    1562291514.62    5.86924505234    4    0.0059    0.0236    5.87514505234    1.5    2
203    1562291508.83    1562291514.62    5.79582905769    4    0.0832    0.3328    5.87902905769    1.5    2
204    1562291509.34    1562291515.84    6.49404406548    256    0.0177    4.5312    6.51174406548    4.98511029412    8
205    1562291509.37    1562291515.84    6.47443413734    16    0.0297    0.4752    6.50413413734    2.65    4
206    1562291509.5    1562291515.85    6.34863901138    16    0.0429    0.6864    6.39153901138    2.65    4
207    1562291509.58    1562291515.85    6.26485490799    4    0.6452    2.5808    6.91005490799    1.5    2
208    1562291509.7    1562291515.85    6.14610600471    4    1.1283    4.5132    7.27440600471    1.5    2
209    1562291509.76    1562291515.85    6.09547400475    4    1.1283    4.5132    7.22377400475    1.5    2
210    1562291510.0    1562291515.86    5.85434818268    16    0.8805    14.088    6.73484818268    2.63333333333    4
211    1562291510.14    1562291517.03    6.89495205879    256    0.0177    4.5312    6.91265205879    5.26479779412    8
212    1562291510.49    1562291517.11    6.62702178955    64    0.1855    11.872    6.81252178955    4.0431547619    6
213    1562291510.97    1562291517.19    6.22292995453    64    0.0055    0.352    6.22842995453    3.99057539683    6
214    1562291511.06    1562291517.26    6.19904303551    64    0.0234    1.4976    6.22244303551    3.96130952381    6
215    1562291511.3    1562291517.27    5.96663618088    16    0.0297    0.4752    5.99633618088    2.58333333333    4
216    1562291511.58    1562291517.27    5.68524384499    4    0.6452    2.5808    6.33044384499    1.5    2
217    1562291511.96    1562291517.27    5.31044602394    16    0.4243    6.7888    5.73474602394    2.56666666667    4
218    1562291512.1    1562291518.49    6.39620184898    256    0.6189    158.4384    7.01510184898    5.09114583333    8
219    1562291512.9    1562291518.5    5.59338378906    16    0.4243    6.7888    6.01768378906    2.58333333333    4
220    1562291513.49    1562291518.5    5.01104402542    16    0.7616    12.1856    5.77264402542    2.58333333333    4
221    1562291513.52    1562291519.67    6.14623594284    256    0.8    204.8    6.94623594284    5.27120098039    8
222    1562291514.22    1562291520.86    6.64924883842    256    0.8    204.8    7.44924883842    5.19757965686    8
223    1562291515.09    1562291520.87    5.7791261673    4    0.0059    0.0236    5.7850261673    1.5    2
224    1562291515.28    1562291520.87    5.59476017952    16    0.0297    0.4752    5.62446017952    2.7    4
225    1562291515.46    1562291520.88    5.41296291351    16    0.7616    12.1856    6.17456291351    2.61666666667    4
226    1562291515.49    1562291520.88    5.3876581192    16    0.0429    0.6864    5.4305581192    2.575    4
227    1562291515.65    1562291520.88    5.2310769558    4    0.0522    0.2088    5.2832769558    1.5    2
228    1562291515.91    1562291520.96    5.04782819748    64    0.0125    0.8    5.06032819748    4.02380952381    6
229    1562291516.07    1562291521.03    4.96602296829    64    0.0055    0.352    4.97152296829    3.99950396825    6
230    1562291516.35    1562291522.23    5.88449406624    256    0.4221    108.0576    6.30659406624    5.14751838235    8
231    1562291516.58    1562291522.24    5.66008591652    16    0.0297    0.4752    5.68978591652    2.58333333333    4
232    1562291516.78    1562291522.25    5.47232580185    16    0.8805    14.088    6.35282580185    2.58333333333    4
233    1562291516.97    1562291522.25    5.28450512886    4    0.0522    0.2088    5.33670512886    1.5    2
234    1562291517.03    1562291522.33    5.29806613922    64    0.9446    60.4544    6.24266613922    4.22767857143    6
235    1562291517.09    1562291522.33    5.24311184883    4    0.0522    0.2088    5.29531184883    1.5    2
236    1562291517.19    1562291522.34    5.14594912529    16    0.0098    0.1568    5.15574912529    2.56666666667    4
237    1562291517.26    1562291522.42    5.15481615067    64    0.1855    11.872    5.34031615067    4.25446428571    6
238    1562291517.53    1562291522.42    4.89120602608    16    0.7616    12.1856    5.65280602608    2.56666666667    4
239    1562291517.7    1562291522.5    4.7986240387    64    0.1855    11.872    4.9841240387    4.31299603175    6
240    1562291517.87    1562291523.74    5.86446094513    256    0.8    204.8    6.66446094513    5.30952818627    9
241    1562291517.94    1562291524.98    7.04482507706    256    0.0177    4.5312    7.06252507706    4.99727328431    8
242    1562291518.42    1562291524.98    6.56503987312    4    0.0059    0.0236    6.57093987312    1.5    2
243    1562291518.96    1562291524.98    6.02872300148    4    0.6452    2.5808    6.67392300148    1.5    2
244    1562291519.21    1562291524.98    5.77027583122    4    1.1283    4.5132    6.89857583122    1.5    2
245    1562291519.47    1562291524.99    5.51565885544    16    0.8805    14.088    6.39615885544    2.58333333333    4
246    1562291520.0    1562291525.07    5.07284593582    64    0.6779    43.3856    5.75074593582    4.14880952381    6
247    1562291520.27    1562291525.07    4.80445694923    16    0.8805    14.088    5.68495694923    2.58333333333    4
248    1562291520.5    1562291526.24    5.74074816704    256    0.6189    158.4384    6.35964816704    5.01443014706    7
249    1562291520.73    1562291526.33    5.59403204918    64    0.4167    26.6688    6.01073204918    4.07093253968    6
250    1562291521.17    1562291526.39    5.22948694229    64    0.0055    0.352    5.23498694229    4.12599206349    6
251    1562291521.57    1562291527.54    5.96313810349    256    0.8    204.8    6.76313810349    5.27806372549    8
252    1562291521.69    1562291527.54    5.8443801403    4    0.0059    0.0236    5.8502801403    1.5    2
253    1562291521.87    1562291528.7    6.83214306831    256    0.6189    158.4384    7.45104306831    4.98140318627    7
254    1562291522.19    1562291528.7    6.51390695572    4    0.0522    0.2088    6.56610695572    1.5    2
255    1562291522.5    1562291528.7    6.20210003853    4    0.0059    0.0236    6.20800003853    1.5    2
256    1562291522.55    1562291528.71    6.15644216537    16    0.8805    14.088    7.03694216537    2.55833333333    4
257    1562291522.85    1562291528.71    5.86516189575    16    0.0098    0.1568    5.87496189575    2.58333333333    4
258    1562291523.13    1562291528.72    5.58953213692    16    0.0098    0.1568    5.59933213692    2.58333333333    4
259    1562291523.54    1562291528.72    5.18212008476    16    0.0297    0.4752    5.21182008476    2.58333333333    4
260    1562291523.88    1562291528.72    4.84776806831    4    0.0284    0.1136    4.87616806831    1.5    2
261    1562291524.13    1562291528.72    4.59355092049    4    0.0522    0.2088    4.64575092049    1.5    2
262    1562291524.2    1562291528.73    4.52451610565    4    0.0284    0.1136    4.55291610565    1.33333333333    2
263    1562291524.47    1562291528.73    4.25829195976    4    1.1283    4.5132    5.38659195976    1.5    2
264    1562291524.87    1562291528.73    3.85855698586    4    0.0284    0.1136    3.88695698586    1.5    2
265    1562291524.98    1562291528.73    3.7478749752    4    1.1283    4.5132    4.8761749752    1.5    2
266    1562291525.31    1562291528.73    3.41808700562    4    0.0059    0.0236    3.42398700562    1.5    2
267    1562291525.55    1562291528.73    3.1800391674    16    0.0429    0.6864    3.2229391674    2.65    4
268    1562291525.64    1562291528.74    3.10028886795    16    0.8805    14.088    3.98078886795    2.68333333333    4
269    1562291526.02    1562291528.74    2.72016406059    4    0.5956    2.3824    3.31576406059    1.5    2
270    1562291526.41    1562291528.83    2.41843605042    64    0.4167    26.6688    2.83513605042    4.11607142857    6
271    1562291526.43    1562291528.83    2.39691305161    4    1.1283    4.5132    3.52521305161    1.5    2
272    1562291526.87    1562291529.96    3.08984494209    256    0.4221    108.0576    3.51194494209    5.27202818627    8
273    1562291527.1    1562291529.96    2.8602411747    4    0.0284    0.1136    2.8886411747    1.5    2
274    1562291527.7    1562291529.96    2.26490211487    4    0.6452    2.5808    2.91010211487    1.5    2
275    1562291527.89    1562291529.96    2.07247304916    4    0.0284    0.1136    2.10087304916    1.5    2
276    1562291528.7    1562291529.96    1.25979495049    4    0.5956    2.3824    1.85539495049    1.5    2
277    1562291528.78    1562291530.04    1.26288104057    64    0.0125    0.8    1.27538104057    4.03571428571    6
278    1562291528.94    1562291531.27    2.32672905922    256    0.4221    108.0576    2.74882905922    5.21191789216    8
279    1562291530.4    1562291531.33    0.938805103302    64    0.6779    43.3856    1.6167051033    4.07142857143    6
280    1562291530.56    1562291532.58    2.01519703865    256    0.7528    192.7168    2.76799703865    5.20324754902    8
281    1562291530.62    1562291532.65    2.02877187729    64    0.0125    0.8    2.04127187729    3.89484126984    6
282    1562291530.86    1562291532.65    1.7852640152    4    0.0522    0.2088    1.8374640152    1.5    2
283    1562291531.27    1562291532.65    1.38359308243    4    0.0284    0.1136    1.41199308243    1.5    2
284    1562291531.55    1562291532.65    1.10172700882    16    0.7616    12.1856    1.86332700882    2.58333333333    4
285    1562291531.69    1562291533.8    2.10875415802    256    0.0057    1.4592    2.11445415802    5.27515318627    8
286    1562291531.79    1562291533.81    2.01938700676    4    0.0284    0.1136    2.04778700676    1.5    2
287    1562291532.04    1562291535.01    2.97457790375    256    0.0177    4.5312    2.99227790375    5.07503063725    8
288    1562291532.33    1562291536.19    3.85962104797    256    0.0057    1.4592    3.86532104797    5.16721813725    8
289    1562291532.54    1562291537.23    4.69698405266    256    0.0177    4.5312    4.71468405266    5.03452818627    8
290    1562291532.65    1562291537.24    4.58477711678    16    0.0285    0.456    4.61327711678    2.58333333333    4
291    1562291532.86    1562291538.4    5.54027104378    256    0.7528    192.7168    6.29307104378    5.07769607843    8
292    1562291533.0    1562291538.4    5.40607690811    4    0.0522    0.2088    5.45827690811    1.5    2
293    1562291533.13    1562291538.41    5.27243995667    4    0.0832    0.3328    5.35563995667    1.5    2
294    1562291533.61    1562291539.56    5.95732212067    256    0.0057    1.4592    5.96302212067    5.05655637255    8
295    1562291534.2    1562291539.57    5.36903810501    16    0.0098    0.1568    5.37883810501    2.58333333333    4
296    1562291534.59    1562291539.58    4.99107718468    16    0.0098    0.1568    5.00087718468    2.66666666667    4
297    1562291534.91    1562291540.74    5.83146190643    256    0.4221    108.0576    6.25356190643    5.0040747549    7
298    1562291535.01    1562291540.74    5.72920584679    4    0.5956    2.3824    6.32480584679    1.5    2
299    1562291535.04    1562291540.74    5.70297694206    16    0.8805    14.088    6.58347694206    2.56666666667    4
300    1562291535.54    1562291540.75    5.20293498039    4    0.0059    0.0236    5.20883498039    1.5    2
301    1562291535.78    1562291540.75    4.9682199955    4    0.0522    0.2088    5.0204199955    1.5    2
302    1562291536.19    1562291540.75    4.55932807922    16    0.0297    0.4752    4.58902807922    2.58333333333    4
303    1562291536.79    1562291540.76    3.96423792839    16    0.8805    14.088    4.84473792839    2.68333333333    4
304    1562291536.95    1562291541.94    4.99127984047    256    0.4221    108.0576    5.41337984047    5.33805147059    8
305    1562291536.99    1562291541.95    4.95929408073    16    0.0297    0.4752    4.98899408073    2.58333333333    4
306    1562291537.16    1562291543.15    5.99083995819    256    0.7528    192.7168    6.74363995819    5.23128063725    8
307    1562291537.64    1562291543.15    5.51050496101    4    0.0059    0.0236    5.51640496101    1.5    2
308    1562291537.99    1562291543.15    5.15941691399    4    0.0522    0.2088    5.21161691399    1.5    2
309    1562291538.15    1562291543.23    5.07408308983    64    0.9446    60.4544    6.01868308983    4.09871031746    6
310    1562291538.4    1562291543.23    4.8294198513    16    0.8805    14.088    5.7099198513    2.58333333333    4
311    1562291538.82    1562291543.23    4.41436195374    4    0.0832    0.3328    4.49756195374    1.5    2
312    1562291539.13    1562291543.24    4.10411095619    16    0.7616    12.1856    4.86571095619    2.56666666667    4
313    1562291539.23    1562291544.47    5.24285793304    256    0.0177    4.5312    5.26055793304    5.32411151961    8
314    1562291539.49    1562291544.48    4.99203705788    16    0.0098    0.1568    5.00183705788    2.58333333333    4
315    1562291539.56    1562291545.69    6.12331390381    256    0.6189    158.4384    6.74221390381    5.05030637255    8
316    1562291539.6    1562291546.83    7.22969603539    256    0.6189    158.4384    7.84859603539    5.18134191176    8
317    1562291539.91    1562291548.01    8.1057369709    256    0.4221    108.0576    8.5278369709    5.00759803922    7
318    1562291540.12    1562291548.01    7.89051699638    4    0.0284    0.1136    7.91891699638    1.5    2
319    1562291540.27    1562291548.02    7.75567483902    16    0.0297    0.4752    7.78537483902    2.46666666667    4
320    1562291540.74    1562291549.19    8.45003604889    256    0.6189    158.4384    9.06893604889    5.12077205882    8
321    1562291541.01    1562291549.19    8.1779282093    4    1.1283    4.5132    9.3062282093    1.5    2
322    1562291541.2    1562291549.19    7.99665403366    16    0.0297    0.4752    8.02635403366    2.54166666667    4
323    1562291541.23    1562291549.27    8.04478907585    64    0.0234    1.4976    8.06818907585    4.01240079365    6
324    1562291541.35    1562291549.28    7.92835307121    4    0.6452    2.5808    8.57355307121    1.5    2
325    1562291541.37    1562291549.35    7.98222303391    64    0.1855    11.872    8.16772303391    4.19642857143    6
326    1562291541.53    1562291549.36    7.82829713821    16    0.4243    6.7888    8.25259713821    2.63333333333    4
327    1562291541.76    1562291550.54    8.77954888344    256    0.7528    192.7168    9.53234888344    5.22071078431    8
328    1562291542.11    1562291550.54    8.42965388298    4    0.0284    0.1136    8.45805388298    1.5    2
329    1562291542.25    1562291550.62    8.36454200745    64    0.6779    43.3856    9.04244200745    4.01388888889    6
330    1562291542.33    1562291550.62    8.29178595543    16    0.0098    0.1568    8.30158595543    2.58333333333    4
331    1562291542.4    1562291550.63    8.22802901268    16    0.8805    14.088    9.10852901268    2.63333333333    4
332    1562291542.45    1562291550.63    8.18488693237    16    0.4243    6.7888    8.60918693237    2.58333333333    4
333    1562291542.97    1562291550.63    7.65744400024    4    0.5956    2.3824    8.25304400024    1.5    2
334    1562291543.23    1562291550.64    7.40931105614    16    0.8805    14.088    8.28981105614    2.63333333333    4
335    1562291543.66    1562291550.64    6.98328089714    16    0.4243    6.7888    7.40758089714    2.58333333333    4
336    1562291544.06    1562291550.65    6.59164595604    16    0.7616    12.1856    7.35324595604    2.68333333333    4
337    1562291544.19    1562291550.65    6.45753312111    4    0.0059    0.0236    6.46343312111    1.5    2
338    1562291544.33    1562291550.65    6.32261705399    4    0.0059    0.0236    6.32851705399    1.5    2
339    1562291544.75    1562291550.65    5.90000295639    4    0.6452    2.5808    6.54520295639    1.5    2
340    1562291545.04    1562291550.66    5.61850905418    16    0.0098    0.1568    5.62830905418    2.58333333333    4
341    1562291545.35    1562291550.66    5.30685591698    4    0.0059    0.0236    5.31275591698    1.5    2
342    1562291545.69    1562291550.66    4.96941804886    4    0.0832    0.3328    5.05261804886    1.5    2
343    1562291545.89    1562291550.73    4.84613609314    64    0.6779    43.3856    5.52403609314    4.50446428571    6
344    1562291546.02    1562291550.74    4.71963810921    16    0.7616    12.1856    5.48123810921    2.58333333333    4
345    1562291546.28    1562291550.74    4.46356296539    4    0.0522    0.2088    4.51576296539    1.5    2
346    1562291546.42    1562291550.75    4.32659196854    4    0.0284    0.1136    4.35499196854    1.5    2
347    1562291546.83    1562291550.75    3.92041993141    16    0.7616    12.1856    4.68201993141    2.58333333333    4
348    1562291547.07    1562291550.82    3.75849199295    64    0.0055    0.352    3.76399199295    4.41517857143    6
349    1562291547.58    1562291550.83    3.24909710884    4    1.1283    4.5132    4.37739710884    1.5    2
350    1562291548.01    1562291552.28    4.2642519474    256    0.7528    192.7168    5.0170519474    5.51415441176    9
351    1562291548.45    1562291552.28    3.82446408272    4    0.5956    2.3824    4.42006408272    1.5    2
352    1562291548.57    1562291553.53    4.96477389336    256    0.6189    158.4384    5.58367389336    5.18838848039    8
353    1562291549.02    1562291554.7    5.68154597282    256    0.6189    158.4384    6.30044597282    5.05404411765    8
354    1562291549.19    1562291554.71    5.52315616608    16    0.0429    0.6864    5.56605616608    2.58333333333    4
355    1562291549.59    1562291555.88    6.28926181793    256    0.8    204.8    7.08926181793    5.2190870098    8
356    1562291549.78    1562291555.88    6.09396100044    4    0.0522    0.2088    6.14616100044    1.5    2
357    1562291550.17    1562291555.95    5.78639006615    64    0.6779    43.3856    6.46429006615    3.96279761905    6
358    1562291550.59    1562291557.11    6.5144739151    256    0.0057    1.4592    6.5201739151    5.25398284314    8
359    1562291550.65    1562291557.11    6.46039104462    4    0.5956    2.3824    7.05599104462    1.5    2
360    1562291550.82    1562291557.12    6.2909860611    16    0.7616    12.1856    7.0525860611    2.63333333333    4
361    1562291550.97    1562291557.12    6.14354610443    4    0.0059    0.0236    6.14944610443    1.5    2
362    1562291551.23    1562291557.19    5.96055603027    64    0.4167    26.6688    6.37725603027    3.93204365079    6
363    1562291551.44    1562291557.2    5.7510740757    16    0.0285    0.456    5.7795740757    2.58333333333    4
364    1562291551.93    1562291557.2    5.26656985283    4    0.0522    0.2088    5.31876985283    1.5    2
365    1562291552.09    1562291557.2    5.11144900322    4    0.0059    0.0236    5.11734900322    1.5    2
366    1562291552.11    1562291557.27    5.15909290314    64    0.0125    0.8    5.17159290314    4.02281746032    6
367    1562291552.44    1562291558.47    6.03071713448    256    0.4221    108.0576    6.45281713448    5.08014705882    8
368    1562291552.48    1562291558.48    5.99477291107    16    0.0098    0.1568    6.00457291107    2.63333333333    4
369    1562291552.66    1562291558.48    5.82534503937    16    0.8805    14.088    6.70584503937    2.56666666667    4
370    1562291552.88    1562291558.48    5.60526800156    4    0.0832    0.3328    5.68846800156    1.5    2
371    1562291553.07    1562291559.68    6.60841798782    256    0.0057    1.4592    6.61411798782    5.29623161765    8
372    1562291553.3    1562291559.69    6.38578701019    16    0.4243    6.7888    6.81008701019    2.58333333333    4
373    1562291553.53    1562291559.69    6.15971207619    4    1.1283    4.5132    7.28801207619    1.5    2
374    1562291553.7    1562291559.77    6.07124400139    64    0.6779    43.3856    6.74914400139    4.00396825397    6
375    1562291554.95    1562291559.78    4.83205080032    16    0.7616    12.1856    5.59365080032    2.58333333333    4
376    1562291555.34    1562291559.85    4.50566196442    64    0.1855    11.872    4.69116196442    4.00843253968    6
377    1562291555.54    1562291559.85    4.3157248497    4    0.0284    0.1136    4.3441248497    1.5    2
378    1562291556.11    1562291559.93    3.820925951    64    0.0055    0.352    3.826425951    4.1498015873    6
379    1562291556.23    1562291559.93    3.69949007034    16    0.8805    14.088    4.57999007034    2.68333333333    4
380    1562291556.37    1562291560.01    3.63823390007    64    0.1855    11.872    3.82373390007    4.12896825397    6
381    1562291556.71    1562291560.01    3.29605007172    4    0.0284    0.1136    3.32445007172    1.5    2
382    1562291557.09    1562291560.08    2.99326300621    64    0.6779    43.3856    3.67116300621    4.1498015873    6
383    1562291557.11    1562291560.08    2.97534108162    4    0.0284    0.1136    3.00374108162    1.5    2
384    1562291557.26    1562291560.17    2.91420102119    64    0.4167    26.6688    3.33090102119    4.12896825397    6
385    1562291557.35    1562291560.18    2.83182096481    16    0.0297    0.4752    2.86152096481    2.58333333333    4
386    1562291557.55    1562291560.26    2.70222997665    64    0.0125    0.8    2.71472997665    3.98859126984    6
387    1562291557.89    1562291560.26    2.36502218246    16    0.0098    0.1568    2.37482218246    2.58333333333    4
388    1562291558.46    1562291560.26    1.80407500267    16    0.4243    6.7888    2.22837500267    2.63333333333    4
389    1562291558.56    1562291561.48    2.91513514519    256    0.0177    4.5312    2.93283514519    5.22095588235    8
390    1562291558.66    1562291561.48    2.82307386398    4    1.1283    4.5132    3.95137386398    1.5    2
391    1562291558.91    1562291561.48    2.56908893585    4    0.5956    2.3824    3.16468893585    1.5    2
392    1562291559.18    1562291561.48    2.30988407135    16    0.8805    14.088    3.19038407135    2.48333333333    4
393    1562291559.42    1562291561.56    2.14014792442    64    0.9446    60.4544    3.08474792442    3.93204365079    6
394    1562291559.65    1562291561.57    1.91581296921    4    0.5956    2.3824    2.51141296921    1.5    2
395    1562291559.76    1562291561.57    1.80965518951    16    0.7616    12.1856    2.57125518951    2.58333333333    4
396    1562291559.85    1562291561.65    1.79920291901    64    0.0055    0.352    1.80470291901    4.02281746032    6
397    1562291559.93    1562291561.65    1.72835683823    16    0.7616    12.1856    2.48995683823    2.58333333333    4
398    1562291560.13    1562291561.66    1.52605009079    16    0.8805    14.088    2.40655009079    2.56666666667    4
399    1562291560.61    1562291561.66    1.05588078499    4    0.0059    0.0236    1.06178078499    1.5    2
400    1562291560.86    1562291561.67    0.806617021561    16    0.0098    0.1568    0.816417021561    2.63333333333    4
401    1562291561.23    1562291562.92    1.69600105286    256    0.4221    108.0576    2.11810105286    5.14200367647    8
402    1562291561.48    1562291562.93    1.45212316513    16    0.0285    0.456    1.48062316513    2.48333333333    4
403    1562291561.56    1562291563.0    1.43195915222    64    0.1855    11.872    1.61745915222    3.93204365079    6
404    1562291561.64    1562291563.0    1.36514401436    16    0.0098    0.1568    1.37494401436    2.48333333333    4
405    1562291561.85    1562291564.27    2.42005610466    256    0.6189    158.4384    3.03895610466    5.32870710784    8
406    1562291562.16    1562291564.27    2.11278295517    4    0.0284    0.1136    2.14118295517    1.5    2
407    1562291562.34    1562291565.44    3.10401701927    256    0.0057    1.4592    3.10971701927    5.11136642157    8
408    1562291562.92    1562291565.51    2.58945584297    64    0.0055    0.352    2.59495584297    4.04265873016    6
409    1562291562.98    1562291565.59    2.61437296867    64    0.0234    1.4976    2.63777296867    3.97023809524    6
410    1562291563.04    1562291566.74    3.69678807259    256    0.0057    1.4592    3.70248807259    5.00401348039    7
411    1562291563.2    1562291566.82    3.62423706055    64    0.0055    0.352    3.62973706055    3.97023809524    6
412    1562291563.27    1562291566.83    3.55815792084    16    0.0285    0.456    3.58665792084    2.58333333333    4
413    1562291563.41    1562291566.83    3.41541481018    4    0.0284    0.1136    3.44381481018    1.5    2
414    1562291563.8    1562291568.04    4.24309110641    256    0.4221    108.0576    4.66519110641    5.01884191176    8
415    1562291564.24    1562291568.11    3.87010097504    64    0.1855    11.872    4.05560097504    4.03125    6
416    1562291564.38    1562291568.19    3.80519986153    64    0.6779    43.3856    4.48309986153    4.00446428571    6
417    1562291564.68    1562291568.19    3.50853610039    16    0.4243    6.7888    3.93283610039    2.68333333333    4
418    1562291565.3    1562291568.26    2.96774816513    64    0.6779    43.3856    3.64564816513    4.2123015873    6
419    1562291565.54    1562291568.27    2.72238397598    4    0.0522    0.2088    2.77458397598    1.5    2
420    1562291565.68    1562291568.27    2.59295201302    16    0.0297    0.4752    2.62265201302    2.66666666667    4
421    1562291566.02    1562291568.28    2.25893902779    16    0.0297    0.4752    2.28863902779    2.55833333333    4
422    1562291566.44    1562291568.28    1.83956098557    4    0.6452    2.5808    2.48476098557    1.5    2
423    1562291566.64    1562291568.36    1.72336006165    64    0.0234    1.4976    1.74676006165    4.23313492063    6
424    1562291566.87    1562291568.36    1.49588894844    4    0.0522    0.2088    1.54808894844    1.5    2
425    1562291567.08    1562291568.36    1.27981901169    4    0.0284    0.1136    1.30821901169    1.5    2
426    1562291567.52    1562291568.44    0.92057800293    64    0.4167    26.6688    1.33727800293    4.29613095238    6
427    1562291567.81    1562291569.58    1.77153515816    256    0.7528    192.7168    2.52433515816    5.25606617647    8
428    1562291568.13    1562291569.58    1.44907689095    4    1.1283    4.5132    2.57737689095    1.5    2
429    1562291568.26    1562291569.64    1.37865304947    64    0.1855    11.872    1.56415304947    3.90674603175    6
430    1562291568.64    1562291569.73    1.08754897118    64    0.0125    0.8    1.10004897118    4.21428571429    6
431    1562291568.69    1562291569.81    1.12134814262    64    0.4167    26.6688    1.53804814262    4.21825396825    6
432    1562291568.91    1562291569.81    0.897209882736    16    0.0098    0.1568    0.907009882736    2.6    4
433    1562291569.15    1562291569.82    0.66727399826    16    0.0285    0.456    0.69577399826    2.68333333333    4
434    1562291569.73    1562291569.82    0.0926229953766    16    0.0297    0.4752    0.122322995377    2.56666666667    4
435    1562291570.17    1562291570.17    2.90870666504e-05    4    1.1283    4.5132    1.12832908707    1.5    2
436    1562291570.84    1562291570.86    0.0186109542847    64    0.1855    11.872    0.204110954285    3.91865079365    6
437    1562291570.88    1562291570.88    1.59740447998e-05    4    0.0284    0.1136    0.0284159740448    1.5    2
438    1562291571.24    1562291571.24    3.79085540771e-05    4    0.0832    0.3328    0.0832379085541    1.5    2
439    1562291571.52    1562291571.52    4.50611114502e-05    16    0.8805    14.088    0.880545061111    2.58333333333    4
440    1562291571.59    1562291571.59    0.000187158584595    16    0.0285    0.456    0.0286871585846    2.58333333333    4
441    1562291572.24    1562291573.36    1.11844801903    256    0.0057    1.4592    1.12414801903    5.00297181373    7
442    1562291572.45    1562291574.53    2.08044195175    256    0.8    204.8    2.88044195175    5.17150735294    8
443    1562291572.67    1562291575.78    3.1049849987    256    0.0057    1.4592    3.1106849987    5.00297181373    7
444    1562291572.98    1562291575.86    2.87286996841    64    0.1855    11.872    3.05836996841    4.07093253968    6
445    1562291573.29    1562291575.86    2.57097887993    16    0.0098    0.1568    2.58077887993    2.58333333333    4
446    1562291573.98    1562291575.86    1.88418793678    4    0.0284    0.1136    1.91258793678    1.5    2
447    1562291574.17    1562291577.12    2.94555997849    256    0.8    204.8    3.74555997849    5.00674019608    8
448    1562291574.68    1562291577.12    2.44500613213    16    0.0429    0.6864    2.48790613213    2.58333333333    4
449    1562291575.03    1562291577.13    2.097905159    16    0.0098    0.1568    2.107705159    2.58333333333    4
450    1562291575.11    1562291578.35    3.24131393433    256    0.6189    158.4384    3.86021393433    5.12815563725    8
451    1562291575.35    1562291578.35    3.00303983688    4    0.0832    0.3328    3.08623983688    1.5    2
452    1562291575.38    1562291578.42    3.03367400169    64    0.9446    60.4544    3.97827400169    4.14285714286    6
453    1562291575.6    1562291579.57    3.96454811096    256    0.6189    158.4384    4.58344811096    5.07944240196    8
454    1562291575.65    1562291579.57    3.92334103584    4    0.0284    0.1136    3.95174103584    1.5    2
455    1562291575.78    1562291579.65    3.86950492859    64    0.9446    60.4544    4.81410492859    3.90724206349    6
456    1562291575.85    1562291580.85    5.00112509727    256    0.4221    108.0576    5.42322509727    5.02490808824    8
457    1562291576.07    1562291580.85    4.78277516365    16    0.0285    0.456    4.81127516365    2.58333333333    4
458    1562291576.38    1562291580.86    4.47369289398    16    0.0297    0.4752    4.50339289398    2.56666666667    4
459    1562291576.57    1562291580.93    4.35848903656    64    0.9446    60.4544    5.30308903656    4.15525793651    6
460    1562291577.12    1562291582.19    5.07108902931    256    0.6189    158.4384    5.68998902931    5.16583946078    8
461    1562291577.52    1562291582.19    4.67422914505    16    0.7616    12.1856    5.43582914505    2.58333333333    4
462    1562291577.77    1562291582.19    4.4198179245    4    0.0832    0.3328    4.5030179245    1.5    2
463    1562291578.09    1562291582.27    4.1760058403    64    0.9446    60.4544    5.1206058403    4.22073412698    6
464    1562291578.25    1562291582.34    4.0887761116    64    0.9446    60.4544    5.0333761116    4.20238095238    6
465    1562291578.35    1562291582.35    3.99569201469    16    0.0285    0.456    4.02419201469    2.66666666667    4
466    1562291578.47    1562291583.59    5.12372803688    256    0.8    204.8    5.92372803688    5.34353553922    9
467    1562291578.85    1562291583.6    4.74376702309    16    0.0429    0.6864    4.78666702309    2.58333333333    4
468    1562291579.36    1562291583.6    4.2363910675    4    0.0059    0.0236    4.2422910675    1.5    2
469    1562291579.45    1562291583.6    4.15209197998    4    0.0059    0.0236    4.15799197998    1.5    2
470    1562291579.91    1562291583.68    3.76464009285    64    0.0125    0.8    3.77714009285    3.99751984127    6
471    1562291580.2    1562291583.75    3.54412412643    64    0.1855    11.872    3.72962412643    4.21180555556    6
472    1562291580.85    1562291583.82    2.96937608719    64    0.0234    1.4976    2.99277608719    4.06349206349    6
473    1562291581.01    1562291583.83    2.81572198868    16    0.7616    12.1856    3.57732198868    2.48333333333    4
474    1562291581.12    1562291583.83    2.71612715721    16    0.7616    12.1856    3.47772715721    2.65    4
475    1562291581.29    1562291583.84    2.54621505737    16    0.7616    12.1856    3.30781505737    2.66666666667    4
476    1562291581.74    1562291583.92    2.18291401863    64    0.9446    60.4544    3.12751401863    4.42807539683    6
477    1562291581.9    1562291584.0    2.10441589355    64    0.0055    0.352    2.10991589355    4.06349206349    6
478    1562291582.09    1562291584.01    1.91794681549    16    0.0429    0.6864    1.96084681549    2.58333333333    4
479    1562291582.19    1562291584.01    1.81908512115    4    0.0522    0.2088    1.87128512115    1.5    2
480    1562291582.71    1562291585.21    2.50751805305    256    0.0057    1.4592    2.51321805305    5.35465686275    9
481    1562291582.82    1562291585.22    2.39969420433    16    0.0098    0.1568    2.40949420433    2.58333333333    4
482    1562291583.16    1562291585.3    2.14296603203    64    0.1855    11.872    2.32846603203    3.99503968254    6
483    1562291583.23    1562291585.31    2.07838201523    16    0.0429    0.6864    2.12128201523    2.58333333333    4
484    1562291583.48    1562291585.38    1.90666079521    64    0.0234    1.4976    1.93006079521    4.0376984127    6
485    1562291583.66    1562291585.46    1.7997341156    64    0.4167    26.6688    2.2164341156    4.0183531746    6
486    1562291583.75    1562291585.46    1.71429491043    4    0.0059    0.0236    1.72019491043    1.5    2
487    1562291583.82    1562291585.54    1.71747016907    64    0.0234    1.4976    1.74087016907    3.96924603175    6
488    1562291583.92    1562291585.54    1.62599897385    4    0.6452    2.5808    2.27119897385    1.5    2
489    1562291583.98    1562291586.75    2.77523112297    256    0.6189    158.4384    3.39413112297    5.08802083333    8
490    1562291584.04    1562291587.95    3.91689300537    256    0.8    204.8    4.71689300537    5.21642156863    8
491    1562291584.3    1562291587.96    3.66111803055    4    0.5956    2.3824    4.25671803055    1.5    2
492    1562291584.6    1562291588.04    3.43320083618    64    0.9446    60.4544    4.37780083618    4.18551587302    6
493    1562291584.62    1562291589.16    4.54479002953    256    0.6189    158.4384    5.16369002953    5.16482843137    8
494    1562291585.04    1562291590.33    5.28883504868    256    0.0057    1.4592    5.29453504868    4.97738970588    8
495    1562291585.21    1562291590.33    5.11631178856    4    0.0059    0.0236    5.12221178856    1.5    2
496    1562291585.3    1562291590.33    5.03540492058    16    0.0429    0.6864    5.07830492058    2.56666666667    4
497    1562291585.59    1562291591.59    5.99569416046    256    0.0177    4.5312    6.01339416046    5.22509191176    8
498    1562291585.77    1562291592.7    6.93069195747    256    0.7528    192.7168    7.68349195747    4.99681372549    8
499    1562291585.91    1562291593.92    8.00804805756    256    0.4221    108.0576    8.43014805756    5.06118259804    8
500    1562291586.31    1562291593.92    7.61326503754    4    0.5956    2.3824    8.20886503754    1.5    2
501    1562291586.7    1562291593.92    7.21869015694    4    0.0832    0.3328    7.30189015694    1.5    2
502    1562291587.03    1562291593.93    6.89231681824    16    0.0098    0.1568    6.90211681824    2.65    4
503    1562291587.47    1562291593.93    6.45818805695    4    0.0059    0.0236    6.46408805695    1.5    2
504    1562291587.51    1562291593.93    6.41985297203    4    0.0832    0.3328    6.50305297203    1.5    2
505    1562291587.87    1562291594.01    6.13342404366    64    0.6779    43.3856    6.81132404366    4.0505952381    6
506    1562291588.04    1562291594.09    6.05314588547    64    0.4167    26.6688    6.46984588547    4.15476190476    6
507    1562291588.77    1562291595.33    6.55378890038    256    0.0057    1.4592    6.55948890038    5.3503370098    8
508    1562291588.8    1562291595.41    6.61054611206    64    0.9446    60.4544    7.55514611206    3.93005952381    6
509    1562291588.91    1562291595.41    6.50610899925    16    0.0098    0.1568    6.51590899925    2.58333333333    4
510    1562291589.0    1562291595.49    6.49425005913    64    0.6779    43.3856    7.17215005913    3.93353174603    6
511    1562291589.24    1562291595.49    6.25291800499    4    1.1283    4.5132    7.38121800499    1.5    2
512    1562291589.48    1562291595.49    6.011521101    4    0.0059    0.0236    6.017421101    1.5    2
513    1562291589.8    1562291596.71    6.91298508644    256    0.0177    4.5312    6.93068508644    5.01341911765    8
514    1562291590.03    1562291597.81    7.77819299698    256    0.8    204.8    8.57819299698    4.97996323529    8
515    1562291590.49    1562291597.88    7.39759993553    64    0.6779    43.3856    8.07549993553    4.14880952381    6
516    1562291590.82    1562291599.07    8.24847698212    256    0.8    204.8    9.04847698212    5.30171568627    8
517    1562291591.55    1562291599.14    7.5965821743    64    0.6779    43.3856    8.2744821743    3.91716269841    6
518    1562291591.76    1562291600.3    8.5302670002    256    0.6189    158.4384    9.1491670002    5.00867034314    8
519    1562291592.45    1562291601.53    9.08036899567    256    0.0057    1.4592    9.08606899567    5.03697916667    8
520    1562291592.7    1562291601.63    8.9330561161    64    0.6779    43.3856    9.6109561161    3.97767857143    6
521    1562291592.96    1562291602.75    9.79531788826    256    0.0177    4.5312    9.81301788826    4.98618259804    7
522    1562291593.05    1562291602.76    9.71144008636    16    0.8805    14.088    10.5919400864    2.58333333333    4
523    1562291593.24    1562291603.99    10.7517781258    256    0.0057    1.4592    10.7574781258    5.24102328431    8
524    1562291593.46    1562291604.07    10.6043438911    64    0.0234    1.4976    10.6277438911    3.89484126984    6
525    1562291593.96    1562291604.07    10.1180050373    16    0.0285    0.456    10.1465050373    2.58333333333    4
526    1562291594.38    1562291605.31    10.9379081726    256    0.6189    158.4384    11.5568081726    5.02616421569    7
527    1562291594.41    1562291605.32    10.9165639877    16    0.0285    0.456    10.9450639877    2.58333333333    4
528    1562291594.72    1562291605.33    10.6085658073    16    0.0285    0.456    10.6370658073    2.58333333333    4
529    1562291595.11    1562291606.56    11.4506030083    256    0.0057    1.4592    11.4563030083    5.20294117647    8
530    1562291595.49    1562291606.56    11.069288969    4    1.1283    4.5132    12.197588969    1.5    2
531    1562291596.06    1562291606.57    10.503264904    16    0.7616    12.1856    11.264864904    2.58333333333    4
532    1562291596.2    1562291606.57    10.3737630844    16    0.8805    14.088    11.2542630844    2.58333333333    4
533    1562291596.31    1562291606.65    10.3367660046    64    0.0234    1.4976    10.3601660046    3.93204365079    6
534    1562291596.63    1562291606.65    10.0184371471    4    0.0284    0.1136    10.0468371471    1.5    2
535    1562291596.74    1562291606.65    9.91244101524    4    0.0522    0.2088    9.96464101524    1.5    2
536    1562291597.23    1562291606.65    9.42085814476    4    0.5956    2.3824    10.0164581448    1.5    2
537    1562291597.81    1562291607.93    10.113615036    256    0.0057    1.4592    10.119315036    5.04656862745    8
538    1562291598.22    1562291608.0    9.78320908546    64    0.0125    0.8    9.79570908546    4.02033730159    6
539    1562291598.29    1562291608.01    9.71917891502    16    0.0429    0.6864    9.76207891502    2.58333333333    4
540    1562291598.41    1562291608.08    9.6750099659    64    0.0055    0.352    9.6805099659    3.91716269841    6
541    1562291598.86    1562291609.23    10.3611190319    256    0.4221    108.0576    10.7832190319    4.97049632353    7
542    1562291599.07    1562291609.29    10.2201621532    64    0.0125    0.8    10.2326621532    3.91716269841    6
543    1562291599.21    1562291609.29    10.0811080933    4    0.0522    0.2088    10.1333080933    1.5    2
544    1562291599.32    1562291609.3    9.97953391075    16    0.8805    14.088    10.8600339108    2.58333333333    4
545    1562291599.83    1562291609.31    9.47379016876    16    0.0429    0.6864    9.51669016876    2.68333333333    4
546    1562291600.02    1562291609.31    9.29421710968    16    0.0297    0.4752    9.32391710968    2.56666666667    4
547    1562291600.57    1562291609.32    8.74760198593    16    0.8805    14.088    9.62810198593    2.68333333333    4
548    1562291600.9    1562291609.32    8.42128610611    4    0.5956    2.3824    9.01688610611    1.5    2
549    1562291600.98    1562291609.33    8.34598088264    16    0.0429    0.6864    8.38888088264    2.64166666667    4
550    1562291601.04    1562291609.41    8.37302398682    64    0.4167    26.6688    8.78972398682    4.00942460317    6
551    1562291601.19    1562291610.62    9.42596197128    256    0.8    204.8    10.2259619713    5.14059436275    8
552    1562291601.53    1562291610.7    9.16246914864    64    0.6779    43.3856    9.84036914864    3.89484126984    6
553    1562291601.61    1562291610.77    9.16412997246    64    0.9446    60.4544    10.1087299725    4.13541666667    6
554    1562291602.28    1562291610.77    8.48931288719    4    0.0284    0.1136    8.51771288719    1.5    2
555    1562291602.64    1562291611.95    9.31222105026    256    0.8    204.8    10.1122210503    5.29053308824    8
556    1562291602.75    1562291611.96    9.20514082909    16    0.7616    12.1856    9.96674082909    2.58333333333    4
557    1562291602.83    1562291611.96    9.12905287743    16    0.0297    0.4752    9.15875287743    2.58333333333    4
558    1562291603.0    1562291611.96    8.96059179306    16    0.0285    0.456    8.98909179306    2.56666666667    4
559    1562291603.2    1562291611.97    8.77275586128    16    0.7616    12.1856    9.53435586128    2.625    4
560    1562291603.59    1562291612.04    8.45552802086    64    0.4167    26.6688    8.87222802086    4.25    6
561    1562291603.74    1562291612.11    8.36842417717    64    0.0055    0.352    8.37392417717    4.03174603175    6
562    1562291603.99    1562291612.19    8.20246100426    64    0.0055    0.352    8.20796100426    4.00694444444    6
563    1562291604.05    1562291613.44    9.38588213921    256    0.0057    1.4592    9.39158213921    5.26504289216    8
564    1562291604.58    1562291613.44    8.85905408859    4    1.1283    4.5132    9.98735408859    1.5    2
565    1562291604.84    1562291613.44    8.59907388687    4    0.6452    2.5808    9.24427388687    1.5    2
566    1562291604.97    1562291614.59    9.6263859272    256    0.7528    192.7168    10.3791859272    5.18900122549    8
567    1562291605.31    1562291614.6    9.28133797646    4    1.1283    4.5132    10.4096379765    1.5    2
568    1562291605.32    1562291614.6    9.27800297737    16    0.0429    0.6864    9.32090297737    2.58333333333    4
569    1562291605.42    1562291614.6    9.17980098724    16    0.0098    0.1568    9.18960098724    2.68333333333    4
570    1562291605.65    1562291614.68    9.03382897377    64    0.0055    0.352    9.03932897377    4.29265873016    6
571    1562291605.91    1562291614.69    8.78046298027    16    0.0297    0.4752    8.81016298027    2.58333333333    4
572    1562291606.01    1562291614.76    8.7492620945    64    0.0055    0.352    8.7547620945    4.14285714286    6
573    1562291606.4    1562291615.9    9.49589395523    256    0.0177    4.5312    9.51359395523    5.08955269608    8
574    1562291606.56    1562291615.91    9.35058617592    16    0.0297    0.4752    9.38028617592    2.58333333333    4
575    1562291606.65    1562291617.01    10.3602588177    256    0.6189    158.4384    10.9791588177    5.15119485294    8
576    1562291606.71    1562291617.01    10.297590971    4    0.0059    0.0236    10.303490971    1.5    2
577    1562291606.93    1562291617.09    10.1636009216    64    0.9446    60.4544    11.1082009216    3.95138888889    6
578    1562291607.25    1562291618.17    10.9209859371    256    0.7528    192.7168    11.6737859371    5.24445465686    8
579    1562291607.48    1562291619.29    11.8163819313    256    0.7528    192.7168    12.5691819313    5.04849877451    8
580    1562291607.69    1562291619.3    11.6152718067    16    0.0429    0.6864    11.6581718067    2.58333333333    4
581    1562291607.73    1562291619.3    11.5713810921    4    0.0284    0.1136    11.5997810921    1.5    2
582    1562291607.92    1562291619.38    11.451884985    64    0.0234    1.4976    11.475284985    4.10218253968    6
583    1562291607.99    1562291619.38    11.3852658272    4    0.0832    0.3328    11.4684658272    1.5    2
584    1562291608.1    1562291620.5    12.4009099007    256    0.4221    108.0576    12.8230099007    5.234375    8
585    1562291608.35    1562291620.57    12.2183711529    64    0.0234    1.4976    12.2417711529    3.88045634921    6
586    1562291608.73    1562291620.57    11.8416478634    4    0.0284    0.1136    11.8700478634    1.5    2
587    1562291609.09    1562291620.58    11.4928159714    16    0.0098    0.1568    11.5026159714    2.48333333333    4
588    1562291609.33    1562291620.59    11.261300087    16    0.7616    12.1856    12.022900087    2.68333333333    4
589    1562291610.2    1562291620.59    10.3850710392    4    0.5956    2.3824    10.9806710392    1.5    2
590    1562291610.62    1562291621.72    11.0996010303    256    0.8    204.8    11.8996010303    5.44944852941    8
591    1562291610.77    1562291621.72    10.9494109154    4    0.0284    0.1136    10.9778109154    1.5    2
592    1562291610.81    1562291622.86    12.0471310616    256    0.6189    158.4384    12.6660310616    5.27809436275    8
593    1562291611.03    1562291623.88    12.8533051014    256    0.6189    158.4384    13.4722051014    5.17162990196    8
594    1562291611.3    1562291623.89    12.5858960152    16    0.0297    0.4752    12.6155960152    2.58333333333    4
595    1562291611.39    1562291623.96    12.5719900131    64    0.1855    11.872    12.7574900131    3.99900793651    6
596    1562291611.48    1562291623.97    12.4863147736    16    0.0297    0.4752    12.5160147736    2.58333333333    4
597    1562291611.67    1562291625.23    13.5557599068    256    0.4221    108.0576    13.9778599068    5.20199142157    8
598    1562291611.73    1562291626.29    14.5623619556    256    0.6189    158.4384    15.1812619556    5.23645833333    8
599    1562291611.77    1562291626.36    14.5933568478    64    0.6779    43.3856    15.2712568478    4.06597222222    6

dispatched jobs are: 600 out of 600
average queue time is: 4.76236618002
fso links are used for 0 times
overall utilization is 0.10371082213116765
average response time is 5.09785968002
average weighted response time is 6.15485930759489
average slowdown is 9.161178168030899
cpu_request: 44976, cpu_run: 44976
ssd_request: 22171, ssd_run: 0
gpu_request: 22485, gpu_run: 0
cpu aspl: 3.17381381059
cpu diameter: 4.74166666667
job x: 0.0
job y: 0.0
job z: 0.0
