#timestep  occupied-CPU  total-CPU  utilization  queuingjobs
1    0    1024    0.0    1
2    0    1024    0.0    1
3    272    1024    0.265625    0
4    0    1024    0.0    0
5    64    1024    0.0625    0
6    0    1024    0.0    1
7    320    1024    0.3125    2
8    0    1024    0.0    1
9    0    1024    0.0    0
10    0    1024    0.0    0
11    0    1024    0.0    1
12    0    1024    0.0    2
13    4    1024    0.00390625    0
14    20    1024    0.01953125    0
15    0    1024    0.0    1
16    0    1024    0.0    1
17    0    1024    0.0    0
18    0    1024    0.0    1
19    0    1024    0.0    4
20    256    1024    0.25    4
21    0    1024    0.0    4
22    0    1024    0.0    5
23    74    1024    0.072265625    1
24    0    1024    0.0    4
25    256    1024    0.25    6
26    0    1024    0.0    8
27    256    1024    0.25    8
28    0    1024    0.0    8
29    0    1024    0.0    6
30    0    1024    0.0    8
31    96    1024    0.09375    1
32    0    1024    0.0    0
33    0    1024    0.0    0
34    9    1024    0.0087890625    0
35    0    1024    0.0    0
36    0    1024    0.0    0
37    0    1024    0.0    0
38    0    1024    0.0    0
39    0    1024    0.0    0
40    0    1024    0.0    0
41    0    1024    0.0    0
42    64    1024    0.0625    0
43    0    1024    0.0    0
44    16    1024    0.015625    0
45    0    1024    0.0    1
46    64    1024    0.0625    0
47    0    1024    0.0    0
48    64    1024    0.0625    0
49    0    1024    0.0    0
50    0    1024    0.0    0
51    0    1024    0.0    2
52    260    1024    0.25390625    0
53    0    1024    0.0    0
54    0    1024    0.0    1
55    0    1024    0.0    1
56    256    1024    0.25    0
57    0    1024    0.0    0
58    0    1024    0.0    0
59    0    1024    0.0    0
60    0    1024    0.0    0
61    4    1024    0.00390625    1
62    0    1024    0.0    3
63    0    1024    0.0    0
64    0    1024    0.0    0
65    0    1024    0.0    0
66    64    1024    0.0625    2
67    256    1024    0.25    4
68    0    1024    0.0    5
69    260    1024    0.25390625    0
70    0    1024    0.0    1
71    0    1024    0.0    1
72    0    1024    0.0    0
73    64    1024    0.0625    0
74    64    1024    0.0625    0
75    0    1024    0.0    0
76    0    1024    0.0    0
77    0    1024    0.0    0
78    0    1024    0.0    1
79    0    1024    0.0    1
80    124    1024    0.12109375    0
81    0    1024    0.0    3
82    0    1024    0.0    5
83    16    1024    0.015625    3
84    142    1024    0.138671875    2
85    0    1024    0.0    4
86    0    1024    0.0    2
87    0    1024    0.0    2

average cpu utilization is: 0.0375471443966
average ssd utilization is: 0.021450700431
average gpu utilization is: 0.0187342852011
average utilization is: 0.0259107100096
average queuing jobs are: 1.42528735632
maximum queuing jobs are: 8


#job_number  submit  dispatch  queue  cpu#  runtime  weight  response(turnaround)  cpu_aspl  cpu_diameter
0    1563429566.63    1563429573.21    6.57999992371    256    0.789    201.984    7.36899992371    5.72763480392    11
1    1563429572.78    1563429573.22    0.443999767303    16    0.7709    12.3344    1.2148997673    2.43333333333    4
2    1563429575.31    1563429575.39    0.0810000896454    64    0.6889    44.0896    0.769900089645    3.83035714286    7
3    1563429575.61    1563429575.61    0.00500011444092    16    0.0299    0.4784    0.0349001144409    2.36666666667    4
4    1563429575.87    1563429575.87    0.0    4    0.0526    0.2104    0.0526    1.5    2
5    1563429575.95    1563429577.39    1.4430000782    256    0.7162    183.3472    2.1592000782    5.86455269608    12
6    1563429577.68    1563429577.76    0.0839998722076    64    0.6889    44.0896    0.772899872208    3.83035714286    7
7    1563429577.7    1563429577.86    0.165000200272    64    0.0131    0.8384    0.178100200272    3.84821428571    7
8    1563429577.79    1563429579.35    1.5649998188    256    0.0058    1.4848    1.5707998188    6.12769607843    12
9    1563429581.7    1563429583.37    1.66700005531    256    0.0058    1.4848    1.67280005531    5.72763480392    11
10    1563429581.95    1563429583.37    1.42100000381    4    0.6477    2.5908    2.06870000381    1.5    2
11    1563429584.33    1563429584.34    0.00600004196167    16    0.0299    0.4784    0.0359000419617    2.36666666667    4
12    1563429584.56    1563429584.57    0.00600004196167    16    0.4253    6.8048    0.431300041962    2.36666666667    4
13    1563429584.82    1563429584.82    0.0    4    0.6477    2.5908    0.6477    1.5    2
14    1563429585.76    1563429587.39    1.63199996948    256    0.0209    5.3504    1.65289996948    5.72763480392    11
15    1563429587.4    1563429587.51    0.106999874115    64    0.1865    11.936    0.293499874115    3.92509920635    8
16    1563429588.85    1563429590.58    1.72499990463    256    0.8114    207.7184    2.53639990463    5.72763480392    11
17    1563429589.2    1563429592.38    3.18400001526    256    0.789    201.984    3.97300001526    5.98900122549    14
18    1563429589.35    1563429594.1    4.75199985504    256    0.0058    1.4848    4.75779985504    5.72763480392    11
19    1563429589.58    1563429594.1    4.52500009537    4    1.1322    4.5288    5.65720009537    1.5    2
20    1563429591.0    1563429594.21    3.20600008965    64    0.4242    27.1488    3.63020008965    3.84821428571    7
21    1563429592.95    1563429594.21    1.25699996948    4    0.6477    2.5908    1.90469996948    1.5    2
22    1563429593.02    1563429594.21    1.19799995422    4    0.0059    0.0236    1.20389995422    1.5    2
23    1563429594.08    1563429594.22    0.144999980927    16    0.0099    0.1584    0.154899980927    2.36666666667    4
24    1563429594.19    1563429596.09    1.90499997139    256    0.8114    207.7184    2.71639997139    6.11599264706    12
25    1563429594.71    1563429597.8    3.08400011063    256    0.7162    183.3472    3.80020011063    5.7    11
26    1563429595.03    1563429597.81    2.77600002289    16    0.0099    0.1584    2.78590002289    2.43333333333    4
27    1563429595.28    1563429597.91    2.632999897    64    0.4242    27.1488    3.057199897    3.84821428571    7
28    1563429595.31    1563429599.63    4.32500004768    256    0.4594    117.6064    4.78440004768    5.97803308824    14
29    1563429595.71    1563429599.72    4.01399993896    64    0.4242    27.1488    4.43819993896    3.83035714286    7
30    1563429595.99    1563429601.63    5.6400001049    256    0.7162    183.3472    6.3562001049    5.7337622549    12
31    1563429596.88    1563429601.64    4.75999999046    4    0.0059    0.0236    4.76589999046    1.5    2
32    1563429597.21    1563429601.78    4.5680000782    64    0.0247    1.5808    4.5927000782    3.84821428571    7
33    1563429597.84    1563429601.78    3.94099998474    4    0.6477    2.5908    4.58869998474    1.5    2
34    1563429598.0    1563429601.79    3.78900003433    16    0.7662    12.2592    4.55520003433    2.36666666667    4
35    1563429598.01    1563429601.93    3.91999983788    64    0.9575    61.28    4.87749983788    3.91468253968    7
36    1563429600.56    1563429601.94    1.37999987602    16    0.7662    12.2592    2.14619987602    2.36666666667    4
37    1563429600.8    1563429601.95    1.14200019836    16    0.0296    0.4736    1.17160019836    2.41666666667    4
38    1563429602.26    1563429602.26    0.000999927520752    4    0.0526    0.2104    0.0535999275208    1.5    2
39    1563429602.33    1563429602.33    0.0    4    0.0834    0.3336    0.0834    1.5    2
40    1563429602.35    1563429602.48    0.130000114441    64    0.1865    11.936    0.316500114441    3.88740079365    7
41    1563429603.53    1563429603.63    0.0990002155304    64    0.0056    0.3584    0.10460021553    3.83035714286    7
42    1563429604.65    1563429604.65    0.00600004196167    16    0.8836    14.1376    0.889600041962    2.36666666667    4
43    1563429605.24    1563429605.24    0.000999927520752    4    0.0834    0.3336    0.0843999275208    1.5    2
44    1563429608.88    1563429608.96    0.0870001316071    64    0.0247    1.5808    0.111700131607    3.83035714286    7
45    1563429609.99    1563429610.09    0.0929999351501    64    0.0247    1.5808    0.11769993515    3.83035714286    7
46    1563429611.72    1563429611.81    0.0979998111725    64    0.0247    1.5808    0.122699811172    3.83035714286    7
47    1563429612.02    1563429612.02    0.000999927520752    4    0.0059    0.0236    0.00689992752075    1.5    2
48    1563429612.9    1563429612.91    0.00599980354309    16    0.0431    0.6896    0.0490998035431    2.36666666667    4
49    1563429613.58    1563429613.66    0.0889999866486    64    0.9575    61.28    1.04649998665    3.83035714286    7
50    1563429614.96    1563429614.97    0.00500011444092    16    0.8836    14.1376    0.888600114441    2.36666666667    4
51    1563429616.72    1563429616.85    0.128999948502    64    0.0247    1.5808    0.153699948502    3.83035714286    7
52    1563429616.88    1563429616.98    0.101999998093    64    0.0247    1.5808    0.126699998093    3.83035714286    7
53    1563429617.14    1563429617.24    0.0929999351501    64    0.9575    61.28    1.05049993515    3.83035714286    7
54    1563429617.66    1563429617.66    0.00500011444092    16    0.029    0.464    0.0340001144409    2.36666666667    4
55    1563429617.84    1563429617.84    0.0    4    0.6477    2.5908    0.6477    1.5    2
56    1563429617.99    1563429617.99    0.00100016593933    4    0.0834    0.3336    0.0844001659393    1.5    2
57    1563429618.19    1563429618.28    0.0950000286102    64    0.0131    0.8384    0.10810002861    3.84821428571    7
58    1563429619.68    1563429619.77    0.0899999141693    64    0.4242    27.1488    0.514199914169    3.83035714286    7
59    1563429620.74    1563429620.74    0.0    4    0.0059    0.0236    0.0059    1.5    2
60    1563429622.13    1563429623.79    1.65799999237    256    0.7162    183.3472    2.37419999237    5.72763480392    11
61    1563429622.48    1563429623.79    1.30999994278    16    0.0432    0.6912    1.35319994278    2.43333333333    4
62    1563429623.11    1563429623.8    0.688999891281    4    0.5984    2.3936    1.28739989128    1.5    2
63    1563429624.71    1563429624.71    0.0    4    0.0059    0.0236    0.0059    1.5    2
64    1563429625.97    1563429627.63    1.65500020981    256    0.7162    183.3472    2.37120020981    5.72763480392    11
65    1563429627.63    1563429627.63    0.00300002098083    4    0.0059    0.0236    0.00890002098083    1.5    2
66    1563429629.18    1563429629.19    0.00699996948242    16    0.4253    6.8048    0.432299969482    2.36666666667    4
67    1563429629.19    1563429629.2    0.010999917984    16    0.4253    6.8048    0.436299917984    2.36666666667    4
68    1563429630.16    1563429630.25    0.0910000801086    64    0.0056    0.3584    0.0966000801086    3.83035714286    7
69    1563429631.65    1563429631.65    0.0    4    0.0059    0.0236    0.0059    1.5    2
70    1563429632.77    1563429632.77    0.0    4    1.1322    4.5288    1.1322    1.5    2
71    1563429632.85    1563429634.51    1.65300011635    256    0.7162    183.3472    2.36920011635    5.75588235294    11
72    1563429633.58    1563429634.52    0.933000087738    16    0.0431    0.6896    0.976100087738    2.36666666667    4
73    1563429634.01    1563429634.52    0.509999990463    4    0.0284    0.1136    0.538399990463    1.5    2
74    1563429635.66    1563429635.75    0.0900001525879    64    0.0247    1.5808    0.114700152588    3.83035714286    7
75    1563429636.4    1563429636.4    0.0    4    0.0059    0.0236    0.0059    1.5    2
76    1563429636.9    1563429636.99    0.0889999866486    64    0.0247    1.5808    0.113699986649    3.83035714286    7
77    1563429637.32    1563429637.41    0.0940001010895    64    0.9575    61.28    1.05150010109    3.83035714286    7
78    1563429637.37    1563429639.05    1.6779999733    256    0.8114    207.7184    2.4893999733    5.86455269608    12
79    1563429637.84    1563429640.71    2.86899995804    256    0.8114    207.7184    3.68039995804    5.90526960784    13
80    1563429638.78    1563429640.72    1.93799996376    16    0.0299    0.4784    1.96789996376    2.36666666667    4
81    1563429638.94    1563429640.72    1.77999997139    4    0.0284    0.1136    1.80839997139    1.5    2
82    1563429639.08    1563429640.72    1.63800001144    4    1.1322    4.5288    2.77020001144    1.5    2
83    1563429640.01    1563429640.72    0.713999986649    4    0.0284    0.1136    0.742399986649    1.5    2
84    1563429640.51    1563429640.72    0.210000038147    4    0.6477    2.5908    0.857700038147    1.5    2
85    1563429642.41    1563429644.05    1.63899993896    256    0.0209    5.3504    1.65989993896    5.72763480392    11
86    1563429645.36    1563429645.45    0.0900001525879    64    0.1865    11.936    0.276500152588    3.83035714286    7
87    1563429645.67    1563429645.77    0.101999998093    64    0.9575    61.28    1.05949999809    3.83035714286    7
88    1563429650.0    1563429650.09    0.0869998931885    64    0.0247    1.5808    0.111699893188    3.83035714286    7
89    1563429650.15    1563429651.89    1.73299980164    256    0.789    201.984    2.52199980164    5.72763480392    11
90    1563429653.11    1563429653.2    0.0969998836517    64    0.0056    0.3584    0.102599883652    3.83035714286    7
91    1563429653.15    1563429654.91    1.75999999046    256    0.8114    207.7184    2.57139999046    5.83587622549    11
92    1563429653.34    1563429655.01    1.66899991035    64    0.0247    1.5808    1.69369991035    3.92212301587    7
93    1563429653.68    1563429655.02    1.33899998665    16    0.0431    0.6896    1.38209998665    2.36666666667    4
94    1563429653.74    1563429655.02    1.28299999237    16    0.7662    12.2592    2.04919999237    2.36666666667    4
95    1563429654.58    1563429656.78    2.20399999619    256    0.0209    5.3504    2.22489999619    5.92414215686    13
96    1563429655.32    1563429658.56    3.24100017548    256    0.0058    1.4848    3.24680017548    6.18753063725    13
97    1563429655.5    1563429658.56    3.06300020218    4    0.0526    0.2104    3.11560020218    1.5    2
98    1563429657.38    1563429660.33    2.94400000572    256    0.8114    207.7184    3.75540000572    5.78336397059    12
99    1563429657.58    1563429660.43    2.85299992561    64    0.0056    0.3584    2.85859992561    3.83035714286    7

dispatched jobs are: 100 out of 100
average queue time is: 1.27930000067
fso links are used for 0 times
overall utilization is 0.0414187102764
average response time is 1.63599900067
average weighted response time is 3.13171618334
average slowdown is 4.1794608621
cpu_request: 8236, cpu_run: 8236
ssd_request: 4343, ssd_run: 0
gpu_request: 4326, gpu_run: 0
cpu aspl: 3.3772557919
cpu diameter: 6.16
job x: 0.0
job y: 0.0
job z: 0.0
