#timestep  occupied-CPU  total-CPU  utilization  queuingjobs
1    0    1024    0.0    1
2    0    1024    0.0    3
3    0    1024    0.0    8
4    24    1024    0.0234375    7
5    0    1024    0.0    14
6    256    1024    0.25    17
7    0    1024    0.0    21
8    0    1024    0.0    25
9    0    1024    0.0    34
10    0    1024    0.0    41
11    0    1024    0.0    47
12    0    1024    0.0    46
13    0    1024    0.0    51
14    4    1024    0.00390625    52
15    0    1024    0.0    53
16    140    1024    0.13671875    50
17    0    1024    0.0    54
18    356    1024    0.34765625    53
19    4    1024    0.00390625    56
20    4    1024    0.00390625    59
21    16    1024    0.015625    51
22    0    1024    0.0    58
23    324    1024    0.31640625    59
24    16    1024    0.015625    56
25    0    1024    0.0    62
26    0    1024    0.0    63
27    0    1024    0.0    66
28    0    1024    0.0    68
29    0    1024    0.0    75
30    84    1024    0.08203125    69
31    0    1024    0.0    64
32    0    1024    0.0    70
33    320    1024    0.3125    74
34    0    1024    0.0    77
35    8    1024    0.0078125    77
36    3    1024    0.0029296875    82
37    0    1024    0.0    84
38    64    1024    0.0625    88
39    0    1024    0.0    93
40    4    1024    0.00390625    90
41    0    1024    0.0    98
42    256    1024    0.25    99
43    0    1024    0.0    109
44    24    1024    0.0234375    109
45    0    1024    0.0    116
46    340    1024    0.33203125    118
47    20    1024    0.01953125    119
48    0    1024    0.0    126
49    93    1024    0.0908203125    128
50    0    1024    0.0    133
51    420    1024    0.41015625    129
52    16    1024    0.015625    129
53    0    1024    0.0    134
54    148    1024    0.14453125    132
55    0    1024    0.0    138
56    256    1024    0.25    138
57    0    1024    0.0    141
58    271    1024    0.2646484375    147
59    0    1024    0.0    151
60    0    1024    0.0    154
61    81    1024    0.0791015625    143
62    0    1024    0.0    145
63    288    1024    0.28125    143
64    0    1024    0.0    148
65    0    1024    0.0    147
66    0    1024    0.0    150
67    12    1024    0.01171875    146
68    0    1024    0.0    148
69    256    1024    0.25    152
70    0    1024    0.0    156
71    64    1024    0.0625    159
72    0    1024    0.0    165
73    64    1024    0.0625    166
74    0    1024    0.0    172
75    0    1024    0.0    175
76    0    1024    0.0    180
77    0    1024    0.0    182
78    0    1024    0.0    183
79    256    1024    0.25    184
80    64    1024    0.0625    186
81    0    1024    0.0    196
82    108    1024    0.10546875    194
83    0    1024    0.0    201
84    0    1024    0.0    211
85    0    1024    0.0    217
86    0    1024    0.0    222
87    441    1024    0.4306640625    214
88    0    1024    0.0    225
89    0    1024    0.0    231
90    0    1024    0.0    233
91    0    1024    0.0    237
92    0    1024    0.0    239
93    0    1024    0.0    243
94    4    1024    0.00390625    243
95    0    1024    0.0    249
96    260    1024    0.25390625    250
97    0    1024    0.0    254
98    256    1024    0.25    255
99    0    1024    0.0    258
100    256    1024    0.25    264
101    0    1024    0.0    269
102    0    1024    0.0    268
103    0    1024    0.0    267
104    0    1024    0.0    267
105    0    1024    0.0    266
106    0    1024    0.0    266
107    0    1024    0.0    265
108    0    1024    0.0    265
109    0    1024    0.0    262
110    0    1024    0.0    262
111    0    1024    0.0    259
112    0    1024    0.0    259
113    4    1024    0.00390625    256
114    0    1024    0.0    256
115    256    1024    0.25    255
116    0    1024    0.0    255
117    280    1024    0.2734375    247
118    0    1024    0.0    244
119    0    1024    0.0    244
120    0    1024    0.0    239
121    0    1024    0.0    239
122    320    1024    0.3125    233
123    0    1024    0.0    233
124    328    1024    0.3203125    223
125    0    1024    0.0    223
126    292    1024    0.28515625    218
127    0    1024    0.0    218
128    256    1024    0.25    216
129    0    1024    0.0    216
130    256    1024    0.25    215
131    0    1024    0.0    215
132    256    1024    0.25    213
133    0    1024    0.0    213
134    0    1024    0.0    211
135    0    1024    0.0    211
136    186    1024    0.181640625    204
137    0    1024    0.0    202
138    0    1024    0.0    202
139    256    1024    0.25    197
140    0    1024    0.0    197
141    284    1024    0.27734375    187
142    0    1024    0.0    187
143    272    1024    0.265625    185
144    0    1024    0.0    185
145    0    1024    0.0    184
146    0    1024    0.0    184
147    80    1024    0.078125    181
148    0    1024    0.0    179
149    0    1024    0.0    179
150    0    1024    0.0    177
151    0    1024    0.0    177
152    16    1024    0.015625    171
153    0    1024    0.0    171
154    68    1024    0.06640625    164
155    0    1024    0.0    164
156    0    1024    0.0    164
157    0    1024    0.0    161
158    0    1024    0.0    161
159    0    1024    0.0    158
160    0    1024    0.0    158
161    256    1024    0.25    157
162    0    1024    0.0    157
163    256    1024    0.25    156
164    0    1024    0.0    155
165    107    1024    0.1044921875    154
166    0    1024    0.0    152
167    0    1024    0.0    152
168    0    1024    0.0    150
169    0    1024    0.0    150
170    0    1024    0.0    148
171    0    1024    0.0    148
172    308    1024    0.30078125    140
173    0    1024    0.0    140
174    256    1024    0.25    138
175    0    1024    0.0    138
176    276    1024    0.26953125    134
177    0    1024    0.0    134
178    340    1024    0.33203125    130
179    0    1024    0.0    130
180    256    1024    0.25    128
181    0    1024    0.0    128
182    0    1024    0.0    128
183    64    1024    0.0625    124
184    0    1024    0.0    124
185    260    1024    0.25390625    120
186    0    1024    0.0    120
187    80    1024    0.078125    116
188    0    1024    0.0    112
189    0    1024    0.0    112
190    256    1024    0.25    109
191    0    1024    0.0    109
192    0    1024    0.0    108
193    0    1024    0.0    108
194    280    1024    0.2734375    104
195    0    1024    0.0    104
196    376    1024    0.3671875    97
197    64    1024    0.0625    91
198    0    1024    0.0    91
199    0    1024    0.0    90
200    0    1024    0.0    90
201    0    1024    0.0    89
202    0    1024    0.0    89
203    272    1024    0.265625    79
204    0    1024    0.0    79
205    0    1024    0.0    79
206    0    1024    0.0    72
207    0    1024    0.0    72
208    0    1024    0.0    71
209    0    1024    0.0    71
210    0    1024    0.0    70
211    0    1024    0.0    70
212    16    1024    0.015625    67
213    0    1024    0.0    67
214    320    1024    0.3125    63
215    0    1024    0.0    62
216    0    1024    0.0    62
217    64    1024    0.0625    57
218    0    1024    0.0    57
219    20    1024    0.01953125    52
220    0    1024    0.0    52
221    256    1024    0.25    51
222    0    1024    0.0    51
223    0    1024    0.0    51
224    64    1024    0.0625    45
225    0    1024    0.0    45
226    256    1024    0.25    44
227    0    1024    0.0    44
228    4    1024    0.00390625    41
229    0    1024    0.0    41
230    256    1024    0.25    40
231    0    1024    0.0    40
232    128    1024    0.125    36
233    0    1024    0.0    36
234    333    1024    0.3251953125    33
235    0    1024    0.0    33
236    54    1024    0.052734375    32
237    0    1024    0.0    32
238    256    1024    0.25    31
239    0    1024    0.0    31
240    64    1024    0.0625    29
241    0    1024    0.0    23
242    0    1024    0.0    23
243    4    1024    0.00390625    18
244    0    1024    0.0    18
245    256    1024    0.25    17
246    0    1024    0.0    17
247    16    1024    0.015625    10
248    0    1024    0.0    10
249    256    1024    0.25    9
250    0    1024    0.0    9
251    128    1024    0.125    4
252    0    1024    0.0    4

average cpu utilization is: 0.061031281002
average ssd utilization is: 0.0291612413194
average gpu utilization is: 0.0264214409722
average utilization is: 0.0388713210979
average queuing jobs are: 130.488095238
maximum queuing jobs are: 269


#job_number  submit  dispatch  queue  cpu#  runtime  weight  response(turnaround)  cpu_aspl  cpu_diameter
0    1563431048.28    1563431054.47    6.19600009918    4    0.0526    0.2104    6.24860009918    1.5    2
1    1563431054.63    1563431054.74    0.104000091553    64    0.0131    0.8384    0.117100091553    3.13492063492    5
2    1563431054.79    1563431054.9    0.109999895096    64    0.1865    11.936    0.296499895096    3.13492063492    5
3    1563431054.96    1563431054.98    0.018000125885    16    0.0099    0.1584    0.027900125885    2.16666666667    3
4    1563431055.04    1563431056.91    1.87199997902    256    0.4475    114.56    2.31949997902    4.22254901961    8
5    1563431055.16    1563431056.93    1.77200007439    16    0.7709    12.3344    2.54290007439    2.16666666667    3
6    1563431055.33    1563431056.94    1.61199998856    4    0.6477    2.5908    2.25969998856    1.5    2
7    1563431055.5    1563431057.07    1.56299996376    64    0.0056    0.3584    1.56859996376    3.17956349206    5
8    1563431055.74    1563431057.07    1.32500004768    4    0.6477    2.5908    1.97270004768    1.5    2
9    1563431055.79    1563431058.84    3.05399990082    256    0.8087    207.0272    3.86269990082    4.28446691176    8
10    1563431056.23    1563431058.95    2.71500015259    64    0.4242    27.1488    3.13920015259    3.19097222222    5
11    1563431056.41    1563431060.74    4.33200001717    256    0.0198    5.0688    4.35180001717    4.22879901961    8
12    1563431056.52    1563431060.87    4.34999990463    64    0.1865    11.936    4.53649990463    3.13492063492    5
13    1563431056.78    1563431062.71    5.93799996376    256    0.0057    1.4592    5.94369996376    4.22254901961    8
14    1563431057.03    1563431064.8    7.76999998093    256    0.4475    114.56    8.21749998093    4.17463235294    7
15    1563431057.49    1563431064.82    7.33100008965    16    0.0296    0.4736    7.36060008965    2.16666666667    3
16    1563431057.6    1563431064.83    7.23099994659    16    0.0099    0.1584    7.24089994659    2.16666666667    3
17    1563431057.95    1563431064.84    6.88100004196    16    0.7662    12.2592    7.64720004196    2.16666666667    3
18    1563431058.01    1563431064.86    6.85399985313    16    0.0296    0.4736    6.88359985313    2.16666666667    3
19    1563431058.24    1563431066.87    8.62599992752    256    0.4475    114.56    9.07349992752    4.35514705882    8
20    1563431058.48    1563431066.88    8.39999985695    4    0.5984    2.3936    8.99839985695    1.5    2
21    1563431058.49    1563431066.9    8.40799999237    4    1.1322    4.5288    9.54019999237    1.5    2
22    1563431058.52    1563431069.01    10.4900000095    256    0.6811    174.3616    11.1711000095    4.31651348039    9
23    1563431058.93    1563431069.02    10.0909998417    4    1.1322    4.5288    11.2231998417    1.5    2
24    1563431059.23    1563431069.04    9.80800008774    4    1.1322    4.5288    10.9402000877    1.5    2
25    1563431059.28    1563431069.17    9.89299988747    64    0.9639    61.6896    10.8568998875    3.24950396825    5
26    1563431059.34    1563431069.18    9.84599995613    4    0.6477    2.5908    10.4936999561    1.5    2
27    1563431059.41    1563431069.19    9.77900004387    4    0.0834    0.3336    9.86240004387    1.5    2
28    1563431059.66    1563431069.21    9.54500007629    4    0.0526    0.2104    9.59760007629    1.5    2
29    1563431059.96    1563431069.34    9.37300014496    64    0.1865    11.936    9.55950014496    3.19791666667    5
30    1563431060.06    1563431069.47    9.41600012779    64    0.4242    27.1488    9.84020012779    3.18501984127    5
31    1563431060.07    1563431071.44    11.364000082    256    0.8078    206.7968    12.171800082    4.51446078431    9
32    1563431060.89    1563431071.57    10.6749999523    64    0.4242    27.1488    11.0991999523    3.21775793651    5
33    1563431060.94    1563431071.59    10.6459999084    16    0.7709    12.3344    11.4168999084    2.16666666667    3
34    1563431061.3    1563431071.61    10.3109998703    16    0.7709    12.3344    11.0818998703    2.16666666667    3
35    1563431061.36    1563431071.73    10.371999979    64    0.0247    1.5808    10.396699979    3.13492063492    5
36    1563431061.37    1563431071.75    10.378000021    16    0.0296    0.4736    10.407600021    2.16666666667    3
37    1563431061.48    1563431071.76    10.2809998989    4    1.1322    4.5288    11.4131998989    1.5    2
38    1563431061.63    1563431073.78    12.1419999599    256    0.0198    5.0688    12.1617999599    4.44537377451    9
39    1563431061.78    1563431073.79    12.013999939    4    0.5984    2.3936    12.612399939    1.5    2
40    1563431061.86    1563431073.94    12.0750000477    64    0.0128    0.8192    12.0878000477    3.34474206349    5
41    1563431061.87    1563431074.07    12.2019999027    64    0.0131    0.8384    12.2150999027    3.13492063492    5
42    1563431061.94    1563431074.1    12.1549999714    4    0.0284    0.1136    12.1833999714    1.5    2
43    1563431062.1    1563431074.12    12.0170001984    4    0.0834    0.3336    12.1004001984    1.5    2
44    1563431062.11    1563431074.14    12.0309998989    4    0.0284    0.1136    12.0593998989    1.5    2
45    1563431062.49    1563431074.16    11.6690001488    16    0.8867    14.1872    12.5557001488    2.16666666667    3
46    1563431062.62    1563431074.19    11.5739998817    16    0.0099    0.1584    11.5838998817    2.16666666667    3
47    1563431062.65    1563431074.33    11.6809999943    64    0.0131    0.8384    11.6940999943    3.13492063492    5
48    1563431062.67    1563431074.36    11.6900000572    16    0.0432    0.6912    11.7332000572    2.16666666667    3
49    1563431063.12    1563431074.37    11.2569999695    4    0.0284    0.1136    11.2853999695    1.5    2
50    1563431063.48    1563431074.4    10.9110000134    4    0.0834    0.3336    10.9944000134    1.5    2
51    1563431063.49    1563431074.42    10.9319999218    16    0.03    0.48    10.9619999218    2.16666666667    3
52    1563431063.5    1563431076.66    13.1589999199    256    0.6811    174.3616    13.8400999199    4.18149509804    8
53    1563431063.52    1563431076.68    13.1590001583    4    0.5984    2.3936    13.7574001583    1.5    2
54    1563431063.54    1563431076.8    13.2569999695    64    0.0056    0.3584    13.2625999695    3.2123015873    5
55    1563431063.79    1563431076.92    13.1300001144    64    0.1865    11.936    13.3165001144    3.13492063492    5
56    1563431063.88    1563431077.06    13.1840000153    64    0.0247    1.5808    13.2087000153    3.2123015873    5
57    1563431064.05    1563431077.08    13.0310001373    16    0.8867    14.1872    13.9177001373    2.16666666667    3
58    1563431064.13    1563431077.09    12.9619998932    16    0.0431    0.6896    13.0050998932    2.4    4
59    1563431064.52    1563431077.23    12.7160000801    64    0.4242    27.1488    13.1402000801    3.2123015873    5
60    1563431064.63    1563431077.25    12.621999979    16    0.8867    14.1872    13.508699979    2.16666666667    3
61    1563431064.93    1563431077.26    12.3280000687    4    0.0526    0.2104    12.3806000687    1.5    2
62    1563431065.12    1563431079.33    14.2049999237    256    0.6486    166.0416    14.8535999237    4.42950367647    9
63    1563431065.2    1563431079.35    14.1470000744    4    0.0284    0.1136    14.1754000744    1.5    2
64    1563431065.24    1563431079.36    14.1160001755    4    0.5984    2.3936    14.7144001755    1.5    2
65    1563431065.74    1563431079.38    13.6370000839    16    0.0432    0.6912    13.6802000839    2.16666666667    3
66    1563431065.87    1563431079.39    13.5190000534    4    0.0284    0.1136    13.5474000534    1.5    2
67    1563431066.14    1563431081.38    15.2409999371    256    0.0058    1.4848    15.2467999371    4.51335784314    9
68    1563431066.22    1563431081.51    15.2880001068    64    0.0247    1.5808    15.3127001068    3.13492063492    5
69    1563431066.45    1563431081.53    15.0829999447    16    0.0432    0.6912    15.1261999447    2.16666666667    3
70    1563431067.02    1563431083.57    16.5539999008    256    0.0198    5.0688    16.5737999008    4.17463235294    7
71    1563431067.29    1563431083.59    16.2950000763    16    0.0099    0.1584    16.3049000763    2.16666666667    3
72    1563431067.39    1563431083.62    16.2290000916    4    1.1322    4.5288    17.3612000916    1.5    2
73    1563431067.76    1563431083.63    15.8770000935    4    0.0526    0.2104    15.9296000935    1.5    2
74    1563431068.74    1563431083.77    15.0239999294    64    0.0247    1.5808    15.0486999294    3.13492063492    5
75    1563431069.15    1563431083.79    14.6300001144    4    1.1322    4.5288    15.7622001144    1.5    2
76    1563431069.19    1563431083.81    14.6180000305    4    1.1322    4.5288    15.7502000305    1.5    2
77    1563431069.4    1563431083.93    14.5360000134    64    0.0247    1.5808    14.5607000134    3.13492063492    5
78    1563431069.4    1563431083.95    14.5449998379    4    0.0834    0.3336    14.6283998379    1.5    2
79    1563431069.65    1563431083.97    14.3180000782    4    0.5984    2.3936    14.9164000782    1.5    2
80    1563431069.75    1563431083.99    14.2369999886    16    0.0099    0.1584    14.2468999886    2.16666666667    3
81    1563431070.0    1563431084.13    14.125    64    0.1865    11.936    14.3115    3.14632936508    5
82    1563431070.09    1563431084.15    14.0529999733    4    0.6477    2.5908    14.7006999733    1.5    2
83    1563431070.39    1563431084.18    13.7980000973    4    0.6477    2.5908    14.4457000973    1.5    2
84    1563431070.7    1563431084.21    13.506000042    16    0.8867    14.1872    14.392700042    2.16666666667    3
85    1563431070.98    1563431084.23    13.2459998131    4    0.5984    2.3936    13.8443998131    1.5    2
86    1563431071.07    1563431084.26    13.1890001297    16    0.8867    14.1872    14.0757001297    2.16666666667    3
87    1563431071.1    1563431084.29    13.1930000782    16    0.03    0.48    13.2230000782    2.16666666667    3
88    1563431071.38    1563431084.31    12.9290001392    4    0.5984    2.3936    13.5274001392    1.5    2
89    1563431071.52    1563431084.44    12.9270000458    64    0.0247    1.5808    12.9517000458    3.13492063492    5
90    1563431071.6    1563431084.46    12.867000103    4    0.6477    2.5908    13.514700103    1.5    2
91    1563431071.94    1563431086.64    14.7030000687    256    0.8087    207.0272    15.5117000687    4.2    8
92    1563431072.2    1563431086.76    14.5570001602    64    0.0056    0.3584    14.5626001602    3.17609126984    5
93    1563431072.23    1563431086.78    14.5539999008    16    0.0296    0.4736    14.5835999008    2.16666666667    3
94    1563431073.07    1563431086.9    13.8389999866    64    0.4242    27.1488    14.2631999866    3.17609126984    5
95    1563431073.07    1563431088.98    15.9130001068    256    0.0057    1.4592    15.9187001068    4.32962622549    8
96    1563431073.41    1563431089.01    15.5929999352    4    0.0834    0.3336    15.6763999352    1.5    2
97    1563431073.65    1563431089.03    15.375    4    0.6477    2.5908    16.0227    1.5    2
98    1563431073.87    1563431089.16    15.2939999104    64    0.0247    1.5808    15.3186999104    3.13492063492    5
99    1563431074.0    1563431089.18    15.1809999943    4    1.1322    4.5288    16.3131999943    1.5    2
100    1563431074.09    1563431091.36    17.2739999294    256    0.7774    199.0144    18.0513999294    4.17463235294    7
101    1563431074.6    1563431091.49    16.8930001259    64    0.9639    61.6896    17.8569001259    3.23214285714    5
102    1563431074.94    1563431093.62    18.6879999638    256    0.0198    5.0688    18.7077999638    4.32637867647    8
103    1563431075.46    1563431093.76    18.3000001907    64    0.0131    0.8384    18.3131001907    3.13492063492    5
104    1563431075.48    1563431093.78    18.2990000248    4    0.0284    0.1136    18.3274000248    1.5    2
105    1563431075.57    1563431093.8    18.2330000401    4    0.6477    2.5908    18.8807000401    1.5    2
106    1563431075.67    1563431093.83    18.1620001793    16    0.03    0.48    18.1920001793    2.16666666667    3
107    1563431075.75    1563431093.95    18.2019999027    64    0.0056    0.3584    18.2075999027    3.13492063492    5
108    1563431075.83    1563431095.98    20.1449999809    256    0.7774    199.0144    20.9223999809    4.17487745098    7
109    1563431075.85    1563431098.1    22.2460000515    256    0.0057    1.4592    22.2517000515    4.25600490196    8
110    1563431076.0    1563431098.12    22.1240000725    4    0.0059    0.0236    22.1299000725    1.5    2
111    1563431076.33    1563431098.14    21.8120000362    4    0.6477    2.5908    22.4597000362    1.5    2
112    1563431076.34    1563431098.16    21.8259999752    4    1.1322    4.5288    22.9581999752    1.5    2
113    1563431076.46    1563431098.18    21.7259998322    16    0.0432    0.6912    21.7691998322    2.16666666667    3
114    1563431076.58    1563431098.22    21.6380000114    16    0.4263    6.8208    22.0643000114    2.16666666667    3
115    1563431077.01    1563431100.4    23.3959999084    256    0.8087    207.0272    24.2046999084    4.17506127451    7
116    1563431077.27    1563431100.42    23.1540000439    16    0.4263    6.8208    23.5803000439    2.16666666667    3
117    1563431077.63    1563431100.42    22.7880001068    4    1.1322    4.5288    23.9202001068    1.5    2
118    1563431078.05    1563431100.55    22.4959998131    64    0.6958    44.5312    23.1917998131    3.23908730159    5
119    1563431078.26    1563431100.68    22.4240000248    64    0.6958    44.5312    23.1198000248    3.22371031746    5
120    1563431078.33    1563431100.81    22.4800000191    64    0.0247    1.5808    22.5047000191    3.18799603175    5
121    1563431078.5    1563431100.81    22.3040001392    4    1.1322    4.5288    23.4362001392    1.5    2
122    1563431078.51    1563431100.92    22.4089999199    64    0.0055    0.352    22.4144999199    3.35218253968    5
123    1563431078.71    1563431100.94    22.2319998741    16    0.7709    12.3344    23.0028998741    2.16666666667    3
124    1563431079.28    1563431100.94    21.6590001583    4    0.0834    0.3336    21.7424001583    1.5    2
125    1563431079.3    1563431103.06    23.7580001354    256    0.0057    1.4592    23.7637001354    4.45137867647    9
126    1563431079.31    1563431103.1    23.7909998894    16    0.7709    12.3344    24.5618998894    2.16666666667    3
127    1563431079.63    1563431103.24    23.6080000401    64    0.4242    27.1488    24.0322000401    3.13492063492    5
128    1563431079.8    1563431103.27    23.4679999352    16    0.8867    14.1872    24.3546999352    2.16666666667    3
129    1563431079.91    1563431105.31    25.3980000019    256    0.6811    174.3616    26.0791000019    4.20811887255    8
130    1563431080.31    1563431105.42    25.1119999886    64    0.4242    27.1488    25.5361999886    3.1994047619    5
131    1563431080.68    1563431105.44    24.7620000839    16    0.4263    6.8208    25.1883000839    2.16666666667    3
132    1563431080.89    1563431105.55    24.6610000134    64    0.1865    11.936    24.8475000134    3.17063492063    5
133    1563431081.67    1563431105.56    23.8960001469    4    0.0059    0.0236    23.9019001469    1.5    2
134    1563431081.84    1563431105.68    23.8350000381    64    0.0056    0.3584    23.8406000381    3.16865079365    5
135    1563431081.99    1563431105.69    23.6960000992    4    0.0526    0.2104    23.7486000992    1.5    2
136    1563431082.01    1563431105.71    23.6930000782    16    0.03    0.48    23.7230000782    2.16666666667    3
137    1563431082.08    1563431105.87    23.7939999104    64    0.6958    44.5312    24.4897999104    3.22817460317    5
138    1563431082.24    1563431105.89    23.6510000229    16    0.8867    14.1872    24.5377000229    2.16666666667    3
139    1563431082.32    1563431105.91    23.5860002041    16    0.7709    12.3344    24.3569002041    2.16666666667    3
140    1563431082.59    1563431107.96    25.3710000515    256    0.4475    114.56    25.8185000515    4.18713235294    8
141    1563431082.88    1563431108.1    25.2139999866    64    0.0247    1.5808    25.2386999866    3.2003968254    5
142    1563431083.13    1563431108.12    24.9900000095    16    0.03    0.48    25.0200000095    2.16666666667    3
143    1563431083.14    1563431108.25    25.1100001335    64    0.4242    27.1488    25.5342001335    3.13492063492    5
144    1563431083.14    1563431108.26    25.1199998856    4    0.5984    2.3936    25.7183998856    1.5    2
145    1563431083.43    1563431108.28    24.8500001431    16    0.8867    14.1872    25.7367001431    2.16666666667    3
146    1563431083.61    1563431108.4    24.7890000343    64    0.9639    61.6896    25.7529000343    3.24305555556    5
147    1563431083.7    1563431108.42    24.7240002155    4    0.0284    0.1136    24.7524002155    1.5    2
148    1563431083.74    1563431108.55    24.8069999218    64    0.9575    61.28    25.7644999218    3.13492063492    5
149    1563431084.01    1563431110.58    26.5699999332    256    0.4475    114.56    27.0174999332    4.3012254902    8
150    1563431084.02    1563431110.71    26.6840000153    64    0.0247    1.5808    26.7087000153    3.19345238095    5
151    1563431084.14    1563431110.72    26.5859999657    16    0.0432    0.6912    26.6291999657    2.16666666667    3
152    1563431084.22    1563431110.74    26.5239999294    4    0.0834    0.3336    26.6073999294    1.5    2
153    1563431084.36    1563431110.88    26.5210001469    64    0.6889    44.0896    27.2099001469    3.19345238095    5
154    1563431085.02    1563431112.86    27.8389999866    256    0.6811    174.3616    28.5200999866    4.36731004902    8
155    1563431085.28    1563431112.88    27.6010000706    16    0.03    0.48    27.6310000706    2.16666666667    3
156    1563431085.46    1563431112.91    27.4470000267    16    0.8836    14.1376    28.3306000267    2.16666666667    3
157    1563431085.8    1563431112.93    27.131000042    4    0.5984    2.3936    27.729400042    1.5    2
158    1563431085.9    1563431113.06    27.1659998894    64    0.0247    1.5808    27.1906998894    3.18601190476    5
159    1563431086.09    1563431115.12    29.0309998989    256    0.8087    207.0272    29.8396998989    4.27340686275    8
160    1563431086.11    1563431115.14    29.0249998569    16    0.03    0.48    29.0549998569    2.16666666667    3
161    1563431086.26    1563431115.15    28.888999939    4    0.0834    0.3336    28.972399939    1.5    2
162    1563431086.5    1563431115.28    28.7779998779    64    0.4242    27.1488    29.2021998779    3.13492063492    5
163    1563431086.54    1563431115.3    28.7630000114    16    0.0296    0.4736    28.7926000114    2.16666666667    3
164    1563431086.75    1563431115.32    28.5629999638    16    0.0099    0.1584    28.5728999638    2.16666666667    3
165    1563431086.76    1563431115.33    28.5740001202    4    0.6477    2.5908    29.2217001202    1.5    2
166    1563431086.82    1563431115.46    28.6390001774    64    0.9575    61.28    29.5965001774    3.19593253968    5
167    1563431087.11    1563431115.47    28.3569998741    4    0.0059    0.0236    28.3628998741    1.5    2
168    1563431087.16    1563431115.47    28.3080000877    4    0.0059    0.0236    28.3139000877    1.5    2
169    1563431087.78    1563431115.49    27.7090001106    16    0.7709    12.3344    28.4799001106    2.16666666667    3
170    1563431087.91    1563431115.61    27.6940000057    64    0.1865    11.936    27.8805000057    3.14682539683    5
171    1563431087.95    1563431117.55    29.5989999771    256    0.789    201.984    30.3879999771    4.52858455882    9
172    1563431088.44    1563431117.57    29.128000021    16    0.03    0.48    29.158000021    2.16666666667    3
173    1563431088.53    1563431117.59    29.0550000668    4    0.0059    0.0236    29.0609000668    1.5    2
174    1563431088.68    1563431117.61    28.9360001087    16    0.7709    12.3344    29.7069001087    2.16666666667    3
175    1563431089.12    1563431117.63    28.5130000114    16    0.4263    6.8208    28.9393000114    2.16666666667    3
176    1563431089.26    1563431117.65    28.388999939    4    0.0834    0.3336    28.472399939    1.5    2
177    1563431089.47    1563431119.72    30.251999855    256    0.0198    5.0688    30.271799855    4.29929534314    8
178    1563431089.49    1563431121.74    32.25    256    0.0057    1.4592    32.2557    4.17463235294    7
179    1563431089.52    1563431121.77    32.246999979    16    0.0099    0.1584    32.256899979    2.16666666667    3
180    1563431089.66    1563431121.79    32.126999855    4    0.0526    0.2104    32.179599855    1.5    2
181    1563431090.19    1563431121.81    31.6129999161    4    1.1322    4.5288    32.7451999161    1.5    2
182    1563431090.49    1563431121.82    31.3369998932    4    0.6477    2.5908    31.9846998932    1.5    2
183    1563431090.92    1563431121.84    30.9149999619    4    0.6477    2.5908    31.5626999619    1.5    2
184    1563431091.71    1563431121.97    30.265999794    64    0.0131    0.8384    30.279099794    3.13492063492    5
185    1563431091.9    1563431124.01    32.1069998741    256    0.7774    199.0144    32.8843998741    4.17521446078    7
186    1563431092.14    1563431125.98    33.8399999142    256    0.0057    1.4592    33.8456999142    4.31041666667    8
187    1563431092.31    1563431126.1    33.7929999828    64    0.6889    44.0896    34.4818999828    3.13492063492    5
188    1563431092.35    1563431128.1    35.7550001144    256    0.0057    1.4592    35.7607001144    4.22254901961    8
189    1563431092.35    1563431128.22    35.8710000515    64    0.4242    27.1488    36.2952000515    3.13492063492    5
190    1563431092.64    1563431130.2    37.5659999847    256    0.0057    1.4592    37.5716999847    4.22254901961    8
191    1563431093.07    1563431132.24    39.1710000038    256    0.0198    5.0688    39.1908000038    4.17463235294    7
192    1563431093.07    1563431134.31    41.2369999886    256    0.7774    199.0144    42.0143999886    4.31041666667    8
193    1563431093.09    1563431134.44    41.3510000706    64    0.0056    0.3584    41.3566000706    3.13492063492    5
194    1563431093.24    1563431134.6    41.3550000191    64    0.9639    61.6896    42.3189000191    3.25446428571    5
195    1563431093.54    1563431136.7    43.1670000553    256    0.6811    174.3616    43.8481000553    4.22034313725    8
196    1563431093.69    1563431136.84    43.1419999599    64    0.6958    44.5312    43.8377999599    3.23214285714    5
197    1563431093.77    1563431136.95    43.1809999943    64    0.4201    26.8864    43.6010999943    3.28075396825    5
198    1563431094.51    1563431137.08    42.5690000057    64    0.6889    44.0896    43.2579000057    3.14384920635    5
199    1563431094.64    1563431139.33    44.6830000877    256    0.0198    5.0688    44.7028000877    4.3449754902    8
200    1563431094.84    1563431139.46    44.617000103    64    0.0247    1.5808    44.641700103    3.13492063492    5
201    1563431094.99    1563431139.61    44.6180000305    64    0.0131    0.8384    44.6311000305    3.14682539683    5
202    1563431095.02    1563431139.74    44.7249999046    64    0.6889    44.0896    45.4138999046    3.13492063492    5
203    1563431095.02    1563431141.98    46.9590001106    256    0.6811    174.3616    47.6401001106    4.22254901961    8
204    1563431095.14    1563431142.12    46.9760000706    64    0.6889    44.0896    47.6649000706    3.13492063492    5
205    1563431095.21    1563431142.14    46.9270000458    16    0.0432    0.6912    46.9702000458    2.16666666667    3
206    1563431095.53    1563431142.16    46.6319999695    16    0.8867    14.1872    47.5186999695    2.16666666667    3
207    1563431095.95    1563431142.27    46.3269999027    64    0.6832    43.7248    47.0101999027    3.30952380952    5
208    1563431096.62    1563431142.29    45.6649999619    4    0.0059    0.0236    45.6708999619    1.5    2
209    1563431096.65    1563431142.31    45.6599998474    16    0.0099    0.1584    45.6698998474    2.16666666667    3
210    1563431096.69    1563431142.43    45.7449998856    64    0.4299    27.5136    46.1748998856    3.24603174603    5
211    1563431096.69    1563431142.45    45.7599999905    16    0.7709    12.3344    46.5308999905    2.26666666667    4
212    1563431096.74    1563431142.46    45.7180001736    16    0.0299    0.4784    45.7479001736    2.16666666667    3
213    1563431096.78    1563431142.47    45.6859998703    4    0.6477    2.5908    46.3336998703    1.5    2
214    1563431096.88    1563431144.55    47.6659998894    256    0.0198    5.0688    47.6857998894    4.44393382353    9
215    1563431097.04    1563431146.65    49.6080000401    256    0.0057    1.4592    49.6137000401    4.27230392157    8
216    1563431097.24    1563431146.8    49.5599999428    64    0.4242    27.1488    49.9841999428    3.13492063492    5
217    1563431097.24    1563431148.85    51.6019999981    256    0.0057    1.4592    51.6076999981    4.21096813725    8
218    1563431098.08    1563431148.98    50.9039998055    64    0.1865    11.936    51.0904998055    3.13492063492    5
219    1563431098.12    1563431149.0    50.8849999905    4    0.0834    0.3336    50.9683999905    1.5    2
220    1563431098.33    1563431149.02    50.6949999332    4    1.1322    4.5288    51.8271999332    1.5    2
221    1563431098.39    1563431149.04    50.6480000019    16    0.0432    0.6912    50.6912000019    2.16666666667    3
222    1563431098.51    1563431149.06    50.5520000458    4    0.0834    0.3336    50.6354000458    1.5    2
223    1563431098.52    1563431151.27    52.7509999275    256    0.6811    174.3616    53.4320999275    4.23685661765    8
224    1563431098.57    1563431151.4    52.8250000477    64    0.4242    27.1488    53.2492000477    3.13492063492    5
225    1563431098.58    1563431151.41    52.8350000381    4    0.6477    2.5908    53.4827000381    1.5    2
226    1563431098.58    1563431151.41    52.8329999447    4    0.0284    0.1136    52.8613999447    1.5    2
227    1563431098.77    1563431151.43    52.6589999199    16    0.03    0.48    52.6889999199    2.16666666667    3
228    1563431099.12    1563431153.55    54.4310002327    256    0.7774    199.0144    55.2084002327    4.46721813725    9
229    1563431099.16    1563431153.57    54.4099998474    4    0.0059    0.0236    54.4158998474    1.5    2
230    1563431099.22    1563431155.82    56.5969998837    256    0.7774    199.0144    57.3743998837    4.17463235294    7
231    1563431099.62    1563431158.0    58.375    256    0.0057    1.4592    58.3807    4.32677696078    8
232    1563431099.87    1563431158.15    58.2809998989    64    0.0131    0.8384    58.2940998989    3.13492063492    5
233    1563431100.15    1563431160.31    60.1589999199    256    0.7774    199.0144    60.9363999199    4.17463235294    7
234    1563431100.18    1563431162.33    62.1579999924    256    0.0057    1.4592    62.1636999924    4.31041666667    8
235    1563431100.18    1563431164.48    64.2980000973    256    0.6811    174.3616    64.9791000973    4.17463235294    7
236    1563431100.38    1563431164.5    64.121999979    4    0.6477    2.5908    64.769699979    1.5    2
237    1563431100.6    1563431164.51    63.9040000439    16    0.029    0.464    63.9330000439    2.16666666667    3
238    1563431100.83    1563431166.47    65.6480000019    256    0.8078    206.7968    66.4558000019    4.33517156863    8
239    1563431101.03    1563431166.49    65.4619998932    4    0.5984    2.3936    66.0603998932    1.5    2
240    1563431101.12    1563431166.62    65.493999958    64    0.4299    27.5136    65.923899958    3.22271825397    5
241    1563431101.2    1563431168.77    67.5720000267    256    0.0198    5.0688    67.5918000267    4.19828431373    8
242    1563431101.27    1563431168.91    67.635999918    64    0.1865    11.936    67.822499918    3.13492063492    5
243    1563431101.34    1563431168.92    67.5880000591    4    0.6477    2.5908    68.2357000591    1.5    2
244    1563431101.77    1563431171.07    69.3079998493    256    0.6811    174.3616    69.9890998493    4.19828431373    8
245    1563431101.77    1563431173.16    71.3910000324    256    0.7774    199.0144    72.1684000324    4.21982230392    8
246    1563431101.81    1563431173.18    71.368999958    4    1.1322    4.5288    72.501199958    1.5    2
247    1563431101.97    1563431173.19    71.2189998627    4    0.5984    2.3936    71.8173998627    1.5    2
248    1563431102.01    1563431173.21    71.1979999542    16    0.0099    0.1584    71.2078999542    2.16666666667    3
249    1563431102.42    1563431173.23    70.8150000572    16    0.7709    12.3344    71.5859000572    2.16666666667    3
250    1563431102.62    1563431173.35    70.7320001125    64    0.0056    0.3584    70.7376001125    3.1939484127    5
251    1563431102.68    1563431173.37    70.6869997978    4    0.0059    0.0236    70.6928997978    1.5    2
252    1563431102.92    1563431173.39    70.4739999771    16    0.0296    0.4736    70.5035999771    2.16666666667    3
253    1563431103.09    1563431173.54    70.4470000267    64    0.0247    1.5808    70.4717000267    3.17807539683    5
254    1563431103.14    1563431173.55    70.4079999924    4    0.0284    0.1136    70.4363999924    1.5    2
255    1563431103.4    1563431173.58    70.1779999733    16    0.4263    6.8208    70.6042999733    2.16666666667    3
256    1563431103.45    1563431175.64    72.1900000572    256    0.0057    1.4592    72.1957000572    4.31050857843    8
257    1563431104.05    1563431175.78    71.7319998741    64    0.4242    27.1488    72.1561998741    3.13492063492    5
258    1563431104.12    1563431175.8    71.6790001392    4    0.0059    0.0236    71.6849001392    1.5    2
259    1563431104.22    1563431175.82    71.5980000496    4    0.0284    0.1136    71.6264000496    1.5    2
260    1563431104.36    1563431175.83    71.4749999046    4    0.5984    2.3936    72.0733999046    1.5    2
261    1563431104.43    1563431177.88    73.4570000172    256    0.8087    207.0272    74.2657000172    4.19889705882    8
262    1563431104.73    1563431177.9    73.1700000763    4    0.0059    0.0236    73.1759000763    1.5    2
263    1563431105.04    1563431178.02    72.9859998226    64    0.4242    27.1488    73.4101998226    3.13492063492    5
264    1563431105.31    1563431178.04    72.7319998741    16    0.03    0.48    72.7619998741    2.16666666667    3
265    1563431105.61    1563431178.17    72.5549998283    64    0.9639    61.6896    73.5188998283    3.26884920635    5
266    1563431106.07    1563431178.18    72.1159999371    16    0.0099    0.1584    72.1258999371    2.16666666667    3
267    1563431106.27    1563431180.14    73.868999958    256    0.8087    207.0272    74.677699958    4.35238970588    8
268    1563431106.37    1563431180.14    73.7769999504    4    1.1322    4.5288    74.9091999504    1.5    2
269    1563431106.76    1563431180.26    73.4990000725    64    0.6958    44.5312    74.1948000725    3.24950396825    5
270    1563431106.92    1563431180.28    73.3639998436    16    0.0432    0.6912    73.4071998436    2.16666666667    3
271    1563431107.16    1563431180.3    73.1330001354    16    0.0432    0.6912    73.1762001354    2.16666666667    3
272    1563431107.43    1563431180.32    72.888999939    16    0.0432    0.6912    72.932199939    2.16666666667    3
273    1563431107.73    1563431180.42    72.6989998817    64    0.0241    1.5424    72.7230998817    3.33779761905    5
274    1563431107.81    1563431180.44    72.626999855    4    1.1322    4.5288    73.759199855    1.5    2
275    1563431107.88    1563431180.46    72.5759999752    16    0.0296    0.4736    72.6055999752    2.16666666667    3
276    1563431108.06    1563431180.48    72.4210000038    16    0.0099    0.1584    72.4309000038    2.16666666667    3
277    1563431108.18    1563431182.51    74.3259999752    256    0.4344    111.2064    74.7603999752    4.47545955882    9
278    1563431108.32    1563431182.52    74.2059998512    4    1.1322    4.5288    75.3381998512    1.5    2
279    1563431108.53    1563431182.54    74.007999897    16    0.4263    6.8208    74.434299897    2.16666666667    3
280    1563431108.69    1563431182.56    73.8630001545    16    0.4263    6.8208    74.2893001545    2.16666666667    3
281    1563431108.84    1563431182.57    73.736000061    4    0.0834    0.3336    73.819400061    1.5    2
282    1563431109.09    1563431184.47    75.3849999905    256    0.7162    183.3472    76.1011999905    4.61770833333    9
283    1563431109.16    1563431184.49    75.3370001316    16    0.03    0.48    75.3670001316    2.16666666667    3
284    1563431109.65    1563431186.35    76.6970000267    256    0.7162    183.3472    77.4132000267    4.59188112745    9
285    1563431109.67    1563431188.27    78.6009998322    256    0.7774    199.0144    79.3783998322    4.38746936275    9
286    1563431109.67    1563431188.29    78.611000061    4    0.0059    0.0236    78.616900061    1.5    2
287    1563431109.99    1563431190.31    80.3199999332    256    0.4475    114.56    80.7674999332    4.17463235294    7
288    1563431110.3    1563431190.34    80.0379998684    16    0.0099    0.1584    80.0478998684    2.16666666667    3
289    1563431110.6    1563431192.46    81.8589999676    256    0.4475    114.56    82.3064999676    4.31158088235    8
290    1563431110.66    1563431192.47    81.8150000572    16    0.7662    12.2592    82.5812000572    2.16666666667    3
291    1563431111.22    1563431192.61    81.3860001564    64    0.4242    27.1488    81.8102001564    3.21428571429    5
292    1563431111.27    1563431192.74    81.4709999561    64    0.0247    1.5808    81.4956999561    3.14285714286    5
293    1563431111.52    1563431192.88    81.3580000401    64    0.1872    11.9808    81.5452000401    3.33680555556    6
294    1563431111.53    1563431193.02    81.489000082    64    0.0247    1.5808    81.513700082    3.14285714286    5
295    1563431111.9    1563431193.03    81.126999855    4    0.0526    0.2104    81.179599855    1.5    2
296    1563431112.13    1563431193.2    81.0690000057    64    0.0131    0.8384    81.0821000057    3.13492063492    5
297    1563431112.24    1563431193.23    80.9900000095    4    0.0284    0.1136    81.0184000095    1.5    2
298    1563431112.39    1563431195.54    83.1459999084    256    0.7774    199.0144    83.9233999084    4.17463235294    7
299    1563431112.42    1563431195.55    83.1289999485    16    0.029    0.464    83.1579999485    2.16666666667    3
300    1563431112.57    1563431195.57    83.0039999485    16    0.4263    6.8208    83.4302999485    2.16666666667    3
301    1563431112.67    1563431195.69    83.0279998779    64    0.0056    0.3584    83.0335998779    3.18551587302    5
302    1563431112.85    1563431195.7    82.8519999981    4    0.0059    0.0236    82.8578999981    1.5    2
303    1563431113.01    1563431197.68    84.6650002003    256    0.8078    206.7968    85.4728002003    4.36911764706    8
304    1563431113.03    1563431197.69    84.6610000134    4    1.1322    4.5288    85.7932000134    1.5    2
305    1563431113.09    1563431197.81    84.7220001221    64    0.0056    0.3584    84.7276001221    3.13492063492    5
306    1563431113.21    1563431197.83    84.6100001335    4    0.0059    0.0236    84.6159001335    1.5    2
307    1563431113.29    1563431197.84    84.5490000248    4    0.5984    2.3936    85.1474000248    1.5    2
308    1563431113.59    1563431197.86    84.2690000534    16    0.7709    12.3344    85.0399000534    2.16666666667    3
309    1563431113.9    1563431197.87    83.9700000286    4    0.0834    0.3336    84.0534000286    1.5    2
310    1563431114.57    1563431197.88    83.3140001297    4    0.6477    2.5908    83.9617001297    1.5    2
311    1563431114.74    1563431198.01    83.2669999599    64    0.0056    0.3584    83.2725999599    3.2435515873    5
312    1563431114.76    1563431198.02    83.2669999599    4    0.0284    0.1136    83.2953999599    1.5    2
313    1563431115.39    1563431200.06    84.6740000248    256    0.7774    199.0144    85.4514000248    4.33256740196    8
314    1563431116.28    1563431200.08    83.8049998283    16    0.4263    6.8208    84.2312998283    2.16666666667    3
315    1563431116.99    1563431202.1    85.1139998436    256    0.0057    1.4592    85.1196998436    4.17463235294    7
316    1563431117.12    1563431204.14    87.0130000114    256    0.0198    5.0688    87.0328000114    4.17463235294    7
317    1563431117.35    1563431204.27    86.9160001278    64    0.1872    11.9808    87.1032001278    3.23214285714    5
318    1563431117.64    1563431204.29    86.6480000019    16    0.8867    14.1872    87.5347000019    2.16666666667    3
319    1563431117.85    1563431204.44    86.5870001316    64    0.4242    27.1488    87.0112001316    3.13492063492    5
320    1563431118.05    1563431204.45    86.4060001373    4    0.5984    2.3936    87.0044001373    1.5    2
321    1563431118.37    1563431206.56    88.1919999123    256    0.8087    207.0272    89.0006999123    4.21470588235    8
322    1563431118.44    1563431206.58    88.1300001144    4    0.6477    2.5908    88.7777001144    1.5    2
323    1563431118.5    1563431208.77    90.2739999294    256    0.4475    114.56    90.7214999294    4.31482843137    8
324    1563431118.71    1563431208.78    90.0739998817    16    0.0299    0.4784    90.1038998817    2.16666666667    3
325    1563431120.62    1563431208.8    88.1730000973    4    0.0834    0.3336    88.2564000973    1.5    2
326    1563431120.73    1563431208.82    88.0880000591    16    0.7709    12.3344    88.8589000591    2.16666666667    3
327    1563431120.93    1563431208.82    87.885999918    4    0.0059    0.0236    87.891899918    1.5    2
328    1563431121.15    1563431208.84    87.6949999332    16    0.03    0.48    87.7249999332    2.16666666667    3
329    1563431121.6    1563431210.9    89.2960000038    256    0.4344    111.2064    89.7304000038    4.39509803922    8
330    1563431122.11    1563431210.91    88.8069999218    4    0.0834    0.3336    88.8903999218    1.5    2
331    1563431123.01    1563431211.07    88.0620000362    64    0.4242    27.1488    88.4862000362    3.13492063492    5
332    1563431123.12    1563431211.27    88.1559998989    64    0.1865    11.936    88.3424998989    3.16418650794    5
333    1563431123.34    1563431211.29    87.9539999962    16    0.0432    0.6912    87.9971999962    2.16666666667    3
334    1563431123.85    1563431211.31    87.4529998302    4    0.6477    2.5908    88.1006998302    1.5    2
335    1563431123.89    1563431211.46    87.5730001926    64    0.4299    27.5136    88.0029001926    3.2693452381    5
336    1563431123.93    1563431213.67    89.743999958    256    0.0057    1.4592    89.749699958    4.24822303922    8
337    1563431124.07    1563431213.7    89.6309998035    4    0.0834    0.3336    89.7143998035    1.5    2
338    1563431124.56    1563431213.84    89.2790000439    64    0.0056    0.3584    89.2846000439    3.13492063492    5
339    1563431124.72    1563431216.11    91.3840000629    256    0.0057    1.4592    91.3897000629    4.17463235294    7
340    1563431124.91    1563431216.24    91.3329999447    64    0.0128    0.8192    91.3457999447    3.31547619048    5
341    1563431125.14    1563431216.28    91.1370000839    4    0.0526    0.2104    91.1896000839    1.5    2
342    1563431125.23    1563431218.5    93.2760000229    256    0.4475    114.56    93.7235000229    4.17463235294    7
343    1563431125.24    1563431220.66    95.4249999523    256    0.8087    207.0272    96.2336999523    4.31041666667    8
344    1563431125.37    1563431220.82    95.4509999752    64    0.1865    11.936    95.6374999752    3.13492063492    5
345    1563431125.8    1563431222.84    97.0410001278    256    0.7774    199.0144    97.8184001278    4.3787377451    8
346    1563431125.88    1563431222.87    96.9830000401    4    0.0284    0.1136    97.0114000401    1.5    2
347    1563431126.54    1563431222.88    96.3450000286    4    0.0059    0.0236    96.3509000286    1.5    2
348    1563431126.6    1563431224.98    98.3849999905    256    0.0198    5.0688    98.4047999905    4.17463235294    7
349    1563431126.78    1563431225.11    98.3320000172    64    0.0055    0.352    98.3375000172    3.32142857143    5
350    1563431126.99    1563431227.21    100.211000204    256    0.0057    1.4592    100.216700204    4.17463235294    7
351    1563431127.1    1563431227.21    100.113000154    4    0.0284    0.1136    100.141400154    1.5    2
352    1563431127.15    1563431229.33    102.173000097    256    0.8087    207.0272    102.981700097    4.17463235294    7
353    1563431127.61    1563431229.34    101.723999977    16    0.8836    14.1376    102.607599977    2.16666666667    3
354    1563431127.85    1563431229.35    101.500999928    4    0.6477    2.5908    102.148699928    1.5    2
355    1563431127.89    1563431229.37    101.480999947    16    0.4263    6.8208    101.907299947    2.16666666667    3
356    1563431128.4    1563431229.39    100.988999844    16    0.7709    12.3344    101.759899844    2.16666666667    3
357    1563431128.41    1563431229.4    100.992000103    4    1.1322    4.5288    102.124200103    1.5    2
358    1563431128.63    1563431229.41    100.779000044    4    0.0526    0.2104    100.831600044    1.5    2
359    1563431128.65    1563431229.43    100.782999992    16    0.8867    14.1872    101.669699992    2.16666666667    3
360    1563431128.79    1563431231.66    102.878999949    256    0.7774    199.0144    103.656399949    4.33443627451    8
361    1563431129.08    1563431231.68    102.606999874    4    0.0059    0.0236    102.612899874    1.5    2
362    1563431129.44    1563431233.73    104.286000013    256    0.4475    114.56    104.733500013    4.2800245098    8
363    1563431129.77    1563431233.75    103.980000019    4    0.5984    2.3936    104.578400019    1.5    2
364    1563431129.83    1563431233.76    103.930999994    4    0.0059    0.0236    103.936899994    1.5    2
365    1563431129.98    1563431233.78    103.796000004    16    0.7709    12.3344    104.566900004    2.16666666667    3
366    1563431130.52    1563431235.93    105.402000189    256    0.8087    207.0272    106.210700189    4.31688112745    8
367    1563431130.74    1563431235.93    105.194000006    16    0.8836    14.1376    106.077600006    2.16666666667    3
368    1563431130.75    1563431236.06    105.304000139    64    0.6889    44.0896    105.992900139    3.14484126984    5
369    1563431131.09    1563431236.07    104.981999874    4    0.6477    2.5908    105.629699874    1.5    2
370    1563431131.24    1563431238.18    106.938000202    256    0.6811    174.3616    107.619100202    4.35790441176    8
371    1563431131.51    1563431238.21    106.695000172    16    0.0099    0.1584    106.704900172    2.16666666667    3
372    1563431131.63    1563431240.35    108.717999935    256    0.6811    174.3616    109.399099935    4.24957107843    8
373    1563431131.85    1563431240.49    108.644000053    64    0.0131    0.8384    108.657100053    3.2058531746    5
374    1563431133.18    1563431240.51    107.325000048    4    0.0834    0.3336    107.408400048    1.5    2
375    1563431133.45    1563431240.64    107.194000006    64    0.9575    61.28    108.151500006    3.21726190476    5
376    1563431133.83    1563431243.0    109.165999889    256    0.6811    174.3616    109.847099889    4.30827205882    8
377    1563431133.95    1563431243.01    109.061000109    4    0.6477    2.5908    109.708700109    1.5    2
378    1563431134.63    1563431243.03    108.395999908    16    0.0099    0.1584    108.405899908    2.16666666667    3
379    1563431134.91    1563431243.05    108.137000084    4    0.0834    0.3336    108.220400084    1.5    2
380    1563431135.47    1563431245.24    109.76699996    256    0.0057    1.4592    109.77269996    4.17487745098    7
381    1563431135.6    1563431245.26    109.659000158    16    0.7662    12.2592    110.425200158    2.16666666667    3
382    1563431135.68    1563431245.27    109.587000132    4    0.0834    0.3336    109.670400132    1.5    2
383    1563431135.72    1563431245.4    109.676000118    64    0.6889    44.0896    110.364900118    3.13492063492    5
384    1563431135.73    1563431245.54    109.813999891    64    0.1865    11.936    110.000499891    3.13492063492    5
385    1563431135.79    1563431245.57    109.77699995    16    0.03    0.48    109.80699995    2.16666666667    3
386    1563431136.04    1563431245.71    109.677000046    64    0.0056    0.3584    109.682600046    3.24255952381    5
387    1563431136.13    1563431245.74    109.605000019    4    0.0284    0.1136    109.633400019    1.5    2
388    1563431136.17    1563431247.9    111.725999832    256    0.7774    199.0144    112.503399832    4.20165441176    8
389    1563431136.33    1563431247.91    111.586999893    4    0.5984    2.3936    112.185399893    1.5    2
390    1563431136.38    1563431248.04    111.662999868    64    0.0247    1.5808    111.687699868    3.17956349206    5
391    1563431136.56    1563431250.18    113.620000124    256    0.0057    1.4592    113.625700124    4.30481004902    8
392    1563431137.16    1563431252.32    115.159999847    256    0.7774    199.0144    115.937399847    4.17463235294    7
393    1563431137.59    1563431252.33    114.736000061    4    1.1322    4.5288    115.868200061    1.5    2
394    1563431137.69    1563431252.34    114.645999908    4    1.1322    4.5288    115.778199908    1.5    2
395    1563431137.81    1563431252.36    114.549000025    16    0.4263    6.8208    114.975300025    2.16666666667    3
396    1563431137.83    1563431254.4    116.570000172    256    0.6486    166.0416    117.218600172    4.33155637255    8
397    1563431137.92    1563431254.42    116.506000042    16    0.4263    6.8208    116.932300042    2.16666666667    3
398    1563431138.06    1563431254.44    116.380999804    16    0.7709    12.3344    117.151899804    2.16666666667    3
399    1563431138.16    1563431254.56    116.400000095    64    0.1872    11.9808    116.587200095    3.24503968254    5
400    1563431138.67    1563431254.57    115.899999857    4    1.1322    4.5288    117.032199857    1.5    2
401    1563431138.68    1563431254.59    115.910000086    16    0.0432    0.6912    115.953200086    2.16666666667    3
402    1563431138.8    1563431254.71    115.914999962    64    0.1865    11.936    116.101499962    3.15029761905    5
403    1563431138.81    1563431254.87    116.054000139    64    0.4299    27.5136    116.483900139    3.28968253968    5
404    1563431138.89    1563431254.89    116.0    16    0.8867    14.1872    116.8867    2.16666666667    3
405    1563431138.92    1563431254.9    115.976999998    4    0.0834    0.3336    116.060399998    1.5    2
406    1563431138.95    1563431255.04    116.085000038    64    0.0056    0.3584    116.090600038    3.23958333333    5
407    1563431139.07    1563431255.06    115.990999937    4    0.0284    0.1136    116.019399937    1.5    2
408    1563431139.14    1563431255.2    116.052999973    64    0.9575    61.28    117.010499973    3.13492063492    5
409    1563431139.17    1563431257.35    118.17599988    256    0.0198    5.0688    118.19579988    4.21694240196    8
410    1563431139.35    1563431259.41    120.06099987    256    0.0198    5.0688    120.08079987    4.29166666667    8
411    1563431139.51    1563431261.47    121.952000141    256    0.6811    174.3616    122.633100141    4.36409313725    8
412    1563431139.66    1563431261.49    121.83100009    16    0.0099    0.1584    121.84090009    2.16666666667    3
413    1563431139.88    1563431261.5    121.622999907    4    1.1322    4.5288    122.755199907    1.5    2
414    1563431139.93    1563431261.52    121.588999987    4    0.5984    2.3936    122.187399987    1.5    2
415    1563431140.16    1563431261.53    121.365999937    4    0.5984    2.3936    121.964399937    1.5    2
416    1563431140.33    1563431261.54    121.214999914    4    0.0284    0.1136    121.243399914    1.5    2
417    1563431140.37    1563431261.56    121.189999819    4    0.0059    0.0236    121.195899819    1.5    2
418    1563431140.49    1563431261.69    121.19900012    64    0.0056    0.3584    121.20460012    3.19146825397    5
419    1563431140.59    1563431261.7    121.112999916    4    0.6477    2.5908    121.760699916    1.5    2
420    1563431140.79    1563431261.83    121.046999931    64    0.0056    0.3584    121.052599931    3.25545634921    5
421    1563431140.93    1563431264.03    123.095999956    256    0.7774    199.0144    123.873399956    4.29969362745    8
422    1563431141.01    1563431264.05    123.042000055    16    0.0432    0.6912    123.085200055    2.16666666667    3
423    1563431141.39    1563431264.06    122.661999941    16    0.7662    12.2592    123.428199941    2.16666666667    3
424    1563431141.55    1563431264.2    122.65199995    64    0.6889    44.0896    123.34089995    3.14583333333    5
425    1563431141.9    1563431264.33    122.424999952    64    0.0056    0.3584    122.430599952    3.21279761905    5
426    1563431142.07    1563431264.35    122.287000179    16    0.0296    0.4736    122.316600179    2.21666666667    4
427    1563431142.33    1563431264.48    122.15199995    64    0.0056    0.3584    122.15759995    3.21279761905    5
428    1563431142.7    1563431266.55    123.849999905    256    0.0198    5.0688    123.869799905    4.38232230392    8
429    1563431142.89    1563431268.9    126.014999866    256    0.0057    1.4592    126.020699866    4.17463235294    7
430    1563431142.99    1563431270.9    127.912999868    256    0.0187    4.7872    127.931699868    4.32426470588    8
431    1563431143.23    1563431271.03    127.79399991    64    0.1865    11.936    127.98049991    3.13492063492    5
432    1563431143.25    1563431271.05    127.799000025    16    0.0099    0.1584    127.808900025    2.16666666667    3
433    1563431143.46    1563431273.11    129.648000002    256    0.8087    207.0272    130.456700002    4.19227941176    8
434    1563431143.52    1563431273.12    129.600000143    16    0.0099    0.1584    129.609900143    2.16666666667    3
435    1563431143.53    1563431273.26    129.732000113    64    0.9575    61.28    130.689500113    3.13492063492    5
436    1563431143.57    1563431273.26    129.697000027    4    0.0059    0.0236    129.702900027    1.5    2
437    1563431143.6    1563431273.3    129.703000069    4    0.5984    2.3936    130.301400069    1.5    2
438    1563431143.63    1563431275.5    131.868000031    256    0.7683    196.6848    132.636300031    4.44659926471    9
439    1563431143.85    1563431275.67    131.819000006    64    0.0056    0.3584    131.824600006    3.13492063492    5
440    1563431144.08    1563431275.82    131.736000061    64    0.4242    27.1488    132.160200061    3.13492063492    5
441    1563431144.23    1563431275.84    131.611999989    16    0.4263    6.8208    132.038299989    2.16666666667    3
442    1563431144.31    1563431275.97    131.664999962    64    0.9575    61.28    132.622499962    3.1681547619    5
443    1563431144.43    1563431278.15    133.724999905    256    0.0057    1.4592    133.730699905    4.37227328431    9
444    1563431144.48    1563431278.19    133.708000183    16    0.8867    14.1872    134.594700183    2.16666666667    3
445    1563431144.55    1563431278.2    133.65199995    4    1.1322    4.5288    134.78419995    1.5    2
446    1563431145.21    1563431278.22    133.013999939    4    0.0834    0.3336    133.097399939    1.5    2
447    1563431145.73    1563431278.25    132.513000011    16    0.03    0.48    132.543000011    2.16666666667    3
448    1563431145.83    1563431280.46    134.628000021    256    0.6811    174.3616    135.309100021    4.17506127451    7
449    1563431145.9    1563431282.59    136.694000006    256    0.7774    199.0144    137.471400006    4.17463235294    7
450    1563431146.42    1563431282.61    136.193000078    4    0.0834    0.3336    136.276400078    1.5    2
451    1563431146.5    1563431282.62    136.118000031    16    0.7662    12.2592    136.884200031    2.16666666667    3
452    1563431146.69    1563431282.75    136.052000046    64    0.0241    1.5424    136.076100046    3.30654761905    5
453    1563431147.05    1563431282.76    135.71600008    4    0.6477    2.5908    136.36370008    1.5    2
454    1563431147.21    1563431282.9    135.693000078    64    0.6889    44.0896    136.381900078    3.13492063492    5
455    1563431147.62    1563431284.88    137.25999999    256    0.8078    206.7968    138.06779999    4.4099877451    8
456    1563431148.42    1563431287.09    138.663999796    256    0.0057    1.4592    138.669699796    4.17463235294    7
457    1563431148.61    1563431287.12    138.510999918    4    0.0834    0.3336    138.594399918    1.5    2
458    1563431148.74    1563431287.13    138.389000177    4    0.6477    2.5908    139.036700177    1.5    2
459    1563431148.8    1563431289.32    140.519999981    256    0.8087    207.0272    141.328699981    4.17487745098    7
460    1563431148.92    1563431291.3    142.380000114    256    0.0198    5.0688    142.399800114    4.25600490196    8
461    1563431149.35    1563431291.43    142.083999872    64    0.0056    0.3584    142.089599872    3.13492063492    5
462    1563431149.44    1563431291.55    142.111000061    64    0.4242    27.1488    142.535200061    3.13492063492    5
463    1563431149.47    1563431291.67    142.198999882    64    0.4242    27.1488    142.623199882    3.14682539683    5
464    1563431149.56    1563431293.7    144.139999866    256    0.8087    207.0272    144.948699866    4.26044730392    8
465    1563431149.59    1563431293.82    144.224999905    64    0.1865    11.936    144.411499905    3.13492063492    5
466    1563431150.06    1563431293.84    143.780999899    16    0.0296    0.4736    143.810599899    2.16666666667    3
467    1563431150.11    1563431295.9    145.792000055    256    0.0198    5.0688    145.811800055    4.20355392157    8
468    1563431150.14    1563431297.89    147.75    256    0.7774    199.0144    148.5274    4.23737745098    8
469    1563431150.15    1563431299.9    149.744999886    256    0.0057    1.4592    149.750699886    4.34482230392    8
470    1563431150.64    1563431300.03    149.384000063    64    0.4242    27.1488    149.808200063    3.13492063492    5
471    1563431150.82    1563431300.17    149.353000164    64    0.0131    0.8384    149.366100164    3.14682539683    5
472    1563431151.22    1563431300.19    148.963000059    4    0.0834    0.3336    149.046400059    1.5    2
473    1563431151.29    1563431300.2    148.917999983    4    0.6477    2.5908    149.565699983    1.5    2
474    1563431151.6    1563431300.31    148.708999872    64    0.0055    0.352    148.714499872    3.3308531746    5
475    1563431151.66    1563431300.34    148.679000139    16    0.0099    0.1584    148.688900139    2.16666666667    3
476    1563431151.74    1563431300.45    148.710000038    64    0.0055    0.352    148.715500038    3.3308531746    5
477    1563431151.86    1563431302.45    150.588999987    256    0.0057    1.4592    150.594699987    4.17463235294    7
478    1563431152.18    1563431302.47    150.292999983    16    0.0431    0.6896    150.336099983    2.16666666667    3
479    1563431152.46    1563431302.6    150.131999969    64    0.0247    1.5808    150.156699969    3.13492063492    5
480    1563431152.66    1563431302.61    149.947000027    4    1.1322    4.5288    151.079200027    1.5    2
481    1563431152.7    1563431302.63    149.930999994    4    0.0834    0.3336    150.014399994    1.5    2
482    1563431153.09    1563431304.67    151.576999903    256    0.8087    207.0272    152.385699903    4.17463235294    7
483    1563431153.38    1563431306.6    153.215999842    256    0.4344    111.2064    153.650399842    4.33020833333    8
484    1563431153.84    1563431306.61    152.769999981    4    0.0284    0.1136    152.798399981    1.5    2
485    1563431154.38    1563431306.63    152.249000072    16    0.0296    0.4736    152.278600072    2.16666666667    3
486    1563431154.46    1563431306.65    152.186000109    16    0.0296    0.4736    152.215600109    2.16666666667    3
487    1563431154.53    1563431306.77    152.242000103    64    0.1865    11.936    152.428500103    3.13492063492    5
488    1563431155.2    1563431306.78    151.575999975    16    0.0431    0.6896    151.619099975    2.16666666667    3
489    1563431155.28    1563431306.79    151.511000156    16    0.7709    12.3344    152.281900156    2.16666666667    3
490    1563431155.35    1563431308.7    153.35800004    256    0.8087    207.0272    154.16670004    4.35986519608    8
491    1563431155.45    1563431310.7    155.250999928    256    0.0198    5.0688    155.270799928    4.23146446078    8
492    1563431155.53    1563431310.82    155.294999838    64    0.6958    44.5312    155.990799838    3.2380952381    5
493    1563431155.82    1563431310.84    155.01699996    4    0.0284    0.1136    155.04539996    1.5    2
494    1563431155.89    1563431310.96    155.06400013    64    0.0056    0.3584    155.06960013    3.13492063492    5
495    1563431156.14    1563431311.08    154.93599987    64    0.9575    61.28    155.89349987    3.13492063492    5
496    1563431156.17    1563431313.06    156.888000011    256    0.0057    1.4592    156.893700011    4.25269607843    8
497    1563431156.32    1563431313.08    156.757999897    4    0.0284    0.1136    156.786399897    1.5    2
498    1563431156.37    1563431313.2    156.833999872    64    0.9575    61.28    157.791499872    3.13492063492    5
499    1563431156.56    1563431313.22    156.661000013    4    0.0284    0.1136    156.689400013    1.5    2

dispatched jobs are: 500 out of 500
average queue time is: 67.5950839992
fso links are used for 0 times
overall utilization is 0.0603011118034
average response time is 67.9665803992
average weighted response time is 75.3926516356
average slowdown is 106.567377722
cpu_request: 39824, cpu_run: 39824
ssd_request: 19339, ssd_run: 0
gpu_request: 18326, gpu_run: 0
cpu aspl: 2.71957544351
cpu diameter: 4.348
job x: 0.0
job y: 0.0
job z: 0.0
