#timestep  occupied-CPU  total-CPU  utilization  queuingjobs
1    0    1024    0.0    1
2    0    1024    0.0    0
3    0    1024    0.0    2
4    320    1024    0.3125    0
5    0    1024    0.0    2
6    272    1024    0.265625    1
7    0    1024    0.0    3
8    0    1024    0.0    0
9    0    1024    0.0    0
10    0    1024    0.0    2
11    192    1024    0.1875    2
12    64    1024    0.0625    0
13    0    1024    0.0    0
14    4    1024    0.00390625    0
15    0    1024    0.0    1
16    0    1024    0.0    0
17    0    1024    0.0    3
18    4    1024    0.00390625    0
19    16    1024    0.015625    0
20    0    1024    0.0    1
21    0    1024    0.0    5
22    64    1024    0.0625    4
23    256    1024    0.25    6
24    72    1024    0.0703125    0
25    64    1024    0.0625    0
26    0    1024    0.0    1
27    0    1024    0.0    0
28    0    1024    0.0    3
29    16    1024    0.015625    0
30    0    1024    0.0    0
31    16    1024    0.015625    0
32    4    1024    0.00390625    0
33    0    1024    0.0    2
34    232    1024    0.2265625    3
35    295    1024    0.2880859375    4
36    256    1024    0.25    5
37    256    1024    0.25    6
38    272    1024    0.265625    5
39    0    1024    0.0    6
40    0    1024    0.0    8
41    0    1024    0.0    8
42    264    1024    0.2578125    4
43    256    1024    0.25    0
44    64    1024    0.0625    0
45    0    1024    0.0    3
46    256    1024    0.25    2
47    276    1024    0.26953125    1
48    0    1024    0.0    4
49    0    1024    0.0    1
50    256    1024    0.25    0
51    4    1024    0.00390625    0
52    0    1024    0.0    0
53    4    1024    0.00390625    0
54    20    1024    0.01953125    2
55    0    1024    0.0    0
56    0    1024    0.0    0
57    0    1024    0.0    0
58    0    1024    0.0    1
59    64    1024    0.0625    2
60    272    1024    0.265625    3
61    0    1024    0.0    4
62    0    1024    0.0    5
63    0    1024    0.0    0
64    0    1024    0.0    4
65    0    1024    0.0    5
66    20    1024    0.01953125    0
67    16    1024    0.015625    0
68    0    1024    0.0    0
69    0    1024    0.0    0
70    0    1024    0.0    1
71    0    1024    0.0    4
72    3    1024    0.0029296875    2
73    0    1024    0.0    1
74    0    1024    0.0    1
75    256    1024    0.25    2
76    256    1024    0.25    1
77    256    1024    0.25    0
78    0    1024    0.0    2
79    0    1024    0.0    4
80    0    1024    0.0    3
81    72    1024    0.0703125    0
82    20    1024    0.01953125    0
83    0    1024    0.0    3
84    0    1024    0.0    1
85    260    1024    0.25390625    0
86    0    1024    0.0    0
87    0    1024    0.0    0
88    32    1024    0.03125    0
89    0    1024    0.0    3
90    256    1024    0.25    0
91    16    1024    0.015625    0
92    4    1024    0.00390625    1
93    80    1024    0.078125    0
94    0    1024    0.0    2
95    256    1024    0.25    4
96    260    1024    0.25390625    3
97    210    1024    0.205078125    2
98    272    1024    0.265625    0
99    0    1024    0.0    0

average cpu utilization is: 0.0686158459596
average ssd utilization is: 0.156289457071
average gpu utilization is: 0.159090909091
average utilization is: 0.127998737374
average queuing jobs are: 1.66666666667
maximum queuing jobs are: 8


#job_number  submit  dispatch  queue  cpu#  runtime  weight  response(turnaround)  cpu_aspl  cpu_diameter
0    1562286536.16    1562286540.7    4.5369310379    64    0.0125    0.8    4.5494310379    3.92708333333    6
1    1562286541.14    1562286541.14    0.00020694732666    64    0.0125    0.8    0.0127069473267    3.92708333333    6
2    1562286541.37    1562286541.37    4.60147857666e-05    16    0.0285    0.456    0.0285460147858    2.58333333333    4
3    1562286542.16    1562286543.18    1.02125310898    256    0.7528    192.7168    1.77405310898    5.07205882353    7
4    1562286542.82    1562286543.18    0.363232135773    4    0.5956    2.3824    0.958832135773    1.5    2
5    1562286542.98    1562286543.25    0.273618936539    64    0.0234    1.4976    0.297018936539    4.00396825397    6
6    1562286543.66    1562286543.66    0.000195980072021    64    0.1855    11.872    0.185695980072    4.00396825397    6
7    1562286544.37    1562286545.52    1.15170884132    256    0.6189    158.4384    1.77060884132    5.07205882353    7
8    1562286544.61    1562286545.53    0.920306921005    16    0.8805    14.088    1.80080692101    2.58333333333    4
9    1562286545.03    1562286545.6    0.569040060043    64    0.0125    0.8    0.581540060043    4.01686507937    6
10    1562286545.52    1562286547.06    1.53625607491    256    0.4221    108.0576    1.95835607491    5.38324142157    8
11    1562286546.04    1562286547.06    1.01795315742    4    0.0832    0.3328    1.10115315742    1.5    2
12    1562286546.43    1562286547.07    0.635729074478    16    0.0098    0.1568    0.645529074478    2.58333333333    4
13    1562286548.42    1562286548.42    0.0001540184021    4    0.0284    0.1136    0.0285540184021    1.5    2
14    1562286548.88    1562286548.88    -0.00193500518799    64    0.0125    0.8    0.010564994812    3.92708333333    6
15    1562286549.38    1562286550.71    1.32795810699    256    0.4221    108.0576    1.75005810699    5.07205882353    7
16    1562286549.97    1562286551.97    2.00449085236    256    0.0057    1.4592    2.01019085236    5.14785539216    8
17    1562286550.38    1562286551.97    1.58958005905    4    0.0832    0.3328    1.67278005905    1.5    2
18    1562286551.71    1562286552.05    0.344605922699    64    0.4167    26.6688    0.761305922699    4.05257936508    6
19    1562286552.05    1562286552.13    0.0773189067841    64    0.0055    0.352    0.0828189067841    3.98363095238    6
20    1562286553.23    1562286553.23    -0.00670194625854    16    0.7616    12.1856    0.754898053741    2.58333333333    4
21    1562286553.41    1562286553.41    1.59740447998e-05    4    1.1283    4.5132    1.12831597404    1.5    2
22    1562286553.58    1562286553.58    0.000216007232666    64    0.1855    11.872    0.185716007233    3.92113095238    6
23    1562286553.89    1562286553.89    -0.000440120697021    16    0.0285    0.456    0.028059879303    2.58333333333    4
24    1562286554.3    1562286554.3    0.000178098678589    16    0.8805    14.088    0.880678098679    2.58333333333    4
25    1562286554.48    1562286554.48    0.000180959701538    64    0.4167    26.6688    0.416880959702    3.92113095238    6
26    1562286554.83    1562286555.9    1.06163215637    256    0.0177    4.5312    1.07933215637    5.09981617647    8
27    1562286555.46    1562286555.9    0.438989877701    16    0.0429    0.6864    0.481889877701    2.58333333333    4
28    1562286556.06    1562286556.06    -0.00153684616089    4    0.0522    0.2088    0.0506631538391    1.5    2
29    1562286556.21    1562286556.21    0.000170946121216    64    0.0125    0.8    0.0126709461212    3.92708333333    6
30    1562286556.59    1562286557.64    1.04458093643    256    0.7528    192.7168    1.79738093643    5.07205882353    7
31    1562286556.69    1562286557.64    0.951805114746    4    1.1283    4.5132    2.08010511475    1.5    2
32    1562286557.3    1562286557.64    0.341519117355    4    0.0284    0.1136    0.369919117355    1.5    2
33    1562286558.94    1562286558.96    0.0220561027527    64    0.0234    1.4976    0.0454561027527    3.92708333333    6
34    1562286558.97    1562286559.08    0.111573934555    64    0.1855    11.872    0.297073934555    3.92658730159    6
35    1562286559.11    1562286559.11    2.69412994385e-05    16    0.8805    14.088    0.880526941299    2.58333333333    4
36    1562286559.34    1562286559.34    2.59876251221e-05    16    0.0429    0.6864    0.0429259876251    2.48333333333    4
37    1562286560.16    1562286560.16    -0.00165104866028    16    0.0429    0.6864    0.0412489513397    2.58333333333    4
38    1562286560.17    1562286560.17    0.00011420249939    4    0.0059    0.0236    0.00601420249939    1.5    2
39    1562286560.47    1562286561.68    1.20925021172    256    0.7528    192.7168    1.96205021172    5.07205882353    7
40    1562286560.68    1562286561.75    1.07334113121    64    0.9446    60.4544    2.01794113121    3.91716269841    6
41    1562286560.94    1562286561.82    0.872023105621    64    0.0234    1.4976    0.895423105621    4.20634920635    6
42    1562286561.12    1562286561.9    0.776162147522    64    0.0055    0.352    0.781662147522    4.19890873016    6
43    1562286561.41    1562286563.1    1.68544316292    256    0.6189    158.4384    2.30434316292    5.25140931373    8
44    1562286561.92    1562286564.19    2.27254986763    256    0.0177    4.5312    2.29024986763    5.07205882353    7
45    1562286562.24    1562286564.19    1.95443797112    4    1.1283    4.5132    3.08273797112    1.5    2
46    1562286562.44    1562286564.27    1.8342461586    64    0.6779    43.3856    2.5121461586    4.00396825397    6
47    1562286563.06    1562286564.27    1.21415901184    4    0.0284    0.1136    1.24255901184    1.5    2
48    1562286563.54    1562286564.27    0.732126951218    4    1.1283    4.5132    1.86042695122    1.5    2
49    1562286563.58    1562286564.34    0.762609004974    64    0.1855    11.872    0.948109004974    3.97023809524    6
50    1562286564.3    1562286564.35    0.0434191226959    4    0.0522    0.2088    0.0956191226959    1.5    2
51    1562286564.72    1562286564.72    2.59876251221e-05    64    0.0234    1.4976    0.0234259876251    3.92708333333    6
52    1562286564.98    1562286564.98    0.00019383430481    16    0.4243    6.7888    0.424493834305    2.58333333333    4
53    1562286565.25    1562286565.25    -0.0068690776825    4    0.0059    0.0236    -0.000969077682495    1.5    2
54    1562286565.34    1562286565.4    0.0595240592957    64    0.9446    60.4544    1.0041240593    3.89285714286    6
55    1562286566.19    1562286567.3    1.11144280434    256    0.4221    108.0576    1.53354280434    5.02984068627    8
56    1562286567.04    1562286567.37    0.333889007568    64    0.0055    0.352    0.339389007568    3.89285714286    6
57    1562286568.13    1562286569.2    1.06358909607    256    0.4221    108.0576    1.48568909607    5.07205882353    7
58    1562286568.45    1562286569.2    0.749691009521    4    0.0832    0.3328    0.832891009521    1.5    2
59    1562286568.9    1562286569.2    0.295114994049    4    0.0284    0.1136    0.323514994049    1.5    2
60    1562286569.06    1562286569.28    0.214051008224    64    0.4167    26.6688    0.630751008224    4.09027777778    6
61    1562286569.74    1562286569.74    3.40938568115e-05    16    0.4243    6.7888    0.424334093857    2.58333333333    4
62    1562286570.2    1562286570.2    0.000187873840332    16    0.0098    0.1568    0.00998787384033    2.58333333333    4
63    1562286571.73    1562286571.73    0.000326156616211    16    0.8805    14.088    0.880826156616    2.58333333333    4
64    1562286572.18    1562286572.18    0.000138998031616    4    0.0522    0.2088    0.0523389980316    1.5    2
65    1562286572.47    1562286572.47    0.000184059143066    64    0.0125    0.8    0.0126840591431    3.89285714286    6
66    1562286572.78    1562286572.78    0.000132083892822    4    0.5956    2.3824    0.595732083893    1.5    2
67    1562286572.91    1562286572.93    0.0262670516968    64    0.0055    0.352    0.0317670516968    3.88045634921    6
68    1562286573.11    1562286573.11    3.69548797607e-05    4    0.0059    0.0236    0.00593695487976    1.5    2
69    1562286573.51    1562286574.53    1.01815915108    256    0.6189    158.4384    1.63705915108    5.07205882353    7
70    1562286573.65    1562286574.53    0.885354042053    16    0.0297    0.4752    0.915054042053    2.58333333333    4
71    1562286574.63    1562286575.78    1.15592813492    256    0.4221    108.0576    1.57802813492    5.14785539216    8
72    1562286574.73    1562286575.85    1.12259101868    64    0.9446    60.4544    2.06719101868    3.92708333333    6
73    1562286575.08    1562286576.98    1.89774107933    256    0.8    204.8    2.69774107933    5.16084558824    8
74    1562286575.37    1562286578.19    2.82187986374    256    0.4221    108.0576    3.24397986374    5.12257965686    8
75    1562286575.53    1562286579.28    3.75266814232    256    0.6189    158.4384    4.37156814232    5.16421568627    8
76    1562286575.7    1562286579.29    3.59054398537    4    0.0059    0.0236    3.59644398537    1.5    2
77    1562286576.65    1562286579.29    2.6375310421    16    0.8805    14.088    3.5180310421    2.58333333333    4
78    1562286576.76    1562286580.54    3.78385305405    256    0.8    204.8    4.58385305405    5.20242034314    8
79    1562286577.78    1562286581.71    3.9312441349    256    0.0177    4.5312    3.9489441349    5.03792892157    8
80    1562286578.19    1562286581.8    3.60959386826    64    0.4167    26.6688    4.02629386826    3.99801587302    6
81    1562286578.63    1562286581.81    3.17506694794    16    0.0297    0.4752    3.20476694794    2.48333333333    4
82    1562286579.19    1562286581.89    2.69728112221    64    0.0125    0.8    2.70978112221    4.00694444444    6
83    1562286579.92    1562286583.18    3.26457810402    256    0.8    204.8    4.06457810402    5.13572303922    8
84    1562286580.66    1562286583.19    2.52864384651    4    0.5956    2.3824    3.12424384651    1.5    2
85    1562286580.92    1562286583.19    2.26991391182    4    1.1283    4.5132    3.39821391182    1.5    2
86    1562286581.53    1562286583.19    1.66374015808    16    0.0098    0.1568    1.67354015808    2.6    4
87    1562286581.85    1562286583.27    1.42412996292    64    0.0234    1.4976    1.44752996292    4.1378968254    6
88    1562286582.23    1562286584.44    2.21229696274    256    0.8    204.8    3.01229696274    5.3175245098    8
89    1562286582.4    1562286584.45    2.04576706886    16    0.0429    0.6864    2.08866706886    2.48333333333    4
90    1562286582.55    1562286584.45    1.90493011475    16    0.0297    0.4752    1.93463011475    2.68333333333    4
91    1562286583.01    1562286584.46    1.44559288025    16    0.0285    0.456    1.47409288025    2.58333333333    4
92    1562286583.92    1562286584.46    0.536973953247    4    0.0832    0.3328    0.620173953247    1.5    2
93    1562286584.89    1562286584.89    0.000194072723389    64    0.9446    60.4544    0.944794072723    3.93601190476    6
94    1562286585.33    1562286585.33    -0.00206208229065    4    0.0832    0.3328    0.0811379177094    1.5    2
95    1562286586.16    1562286587.18    1.01747107506    256    0.8    204.8    1.81747107506    5.07205882353    7
96    1562286586.59    1562286587.18    0.59463095665    4    0.0284    0.1136    0.62303095665    1.5    2
97    1562286586.74    1562286587.18    0.447594165802    4    0.5956    2.3824    1.0431941658    1.5    2
98    1562286586.89    1562286587.19    0.300930023193    16    0.0285    0.456    0.329430023193    2.56666666667    4
99    1562286587.11    1562286588.35    1.24003195763    256    0.6189    158.4384    1.85893195763    5.40992647059    8
100    1562286587.75    1562286588.35    0.603587865829    16    0.7616    12.1856    1.36518786583    2.58333333333    4
101    1562286588.18    1562286588.36    0.17632484436    16    0.0297    0.4752    0.20602484436    2.73333333333    4
102    1562286588.63    1562286588.63    4.38690185547e-05    4    1.1283    4.5132    1.12834386902    1.5    2
103    1562286588.82    1562286590.04    1.21350693703    256    0.4221    108.0576    1.63560693703    5.22714460784    8
104    1562286589.15    1562286590.04    0.896662950516    16    0.0098    0.1568    0.906462950516    2.58333333333    4
105    1562286589.56    1562286590.05    0.487080097198    16    0.7616    12.1856    1.2486800972    2.58333333333    4
106    1562286589.77    1562286590.05    0.28119802475    4    0.5956    2.3824    0.87679802475    1.5    2
107    1562286590.64    1562286590.64    0.000180959701538    16    0.0429    0.6864    0.0430809597015    2.58333333333    4
108    1562286590.68    1562286591.75    1.07139801979    256    0.7528    192.7168    1.82419801979    5.03354779412    7
109    1562286592.28    1562286592.28    4.2200088501e-05    4    0.0522    0.2088    0.0522422000885    1.5    2
110    1562286592.69    1562286592.69    3.40938568115e-05    16    0.0098    0.1568    0.00983409385681    2.58333333333    4
111    1562286592.8    1562286592.8    -0.00252199172974    4    0.5956    2.3824    0.59307800827    1.5    2
112    1562286592.87    1562286592.87    4.6968460083e-05    16    0.0285    0.456    0.0285469684601    2.48333333333    4
113    1562286594.7    1562286594.7    -0.00164794921875    4    1.1283    4.5132    1.12665205078    1.5    2
114    1562286595.19    1562286595.19    -0.00239300727844    4    1.1283    4.5132    1.12590699272    1.5    2
115    1562286595.37    1562286595.37    0.00148510932922    16    0.8805    14.088    0.881985109329    2.58333333333    4
116    1562286595.41    1562286596.49    1.07229614258    256    0.4221    108.0576    1.49439614258    5.09540441176    7
117    1562286596.06    1562286596.49    0.431361198425    4    0.0832    0.3328    0.514561198425    1.5    2
118    1562286596.71    1562286596.71    0.000174999237061    16    0.0098    0.1568    0.00997499923706    2.58333333333    4
119    1562286597.8    1562286597.83    0.0363688468933    64    0.0234    1.4976    0.0597688468933    3.92708333333    6
120    1562286598.23    1562286598.23    2.78949737549e-05    4    0.5956    2.3824    0.595627894974    1.5    2
121    1562286599.49    1562286599.49    0.000165939331055    16    0.4243    6.7888    0.424465939331    2.58333333333    4
122    1562286600.05    1562286601.14    1.08457183838    256    0.0057    1.4592    1.09027183838    5.07205882353    7
123    1562286600.67    1562286601.22    0.552957057953    64    0.1855    11.872    0.738457057953    3.91716269841    6
124    1562286601.03    1562286602.36    1.32354998589    256    0.6189    158.4384    1.94244998589    5.07205882353    7
125    1562286601.35    1562286602.36    1.01028513908    16    0.0429    0.6864    1.05318513908    2.58333333333    4
126    1562286601.9    1562286602.44    0.538102149963    64    0.4167    26.6688    0.954802149963    4.01686507937    6
127    1562286602.2    1562286602.44    0.242076873779    4    0.0522    0.2088    0.294276873779    1.5    2
128    1562286602.41    1562286603.63    1.22242999077    256    0.4221    108.0576    1.64452999077    5.38556985294    8
129    1562286602.52    1562286604.74    2.21905303001    256    0.6189    158.4384    2.83795303001    5.07205882353    7
130    1562286602.84    1562286604.81    1.97107601166    64    0.0234    1.4976    1.99447601166    3.91716269841    6
131    1562286603.42    1562286604.89    1.47112798691    64    0.0234    1.4976    1.49452798691    4.20634920635    6
132    1562286603.56    1562286604.97    1.40524101257    64    0.0055    0.352    1.41074101257    3.91716269841    6
133    1562286604.45    1562286604.98    0.521331071854    16    0.4243    6.7888    0.945631071854    2.64166666667    4
134    1562286605.69    1562286606.61    0.916927099228    256    0.7528    192.7168    1.66972709923    5.07205882353    7
135    1562286606.06    1562286607.77    1.70911288261    256    0.6189    158.4384    2.32801288261    5.14785539216    8
136    1562286606.38    1562286607.77    1.38912606239    4    1.1283    4.5132    2.51742606239    1.5    2
137    1562286606.48    1562286607.78    1.29682803154    16    0.8805    14.088    2.17732803154    2.60833333333    4
138    1562286607.12    1562286607.85    0.727962017059    64    0.0125    0.8    0.740462017059    4.22966269841    6
139    1562286607.57    1562286607.93    0.355148792267    64    0.0234    1.4976    0.378548792267    4.19990079365    6
140    1562286607.85    1562286607.93    0.0791921615601    16    0.0285    0.456    0.10769216156    2.65    4
141    1562286608.91    1562286608.94    0.0216090679169    64    0.6779    43.3856    0.699509067917    3.88045634921    6
142    1562286609.23    1562286609.23    3.81469726562e-05    16    0.8805    14.088    0.880538146973    2.58333333333    4
143    1562286609.27    1562286609.27    3.79085540771e-05    4    0.0522    0.2088    0.0522379085541    1.5    2
144    1562286609.93    1562286609.93    3.00407409668e-05    16    0.0098    0.1568    0.00983004074097    2.48333333333    4
145    1562286610.22    1562286610.22    1.59740447998e-05    64    0.0125    0.8    0.0125159740448    3.92708333333    6
146    1562286611.76    1562286612.73    0.969655990601    256    0.0057    1.4592    0.975355990601    5.07205882353    7
147    1562286612.87    1562286613.97    1.10355114937    256    0.0177    4.5312    1.12125114937    5.07205882353    7
148    1562286613.09    1562286613.98    0.890512943268    4    0.6452    2.5808    1.53571294327    1.5    2
149    1562286613.36    1562286613.98    0.618716001511    16    0.8805    14.088    1.49921600151    2.575    4
150    1562286613.68    1562286615.14    1.45382595062    256    0.6189    158.4384    2.07272595062    5.24292279412    8
151    1562286614.64    1562286616.26    1.61976599693    256    0.0177    4.5312    1.63746599693    5.07205882353    7
152    1562286616.26    1562286616.33    0.0713491439819    64    0.0125    0.8    0.0838491439819    3.91716269841    6
153    1562286616.71    1562286617.56    0.857884883881    256    0.6189    158.4384    1.47678488388    5.07205882353    7
154    1562286617.31    1562286617.63    0.319442987442    64    0.0055    0.352    0.324942987442    3.91716269841    6
155    1562286617.56    1562286617.71    0.141681909561    64    0.0125    0.8    0.154181909561    4.20634920635    6
156    1562286617.86    1562286618.95    1.08895397186    256    0.8    204.8    1.88895397186    5.14785539216    8
157    1562286618.16    1562286620.08    1.92218589783    256    0.4221    108.0576    2.34428589783    5.07205882353    7
158    1562286619.68    1562286620.09    0.402020931244    4    0.0284    0.1136    0.430420931244    1.5    2
159    1562286620.48    1562286621.39    0.909557104111    256    0.0177    4.5312    0.927257104111    5.14785539216    8
160    1562286620.76    1562286622.46    1.6981010437    256    0.0057    1.4592    1.7038010437    5.07205882353    7
161    1562286621.38    1562286622.47    1.08310604095    16    0.0297    0.4752    1.11280604095    2.58333333333    4
162    1562286621.57    1562286622.55    0.976451873779    64    0.0234    1.4976    0.999851873779    4.01686507937    6
163    1562286622.28    1562286623.64    1.35682415962    256    0.6189    158.4384    1.97572415962    5.07205882353    7
164    1562286622.62    1562286623.64    1.02052998543    4    1.1283    4.5132    2.14882998543    1.5    2
165    1562286623.14    1562286623.64    0.500081062317    4    1.1283    4.5132    1.62838106232    1.5    2
166    1562286624.43    1562286624.46    0.0275430679321    64    0.1855    11.872    0.213043067932    3.92708333333    6
167    1562286625.02    1562286625.02    7.70092010498e-05    16    0.7616    12.1856    0.761677009201    2.58333333333    4
168    1562286625.27    1562286625.27    0.000144004821777    4    1.1283    4.5132    1.12844400482    1.5    2
169    1562286625.89    1562286626.99    1.09828281403    256    0.0057    1.4592    1.10398281403    5.0609375    7
170    1562286626.15    1562286626.99    0.840656995773    16    0.0285    0.456    0.869156995773    2.48333333333    4
171    1562286626.41    1562286626.99    0.588119983673    4    0.0059    0.0236    0.594019983673    1.5    2
172    1562286627.31    1562286627.29    -0.0189819335938    4    0.0284    0.1136    0.00941806640625    1.5    2
173    1562286627.36    1562286627.36    5.81741333008e-05    16    0.0297    0.4752    0.0297581741333    2.58333333333    4
174    1562286627.57    1562286628.51    0.93980383873    256    0.4221    108.0576    1.36190383873    5.07205882353    7
175    1562286628.65    1562286628.65    0.000118017196655    4    0.5956    2.3824    0.595718017197    1.5    2
176    1562286628.78    1562286628.78    0.000164985656738    16    0.0429    0.6864    0.0430649856567    2.575    4
177    1562286628.96    1562286628.96    -0.000650882720947    16    0.4243    6.7888    0.423649117279    2.58333333333    4
178    1562286628.97    1562286628.97    0.000195026397705    16    0.0297    0.4752    0.0298950263977    2.48333333333    4
179    1562286629.15    1562286629.15    0.000332832336426    64    0.1855    11.872    0.185832832336    3.89285714286    6
180    1562286630.01    1562286630.01    0.000179052352905    64    0.6779    43.3856    0.678079052353    3.92708333333    6
181    1562286630.66    1562286630.66    0.000168800354004    4    0.0522    0.2088    0.052368800354    1.5    2
182    1562286631.49    1562286631.49    3.981590271e-05    16    0.8805    14.088    0.880539815903    2.58333333333    4
183    1562286631.78    1562286631.78    3.50475311279e-05    16    0.4243    6.7888    0.424335047531    2.48333333333    4
184    1562286632.21    1562286633.15    0.944402933121    256    0.8    204.8    1.74440293312    5.04574142157    7
185    1562286632.37    1562286633.15    0.781625032425    4    0.0284    0.1136    0.810025032425    1.5    2
186    1562286632.89    1562286633.16    0.272809028625    16    0.0285    0.456    0.301309028625    2.48333333333    4
187    1562286634.2    1562286634.2    0.000205993652344    16    0.8805    14.088    0.880705993652    2.58333333333    4
188    1562286634.67    1562286634.67    0.000161170959473    4    0.0522    0.2088    0.0523611709595    1.5    2
189    1562286635.27    1562286635.27    2.38418579102e-05    4    1.1283    4.5132    1.12832384186    1.5    2
190    1562286635.6    1562286636.48    0.871934890747    256    0.4221    108.0576    1.29403489075    5.03639705882    7
191    1562286636.71    1562286636.71    0.000229835510254    16    0.8805    14.088    0.88072983551    2.65    4
192    1562286636.91    1562286636.92    0.0019199848175    64    0.6779    43.3856    0.679819984818    4.11408730159    6
193    1562286637.84    1562286638.87    1.03220295906    256    0.7528    192.7168    1.78500295906    5.07205882353    7
194    1562286638.21    1562286638.87    0.663428068161    16    0.0098    0.1568    0.673228068161    2.58333333333    4
195    1562286638.58    1562286639.99    1.41332602501    256    0.7528    192.7168    2.16612602501    5.24368872549    8
196    1562286638.9    1562286639.99    1.09574890137    4    0.6452    2.5808    1.74094890137    1.5    2
197    1562286639.2    1562286641.11    1.9121928215    256    0.4221    108.0576    2.3342928215    5.09984681373    8
198    1562286639.22    1562286642.17    2.94711899757    256    0.7528    192.7168    3.69991899757    5.17475490196    8
199    1562286639.99    1562286642.18    2.18843507767    16    0.4243    6.7888    2.61273507767    2.58333333333    4

dispatched jobs are: 200 out of 200
average queue time is: 0.807567168474
fso links are used for 0 times
overall utilization is 0.06745993669639214
average response time is 1.17567966847
average weighted response time is 2.0940692508305534
average slowdown is 3.2098371279664484
cpu_request: 16856, cpu_run: 16856
ssd_request: 8852, ssd_run: 0
gpu_request: 8673, gpu_run: 0
cpu aspl: 3.27577225578
cpu diameter: 4.835
job x: 0.0
job y: 0.0
job z: 0.0
