#timestep  occupied-CPU  total-CPU  utilization  queuingjobs
1    0    1024    0.0    1
2    96    1024    0.09375    1
3    0    1024    0.0    4
4    0    1024    0.0    9
5    0    1024    0.0    10
6    0    1024    0.0    15
7    340    1024    0.33203125    13
8    0    1024    0.0    16
9    24    1024    0.0234375    10
10    66    1024    0.064453125    0
11    64    1024    0.0625    0
12    0    1024    0.0    5
13    0    1024    0.0    10
14    69    1024    0.0673828125    8
15    256    1024    0.25    11
16    256    1024    0.25    17
17    312    1024    0.3046875    14
18    0    1024    0.0    17
19    0    1024    0.0    20
20    185    1024    0.1806640625    16
21    256    1024    0.25    20
22    0    1024    0.0    19
23    0    1024    0.0    24
24    132    1024    0.12890625    25
25    14    1024    0.013671875    27
26    190    1024    0.185546875    28
27    256    1024    0.25    32
28    256    1024    0.25    36
29    0    1024    0.0    39
30    0    1024    0.0    40
31    4    1024    0.00390625    38
32    256    1024    0.25    39
33    16    1024    0.015625    43
34    272    1024    0.265625    43
35    256    1024    0.25    47
36    0    1024    0.0    52
37    80    1024    0.078125    48
38    256    1024    0.25    53
39    100    1024    0.09765625    48
40    0    1024    0.0    53
41    4    1024    0.00390625    51
42    112    1024    0.109375    49
43    0    1024    0.0    53
44    0    1024    0.0    55
45    310    1024    0.302734375    44
46    0    1024    0.0    48
47    234    1024    0.228515625    51
48    256    1024    0.25    54
49    20    1024    0.01953125    55
50    64    1024    0.0625    58
51    0    1024    0.0    62
52    0    1024    0.0    61
53    252    1024    0.24609375    63
54    0    1024    0.0    67
55    256    1024    0.25    71
56    0    1024    0.0    78
57    0    1024    0.0    82
58    231    1024    0.2255859375    83
59    65    1024    0.0634765625    85
60    256    1024    0.25    89
61    209    1024    0.2041015625    90
62    0    1024    0.0    93
63    80    1024    0.078125    93
64    256    1024    0.25    94
65    256    1024    0.25    94
66    320    1024    0.3125    96
67    0    1024    0.0    101
68    0    1024    0.0    105
69    251    1024    0.2451171875    105
70    0    1024    0.0    108
71    320    1024    0.3125    110
72    16    1024    0.015625    110
73    0    1024    0.0    112
74    112    1024    0.109375    109
75    260    1024    0.25390625    108
76    0    1024    0.0    113
77    0    1024    0.0    114
78    4    1024    0.00390625    115
79    276    1024    0.26953125    112
80    0    1024    0.0    116
81    324    1024    0.31640625    113
82    0    1024    0.0    117
83    4    1024    0.00390625    114
84    16    1024    0.015625    110
85    0    1024    0.0    115
86    320    1024    0.3125    115
87    320    1024    0.3125    117
88    0    1024    0.0    122
89    0    1024    0.0    122
90    356    1024    0.34765625    117
91    92    1024    0.08984375    118
92    0    1024    0.0    122
93    0    1024    0.0    123
94    0    1024    0.0    125
95    320    1024    0.3125    123
96    260    1024    0.25390625    126
97    272    1024    0.265625    132
98    80    1024    0.078125    133
99    0    1024    0.0    138
100    0    1024    0.0    139
101    76    1024    0.07421875    138
102    473    1024    0.4619140625    120
103    0    1024    0.0    125
104    113    1024    0.1103515625    115
105    309    1024    0.3017578125    113
106    256    1024    0.25    115
107    0    1024    0.0    118
108    125    1024    0.1220703125    114
109    256    1024    0.25    117
110    256    1024    0.25    119
111    256    1024    0.25    121
112    0    1024    0.0    124
113    0    1024    0.0    122
114    0    1024    0.0    121
115    256    1024    0.25    122
116    4    1024    0.00390625    126
117    0    1024    0.0    129
118    64    1024    0.0625    120
119    4    1024    0.00390625    127
120    0    1024    0.0    130
121    0    1024    0.0    133
122    0    1024    0.0    136
123    84    1024    0.08203125    136
124    256    1024    0.25    139
125    256    1024    0.25    141
126    0    1024    0.0    144
127    0    1024    0.0    148
128    0    1024    0.0    154
129    20    1024    0.01953125    150
130    320    1024    0.3125    148
131    0    1024    0.0    152
132    132    1024    0.12890625    139
133    272    1024    0.265625    144
134    256    1024    0.25    148
135    0    1024    0.0    155
136    0    1024    0.0    159
137    64    1024    0.0625    155
138    0    1024    0.0    154
139    64    1024    0.0625    157
140    0    1024    0.0    161
141    0    1024    0.0    165
142    0    1024    0.0    169
143    256    1024    0.25    168
144    292    1024    0.28515625    166
145    360    1024    0.3515625    163
146    0    1024    0.0    165
147    0    1024    0.0    166
148    4    1024    0.00390625    166
149    256    1024    0.25    171
150    0    1024    0.0    175
151    0    1024    0.0    175
152    256    1024    0.25    172
153    340    1024    0.33203125    167
154    68    1024    0.06640625    163
155    320    1024    0.3125    157
156    0    1024    0.0    157
157    256    1024    0.25    155
158    16    1024    0.015625    152
159    65    1024    0.0634765625    151
160    256    1024    0.25    149
161    16    1024    0.015625    146
162    4    1024    0.00390625    130
163    63    1024    0.0615234375    124
164    16    1024    0.015625    117
165    4    1024    0.00390625    113
166    179    1024    0.1748046875    111
167    247    1024    0.2412109375    110
168    124    1024    0.12109375    108
169    0    1024    0.0    106
170    16    1024    0.015625    102
171    64    1024    0.0625    100
172    256    1024    0.25    95
173    332    1024    0.32421875    87
174    68    1024    0.06640625    79
175    256    1024    0.25    78
176    256    1024    0.25    75
177    256    1024    0.25    74
178    4    1024    0.00390625    69
179    0    1024    0.0    64
180    0    1024    0.0    63
181    0    1024    0.0    62
182    0    1024    0.0    57
183    125    1024    0.1220703125    56
184    0    1024    0.0    53
185    25    1024    0.0244140625    51
186    64    1024    0.0625    44
187    330    1024    0.322265625    40
188    0    1024    0.0    40
189    260    1024    0.25390625    34
190    260    1024    0.25390625    32
191    0    1024    0.0    30
192    0    1024    0.0    26
193    0    1024    0.0    25
194    174    1024    0.169921875    22
195    64    1024    0.0625    20
196    0    1024    0.0    19
197    6    1024    0.005859375    9
198    0    1024    0.0    8
199    323    1024    0.3154296875    3
200    272    1024    0.265625    0
201    0    1024    0.0    0

average cpu utilization is: 0.105803987873
average ssd utilization is: 0.0739612484453
average gpu utilization is: 0.0764099424751
average utilization is: 0.0853917262645
average queuing jobs are: 89.5124378109
maximum queuing jobs are: 175


#job_number  submit  dispatch  queue  cpu#  runtime  weight  response(turnaround)  cpu_aspl  cpu_diameter
0    1562292929.61    1562292933.85    4.2315568924    64    0.0234    1.4976    4.2549568924    3.94097222222    6
1    1562292934.16    1562292934.16    0.00017786026001    16    0.7616    12.1856    0.76177786026    2.58333333333    4
2    1562292934.28    1562292934.28    2.88486480713e-05    64    0.1855    11.872    0.185528848648    3.90972222222    6
3    1562292934.35    1562292934.4    0.0509350299835    64    0.9446    60.4544    0.995535029984    3.97222222222    6
4    1562292934.4    1562292934.41    0.00514078140259    16    0.8805    14.088    0.885640781403    2.58333333333    4
5    1562292934.61    1562292936.02    1.41654610634    256    0.6189    158.4384    2.03544610634    4.9390625    7
6    1562292935.3    1562292937.37    2.06762313843    256    0.0177    4.5312    2.08532313843    5.17693014706    8
7    1562292935.35    1562292937.37    2.02076506615    4    0.5956    2.3824    2.61636506615    1.5    2
8    1562292935.69    1562292938.51    2.82601380348    256    0.0057    1.4592    2.83171380348    5.12962622549    8
9    1562292936.02    1562292939.83    3.80337190628    256    0.4221    108.0576    4.22547190628    4.9621629902    8
10    1562292936.08    1562292939.83    3.7474591732    4    0.0059    0.0236    3.7533591732    1.5    2
11    1562292936.29    1562292939.84    3.54149603844    16    0.4243    6.7888    3.96579603844    2.61666666667    4
12    1562292936.6    1562292939.84    3.23306918144    4    0.0522    0.2088    3.28526918144    1.5    2
13    1562292936.65    1562292939.92    3.26654005051    64    0.0125    0.8    3.27904005051    4.16617063492    6
14    1562292936.88    1562292939.92    3.0440659523    4    0.0522    0.2088    3.0962659523    1.5    2
15    1562292937.28    1562292939.92    2.63889908791    4    1.1283    4.5132    3.76719908791    1.5    2
16    1562292937.98    1562292940.0    2.02494502068    64    0.6779    43.3856    2.70284502068    4.20783730159    6
17    1562292938.01    1562292941.31    3.30942201614    256    0.0057    1.4592    3.31512201614    5.17135416667    8
18    1562292938.12    1562292941.32    3.19662904739    4    1.1283    4.5132    4.32492904739    1.5    2
19    1562292938.51    1562292941.32    2.80697989464    4    0.0059    0.0236    2.81287989464    1.5    2
20    1562292938.59    1562292941.41    2.82647800446    64    0.0125    0.8    2.83897800446    4.1369047619    6
21    1562292938.8    1562292941.42    2.62365484238    16    0.0098    0.1568    2.63345484238    2.58333333333    4
22    1562292938.92    1562292941.51    2.58507704735    64    0.1855    11.872    2.77057704735    3.90724206349    6
23    1562292939.16    1562292941.51    2.34961414337    16    0.0297    0.4752    2.37931414337    2.58333333333    4
24    1562292939.28    1562292941.6    2.31779408455    64    0.1855    11.872    2.50329408455    3.95982142857    6
25    1562292939.38    1562292941.6    2.2171061039    4    1.1283    4.5132    3.3454061039    1.5    2
26    1562292939.68    1562292941.6    1.92240595818    4    0.0284    0.1136    1.95080595818    1.5    2
27    1562292940.0    1562292941.61    1.60263299942    16    0.7616    12.1856    2.36423299942    2.58333333333    4
28    1562292940.07    1562292941.61    1.53967905045    4    0.6452    2.5808    2.18487905045    1.5    2
29    1562292940.24    1562292942.86    2.62440896034    256    0.0177    4.5312    2.64210896034    5.2643995098    8
30    1562292940.26    1562292942.87    2.60798096657    4    0.0059    0.0236    2.61388096657    1.5    2
31    1562292940.66    1562292942.94    2.28031802177    64    0.4167    26.6688    2.69701802177    3.90724206349    6
32    1562292941.22    1562292942.95    1.73149108887    16    0.4243    6.7888    2.15579108887    2.58333333333    4
33    1562292941.54    1562292942.95    1.41025495529    16    0.8805    14.088    2.29075495529    2.58333333333    4
34    1562292941.63    1562292943.02    1.39755582809    64    0.0055    0.352    1.40305582809    3.97619047619    6
35    1562292941.65    1562292943.03    1.38308095932    16    0.0297    0.4752    1.41278095932    2.58333333333    4
36    1562292941.95    1562292943.04    1.08720207214    16    0.8805    14.088    1.96770207214    2.58333333333    4
37    1562292942.11    1562292943.04    0.92467212677    4    0.0284    0.1136    0.95307212677    1.5    2
38    1562292942.32    1562292943.04    0.717133998871    16    0.0297    0.4752    0.746833998871    2.58333333333    4
39    1562292942.38    1562292943.04    0.660910129547    4    0.0832    0.3328    0.744110129547    1.5    2
40    1562292942.65    1562292943.12    0.471624851227    64    0.0055    0.352    0.477124851227    3.99900793651    6
41    1562292942.75    1562292943.13    0.377530097961    16    0.7616    12.1856    1.13913009796    2.58333333333    4
42    1562292943.48    1562292943.48    9.79900360107e-05    16    0.0429    0.6864    0.042997990036    2.58333333333    4
43    1562292943.66    1562292943.66    0.000118970870972    16    0.0429    0.6864    0.043018970871    2.58333333333    4
44    1562292943.79    1562292943.82    0.029464006424    64    0.9446    60.4544    0.974064006424    3.98214285714    6
45    1562292944.55    1562292945.57    1.02575492859    256    0.6189    158.4384    1.64465492859    4.96513480392    7
46    1562292944.78    1562292946.83    2.04819893837    256    0.7528    192.7168    2.80099893837    5.12506127451    8
47    1562292944.89    1562292946.83    1.94461488724    16    0.8805    14.088    2.82511488724    2.58333333333    4
48    1562292945.32    1562292946.84    1.52327895164    16    0.0297    0.4752    1.55297895164    2.58333333333    4
49    1562292945.42    1562292946.92    1.49792599678    64    0.0055    0.352    1.50342599678    4.11656746032    6
50    1562292945.53    1562292946.92    1.38900303841    4    0.0059    0.0236    1.39490303841    1.5    2
51    1562292945.78    1562292946.92    1.14321804047    16    0.8805    14.088    2.02371804047    2.61666666667    4
52    1562292945.94    1562292946.92    0.983066082001    4    0.5956    2.3824    1.578666082    1.5    2
53    1562292946.05    1562292948.15    2.09849786758    256    0.7528    192.7168    2.85129786758    5.21228553922    8
54    1562292946.4    1562292948.16    1.76427292824    16    0.4243    6.7888    2.18857292824    2.58333333333    4
55    1562292946.73    1562292949.33    2.60024285316    256    0.8    204.8    3.40024285316    5.07435661765    8
56    1562292946.89    1562292950.68    3.78692698479    256    0.4221    108.0576    4.20902698479    5.16381740196    8
57    1562292946.97    1562292950.69    3.71487402916    16    0.8805    14.088    4.59537402916    2.58333333333    4
58    1562292947.22    1562292950.69    3.47489595413    16    0.4243    6.7888    3.89919595413    2.65    4
59    1562292947.4    1562292950.69    3.29144597054    4    0.0284    0.1136    3.31984597054    1.5    2
60    1562292947.48    1562292950.69    3.21799612045    4    0.5956    2.3824    3.81359612045    1.5    2
61    1562292947.68    1562292950.7    3.01671504974    16    0.0285    0.456    3.04521504974    2.58333333333    4
62    1562292947.82    1562292950.7    2.88799095154    16    0.0285    0.456    2.91649095154    2.5    4
63    1562292948.53    1562292950.71    2.17999100685    16    0.4243    6.7888    2.60429100685    2.65    4
64    1562292948.57    1562292950.72    2.14928197861    16    0.0429    0.6864    2.19218197861    2.61666666667    4
65    1562292948.7    1562292951.97    3.26624917984    256    0.6189    158.4384    3.88514917984    5.21289828431    8
66    1562292948.85    1562292951.97    3.12055206299    16    0.8805    14.088    4.00105206299    2.58333333333    4
67    1562292948.9    1562292953.22    4.32071399689    256    0.6189    158.4384    4.93961399689    5.36776960784    8
68    1562292948.96    1562292953.29    4.33162117004    64    0.0125    0.8    4.34412117004    4.15228174603    6
69    1562292949.09    1562292953.3    4.2096760273    16    0.4243    6.7888    4.6339760273    2.58333333333    4
70    1562292949.33    1562292953.31    3.9746761322    16    0.7616    12.1856    4.7362761322    2.6    4
71    1562292949.67    1562292953.39    3.71798205376    64    0.6779    43.3856    4.39588205376    4.1810515873    6
72    1562292949.77    1562292953.39    3.617208004    4    0.0284    0.1136    3.645608004    1.5    2
73    1562292949.9    1562292953.39    3.49047017097    4    0.0522    0.2088    3.54267017097    1.5    2
74    1562292950.07    1562292953.39    3.32406997681    4    0.0522    0.2088    3.37626997681    1.5    2
75    1562292950.15    1562292954.58    4.43220496178    256    0.8    204.8    5.23220496178    5.28912377451    8
76    1562292950.26    1562292955.75    5.49507308006    256    0.0057    1.4592    5.50077308006    5.27463235294    8
77    1562292950.48    1562292955.83    5.35725593567    64    0.0055    0.352    5.36275593567    4.04563492063    6
78    1562292950.65    1562292955.9    5.25363397598    64    0.0055    0.352    5.25913397598    3.94097222222    6
79    1562292951.13    1562292955.91    4.77240109444    16    0.0285    0.456    4.80090109444    2.58333333333    4
80    1562292951.74    1562292955.99    4.25327396393    64    0.0125    0.8    4.26577396393    4.09424603175    6
81    1562292951.85    1562292957.21    5.36324596405    256    0.7528    192.7168    6.11604596405    5.07591911765    8
82    1562292952.32    1562292957.22    4.89367699623    16    0.0297    0.4752    4.92337699623    2.58333333333    4
83    1562292952.59    1562292957.29    4.69846200943    64    0.6779    43.3856    5.37636200943    4.06448412698    6
84    1562292952.65    1562292958.65    6.00626993179    256    0.4221    108.0576    6.42836993179    5.30327818627    8
85    1562292952.67    1562292958.65    5.98725199699    4    0.5956    2.3824    6.58285199699    1.5    2
86    1562292952.82    1562292958.65    5.83520507812    4    0.0832    0.3328    5.91840507812    1.5    2
87    1562292952.94    1562292959.85    6.90331292152    256    0.4221    108.0576    7.32541292152    5.22913602941    8
88    1562292953.39    1562292959.85    6.46101284027    4    0.0832    0.3328    6.54421284027    1.5    2
89    1562292953.64    1562292959.85    6.2132358551    16    0.0098    0.1568    6.2230358551    2.58333333333    4
90    1562292953.74    1562292961.16    7.41831302643    256    0.7528    192.7168    8.17111302643    5.19500612745    8
91    1562292954.08    1562292962.34    8.26417994499    256    0.6189    158.4384    8.88307994499    5.19298406863    8
92    1562292954.12    1562292963.56    9.43771409988    256    0.6189    158.4384    10.0566140999    5.08419117647    8
93    1562292954.59    1562292963.56    8.97837114334    16    0.4243    6.7888    9.40267114334    2.58333333333    4
94    1562292954.89    1562292964.76    9.86685013771    256    0.0057    1.4592    9.87255013771    5.14525122549    8
95    1562292954.99    1562292964.76    9.77304196358    4    1.1283    4.5132    10.9013419636    1.5    2
96    1562292955.4    1562292964.76    9.36600995064    16    0.7616    12.1856    10.1276099506    2.58333333333    4
97    1562292955.68    1562292964.77    9.09207606316    16    0.0285    0.456    9.12057606316    2.65    4
98    1562292955.8    1562292964.77    8.97282099724    4    0.0832    0.3328    9.05602099724    1.5    2
99    1562292955.89    1562292964.77    8.88768577576    4    0.5956    2.3824    9.48328577576    1.5    2
100    1562292956.33    1562292966.04    9.71816396713    256    0.8    204.8    10.5181639671    4.97953431373    7
101    1562292956.55    1562292966.05    9.50535607338    16    0.0098    0.1568    9.51515607338    2.58333333333    4
102    1562292956.7    1562292967.31    10.6106419563    256    0.0057    1.4592    10.6163419563    5.20453431373    8
103    1562292956.96    1562292967.39    10.4313120842    64    0.0234    1.4976    10.4547120842    4.00942460317    6
104    1562292957.18    1562292967.39    10.2124109268    4    0.0284    0.1136    10.2408109268    1.5    2
105    1562292957.52    1562292967.4    9.88289999962    16    0.4243    6.7888    10.3071999996    2.58333333333    4
106    1562292957.73    1562292968.69    10.9637172222    256    0.6189    158.4384    11.5826172222    5.06905637255    8
107    1562292957.91    1562292968.7    10.7907378674    16    0.0297    0.4752    10.8204378674    2.58333333333    4
108    1562292958.09    1562292968.7    10.609306097    16    0.7616    12.1856    11.370906097    2.58333333333    4
109    1562292958.27    1562292968.7    10.4326150417    4    0.0284    0.1136    10.4610150417    1.5    2
110    1562292958.4    1562292968.7    10.304101944    4    0.0059    0.0236    10.310001944    1.5    2
111    1562292958.75    1562292968.71    9.95619821548    16    0.0098    0.1568    9.96599821548    2.68333333333    4
112    1562292958.91    1562292969.94    11.0338799953    256    0.8    204.8    11.8338799953    5.21320465686    8
113    1562292959.05    1562292971.13    12.0772171021    256    0.0057    1.4592    12.0829171021    5.20318627451    8
114    1562292959.24    1562292971.21    11.9687049389    64    0.9446    60.4544    12.9133049389    4.14880952381    6
115    1562292959.5    1562292971.21    11.7072927952    4    0.0284    0.1136    11.7356927952    1.5    2
116    1562292959.85    1562292971.22    11.3702728748    16    0.8805    14.088    12.2507728748    2.58333333333    4
117    1562292960.19    1562292971.22    11.0347239971    16    0.4243    6.7888    11.4590239971    2.58333333333    4
118    1562292960.35    1562292971.22    10.875877142    4    0.6452    2.5808    11.521077142    1.5    2
119    1562292960.73    1562292971.29    10.5544860363    64    0.1855    11.872    10.7399860363    4.0689484127    6
120    1562292960.78    1562292971.29    10.5129821301    4    0.0059    0.0236    10.5188821301    1.5    2
121    1562292961.04    1562292971.29    10.2518589497    16    0.0285    0.456    10.2803589497    2.63333333333    4
122    1562292961.34    1562292971.3    9.95644307137    16    0.8805    14.088    10.8369430714    2.58333333333    4
123    1562292961.86    1562292972.61    10.7563610077    256    0.6189    158.4384    11.3752610077    5.14954044118    8
124    1562292961.94    1562292972.69    10.755095005    64    0.0234    1.4976    10.778495005    4.08234126984    6
125    1562292962.29    1562292973.92    11.6264350414    256    0.0177    4.5312    11.6441350414    5.05297181373    8
126    1562292962.42    1562292973.92    11.4979379177    4    0.6452    2.5808    12.1431379177    1.5    2
127    1562292962.53    1562292973.92    11.3973400593    16    0.0285    0.456    11.4258400593    2.58333333333    4
128    1562292962.87    1562292974.01    11.1355330944    64    0.4167    26.6688    11.5522330944    4.15873015873    6
129    1562292963.03    1562292974.01    10.9835560322    4    0.0832    0.3328    11.0667560322    1.5    2
130    1562292963.35    1562292974.09    10.7343690395    64    0.0234    1.4976    10.7577690395    3.85962301587    6
131    1562292963.9    1562292974.09    10.1945281029    4    0.0059    0.0236    10.2004281029    1.5    2
132    1562292964.0    1562292974.1    10.0977609158    16    0.8805    14.088    10.9782609158    2.65    4
133    1562292964.58    1562292974.11    9.52791786194    16    0.7616    12.1856    10.2895178619    2.58333333333    4
134    1562292965.02    1562292974.19    9.16567087173    64    0.4167    26.6688    9.58237087173    4.01686507937    6
135    1562292965.17    1562292975.47    10.2999849319    256    0.8    204.8    11.0999849319    5.0128370098    8
136    1562292965.56    1562292975.48    9.91761493683    4    0.0059    0.0236    9.92351493683    1.5    2
137    1562292965.74    1562292975.48    9.73885512352    4    1.1283    4.5132    10.8671551235    1.5    2
138    1562292966.03    1562292975.56    9.52974390984    64    0.0125    0.8    9.54224390984    3.96726190476    6
139    1562292966.44    1562292975.62    9.18388700485    64    0.1855    11.872    9.36938700485    4.24255952381    6
140    1562292966.68    1562292975.63    8.95173501968    16    0.0429    0.6864    8.99463501968    2.58333333333    4
141    1562292966.85    1562292975.71    8.85908603668    64    0.0055    0.352    8.86458603668    4.22271825397    6
142    1562292967.07    1562292975.79    8.71609401703    64    0.0055    0.352    8.72159401703    3.96726190476    6
143    1562292967.15    1562292977.02    9.86405086517    256    0.0177    4.5312    9.88175086517    5.31957720588    8
144    1562292967.27    1562292977.02    9.75451493263    16    0.8805    14.088    10.6350149326    2.58333333333    4
145    1562292967.31    1562292977.1    9.78522992134    64    0.9446    60.4544    10.7298299213    3.89136904762    6
146    1562292967.37    1562292977.16    9.7883310318    64    0.0234    1.4976    9.8117310318    3.94097222222    6
147    1562292967.59    1562292977.17    9.5729830265    16    0.4243    6.7888    9.9972830265    2.58333333333    4
148    1562292967.76    1562292977.17    9.40903997421    16    0.7616    12.1856    10.1706399742    2.68333333333    4
149    1562292967.88    1562292978.46    10.5859098434    256    0.4221    108.0576    11.0080098434    5.04264705882    8
150    1562292967.98    1562292978.46    10.4880239964    4    0.0284    0.1136    10.5164239964    1.5    2
151    1562292968.31    1562292978.46    10.157230854    4    0.0522    0.2088    10.209430854    1.5    2
152    1562292968.5    1562292979.66    11.1659049988    256    0.4221    108.0576    11.5880049988    5.12567401961    8
153    1562292968.69    1562292979.74    11.0518028736    64    0.9446    60.4544    11.9964028736    4.20833333333    6
154    1562292968.93    1562292979.75    10.8117051125    4    0.6452    2.5808    11.4569051125    1.5    2
155    1562292969.21    1562292979.75    10.5342760086    4    0.5956    2.3824    11.1298760086    1.5    2
156    1562292969.47    1562292979.75    10.277173996    16    0.4243    6.7888    10.701473996    2.66666666667    4
157    1562292969.62    1562292979.75    10.1355469227    4    0.0059    0.0236    10.1414469227    1.5    2
158    1562292969.94    1562292979.75    9.80982613564    4    0.5956    2.3824    10.4054261356    1.33333333333    2
159    1562292969.97    1562292979.76    9.78261089325    16    0.0297    0.4752    9.81231089325    2.55833333333    4
160    1562292970.21    1562292979.76    9.55317091942    4    0.0522    0.2088    9.60537091942    1.5    2
161    1562292970.49    1562292979.84    9.35563921928    64    0.1855    11.872    9.54113921928    4.17162698413    6
162    1562292970.68    1562292979.84    9.16365885735    4    0.5956    2.3824    9.75925885735    1.5    2
163    1562292970.89    1562292979.84    8.95729398727    4    0.0522    0.2088    9.00949398727    1.5    2
164    1562292971.04    1562292979.85    8.81162118912    16    0.0098    0.1568    8.82142118912    2.73333333333    4
165    1562292971.21    1562292979.94    8.72778201103    64    0.0125    0.8    8.74028201103    4.25148809524    6
166    1562292971.3    1562292979.94    8.63603210449    4    0.5956    2.3824    9.23163210449    1.5    2
167    1562292971.48    1562292979.94    8.45993494987    4    0.6452    2.5808    9.10513494987    1.5    2
168    1562292971.53    1562292980.03    8.49456477165    64    0.4167    26.6688    8.91126477165    4.30357142857    6
169    1562292971.76    1562292982.03    10.2698349953    256    0.8    204.8    11.0698349953    5.47732843137    8
170    1562292972.01    1562292982.04    10.0335350037    16    0.0429    0.6864    10.0764350037    2.65    4
171    1562292972.22    1562292983.27    11.0485310555    256    0.7528    192.7168    11.8013310555    5.16378676471    8
172    1562292972.34    1562292983.28    10.9374787807    16    0.0098    0.1568    10.9472787807    2.58333333333    4
173    1562292972.61    1562292984.53    11.9126157761    256    0.0177    4.5312    11.9303157761    5.13125    8
174    1562292972.69    1562292984.61    11.9179799557    64    0.0234    1.4976    11.9413799557    4.20486111111    6
175    1562292972.83    1562292984.61    11.7832529545    16    0.4243    6.7888    12.2075529545    2.58333333333    4
176    1562292973.03    1562292984.61    11.5863041878    4    1.1283    4.5132    12.7146041878    1.5    2
177    1562292973.13    1562292985.82    12.6905250549    256    0.0177    4.5312    12.7082250549    5.09491421569    8
178    1562292973.25    1562292985.89    12.6454648972    64    0.9446    60.4544    13.5900648972    4.02678571429    6
179    1562292973.6    1562292987.08    13.4783530235    256    0.7528    192.7168    14.2311530235    4.96979166667    7
180    1562292973.68    1562292987.08    13.4048860073    4    0.0832    0.3328    13.4880860073    1.5    2
181    1562292973.95    1562292987.09    13.135242939    16    0.7616    12.1856    13.896842939    2.6    4
182    1562292974.26    1562292987.09    12.8306589127    4    0.0059    0.0236    12.8365589127    1.5    2
183    1562292974.4    1562292987.09    12.6882560253    4    0.0832    0.3328    12.7714560253    1.5    2
184    1562292974.57    1562292988.43    13.8599038124    256    0.8    204.8    14.6599038124    5.2746629902    8
185    1562292974.83    1562292988.43    13.5971970558    4    1.1283    4.5132    14.7254970558    1.5    2
186    1562292975.08    1562292988.51    13.4269969463    64    0.0234    1.4976    13.4503969463    3.93551587302    6
187    1562292975.37    1562292988.6    13.226585865    64    0.4167    26.6688    13.643285865    4.09176587302    6
188    1562292975.68    1562292988.67    12.9924600124    64    0.9446    60.4544    13.9370600124    3.93551587302    6
189    1562292975.79    1562292989.98    14.1951580048    256    0.0177    4.5312    14.2128580048    5.45499387255    8
190    1562292975.92    1562292991.24    15.325813055    256    0.4221    108.0576    15.747913055    5.2053002451    8
191    1562292976.08    1562292992.5    16.4244160652    256    0.0177    4.5312    16.4421160652    5.16669730392    8
192    1562292976.21    1562292992.58    16.3750629425    64    0.1855    11.872    16.5605629425    3.90972222222    6
193    1562292976.29    1562292992.59    16.297208786    16    0.8805    14.088    17.177708786    2.58333333333    4
194    1562292976.61    1562292993.89    17.2719388008    256    0.8    204.8    18.0719388008    4.95183823529    8
195    1562292976.86    1562292993.89    17.0311670303    16    0.0297    0.4752    17.0608670303    2.58333333333    4
196    1562292977.24    1562292993.97    16.7289140224    64    0.4167    26.6688    17.1456140224    3.90972222222    6
197    1562292977.35    1562292995.24    17.8919320107    256    0.4221    108.0576    18.3140320107    5.23599877451    8
198    1562292977.6    1562292995.24    17.6420691013    4    0.0832    0.3328    17.7252691013    1.5    2
199    1562292977.9    1562292996.54    18.6446409225    256    0.4221    108.0576    19.0667409225    4.94439338235    7
200    1562292978.04    1562292997.79    19.7504131794    256    0.0177    4.5312    19.7681131794    5.20860906863    8
201    1562292978.27    1562292998.97    20.6931240559    256    0.7528    192.7168    21.4459240559    5.05220588235    8
202    1562292978.5    1562292998.97    20.470487833    4    0.0059    0.0236    20.476387833    1.5    2
203    1562292978.6    1562292999.04    20.4410800934    64    0.0055    0.352    20.4465800934    4.12896825397    6
204    1562292979.17    1562292999.12    19.9544050694    64    0.9446    60.4544    20.8990050694    4.05902777778    6
205    1562292979.41    1562292999.13    19.7243440151    16    0.8805    14.088    20.6048440151    2.58333333333    4
206    1562292979.56    1562292999.14    19.5732779503    16    0.0285    0.456    19.6017779503    2.63333333333    4
207    1562292979.74    1562292999.14    19.3971879482    16    0.0429    0.6864    19.4400879482    2.75    4
208    1562292979.84    1562293000.44    20.598482132    256    0.8    204.8    21.398482132    5.50765931373    8
209    1562292979.88    1562293000.45    20.5675480366    16    0.0297    0.4752    20.5972480366    2.58333333333    4
210    1562292980.22    1562293000.45    20.2282569408    16    0.0285    0.456    20.2567569408    2.58333333333    4
211    1562292980.35    1562293000.45    20.1009321213    4    0.0832    0.3328    20.1841321213    1.5    2
212    1562292980.73    1562293000.46    19.7322440147    16    0.0098    0.1568    19.7420440147    2.58333333333    4
213    1562292980.77    1562293000.46    19.6849679947    4    0.0284    0.1136    19.7133679947    1.5    2
214    1562292981.53    1562293001.62    20.0963830948    256    0.4221    108.0576    20.5184830948    5.20021446078    8
215    1562292981.69    1562293001.63    19.9362809658    16    0.0297    0.4752    19.9659809658    2.58333333333    4
216    1562292981.72    1562293002.89    21.168118    256    0.4221    108.0576    21.590218    5.14963235294    8
217    1562292981.86    1562293002.96    21.0960900784    64    0.6779    43.3856    21.7739900784    4.10962301587    6
218    1562292982.03    1562293004.2    22.1702468395    256    0.7528    192.7168    22.9230468395    5.2393995098    8
219    1562292982.39    1562293004.28    21.8891310692    64    0.0125    0.8    21.9016310692    3.94097222222    6
220    1562292982.53    1562293005.5    22.9763810635    256    0.8    204.8    23.7763810635    5.01210171569    8
221    1562292982.64    1562293005.51    22.8708019257    4    0.0522    0.2088    22.9230019257    1.5    2
222    1562292982.94    1562293005.51    22.564909935    4    0.0522    0.2088    22.617109935    1.5    2
223    1562292983.22    1562293005.51    22.2904169559    16    0.0285    0.456    22.3189169559    2.675    4
224    1562292983.31    1562293006.71    23.3921329975    256    0.4221    108.0576    23.8142329975    5.07892156863    8
225    1562292983.44    1562293006.71    23.2716460228    4    0.0059    0.0236    23.2775460228    1.5    2
226    1562292983.72    1562293008.06    24.3346078396    256    0.8    204.8    25.1346078396    5.1597120098    8
227    1562292984.03    1562293008.06    24.025001049    4    0.0832    0.3328    24.108201049    1.5    2
228    1562292984.37    1562293008.14    23.771488905    64    0.6779    43.3856    24.449388905    3.96875    6
229    1562292984.55    1562293009.33    24.7847480774    256    0.0177    4.5312    24.8024480774    5.13164828431    8
230    1562292984.59    1562293009.34    24.7471041679    16    0.8805    14.088    25.6276041679    2.58333333333    4
231    1562292984.94    1562293009.42    24.4788742065    64    0.0234    1.4976    24.5022742065    3.87400793651    6
232    1562292985.08    1562293009.42    24.3411369324    16    0.0429    0.6864    24.3840369324    2.58333333333    4
233    1562292985.26    1562293009.43    24.1732931137    16    0.0429    0.6864    24.2161931137    2.58333333333    4
234    1562292985.48    1562293009.51    24.0264520645    64    0.0055    0.352    24.0319520645    3.97470238095    6
235    1562292985.68    1562293010.73    25.0488409996    256    0.6189    158.4384    25.6677409996    5.02714460784    8
236    1562292985.82    1562293010.74    24.9216449261    16    0.4243    6.7888    25.3459449261    2.58333333333    4
237    1562292986.31    1562293010.74    24.4359529018    4    0.6452    2.5808    25.0811529018    1.5    2
238    1562292986.36    1562293010.81    24.4502999783    64    0.9446    60.4544    25.3948999783    4.08978174603    6
239    1562292986.71    1562293010.81    24.0982069969    16    0.0098    0.1568    24.1080069969    2.63333333333    4
240    1562292987.03    1562293010.89    23.8617088795    64    0.4167    26.6688    24.2784088795    4.20337301587    6
241    1562292987.36    1562293010.9    23.5387289524    16    0.7616    12.1856    24.3003289524    2.63333333333    4
242    1562292987.54    1562293010.9    23.356525898    16    0.7616    12.1856    24.118125898    2.625    4
243    1562292987.83    1562293010.91    23.0719268322    16    0.8805    14.088    23.9524268322    2.63333333333    4
244    1562292988.03    1562293012.38    24.3492121696    256    0.4221    108.0576    24.7713121696    5.30551470588    8
245    1562292988.43    1562293012.38    23.955247879    16    0.0429    0.6864    23.998147879    2.58333333333    4
246    1562292988.51    1562293012.39    23.8759169579    16    0.0429    0.6864    23.9188169579    2.58333333333    4
247    1562292988.54    1562293012.46    23.9190969467    64    0.0055    0.352    23.9245969467    4.04662698413    6
248    1562292988.67    1562293012.46    23.7906708717    4    1.1283    4.5132    24.9189708717    1.5    2
249    1562292988.77    1562293013.74    24.9700140953    256    0.8    204.8    25.7700140953    5.14368872549    8
250    1562292988.94    1562293013.75    24.8097310066    16    0.0098    0.1568    24.8195310066    2.58333333333    4
251    1562292989.27    1562293013.75    24.4868710041    16    0.4243    6.7888    24.9111710041    2.58333333333    4
252    1562292989.56    1562293014.93    25.3666830063    256    0.4221    108.0576    25.7887830063    5.2203125    8
253    1562292989.98    1562293014.93    24.9481499195    4    1.1283    4.5132    26.0764499195    1.5    2
254    1562292990.05    1562293014.94    24.8817420006    16    0.0285    0.456    24.9102420006    2.58333333333    4
255    1562292990.21    1562293015.01    24.8044660091    64    0.0125    0.8    24.8169660091    4.09424603175    6
256    1562292990.44    1562293015.08    24.6466698647    64    0.0234    1.4976    24.6700698647    4.07192460317    6
257    1562292990.59    1562293015.17    24.581815958    64    0.0055    0.352    24.587315958    4.09424603175    6
258    1562292990.7    1562293016.32    25.6173679829    256    0.7528    192.7168    26.3701679829    5.08229166667    8
259    1562292990.92    1562293016.32    25.402135849    16    0.8805    14.088    26.282635849    2.58333333333    4
260    1562292991.24    1562293016.39    25.1522529125    64    0.0055    0.352    25.1577529125    4.03025793651    6
261    1562292991.41    1562293016.47    25.0566658974    64    0.0125    0.8    25.0691658974    4.17212301587    6
262    1562292991.64    1562293016.47    24.8311648369    16    0.0297    0.4752    24.8608648369    2.58333333333    4
263    1562292991.86    1562293016.48    24.6114420891    4    1.1283    4.5132    25.7397420891    1.5    2
264    1562292992.11    1562293017.68    25.5725190639    256    0.0057    1.4592    25.5782190639    5.22049632353    8
265    1562292992.15    1562293018.85    26.7010850906    256    0.6189    158.4384    27.3199850906    4.93272058824    7
266    1562292992.28    1562293018.85    26.5740611553    4    0.5956    2.3824    27.1696611553    1.5    2
267    1562292992.33    1562293018.86    26.5275449753    16    0.0098    0.1568    26.5373449753    2.58333333333    4
268    1562292992.54    1562293018.86    26.3239209652    16    0.4243    6.7888    26.7482209652    2.64166666667    4
269    1562292992.58    1562293018.94    26.3571918011    64    0.1855    11.872    26.5426918011    4.18303571429    6
270    1562292992.75    1562293020.19    27.4362261295    256    0.6189    158.4384    28.0551261295    5.25101102941    8
271    1562292992.78    1562293020.25    27.4711880684    64    0.6779    43.3856    28.1490880684    4.06746031746    6
272    1562292993.15    1562293020.25    27.1038658619    4    0.6452    2.5808    27.7490658619    1.5    2
273    1562292993.35    1562293020.26    26.903908968    4    0.0284    0.1136    26.932308968    1.5    2
274    1562292993.47    1562293020.26    26.7848279476    4    0.0522    0.2088    26.8370279476    1.5    2
275    1562292993.67    1562293020.26    26.5933930874    4    1.1283    4.5132    27.7216930874    1.5    2
276    1562292994.28    1562293020.26    25.977741003    4    0.0284    0.1136    26.006141003    1.5    2
277    1562292994.39    1562293021.45    27.059581995    256    0.6189    158.4384    27.678481995    5.31084558824    8
278    1562292994.41    1562293021.46    27.0447030067    16    0.7616    12.1856    27.8063030067    2.58333333333    4
279    1562292994.49    1562293021.46    26.9670259953    4    0.0522    0.2088    27.0192259953    1.5    2
280    1562292994.99    1562293021.46    26.473498106    16    0.0429    0.6864    26.516398106    2.65    4
281    1562292995.14    1562293021.53    26.3909800053    64    0.0055    0.352    26.3964800053    4.04017857143    6
282    1562292995.46    1562293021.54    26.0741281509    16    0.8805    14.088    26.9546281509    2.58333333333    4
283    1562292995.67    1562293022.74    27.0664930344    256    0.0177    4.5312    27.0841930344    5.21197916667    8
284    1562292996.03    1562293023.88    27.8523979187    256    0.6189    158.4384    28.4712979187    5.33324142157    8
285    1562292996.19    1562293023.89    27.696116209    16    0.0285    0.456    27.724616209    2.48333333333    4
286    1562292996.3    1562293023.9    27.5918929577    16    0.0429    0.6864    27.6347929577    2.58333333333    4
287    1562292996.53    1562293023.97    27.4415490627    64    0.6779    43.3856    28.1194490627    3.84771825397    6
288    1562292996.74    1562293024.04    27.3020210266    64    0.1855    11.872    27.4875210266    3.9126984127    6
289    1562292996.97    1562293025.27    28.2934448719    256    0.8    204.8    29.0934448719    5.32585784314    8
290    1562292997.79    1562293025.34    27.5532140732    64    0.4167    26.6688    27.9699140732    4.15327380952    6
291    1562292998.37    1562293025.43    27.0535020828    64    0.0125    0.8    27.0660020828    3.92063492063    6
292    1562292998.78    1562293026.61    27.8322210312    256    0.0177    4.5312    27.8499210312    5.29145220588    8
293    1562292998.85    1562293026.62    27.7622511387    4    0.0059    0.0236    27.7681511387    1.5    2
294    1562292998.97    1562293026.62    27.6504278183    4    0.0284    0.1136    27.6788278183    1.5    2
295    1562292999.19    1562293026.69    27.506551981    64    0.0125    0.8    27.519051981    3.98859126984    6
296    1562292999.37    1562293026.77    27.4033300877    64    0.0234    1.4976    27.4267300877    4.02529761905    6
297    1562292999.38    1562293028.02    28.6400690079    256    0.7528    192.7168    29.3928690079    4.9949754902    7
298    1562292999.52    1562293028.1    28.5724229813    64    0.4167    26.6688    28.9891229813    3.96329365079    6
299    1562292999.68    1562293028.1    28.4174890518    16    0.0285    0.456    28.4459890518    2.65833333333    4
300    1562292999.74    1562293028.18    28.4418079853    64    0.0234    1.4976    28.4652079853    4.2996031746    6
301    1562292999.95    1562293028.19    28.2396740913    16    0.4243    6.7888    28.6639740913    2.65833333333    4
302    1562293000.01    1562293028.19    28.175604105    4    0.5956    2.3824    28.771204105    1.5    2
303    1562293000.44    1562293028.19    27.7501590252    16    0.0098    0.1568    27.7599590252    2.68333333333    4
304    1562293000.49    1562293028.28    27.7892320156    64    0.4167    26.6688    28.2059320156    4.36111111111    6
305    1562293000.56    1562293028.29    27.727175951    16    0.8805    14.088    28.607675951    2.675    4
306    1562293000.75    1562293029.52    28.7730679512    256    0.0057    1.4592    28.7787679512    5.27800245098    8
307    1562293000.97    1562293029.52    28.5522019863    4    0.0832    0.3328    28.6354019863    1.5    2
308    1562293001.79    1562293029.52    27.7334859371    4    1.1283    4.5132    28.8617859371    1.5    2
309    1562293001.92    1562293030.77    28.8548090458    256    0.6189    158.4384    29.4737090458    5.17794117647    8
310    1562293002.29    1562293031.92    29.6243131161    256    0.4221    108.0576    30.0464131161    5.14074754902    8
311    1562293002.46    1562293031.92    29.4587569237    16    0.8805    14.088    30.3392569237    2.58333333333    4
312    1562293002.84    1562293033.09    30.2505350113    256    0.8    204.8    31.0505350113    4.94773284314    8
313    1562293003.05    1562293033.16    30.1081459522    64    0.0125    0.8    30.1206459522    4.03025793651    6
314    1562293003.32    1562293033.16    29.8454480171    16    0.4243    6.7888    30.2697480171    2.63333333333    4
315    1562293003.64    1562293033.17    29.5285401344    16    0.0285    0.456    29.5570401344    2.675    4
316    1562293003.74    1562293033.18    29.4350779057    16    0.0098    0.1568    29.4448779057    2.66666666667    4
317    1562293004.0    1562293033.25    29.2549278736    64    0.6779    43.3856    29.9328278736    4.03025793651    6
318    1562293004.18    1562293034.41    30.2262148857    256    0.7528    192.7168    30.9790148857    5.05370710784    8
319    1562293004.2    1562293034.41    30.2043869495    4    0.5956    2.3824    30.7999869495    1.5    2
320    1562293004.28    1562293034.41    30.1299159527    4    0.0832    0.3328    30.2131159527    1.5    2
321    1562293004.31    1562293035.65    31.3444950581    256    0.7528    192.7168    32.0972950581    5.12392769608    8
322    1562293004.8    1562293035.66    30.8573498726    16    0.4243    6.7888    31.2816498726    2.65    4
323    1562293005.0    1562293035.66    30.6577038765    4    0.0522    0.2088    30.7099038765    1.5    2
324    1562293005.08    1562293036.95    31.8760380745    256    0.0177    4.5312    31.8937380745    5.27797181373    8
325    1562293005.47    1562293036.96    31.4930179119    16    0.4243    6.7888    31.9173179119    2.58333333333    4
326    1562293005.76    1562293037.04    31.280107975    64    0.6779    43.3856    31.958007975    4.08928571429    6
327    1562293006.12    1562293038.29    32.1734788418    256    0.7528    192.7168    32.9262788418    5.00128676471    8
328    1562293006.31    1562293038.29    31.9781229496    4    0.0522    0.2088    32.0303229496    1.5    2
329    1562293006.39    1562293039.49    33.1031877995    256    0.0177    4.5312    33.1208877995    5.04705882353    8
330    1562293006.71    1562293039.5    32.788626194    4    0.0059    0.0236    32.794526194    1.5    2
331    1562293007.1    1562293039.5    32.3958010674    4    0.5956    2.3824    32.9914010674    1.5    2
332    1562293007.21    1562293039.58    32.369866848    64    0.6779    43.3856    33.047766848    4.08482142857    6
333    1562293007.33    1562293039.58    32.2556638718    16    0.0285    0.456    32.2841638718    2.58333333333    4
334    1562293007.71    1562293039.59    31.8795340061    16    0.8805    14.088    32.7600340061    2.58333333333    4
335    1562293007.85    1562293039.59    31.7426118851    16    0.7616    12.1856    32.5042118851    2.58333333333    4
336    1562293008.06    1562293040.79    32.737308979    256    0.6189    158.4384    33.356208979    5.10934436275    8
337    1562293008.14    1562293040.8    32.6611661911    16    0.0297    0.4752    32.6908661911    2.68333333333    4
338    1562293008.32    1562293040.87    32.5558681488    64    0.6779    43.3856    33.2337681488    4.09474206349    6
339    1562293008.69    1562293040.87    32.1815471649    4    0.0059    0.0236    32.1874471649    1.5    2
340    1562293008.78    1562293040.87    32.0965008736    4    0.0832    0.3328    32.1797008736    1.5    2
341    1562293009.0    1562293040.88    31.8747661114    4    0.5956    2.3824    32.4703661114    1.5    2
342    1562293009.24    1562293040.88    31.6421329975    16    0.8805    14.088    32.5226329975    2.68333333333    4
343    1562293009.42    1562293040.89    31.466324091    16    0.0297    0.4752    31.496024091    2.68333333333    4
344    1562293009.83    1562293040.89    31.056292057    4    0.0284    0.1136    31.084692057    1.5    2
345    1562293010.19    1562293040.89    30.6976020336    4    0.0284    0.1136    30.7260020336    1.5    2
346    1562293010.63    1562293040.89    30.2548029423    4    0.0059    0.0236    30.2607029423    1.5    2
347    1562293010.74    1562293040.89    30.1491661072    4    0.0059    0.0236    30.1550661072    1.5    2
348    1562293011.03    1562293040.97    29.9467430115    64    0.0234    1.4976    29.9701430115    4.23263888889    6
349    1562293011.19    1562293041.05    29.8652751446    64    0.4167    26.6688    30.2819751446    4.21676587302    6
350    1562293011.41    1562293041.05    29.6452019215    4    0.5956    2.3824    30.2408019215    1.5    2
351    1562293011.47    1562293041.05    29.588050127    4    0.0832    0.3328    29.671250127    1.5    2
352    1562293011.64    1562293041.13    29.4888029099    64    0.1855    11.872    29.6743029099    4.24305555556    6
353    1562293012.38    1562293041.13    28.7573950291    16    0.0297    0.4752    28.7870950291    2.55    4
354    1562293012.46    1562293041.14    28.6789739132    16    0.0098    0.1568    28.6887739132    2.58333333333    4
355    1562293012.6    1562293041.14    28.5423688889    4    0.0522    0.2088    28.5945688889    1.5    2
356    1562293012.67    1562293041.15    28.4767410755    4    0.6452    2.5808    29.1219410755    1.5    2
357    1562293012.81    1562293042.61    29.7940678596    256    0.6189    158.4384    30.4129678596    5.45738357843    8
358    1562293013.14    1562293042.61    29.4679939747    16    0.0297    0.4752    29.4976939747    2.68333333333    4
359    1562293013.26    1562293042.68    29.4230539799    64    0.0055    0.352    29.4285539799    3.97172619048    6
360    1562293013.6    1562293042.69    29.0932030678    16    0.0098    0.1568    29.1030030678    2.68333333333    4
361    1562293013.65    1562293042.69    29.0402669907    16    0.0297    0.4752    29.0699669907    2.58333333333    4
362    1562293014.14    1562293042.77    28.6372959614    64    0.0234    1.4976    28.6606959614    3.97172619048    6
363    1562293014.21    1562293042.78    28.5620810986    4    0.0284    0.1136    28.5904810986    1.5    2
364    1562293014.3    1562293042.78    28.482945919    16    0.4243    6.7888    28.907245919    2.58333333333    4
365    1562293014.62    1562293042.78    28.1638128757    4    0.6452    2.5808    28.8090128757    1.5    2
366    1562293015.04    1562293042.78    27.7397220135    4    0.5956    2.3824    28.3353220135    1.5    2
367    1562293015.17    1562293042.86    27.6947789192    64    0.4167    26.6688    28.1114789192    4.14781746032    6
368    1562293015.3    1562293042.87    27.5668649673    16    0.0429    0.6864    27.6097649673    2.68333333333    4
369    1562293015.36    1562293044.06    28.692761898    256    0.4221    108.0576    29.114861898    5.16669730392    8
370    1562293015.54    1562293044.12    28.5787367821    64    0.0234    1.4976    28.6021367821    4.13988095238    6
371    1562293015.82    1562293044.2    28.3769001961    64    0.6779    43.3856    29.0548001961    4.3318452381    6
372    1562293015.95    1562293044.2    28.2491109371    4    0.0284    0.1136    28.2775109371    1.5    2
373    1562293016.07    1562293044.28    28.2089810371    64    0.9446    60.4544    29.1535810371    4.08482142857    6
374    1562293016.15    1562293045.5    29.3460669518    256    0.8    204.8    30.1460669518    5.41896446078    8
375    1562293016.8    1562293045.58    28.7755000591    64    0.0125    0.8    28.7880000591    3.90972222222    6
376    1562293017.23    1562293045.58    28.3470160961    4    0.0522    0.2088    28.3992160961    1.5    2
377    1562293017.52    1562293046.82    29.297426939    256    0.0057    1.4592    29.303126939    5.05496323529    8
378    1562293017.68    1562293046.82    29.1361129284    4    1.1283    4.5132    30.2644129284    1.5    2
379    1562293017.74    1562293046.89    29.1574878693    64    0.6779    43.3856    29.8353878693    3.90972222222    6
380    1562293017.93    1562293046.9    28.970924139    16    0.0297    0.4752    29.000624139    2.58333333333    4
381    1562293018.57    1562293046.9    28.330065012    4    0.6452    2.5808    28.975265012    1.5    2
382    1562293019.05    1562293046.97    27.9254689217    64    0.6779    43.3856    28.6033689217    4.03323412698    6
383    1562293019.45    1562293046.98    27.5265901089    4    0.6452    2.5808    28.1717901089    1.5    2
384    1562293019.68    1562293046.98    27.2984879017    4    0.0284    0.1136    27.3268879017    1.5    2
385    1562293019.96    1562293047.05    27.0953540802    64    0.6779    43.3856    27.7732540802    3.9375    6
386    1562293020.16    1562293047.05    26.8960709572    4    0.5956    2.3824    27.4916709572    1.5    2
387    1562293020.4    1562293048.28    27.883179903    256    0.7528    192.7168    28.635979903    5.15067401961    8
388    1562293020.7    1562293049.53    28.8286221027    256    0.4221    108.0576    29.2507221027    5.08373161765    8
389    1562293020.84    1562293050.66    29.8223209381    256    0.4221    108.0576    30.2444209381    5.09430147059    8
390    1562293020.91    1562293051.93    31.0215790272    256    0.0177    4.5312    31.0392790272    4.97426470588    7
391    1562293021.89    1562293051.94    30.0482978821    4    0.0284    0.1136    30.0766978821    1.5    2
392    1562293022.21    1562293051.94    29.7342460155    16    0.8805    14.088    30.6147460155    2.60833333333    4
393    1562293022.64    1562293052.03    29.3894279003    64    0.0234    1.4976    29.4128279003    3.90922619048    6
394    1562293022.74    1562293052.03    29.2894108295    4    0.5956    2.3824    29.8850108295    1.5    2
395    1562293022.78    1562293052.1    29.3246188164    64    0.4167    26.6688    29.7413188164    3.90972222222    6
396    1562293022.81    1562293052.17    29.3646321297    64    0.0234    1.4976    29.3880321297    3.88988095238    6
397    1562293022.89    1562293052.17    29.2851009369    16    0.0098    0.1568    29.2949009369    2.65    4
398    1562293023.3    1562293053.34    30.0431640148    256    0.0057    1.4592    30.0488640148    5.09041053922    8
399    1562293023.75    1562293053.35    29.59781003    4    0.0059    0.0236    29.60371003    1.5    2
400    1562293023.88    1562293053.35    29.467717886    16    0.0429    0.6864    29.510617886    2.58333333333    4
401    1562293023.96    1562293054.51    30.5522358418    256    0.7528    192.7168    31.3050358418    5.19834558824    8
402    1562293024.22    1562293055.73    31.5156509876    256    0.0177    4.5312    31.5333509876    5.02576593137    8
403    1562293024.34    1562293055.73    31.3962268829    4    0.5956    2.3824    31.9918268829    1.5    2
404    1562293024.52    1562293056.94    32.4251878262    256    0.0057    1.4592    32.4308878262    5.06951593137    8
405    1562293024.78    1562293057.02    32.2442140579    64    0.0055    0.352    32.2497140579    3.94246031746    6
406    1562293025.16    1562293058.22    33.066685915    256    0.0177    4.5312    33.084385915    5.01577818627    8
407    1562293025.4    1562293058.23    32.8294181824    16    0.0285    0.456    32.8579181824    2.58333333333    4
408    1562293025.78    1562293058.23    32.4537661076    16    0.4243    6.7888    32.8780661076    2.58333333333    4
409    1562293025.82    1562293058.23    32.4187250137    4    1.1283    4.5132    33.5470250137    1.5    2
410    1562293026.09    1562293058.24    32.148193121    16    0.7616    12.1856    32.909793121    2.63333333333    4
411    1562293026.15    1562293058.24    32.086384058    4    1.1283    4.5132    33.214684058    1.5    2
412    1562293026.33    1562293058.32    31.9925808907    64    0.0055    0.352    31.9980808907    3.97767857143    6
413    1562293026.44    1562293058.33    31.8866379261    16    0.0285    0.456    31.9151379261    2.58333333333    4
414    1562293026.69    1562293058.33    31.6368498802    4    1.1283    4.5132    32.7651498802    1.5    2
415    1562293026.81    1562293058.4    31.5876879692    64    0.0055    0.352    31.5931879692    3.97271825397    6
416    1562293027.15    1562293058.41    31.2601420879    16    0.7616    12.1856    32.0217420879    2.58333333333    4
417    1562293027.45    1562293058.41    30.9609639645    4    1.1283    4.5132    32.0892639645    1.5    2
418    1562293027.49    1562293059.66    32.1706390381    256    0.0177    4.5312    32.1883390381    4.9734375    8
419    1562293028.02    1562293060.73    32.7107799053    256    0.7528    192.7168    33.4635799053    5.11268382353    8
420    1562293028.1    1562293060.81    32.7164797783    64    0.1855    11.872    32.9019797783    3.88591269841    6
421    1562293028.41    1562293060.89    32.4780378342    64    0.0055    0.352    32.4835378342    4.12996031746    6
422    1562293028.52    1562293062.06    33.5422039032    256    0.0177    4.5312    33.5599039032    5.27251838235    8
423    1562293028.62    1562293063.22    34.599809885    256    0.4221    108.0576    35.021909885    5.08336397059    8
424    1562293028.66    1562293063.23    34.5669951439    16    0.0285    0.456    34.5954951439    2.58333333333    4
425    1562293029.17    1562293063.23    34.0607111454    16    0.8805    14.088    34.9412111454    2.575    4
426    1562293029.39    1562293063.32    33.9287240505    64    0.6779    43.3856    34.6066240505    4.10962301587    6
427    1562293029.87    1562293063.32    33.4465088844    4    0.0284    0.1136    33.4749088844    1.5    2
428    1562293030.15    1562293063.32    33.1685090065    4    0.6452    2.5808    33.8137090065    1.5    2
429    1562293030.28    1562293064.54    34.2566258907    256    0.7528    192.7168    35.0094258907    5.30404411765    8
430    1562293030.44    1562293065.7    35.2580552101    256    0.8    204.8    36.0580552101    4.9828125    7
431    1562293031.13    1562293066.92    35.7892069817    256    0.8    204.8    36.5892069817    5.1525122549    8
432    1562293031.39    1562293068.19    36.7965230942    256    0.8    204.8    37.5965230942    4.97950367647    7
433    1562293032.34    1562293069.34    37.0028560162    256    0.0177    4.5312    37.0205560162    5.14221813725    8
434    1562293032.42    1562293069.42    37.0018360615    64    0.0055    0.352    37.0073360615    3.94097222222    6
435    1562293032.76    1562293069.43    36.6700000763    16    0.0098    0.1568    36.6798000763    2.58333333333    4
436    1562293032.86    1562293069.51    36.646337986    64    0.4167    26.6688    37.063037986    4.09424603175    6
437    1562293033.24    1562293069.51    36.2712721825    16    0.8805    14.088    37.1517721825    2.58333333333    4
438    1562293033.49    1562293069.52    36.0244760513    16    0.0098    0.1568    36.0342760513    2.58333333333    4
439    1562293033.58    1562293069.52    35.9339640141    4    0.0284    0.1136    35.9623640141    1.5    2
440    1562293033.85    1562293069.52    35.6663548946    4    0.6452    2.5808    36.3115548946    1.5    2
441    1562293034.37    1562293069.52    35.1446580887    4    0.5956    2.3824    35.7402580887    1.5    2
442    1562293034.49    1562293069.52    35.0386660099    16    0.0297    0.4752    35.0683660099    2.48333333333    4
443    1562293034.52    1562293070.74    36.2144100666    256    0.8    204.8    37.0144100666    5.10330882353    8
444    1562293034.59    1562293070.81    36.2158238888    64    0.0055    0.352    36.2213238888    4.11607142857    6
445    1562293034.66    1562293070.81    36.1429078579    4    0.0522    0.2088    36.1951078579    1.5    2
446    1562293034.75    1562293070.81    36.0547411442    4    0.0059    0.0236    36.0606411442    1.5    2
447    1562293035.17    1562293070.81    35.6411812305    4    0.0522    0.2088    35.6933812305    1.5    2
448    1562293035.2    1562293070.81    35.6066448689    4    0.0284    0.1136    35.6350448689    1.5    2
449    1562293035.25    1562293070.9    35.6480238438    64    0.4167    26.6688    36.0647238438    4.00347222222    6
450    1562293035.65    1562293072.19    36.537566185    256    0.6189    158.4384    37.156466185    5.23820465686    8
451    1562293035.65    1562293072.19    36.5348620415    4    0.0832    0.3328    36.6180620415    1.5    2
452    1562293035.77    1562293072.26    36.4874279499    64    0.0055    0.352    36.4929279499    3.96775793651    6
453    1562293035.89    1562293072.26    36.3670508862    4    0.5956    2.3824    36.9626508862    1.5    2
454    1562293036.01    1562293072.34    36.3335809708    64    0.0055    0.352    36.3390809708    4.37202380952    6
455    1562293036.09    1562293072.34    36.2522649765    16    0.8805    14.088    37.1327649765    2.65    4
456    1562293036.41    1562293072.42    36.0018458366    64    0.0234    1.4976    36.0252458366    3.95535714286    6
457    1562293036.95    1562293072.42    35.4688079357    16    0.7616    12.1856    36.2304079357    2.68333333333    4
458    1562293037.04    1562293072.43    35.3907129765    16    0.0098    0.1568    35.4005129765    2.58333333333    4
459    1562293037.15    1562293072.43    35.2832579613    16    0.8805    14.088    36.1637579613    2.73333333333    4
460    1562293037.62    1562293072.44    34.8197069168    16    0.8805    14.088    35.7002069168    2.7    4
461    1562293037.73    1562293072.52    34.7878718376    64    0.9446    60.4544    35.7324718376    4.15178571429    6
462    1562293037.92    1562293072.52    34.6054348946    4    1.1283    4.5132    35.7337348946    1.5    2
463    1562293038.03    1562293072.6    34.5716350079    64    0.0055    0.352    34.5771350079    4.00148809524    6
464    1562293038.15    1562293072.6    34.4450621605    4    0.0284    0.1136    34.4734621605    1.5    2
465    1562293038.8    1562293072.61    33.8067910671    16    0.0098    0.1568    33.8165910671    2.75    4
466    1562293038.96    1562293072.61    33.6451640129    4    0.0522    0.2088    33.6973640129    1.5    2
467    1562293039.08    1562293072.61    33.5357179642    16    0.0429    0.6864    33.5786179642    2.63333333333    4
468    1562293039.47    1562293072.62    33.1439609528    16    0.7616    12.1856    33.9055609528    2.60833333333    4
469    1562293039.62    1562293073.87    34.2488470078    256    0.7528    192.7168    35.0016470078    5.41547181373    8
470    1562293039.94    1562293073.88    33.9425570965    16    0.4243    6.7888    34.3668570965    2.58333333333    4
471    1562293040.11    1562293075.02    34.9110429287    256    0.8    204.8    35.7110429287    5.16810661765    8
472    1562293040.23    1562293076.31    36.0882298946    256    0.8    204.8    36.8882298946    5.1925245098    8
473    1562293040.28    1562293076.39    36.1051809788    64    0.0234    1.4976    36.1285809788    3.90972222222    6
474    1562293040.47    1562293076.39    35.9229178429    16    0.0098    0.1568    35.9327178429    2.675    4
475    1562293040.64    1562293077.6    36.9564540386    256    0.0177    4.5312    36.9741540386    5.20300245098    8
476    1562293040.87    1562293077.67    36.8012189865    64    0.0125    0.8    36.8137189865    4.0560515873    6
477    1562293041.44    1562293077.68    36.2382669449    4    0.0522    0.2088    36.2904669449    1.5    2
478    1562293041.79    1562293077.68    35.8874659538    4    0.0284    0.1136    35.9158659538    1.5    2
479    1562293041.89    1562293077.76    35.8708238602    64    0.9446    60.4544    36.8154238602    3.96527777778    6
480    1562293042.24    1562293077.85    35.611219883    64    0.0125    0.8    35.623719883    3.94097222222    6
481    1562293042.4    1562293078.96    36.5536689758    256    0.4221    108.0576    36.9757689758    5.00079656863    8
482    1562293043.1    1562293078.96    35.8622369766    4    0.0832    0.3328    35.9454369766    1.5    2
483    1562293043.25    1562293079.03    35.7758939266    64    0.1855    11.872    35.9613939266    4.22023809524    6
484    1562293043.79    1562293079.03    35.2342031002    4    0.0284    0.1136    35.2626031002    1.5    2
485    1562293044.2    1562293080.29    36.0984969139    256    0.0177    4.5312    36.1161969139    5.19335171569    8
486    1562293044.49    1562293080.38    35.8810670376    64    0.6779    43.3856    36.5589670376    3.90972222222    6
487    1562293044.94    1562293080.45    35.5104289055    64    0.0234    1.4976    35.5338289055    3.96329365079    6
488    1562293045.18    1562293080.45    35.2755720615    4    0.0284    0.1136    35.3039720615    1.5    2
489    1562293045.24    1562293081.68    36.4359838963    256    0.0057    1.4592    36.4416838963    5.05199142157    8
490    1562293045.58    1562293082.93    37.3490960598    256    0.6189    158.4384    37.9679960598    5.1203125    8
491    1562293046.08    1562293083.01    36.9287688732    64    0.6779    43.3856    37.6066688732    3.94791666667    6
492    1562293046.31    1562293083.08    36.7725989819    64    0.1855    11.872    36.9580989819    4.0744047619    6
493    1562293046.63    1562293084.34    37.712843895    256    0.8    204.8    38.512843895    5.48854166667    8
494    1562293046.72    1562293084.34    37.6220030785    4    0.5956    2.3824    38.2176030785    1.5    2
495    1562293046.87    1562293084.35    37.47696805    16    0.0285    0.456    37.50546805    2.63333333333    4
496    1562293046.9    1562293084.35    37.4527740479    16    0.0429    0.6864    37.4956740479    2.58333333333    4
497    1562293046.94    1562293084.36    37.4151768684    16    0.4243    6.7888    37.8394768684    2.58333333333    4
498    1562293047.18    1562293085.61    38.4272539616    256    0.8    204.8    39.2272539616    5.32444852941    8
499    1562293047.31    1562293085.61    38.2998390198    16    0.7616    12.1856    39.0614390198    2.68333333333    4
500    1562293047.55    1562293085.62    38.0710179806    16    0.7616    12.1856    38.8326179806    2.58333333333    4
501    1562293047.88    1562293085.69    37.8139269352    64    0.0125    0.8    37.8264269352    4.11458333333    6
502    1562293048.01    1562293085.7    37.6878840923    16    0.0098    0.1568    37.6976840923    2.63333333333    4
503    1562293048.22    1562293085.7    37.4806480408    4    0.5956    2.3824    38.0762480408    1.5    2
504    1562293048.63    1562293086.86    38.2286019325    256    0.8    204.8    39.0286019325    5.0981004902    8
505    1562293048.76    1562293086.86    38.0988130569    4    0.5956    2.3824    38.6944130569    1.5    2
506    1562293048.91    1562293086.87    37.9580690861    16    0.7616    12.1856    38.7196690861    2.58333333333    4
507    1562293049.05    1562293086.87    37.8267328739    16    0.4243    6.7888    38.2510328739    2.58333333333    4
508    1562293049.98    1562293086.87    36.8976299763    4    0.0284    0.1136    36.9260299763    1.5    2
509    1562293050.54    1562293086.87    36.3303818703    4    0.6452    2.5808    36.9755818703    1.5    2
510    1562293050.86    1562293086.95    36.0882399082    64    0.4167    26.6688    36.5049399082    4.20882936508    6
511    1562293051.1    1562293087.02    35.9289691448    64    0.1855    11.872    36.1144691448    4.26140873016    6
512    1562293051.65    1562293087.03    35.3797111511    4    0.0284    0.1136    35.4081111511    1.5    2
513    1562293051.85    1562293088.34    36.4925980568    256    0.0057    1.4592    36.4982980568    5.2709252451    8
514    1562293051.96    1562293088.34    36.3824689388    4    0.0832    0.3328    36.4656689388    1.5    2
515    1562293052.1    1562293089.46    37.3534188271    256    0.0057    1.4592    37.3591188271    5.16537990196    8
516    1562293052.33    1562293089.46    37.1311531067    16    0.0098    0.1568    37.1409531067    2.68333333333    4
517    1562293052.45    1562293089.46    37.0159127712    4    1.1283    4.5132    38.1442127712    1.5    2
518    1562293052.64    1562293089.47    36.8338909149    16    0.7616    12.1856    37.5954909149    2.68333333333    4
519    1562293052.87    1562293089.47    36.6058959961    4    0.5956    2.3824    37.2014959961    1.5    2
520    1562293053.79    1562293090.63    36.8477501869    256    0.7528    192.7168    37.6005501869    4.98348651961    7
521    1562293054.08    1562293091.79    37.7077860832    256    0.0177    4.5312    37.7254860832    5.06130514706    8
522    1562293054.21    1562293093.0    38.7882070541    256    0.0177    4.5312    38.8059070541    4.98455882353    7
523    1562293054.82    1562293093.08    38.2552859783    64    0.1855    11.872    38.4407859783    3.96924603175    6
524    1562293055.38    1562293093.08    37.6949510574    4    0.0059    0.0236    37.7008510574    1.5    2
525    1562293055.73    1562293094.18    38.4467520714    256    0.7528    192.7168    39.1995520714    4.99099264706    7
526    1562293055.86    1562293094.18    38.3156881332    4    0.5956    2.3824    38.9112881332    1.5    2
527    1562293056.07    1562293094.18    38.1081840992    4    0.0522    0.2088    38.1603840992    1.5    2
528    1562293056.23    1562293095.34    39.1154649258    256    0.6189    158.4384    39.7343649258    5.08878676471    8
529    1562293056.3    1562293095.35    39.0548481941    16    0.8805    14.088    39.9353481941    2.58333333333    4
530    1562293056.58    1562293095.35    38.7698919773    4    1.1283    4.5132    39.8981919773    1.5    2
531    1562293056.65    1562293095.35    38.7004790306    4    0.0284    0.1136    38.7288790306    1.5    2
532    1562293056.82    1562293095.43    38.6049129963    64    0.9446    60.4544    39.5495129963    4.02876984127    6
533    1562293057.29    1562293096.55    39.2571229935    256    0.0177    4.5312    39.2748229935    5.29776348039    8
534    1562293057.36    1562293096.55    39.1946310997    4    1.1283    4.5132    40.3229310997    1.5    2
535    1562293057.6    1562293096.63    39.0273399353    64    0.6779    43.3856    39.7052399353    4.24305555556    6
536    1562293058.06    1562293096.64    38.5799629688    16    0.0098    0.1568    38.5897629688    2.65    4
537    1562293058.31    1562293097.83    39.5152590275    256    0.7528    192.7168    40.2680590275    5.08075980392    8
538    1562293058.68    1562293097.9    39.2192080021    64    0.1855    11.872    39.4047080021    4.12301587302    6
539    1562293058.92    1562293097.97    39.0457060337    64    0.0234    1.4976    39.0691060337    4.03819444444    6
540    1562293059.0    1562293097.97    38.9659490585    4    0.0059    0.0236    38.9718490585    1.5    2
541    1562293059.01    1562293097.97    38.9596059322    4    0.0284    0.1136    38.9880059322    1.5    2
542    1562293059.18    1562293098.05    38.8720729351    64    0.4167    26.6688    39.2887729351    4.17857142857    6
543    1562293059.46    1562293099.19    39.7272701263    256    0.4221    108.0576    40.1493701263    5.01602328431    8
544    1562293059.54    1562293100.18    40.6439678669    256    0.7528    192.7168    41.3967678669    5.09457720588    8
545    1562293059.62    1562293101.23    41.6034550667    256    0.0057    1.4592    41.6091550667    5.01268382353    8
546    1562293059.81    1562293101.23    41.4196550846    16    0.7616    12.1856    42.1812550846    2.58333333333    4
547    1562293060.33    1562293101.24    40.9068570137    16    0.0285    0.456    40.9353570137    2.58333333333    4
548    1562293060.65    1562293102.3    41.6442670822    256    0.0057    1.4592    41.6499670822    4.95505514706    7
549    1562293060.73    1562293103.34    42.6079699993    256    0.8    204.8    43.4079699993    5.19105392157    8
550    1562293060.81    1562293103.34    42.5293090343    4    0.0832    0.3328    42.6125090343    1.5    2
551    1562293060.89    1562293104.38    43.4840991497    256    0.0057    1.4592    43.4897991497    5.1402879902    8
552    1562293061.49    1562293104.38    42.8874599934    4    0.0832    0.3328    42.9706599934    1.5    2
553    1562293061.6    1562293104.38    42.7813110352    16    0.7616    12.1856    43.5429110352    2.65    4
554    1562293061.68    1562293104.47    42.7911868095    64    0.0055    0.352    42.7966868095    4.10119047619    6
555    1562293062.03    1562293104.47    42.442358017    16    0.0429    0.6864    42.485258017    2.58333333333    4
556    1562293062.14    1562293104.48    42.3411030769    16    0.8805    14.088    43.2216030769    2.58333333333    4
557    1562293062.44    1562293104.48    42.0447468758    4    1.1283    4.5132    43.1730468758    1.5    2
558    1562293062.68    1562293104.56    41.8856399059    64    0.1855    11.872    42.0711399059    3.89136904762    6
559    1562293063.04    1562293104.56    41.5183911324    4    1.1283    4.5132    42.6466911324    1.5    2
560    1562293063.22    1562293104.56    41.3408801556    4    0.0284    0.1136    41.3692801556    1.5    2
561    1562293063.26    1562293104.57    41.3079040051    16    0.7616    12.1856    42.0695040051    2.66666666667    4
562    1562293063.32    1562293104.57    41.2514379025    4    0.5956    2.3824    41.8470379025    1.5    2
563    1562293063.41    1562293104.57    41.1613330841    4    0.0522    0.2088    41.2135330841    1.5    2
564    1562293063.62    1562293104.57    40.9498310089    4    0.0284    0.1136    40.9782310089    1.5    2
565    1562293064.2    1562293104.65    40.448567152    64    0.0055    0.352    40.454067152    3.97073412698    6
566    1562293064.54    1562293104.73    40.1879630089    64    0.0234    1.4976    40.2113630089    4.08234126984    6
567    1562293064.77    1562293104.73    39.9552111626    4    0.6452    2.5808    40.6004111626    1.5    2
568    1562293064.91    1562293104.73    39.8149299622    4    0.0284    0.1136    39.8433299622    1.5    2
569    1562293065.5    1562293104.73    39.2333571911    4    0.0284    0.1136    39.2617571911    1.5    2
570    1562293065.7    1562293105.94    40.2413311005    256    0.4221    108.0576    40.6634311005    5.05511642157    8
571    1562293065.82    1562293105.94    40.1193640232    16    0.0297    0.4752    40.1490640232    2.58333333333    4
572    1562293066.23    1562293105.94    39.7175409794    4    0.0522    0.2088    39.7697409794    1.5    2
573    1562293066.42    1562293105.95    39.5264549255    16    0.4243    6.7888    39.9507549255    2.58333333333    4
574    1562293066.85    1562293105.95    39.0987181664    4    0.0059    0.0236    39.1046181664    1.5    2
575    1562293067.2    1562293106.03    38.8280730247    64    0.1855    11.872    39.0135730247    3.89384920635    6
576    1562293067.49    1562293107.23    39.7312760353    256    0.0177    4.5312    39.7489760353    5.33069852941    8
577    1562293067.73    1562293107.23    39.5027868748    16    0.4243    6.7888    39.9270868748    2.58333333333    4
578    1562293067.82    1562293107.24    39.4192090034    16    0.0098    0.1568    39.4290090034    2.48333333333    4
579    1562293068.04    1562293107.24    39.2051119804    16    0.0098    0.1568    39.2149119804    2.64166666667    4
580    1562293068.15    1562293107.25    39.098020792    16    0.8805    14.088    39.978520792    2.7    4
581    1562293068.19    1562293107.26    39.0668020248    16    0.0098    0.1568    39.0766020248    2.58333333333    4
582    1562293068.59    1562293107.26    38.6706039906    16    0.0297    0.4752    38.7003039906    2.58333333333    4
583    1562293068.83    1562293108.48    39.644436121    256    0.0057    1.4592    39.650136121    4.96666666667    8
584    1562293068.92    1562293108.55    39.6318809986    64    0.0234    1.4976    39.6552809986    4.1994047619    6
585    1562293069.01    1562293108.56    39.5446381569    4    1.1283    4.5132    40.6729381569    1.5    2
586    1562293069.25    1562293108.56    39.314565897    16    0.0429    0.6864    39.357465897    2.58333333333    4
587    1562293069.34    1562293109.7    40.3546409607    256    0.0177    4.5312    40.3723409607    5.08584558824    8
588    1562293069.41    1562293109.7    40.2932109833    16    0.0098    0.1568    40.3030109833    2.58333333333    4
589    1562293069.51    1562293110.87    41.3630211353    256    0.6189    158.4384    41.9819211353    5.04926470588    8
590    1562293069.69    1562293111.99    42.2988920212    256    0.4221    108.0576    42.7209920212    5.18869485294    8
591    1562293069.91    1562293112.0    42.087305069    16    0.4243    6.7888    42.511605069    2.58333333333    4
592    1562293070.12    1562293113.04    42.9196610451    256    0.4221    108.0576    43.3417610451    5.14402573529    8
593    1562293070.19    1562293113.11    42.9154241085    64    0.4167    26.6688    43.3321241085    3.94097222222    6
594    1562293070.41    1562293114.15    43.7336058617    256    0.4221    108.0576    44.1557058617    5.21571691176    8
595    1562293070.65    1562293114.15    43.5036959648    16    0.0098    0.1568    43.5134959648    2.58333333333    4
596    1562293071.12    1562293114.23    43.1125478745    64    0.0125    0.8    43.1250478745    3.94494047619    6
597    1562293071.15    1562293114.23    43.0830340385    16    0.8805    14.088    43.9635340385    2.58333333333    4
598    1562293071.32    1562293115.37    44.0520889759    256    0.0177    4.5312    44.0697889759    5.08422181373    8
599    1562293071.54    1562293115.45    43.9068632126    64    0.6779    43.3856    44.5847632126    4.00347222222    6
600    1562293072.0    1562293116.56    44.5613207817    256    0.7528    192.7168    45.3141207817    4.98578431373    7
601    1562293072.17    1562293116.56    44.3889951706    16    0.0429    0.6864    44.4318951706    2.58333333333    4
602    1562293072.42    1562293116.63    44.2149839401    64    0.0234    1.4976    44.2383839401    4.24801587302    6
603    1562293072.42    1562293116.63    44.2098920345    4    0.0059    0.0236    44.2157920345    1.5    2
604    1562293072.52    1562293116.64    44.1183290482    16    0.0285    0.456    44.1468290482    2.69166666667    4
605    1562293072.91    1562293117.79    44.8767459393    256    0.7528    192.7168    45.6295459393    5.29448529412    8
606    1562293073.1    1562293117.86    44.7639968395    64    0.9446    60.4544    45.7085968395    4.18799603175    6
607    1562293073.19    1562293117.93    44.7376818657    64    0.4167    26.6688    45.1543818657    3.94196428571    6
608    1562293073.32    1562293117.93    44.613656044    16    0.0429    0.6864    44.656556044    2.58333333333    4
609    1562293073.38    1562293117.94    44.5530459881    4    0.5956    2.3824    45.1486459881    1.5    2
610    1562293073.48    1562293118.01    44.5282800198    64    0.0125    0.8    44.5407800198    4.35317460317    6
611    1562293073.68    1562293118.01    44.3316328526    4    0.6452    2.5808    44.9768328526    1.5    2
612    1562293073.87    1562293118.02    44.1441822052    4    1.1283    4.5132    45.2724822052    1.5    2
613    1562293074.05    1562293119.24    45.1855859756    256    0.0057    1.4592    45.1912859756    5.34080882353    8
614    1562293074.27    1562293119.24    44.970459938    16    0.0098    0.1568    44.980259938    2.58333333333    4
615    1562293074.43    1562293119.25    44.8192009926    16    0.0098    0.1568    44.8290009926    2.58333333333    4
616    1562293074.62    1562293119.26    44.6380531788    16    0.0297    0.4752    44.6677531788    2.58333333333    4
617    1562293074.67    1562293119.26    44.5912520885    4    0.0522    0.2088    44.6434520885    1.5    2
618    1562293074.82    1562293119.26    44.4412829876    4    0.0284    0.1136    44.4696829876    1.5    2
619    1562293075.22    1562293119.26    44.0389370918    4    0.5956    2.3824    44.6345370918    1.5    2
620    1562293075.58    1562293119.34    43.7605640888    64    0.9446    60.4544    44.7051640888    3.96031746032    6
621    1562293075.74    1562293120.49    44.7525570393    256    0.7528    192.7168    45.5053570393    5.03927696078    8
622    1562293075.85    1562293120.57    44.7187349796    64    0.0234    1.4976    44.7421349796    3.95386904762    6
623    1562293075.88    1562293120.57    44.6904628277    4    0.0284    0.1136    44.7188628277    1.5    2
624    1562293075.95    1562293121.74    45.7878890038    256    0.7528    192.7168    46.5406890038    5.09702818627    8
625    1562293076.13    1562293122.84    46.7062208652    256    0.6189    158.4384    47.3251208652    4.98118872549    7
626    1562293076.22    1562293122.84    46.6249990463    4    1.1283    4.5132    47.7532990463    1.5    2
627    1562293076.36    1562293122.92    46.5644359589    64    0.4167    26.6688    46.9811359589    4.21875    6
628    1562293076.42    1562293122.92    46.5048310757    4    0.6452    2.5808    47.1500310757    1.5    2
629    1562293076.49    1562293122.93    46.437461853    16    0.7616    12.1856    47.199061853    2.58333333333    4
630    1562293076.77    1562293122.93    46.1632299423    4    1.1283    4.5132    47.2915299423    1.5    2
631    1562293076.98    1562293124.07    47.088351965    256    0.0057    1.4592    47.094051965    5.25912990196    8
632    1562293077.12    1562293124.07    46.9537031651    4    0.0832    0.3328    47.0369031651    1.5    2
633    1562293077.45    1562293124.15    46.7048621178    64    0.0125    0.8    46.7173621178    4.16765873016    6
634    1562293077.76    1562293124.23    46.4729640484    64    0.4167    26.6688    46.8896640484    3.90625    6
635    1562293077.94    1562293124.31    46.3635699749    64    0.4167    26.6688    46.7802699749    4.12996031746    6
636    1562293078.73    1562293125.46    46.7286150455    256    0.8    204.8    47.5286150455    5.01678921569    8
637    1562293079.29    1562293126.48    47.196808815    256    0.6189    158.4384    47.815708815    5.0800245098    8
638    1562293079.43    1562293127.62    48.1907360554    256    0.6189    158.4384    48.8096360554    5.04142156863    8
639    1562293080.04    1562293127.69    47.6468060017    64    0.4167    26.6688    48.0635060017    3.94097222222    6
640    1562293080.29    1562293127.7    47.4016208649    16    0.0098    0.1568    47.4114208649    2.61666666667    4
641    1562293080.34    1562293127.79    47.4533178806    64    0.0055    0.352    47.4588178806    4.27777777778    6
642    1562293080.45    1562293127.79    47.341189146    4    0.0832    0.3328    47.424389146    1.5    2
643    1562293080.47    1562293129.03    48.5600969791    256    0.8    204.8    49.3600969791    5.21862745098    8
644    1562293080.64    1562293130.1    49.46043396    256    0.6189    158.4384    50.07933396    5.13694852941    8
645    1562293080.74    1562293130.1    49.3642737865    16    0.7616    12.1856    50.1258737865    2.68333333333    4
646    1562293081.04    1562293130.11    49.0639948845    16    0.0297    0.4752    49.0936948845    2.65    4
647    1562293081.18    1562293131.19    50.0103609562    256    0.8    204.8    50.8103609562    5.29929534314    8
648    1562293081.47    1562293131.26    49.7891151905    64    0.4167    26.6688    50.2058151905    3.94097222222    6
649    1562293081.64    1562293132.44    50.7961080074    256    0.0177    4.5312    50.8138080074    5.41930147059    8
650    1562293081.75    1562293132.51    50.7600507736    64    0.0125    0.8    50.7725507736    3.94097222222    6
651    1562293082.22    1562293132.59    50.3631649017    64    0.9446    60.4544    51.3077649017    3.93551587302    6
652    1562293082.39    1562293132.66    50.2697019577    64    0.0055    0.352    50.2752019577    3.94097222222    6
653    1562293082.5    1562293132.66    50.1607649326    16    0.0297    0.4752    50.1904649326    2.58333333333    4
654    1562293082.86    1562293132.66    49.8038949966    4    0.0522    0.2088    49.8560949966    1.5    2
655    1562293082.93    1562293132.67    49.7379779816    4    0.0284    0.1136    49.7663779816    1.5    2
656    1562293083.01    1562293133.85    50.8405508995    256    0.4221    108.0576    51.2626508995    5.03115808824    8
657    1562293083.28    1562293133.92    50.6401751041    64    0.9446    60.4544    51.5847751041    4.0376984127    6
658    1562293083.37    1562293133.92    50.5518188477    16    0.4243    6.7888    50.9761188477    2.58333333333    4
659    1562293083.56    1562293133.99    50.4286429882    64    0.6779    43.3856    51.1065429882    4.13293650794    6
660    1562293083.75    1562293135.53    51.776350975    256    0.0177    4.5312    51.794050975    5.22809436275    8
661    1562293083.91    1562293135.53    51.6193029881    4    0.0284    0.1136    51.6477029881    1.5    2
662    1562293084.2    1562293135.53    51.3278000355    4    0.0059    0.0236    51.3337000355    1.5    2
663    1562293084.34    1562293136.49    52.1538960934    256    0.8    204.8    52.9538960934    5.1606004902    8
664    1562293084.52    1562293136.5    51.978867054    16    0.0429    0.6864    52.021767054    2.65    4
665    1562293084.74    1562293136.5    51.7669961452    4    0.5956    2.3824    52.3625961452    1.5    2
666    1562293085.09    1562293137.63    52.5366749763    256    0.8    204.8    53.3366749763    5.23330269608    8
667    1562293085.15    1562293137.63    52.4756200314    4    0.0284    0.1136    52.5040200314    1.5    2
668    1562293085.61    1562293137.63    52.0267269611    4    0.0522    0.2088    52.0789269611    1.5    2
669    1562293086.0    1562293137.71    51.7145109177    64    0.0055    0.352    51.7200109177    4.10367063492    6
670    1562293086.38    1562293138.83    52.45251894    256    0.6189    158.4384    53.07141894    5.25618872549    8
671    1562293086.74    1562293138.9    52.1614789963    64    0.4167    26.6688    52.5781789963    3.89632936508    6
672    1562293086.93    1562293138.91    51.9818298817    16    0.8805    14.088    52.8623298817    2.65    4
673    1562293087.02    1562293138.98    51.9654679298    64    0.0055    0.352    51.9709679298    4.05505952381    6
674    1562293087.12    1562293140.1    52.9770698547    256    0.0057    1.4592    52.9827698547    5.16479779412    8
675    1562293087.65    1562293141.14    53.4857771397    256    0.0177    4.5312    53.5034771397    5.18207720588    8
676    1562293087.69    1562293141.14    53.4484591484    4    0.0522    0.2088    53.5006591484    1.5    2
677    1562293087.74    1562293142.06    54.3182518482    256    0.0177    4.5312    54.3359518482    5.35177696078    8
678    1562293088.34    1562293143.04    54.706125021    256    0.0057    1.4592    54.711825021    5.14295343137    8
679    1562293089.13    1562293143.12    53.9942069054    64    0.9446    60.4544    54.9388069054    3.92609126984    6
680    1562293089.19    1562293143.13    53.9381549358    16    0.0429    0.6864    53.9810549358    2.58333333333    4
681    1562293089.46    1562293144.26    54.8077569008    256    0.4221    108.0576    55.2298569008    4.98851102941    7
682    1562293089.5    1562293144.27    54.7698810101    16    0.0429    0.6864    54.8127810101    2.58333333333    4
683    1562293089.69    1562293144.35    54.6545660496    64    0.0055    0.352    54.6600660496    4.21775793651    6
684    1562293090.02    1562293144.42    54.3979411125    64    0.4167    26.6688    54.8146411125    4.23313492063    6
685    1562293090.11    1562293144.43    54.3132719994    16    0.8805    14.088    55.1937719994    2.6    4
686    1562293090.5    1562293144.49    53.9968841076    64    0.0125    0.8    54.0093841076    4.24603174603    6
687    1562293090.54    1562293144.57    54.0245127678    64    0.6779    43.3856    54.7024127678    4.21676587302    6
688    1562293090.63    1562293144.57    53.9355649948    4    0.0059    0.0236    53.9414649948    1.5    2
689    1562293090.76    1562293144.57    53.8120009899    4    1.1283    4.5132    54.9403009899    1.5    2
690    1562293091.01    1562293144.65    53.6341331005    64    0.0234    1.4976    53.6575331005    4.29365079365    6
691    1562293091.26    1562293145.8    54.5422568321    256    0.4221    108.0576    54.9643568321    5.31899509804    8
692    1562293091.59    1562293146.86    55.2709560394    256    0.7528    192.7168    56.0237560394    5.09454656863    8
693    1562293091.9    1562293146.93    55.0306358337    64    0.9446    60.4544    55.9752358337    4.20386904762    6
694    1562293092.15    1562293146.94    54.7835268974    4    0.0059    0.0236    54.7894268974    1.5    2
695    1562293092.27    1562293146.94    54.6701169014    16    0.0285    0.456    54.6986169014    2.68333333333    4
696    1562293092.34    1562293146.95    54.606981039    16    0.7616    12.1856    55.368581039    2.56666666667    4
697    1562293092.57    1562293148.12    55.5550270081    256    0.8    204.8    56.3550270081    5.30150122549    8
698    1562293092.79    1562293148.13    55.3358900547    16    0.7616    12.1856    56.0974900547    2.58333333333    4
699    1562293093.13    1562293148.13    55.0027170181    16    0.0285    0.456    55.0312170181    2.68333333333    4

dispatched jobs are: 700 out of 700
average queue time is: 27.5809873356
fso links are used for 0 times
overall utilization is 0.10395719353076581
average response time is 27.9392497642
average weighted response time is 29.28096079499767
average slowdown is 42.9093648611952
cpu_request: 56296, cpu_run: 56296
ssd_request: 26518, ssd_run: 0
gpu_request: 27175, gpu_run: 0
cpu aspl: 3.24665130219
cpu diameter: 4.84714285714
job x: 0.0
job y: 0.0
job z: 0.0
