#timestep  occupied-CPU  total-CPU  utilization  queuingjobs
1    0    1024    0.0    1
2    0    1024    0.0    0
3    0    1024    0.0    0
4    0    1024    0.0    6
5    4    1024    0.00390625    5
6    68    1024    0.06640625    1
7    64    1024    0.0625    3
8    256    1024    0.25    2
9    336    1024    0.328125    3
10    4    1024    0.00390625    0
11    0    1024    0.0    3
12    0    1024    0.0    1
13    320    1024    0.3125    0
14    0    1024    0.0    0
15    16    1024    0.015625    0
16    0    1024    0.0    1
17    4    1024    0.00390625    0
18    4    1024    0.00390625    0
19    0    1024    0.0    0
20    0    1024    0.0    3
21    256    1024    0.25    0
22    0    1024    0.0    0
23    64    1024    0.0625    0
24    0    1024    0.0    0
25    16    1024    0.015625    0
26    4    1024    0.00390625    0
27    0    1024    0.0    3
28    0    1024    0.0    4
29    16    1024    0.015625    2
30    80    1024    0.078125    0
31    0    1024    0.0    0
32    0    1024    0.0    2
33    2    1024    0.001953125    2
34    276    1024    0.26953125    0
35    0    1024    0.0    3
36    0    1024    0.0    4
37    20    1024    0.01953125    0
38    80    1024    0.078125    0
39    0    1024    0.0    4
40    225    1024    0.2197265625    3
41    0    1024    0.0    0
42    0    1024    0.0    0
43    0    1024    0.0    2
44    256    1024    0.25    2
45    260    1024    0.25390625    0
46    0    1024    0.0    1
47    256    1024    0.25    2
48    0    1024    0.0    3
49    256    1024    0.25    4
50    64    1024    0.0625    3
51    0    1024    0.0    3
52    0    1024    0.0    1
53    256    1024    0.25    0
54    84    1024    0.08203125    0
55    0    1024    0.0    3
56    80    1024    0.078125    0
57    80    1024    0.078125    0
58    0    1024    0.0    2
59    0    1024    0.0    2
60    0    1024    0.0    3
61    256    1024    0.25    0
62    0    1024    0.0    0
63    0    1024    0.0    0
64    3    1024    0.0029296875    3
65    40    1024    0.0390625    0
66    80    1024    0.078125    0
67    64    1024    0.0625    0
68    0    1024    0.0    5
69    193    1024    0.1884765625    1
70    4    1024    0.00390625    0
71    0    1024    0.0    3
72    0    1024    0.0    4
73    64    1024    0.0625    1
74    256    1024    0.25    5
75    0    1024    0.0    9
76    0    1024    0.0    10
77    64    1024    0.0625    5
78    256    1024    0.25    5
79    256    1024    0.25    6
80    72    1024    0.0703125    2
81    0    1024    0.0    7
82    16    1024    0.015625    1
83    0    1024    0.0    2
84    256    1024    0.25    4
85    273    1024    0.2666015625    4
86    0    1024    0.0    6
87    256    1024    0.25    6
88    324    1024    0.31640625    0
89    0    1024    0.0    0
90    0    1024    0.0    0
91    0    1024    0.0    0
92    0    1024    0.0    2
93    0    1024    0.0    4
94    43    1024    0.0419921875    7
95    256    1024    0.25    7
96    324    1024    0.31640625    3
97    256    1024    0.25    3
98    320    1024    0.3125    2
99    256    1024    0.25    3
100    0    1024    0.0    2
101    320    1024    0.3125    0
102    4    1024    0.00390625    0
103    0    1024    0.0    3
104    256    1024    0.25    4
105    0    1024    0.0    3
106    232    1024    0.2265625    0
107    0    1024    0.0    2
108    64    1024    0.0625    1
109    256    1024    0.25    2
110    4    1024    0.00390625    0
111    0    1024    0.0    1
112    256    1024    0.25    2
113    68    1024    0.06640625    1
114    0    1024    0.0    0
115    4    1024    0.00390625    0
116    0    1024    0.0    2
117    4    1024    0.00390625    2
118    272    1024    0.265625    1
119    320    1024    0.3125    0
120    0    1024    0.0    0

average cpu utilization is: 0.0810139973958
average ssd utilization is: 0.149633789062
average gpu utilization is: 0.150504557292
average utilization is: 0.12705078125
average queuing jobs are: 1.94166666667
maximum queuing jobs are: 10


#job_number  submit  dispatch  queue  cpu#  runtime  weight  response(turnaround)  cpu_aspl  cpu_diameter
0    1562287598.83    1562287602.94    4.1061899662    64    0.1855    11.872    4.2916899662    3.84027777778    6
1    1562287603.85    1562287603.85    -0.00131392478943    4    0.0284    0.1136    0.0270860752106    1.5    2
2    1562287604.02    1562287604.02    -0.00162410736084    4    0.6452    2.5808    0.643575892639    1.5    2
3    1562287605.16    1562287606.17    1.01066493988    256    0.6189    158.4384    1.62956493988    4.91948529412    7
4    1562287605.47    1562287606.17    0.698253154755    4    1.1283    4.5132    1.82655315475    1.5    2
5    1562287605.79    1562287607.42    1.62542510033    256    0.7528    192.7168    2.37822510033    5.14911151961    8
6    1562287605.81    1562287607.42    1.61036300659    16    0.0429    0.6864    1.65326300659    2.58333333333    4
7    1562287605.95    1562287607.43    1.47908306122    16    0.0098    0.1568    1.48888306122    2.51666666667    4
8    1562287606.05    1562287607.43    1.38349604607    16    0.0297    0.4752    1.41319604607    2.63333333333    4
9    1562287606.42    1562287607.52    1.09161281586    64    0.9446    60.4544    2.03621281586    4.16716269841    6
10    1562287607.92    1562287607.92    3.69548797607e-05    4    0.5956    2.3824    0.59563695488    1.5    2
11    1562287608.19    1562287608.2    0.00276899337769    16    0.7616    12.1856    0.764368993378    2.44166666667    4
12    1562287608.35    1562287608.37    0.0198521614075    64    0.9446    60.4544    0.964452161407    3.90476190476    6
13    1562287608.79    1562287609.95    1.1620221138    256    0.7528    192.7168    1.9148221138    4.93930759804    7
14    1562287608.87    1562287609.96    1.09326577187    16    0.0098    0.1568    1.10306577187    2.44166666667    4
15    1562287609.22    1562287611.27    2.04958796501    256    0.6189    158.4384    2.66848796501    5.05735294118    8
16    1562287610.25    1562287611.33    1.07878184319    64    0.1855    11.872    1.26428184319    3.84027777778    6
17    1562287610.55    1562287611.34    0.787395000458    16    0.7616    12.1856    1.54899500046    2.51666666667    4
18    1562287611.04    1562287611.35    0.305966854095    16    0.0098    0.1568    0.315766854095    2.68333333333    4
19    1562287611.2    1562287611.35    0.158394813538    16    0.0297    0.4752    0.188094813538    2.58333333333    4
20    1562287611.26    1562287611.36    0.0982940196991    4    0.0059    0.0236    0.104194019699    1.5    2
21    1562287611.82    1562287611.82    0.000172853469849    16    0.0098    0.1568    0.00997285346985    2.58333333333    4
22    1562287612.31    1562287612.31    3.09944152832e-05    4    0.6452    2.5808    0.645230994415    1.5    2
23    1562287612.65    1562287613.64    0.990286111832    256    0.6189    158.4384    1.60918611183    4.98599877451    8
24    1562287613.01    1562287613.65    0.631879091263    4    0.0284    0.1136    0.660279091263    1.5    2
25    1562287613.38    1562287613.65    0.265380144119    16    0.0429    0.6864    0.308280144119    2.63333333333    4
26    1562287613.62    1562287613.65    0.0353150367737    16    0.0429    0.6864    0.0782150367737    2.675    4
27    1562287613.87    1562287613.87    -0.00191211700439    4    0.0832    0.3328    0.0812878829956    1.5    2
28    1562287614.25    1562287615.28    1.0251750946    256    0.4221    108.0576    1.4472750946    5.10707720588    8
29    1562287615.28    1562287615.34    0.0645499229431    64    0.9446    60.4544    1.00914992294    3.86656746032    6
30    1562287615.5    1562287615.5    -0.00085186958313    16    0.0429    0.6864    0.0420481304169    2.58333333333    4
31    1562287615.88    1562287615.88    -0.00243401527405    4    0.0284    0.1136    0.025965984726    1.5    2
32    1562287616.68    1562287616.68    0.00019383430481    16    0.7616    12.1856    0.761793834305    2.58333333333    4
33    1562287616.68    1562287616.68    0.000127077102661    4    0.6452    2.5808    0.645327077103    1.33333333333    2
34    1562287616.96    1562287616.96    1.59740447998e-05    16    0.4243    6.7888    0.424315974045    2.58333333333    4
35    1562287617.08    1562287617.08    0.000226020812988    16    0.4243    6.7888    0.424526020813    2.58333333333    4
36    1562287617.76    1562287618.59    0.838196992874    256    0.0057    1.4592    0.843896992874    4.91948529412    7
37    1562287618.67    1562287618.67    5.19752502441e-05    4    0.0832    0.3328    0.0832519752502    1.5    2
38    1562287618.96    1562287618.96    0.00020694732666    16    0.4243    6.7888    0.424506947327    2.58333333333    4
39    1562287619.2    1562287619.2    -0.00165390968323    4    0.5956    2.3824    0.593946090317    1.33333333333    2
40    1562287620.22    1562287620.22    -0.00335717201233    4    0.6452    2.5808    0.641842827988    1.5    2
41    1562287620.92    1562287620.92    6.29425048828e-05    16    0.0098    0.1568    0.00986294250488    2.58333333333    4
42    1562287621.15    1562287621.15    3.19480895996e-05    4    0.0284    0.1136    0.0284319480896    1.5    2
43    1562287621.2    1562287621.25    0.0459580421448    64    0.0055    0.352    0.0514580421448    3.86656746032    6
44    1562287621.86    1562287622.95    1.08940911293    256    0.8    204.8    1.88940911293    4.91948529412    7
45    1562287621.93    1562287622.95    1.02661585808    16    0.0429    0.6864    1.06951585808    2.55    4
46    1562287622.19    1562287622.96    0.770081996918    16    0.0098    0.1568    0.779881996918    2.63333333333    4
47    1562287622.82    1562287622.96    0.142002105713    4    0.0059    0.0236    0.147902105713    1.5    2
48    1562287623.03    1562287623.03    0.000174045562744    16    0.0297    0.4752    0.0298740455627    2.55    4
49    1562287623.24    1562287623.24    0.000185012817383    16    0.0429    0.6864    0.0430850128174    2.55    4
50    1562287623.63    1562287623.63    0.000142097473145    16    0.0297    0.4752    0.0298420974731    2.55    4
51    1562287624.88    1562287624.9    0.0172700881958    64    0.9446    60.4544    0.961870088196    3.84027777778    6
52    1562287625.09    1562287625.09    0.000164985656738    4    0.0284    0.1136    0.0285649856567    1.33333333333    2
53    1562287626.59    1562287626.59    2.19345092773e-05    4    0.0832    0.3328    0.0832219345093    1.5    2
54    1562287626.88    1562287626.88    3.91006469727e-05    16    0.8805    14.088    0.880539100647    2.58333333333    4
55    1562287627.3    1562287627.3    4.50611114502e-05    64    0.4167    26.6688    0.416745061111    3.87053571429    6
56    1562287627.77    1562287627.82    0.0437309741974    64    0.0055    0.352    0.0492309741974    3.87053571429    6
57    1562287628.18    1562287628.18    -0.0030300617218    4    0.5956    2.3824    0.592569938278    1.5    2
58    1562287629.07    1562287629.07    0.00018310546875    64    0.0125    0.8    0.0126831054688    3.84027777778    6
59    1562287629.27    1562287630.33    1.05227613449    256    0.4221    108.0576    1.47437613449    4.91948529412    7
60    1562287629.57    1562287630.33    0.763976097107    16    0.0429    0.6864    0.806876097107    2.55    4
61    1562287629.77    1562287630.34    0.568547010422    16    0.4243    6.7888    0.992847010422    2.63333333333    4
62    1562287630.12    1562287631.52    1.40735507011    256    0.0177    4.5312    1.42505507011    5.07049632353    8
63    1562287630.33    1562287631.53    1.19976782799    4    0.0832    0.3328    1.28296782799    1.5    2
64    1562287630.52    1562287631.53    1.0079600811    4    0.0832    0.3328    1.0911600811    1.5    2
65    1562287630.76    1562287631.53    0.774329900742    16    0.0285    0.456    0.802829900742    2.58333333333    4
66    1562287631.16    1562287631.61    0.452126979828    64    0.0125    0.8    0.464626979828    4.07936507937    6
67    1562287631.45    1562287631.62    0.166105031967    16    0.0098    0.1568    0.175905031967    2.58333333333    4
68    1562287631.58    1562287631.63    0.0464220046997    16    0.7616    12.1856    0.8080220047    2.51666666667    4
69    1562287631.61    1562287632.77    1.15739798546    256    0.0057    1.4592    1.16309798546    5.07463235294    8
70    1562287631.88    1562287632.78    0.898753166199    16    0.0429    0.6864    0.941653166199    2.58333333333    4
71    1562287632.56    1562287632.86    0.30423617363    64    0.4167    26.6688    0.72093617363    3.95138888889    6
72    1562287632.87    1562287632.87    0.000242948532104    16    0.4243    6.7888    0.424542948532    2.58333333333    4
73    1562287633.31    1562287633.31    0.000226020812988    16    0.0098    0.1568    0.010026020813    2.58333333333    4
74    1562287634.53    1562287635.52    0.986990213394    256    0.0057    1.4592    0.992690213394    4.91948529412    7
75    1562287635.0    1562287635.52    0.51734495163    4    0.5956    2.3824    1.11294495163    1.5    2
76    1562287635.26    1562287636.62    1.35535597801    256    0.7528    192.7168    2.10815597801    5.14911151961    8
77    1562287635.77    1562287636.62    0.852060079575    16    0.8805    14.088    1.73256007957    2.58333333333    4
78    1562287636.54    1562287636.63    0.0841491222382    16    0.0098    0.1568    0.0939491222382    2.51666666667    4
79    1562287637.04    1562287637.04    0.000216007232666    16    0.0297    0.4752    0.0299160072327    2.51666666667    4
80    1562287637.14    1562287637.13    -0.00254702568054    4    0.6452    2.5808    0.642652974319    1.33333333333    2
81    1562287637.66    1562287638.71    1.04611206055    256    0.4221    108.0576    1.46821206055    4.92169117647    7
82    1562287637.78    1562287638.71    0.930123090744    16    0.0429    0.6864    0.973023090744    2.51666666667    4
83    1562287638.01    1562287639.82    1.81435203552    256    0.0057    1.4592    1.82005203552    5.13618259804    8
84    1562287638.37    1562287639.9    1.52990603447    64    0.0234    1.4976    1.55330603447    3.84027777778    6
85    1562287638.92    1562287639.9    0.975620031357    4    0.0832    0.3328    1.05882003136    1.33333333333    2
86    1562287639.14    1562287639.9    0.762733221054    4    1.1283    4.5132    1.89103322105    1.5    2
87    1562287639.48    1562287639.9    0.423710823059    16    0.0285    0.456    0.452210823059    2.58333333333    4
88    1562287640.23    1562287640.23    0.000191926956177    16    0.0098    0.1568    0.00999192695618    2.58333333333    4
89    1562287640.34    1562287640.34    5.00679016113e-05    16    0.4243    6.7888    0.424350067902    2.58333333333    4
90    1562287640.39    1562287640.39    0.000120878219604    4    0.0522    0.2088    0.0523208782196    1.33333333333    2
91    1562287640.42    1562287640.42    2.78949737549e-05    4    0.0522    0.2088    0.0522278949738    1.5    2
92    1562287640.55    1562287640.55    -0.00206613540649    4    0.5956    2.3824    0.593533864594    1.33333333333    2
93    1562287640.81    1562287640.81    0.000170946121216    16    0.7616    12.1856    0.761770946121    2.58333333333    4
94    1562287640.95    1562287640.97    0.0259480476379    64    0.9446    60.4544    0.970548047638    3.89236111111    6
95    1562287640.99    1562287641.05    0.0629210472107    64    0.0234    1.4976    0.0863210472107    3.95535714286    6
96    1562287641.13    1562287641.13    -0.00539588928223    4    0.0522    0.2088    0.0468041107178    1.5    2
97    1562287641.74    1562287642.9    1.16310405731    256    0.6189    158.4384    1.78200405731    4.9181372549    7
98    1562287641.89    1562287642.91    1.01636385918    16    0.0429    0.6864    1.05926385918    2.55    4
99    1562287642.36    1562287644.0    1.63736701012    256    0.4221    108.0576    2.05946701012    5.16427696078    8
100    1562287642.41    1562287644.01    1.59618997574    16    0.0098    0.1568    1.60598997574    2.58333333333    4
101    1562287642.9    1562287644.01    1.1113960743    16    0.0297    0.4752    1.1410960743    2.45833333333    4
102    1562287644.33    1562287644.33    0.000170946121216    64    0.0125    0.8    0.0126709461212    3.85714285714    6
103    1562287645.26    1562287645.26    0.000245094299316    16    0.0098    0.1568    0.0100450942993    2.58333333333    4
104    1562287645.67    1562287645.7    0.0245180130005    64    0.1855    11.872    0.210018013    3.84027777778    6
105    1562287645.85    1562287645.86    0.00984311103821    64    0.0125    0.8    0.0223431110382    3.90674603175    6
106    1562287646.13    1562287646.13    1.81198120117e-05    4    0.0832    0.3328    0.083218119812    1.5    2
107    1562287646.38    1562287647.26    0.882714033127    256    0.6189    158.4384    1.50161403313    4.91948529412    7
108    1562287646.59    1562287648.5    1.90759086609    256    0.6189    158.4384    2.52649086609    5.08893995098    8
109    1562287647.61    1562287648.5    0.88919210434    4    0.5956    2.3824    1.48479210434    1.5    2
110    1562287648.21    1562287648.56    0.347076177597    64    0.0234    1.4976    0.370476177597    4.11755952381    6
111    1562287649.43    1562287650.49    1.06075906754    256    0.6189    158.4384    1.67965906754    4.91948529412    7
112    1562287650.03    1562287650.49    0.468659877777    4    0.0284    0.1136    0.497059877777    1.5    2
113    1562287650.34    1562287651.66    1.32386112213    256    0.0057    1.4592    1.32956112213    5.14911151961    8
114    1562287650.56    1562287651.67    1.11585688591    16    0.0429    0.6864    1.15875688591    2.58333333333    4
115    1562287651.66    1562287652.74    1.08452486992    256    0.8    204.8    1.88452486992    5.16678921569    8
116    1562287651.72    1562287652.75    1.0254240036    16    0.0429    0.6864    1.0683240036    2.58333333333    4
117    1562287652.06    1562287652.82    0.755045890808    64    0.1855    11.872    0.940545890808    4.20982142857    6
118    1562287652.17    1562287653.96    1.78596901894    256    0.0057    1.4592    1.79166901894    5.29629289216    8
119    1562287652.67    1562287654.04    1.37455606461    64    0.9446    60.4544    2.31915606461    3.87599206349    6
120    1562287652.93    1562287654.13    1.2007598877    64    0.4167    26.6688    1.6174598877    3.90823412698    6
121    1562287653.14    1562287654.13    0.992305994034    4    0.0284    0.1136    1.02070599403    1.5    2
122    1562287653.89    1562287654.13    0.239667892456    16    0.0098    0.1568    0.249467892456    2.58333333333    4
123    1562287654.16    1562287655.39    1.22923398018    256    0.7528    192.7168    1.98203398018    5.1078125    8
124    1562287654.28    1562287655.39    1.11158394814    4    0.0284    0.1136    1.13998394814    1.5    2
125    1562287654.91    1562287655.48    0.577222108841    64    0.4167    26.6688    0.993922108841    3.86656746032    6
126    1562287655.43    1562287655.49    0.0563600063324    16    0.4243    6.7888    0.480660006332    2.58333333333    4
127    1562287655.56    1562287655.58    0.0222690105438    64    0.0125    0.8    0.0347690105438    4.02777777778    6
128    1562287656.0    1562287657.05    1.0480568409    256    0.7528    192.7168    1.8008568409    4.96393995098    8
129    1562287656.38    1562287657.05    0.673585891724    4    0.0284    0.1136    0.701985891724    1.5    2
130    1562287657.71    1562287657.71    0.000197887420654    64    0.9446    60.4544    0.944797887421    4.04811507937    6
131    1562287657.89    1562287657.89    2.69412994385e-05    4    0.6452    2.5808    0.645226941299    1.5    2
132    1562287658.17    1562287658.17    4.60147857666e-05    16    0.4243    6.7888    0.424346014786    2.58333333333    4
133    1562287658.61    1562287659.77    1.15809798241    256    0.0177    4.5312    1.17579798241    4.93823529412    7
134    1562287658.97    1562287659.77    0.802046060562    16    0.4243    6.7888    1.22634606056    2.55    4
135    1562287659.24    1562287659.78    0.540820837021    16    0.8805    14.088    1.42132083702    2.58333333333    4
136    1562287659.66    1562287659.78    0.120982885361    4    0.0522    0.2088    0.173182885361    1.5    2
137    1562287660.27    1562287660.32    0.0459749698639    64    0.9446    60.4544    0.990574969864    3.85912698413    6
138    1562287660.29    1562287660.32    0.0355958938599    16    0.0285    0.456    0.0640958938599    2.51666666667    4
139    1562287660.45    1562287660.45    3.69548797607e-05    4    0.0832    0.3328    0.0832369548798    1.33333333333    2
140    1562287660.46    1562287660.46    2.59876251221e-05    4    0.5956    2.3824    0.595625987625    1.5    2
141    1562287660.7    1562287660.7    -0.00154209136963    16    0.7616    12.1856    0.76005790863    2.51666666667    4
142    1562287660.82    1562287660.83    0.010782957077    64    0.9446    60.4544    0.955382957077    4.05654761905    6
143    1562287660.85    1562287660.85    7.20024108887e-05    4    0.0832    0.3328    0.0832720024109    1.5    2
144    1562287660.86    1562287660.86    6.50882720947e-05    16    0.0098    0.1568    0.00986508827209    2.65    4
145    1562287660.95    1562287660.97    0.0256369113922    64    0.0055    0.352    0.0311369113922    4.06349206349    6
146    1562287661.59    1562287662.68    1.08344078064    256    0.0177    4.5312    1.10114078064    4.93287377451    8
147    1562287662.4    1562287662.68    0.283015966415    16    0.0285    0.456    0.311515966415    2.55    4
148    1562287662.95    1562287663.95    1.00443983078    256    0.0177    4.5312    1.02213983078    4.91948529412    7
149    1562287663.33    1562287665.07    1.74085402489    256    0.7528    192.7168    2.49365402489    5.08893995098    8
150    1562287664.06    1562287665.14    1.08495998383    64    0.0125    0.8    1.09745998383    3.84027777778    6
151    1562287664.75    1562287665.22    0.467427015305    64    0.0125    0.8    0.479927015305    4.21626984127    6
152    1562287665.84    1562287665.89    0.0566010475159    64    0.0125    0.8    0.0691010475159    3.84027777778    6
153    1562287666.11    1562287666.11    3.19480895996e-05    4    0.0522    0.2088    0.0522319480896    1.5    2
154    1562287666.15    1562287666.15    -0.00125885009766    4    0.0284    0.1136    0.0271411499023    1.33333333333    2
155    1562287666.3    1562287666.32    0.0170359611511    64    0.4167    26.6688    0.433735961151    3.84027777778    6
156    1562287667.01    1562287667.0    -0.0056848526001    64    0.0125    0.8    0.0068151473999    3.84027777778    6
157    1562287667.98    1562287667.97    -0.00268793106079    16    0.8805    14.088    0.877812068939    2.58333333333    4
158    1562287668.1    1562287668.11    0.012885093689    64    0.1855    11.872    0.198385093689    3.87053571429    6
159    1562287668.31    1562287669.4    1.08456587791    256    0.4221    108.0576    1.50666587791    5.02178308824    7
160    1562287668.57    1562287669.4    0.830358982086    4    0.6452    2.5808    1.47555898209    1.5    2
161    1562287668.8    1562287669.4    0.59791302681    4    0.5956    2.3824    1.19351302681    1.33333333333    2
162    1562287669.4    1562287669.41    0.0070378780365    16    0.8805    14.088    0.887537878036    2.58333333333    4
163    1562287669.54    1562287669.54    0.000174045562744    16    0.7616    12.1856    0.761774045563    2.68333333333    4
164    1562287670.68    1562287670.68    2.69412994385e-05    16    0.8805    14.088    0.880526941299    2.58333333333    4
165    1562287670.88    1562287670.88    5.00679016113e-05    64    0.6779    43.3856    0.677950067902    3.87053571429    6
166    1562287671.76    1562287671.76    0.000166177749634    64    0.6779    43.3856    0.67806617775    3.84027777778    6
167    1562287671.89    1562287671.89    0.000226974487305    64    0.0055    0.352    0.0057269744873    3.90674603175    6
168    1562287672.11    1562287673.26    1.15187716484    256    0.8    204.8    1.95187716484    5.09083946078    8
169    1562287672.25    1562287673.27    1.01875305176    16    0.4243    6.7888    1.44305305176    2.58333333333    4
170    1562287672.7    1562287673.34    0.640784025192    64    0.0234    1.4976    0.664184025192    4.1369047619    6
171    1562287672.91    1562287673.34    0.436830043793    16    0.4243    6.7888    0.861130043793    2.68333333333    4
172    1562287673.19    1562287673.34    0.156590938568    4    1.1283    4.5132    1.28489093857    1.5    2
173    1562287673.38    1562287674.49    1.11072397232    256    0.0177    4.5312    1.12842397232    5.20456495098    8
174    1562287674.2    1562287674.57    0.365898132324    64    0.1855    11.872    0.551398132324    4.06299603175    6
175    1562287674.79    1562287674.79    4.60147857666e-05    4    0.6452    2.5808    0.645246014786    1.5    2
176    1562287674.89    1562287674.89    0.000164985656738    16    0.0297    0.4752    0.0298649856567    2.44166666667    4
177    1562287674.94    1562287674.94    3.69548797607e-05    16    0.0285    0.456    0.0285369548798    2.44166666667    4
178    1562287675.41    1562287676.31    0.901064872742    256    0.0177    4.5312    0.918764872742    4.98599877451    8
179    1562287675.48    1562287677.39    1.90897703171    256    0.0177    4.5312    1.92667703171    5.10707720588    8
180    1562287676.2    1562287677.48    1.280408144    64    0.0125    0.8    1.292908144    3.86656746032    6
181    1562287676.55    1562287677.48    0.936174869537    4    0.5956    2.3824    1.53177486954    1.5    2
182    1562287676.87    1562287677.56    0.694502830505    64    0.6779    43.3856    1.37240283051    3.98859126984    6
183    1562287677.42    1562287677.56    0.14245390892    4    0.5956    2.3824    0.73805390892    1.33333333333    2
184    1562287677.58    1562287677.58    -0.0018470287323    16    0.7616    12.1856    0.759752971268    2.58333333333    4
185    1562287677.76    1562287677.76    0.00021505355835    64    0.9446    60.4544    0.944815053558    4.04761904762    6
186    1562287678.35    1562287679.49    1.14132213593    256    0.4221    108.0576    1.56342213593    4.99604779412    8
187    1562287678.72    1562287679.58    0.853376865387    64    0.6779    43.3856    1.53127686539    3.95436507937    6
188    1562287679.23    1562287680.77    1.53644800186    256    0.7528    192.7168    2.28924800186    5.35067401961    8
189    1562287679.33    1562287681.92    2.59165096283    256    0.6189    158.4384    3.21055096283    4.96384803922    8
190    1562287679.41    1562287681.92    2.51167011261    16    0.0098    0.1568    2.52147011261    2.55    4
191    1562287679.58    1562287682.0    2.42674398422    64    0.0055    0.352    2.43224398422    4.02579365079    6
192    1562287679.93    1562287682.08    2.1485888958    64    0.0125    0.8    2.1610888958    4.14682539683    6
193    1562287680.02    1562287682.16    2.14035010338    64    0.6779    43.3856    2.81825010338    4.02579365079    6
194    1562287680.26    1562287682.23    1.97096586227    64    0.1855    11.872    2.15646586227    4.14682539683    6
195    1562287680.32    1562287682.24    1.91828012466    16    0.4243    6.7888    2.34258012466    2.58333333333    4
196    1562287680.77    1562287682.3    1.5336868763    64    0.0234    1.4976    1.5570868763    4.17807539683    6
197    1562287681.17    1562287683.46    2.29229211807    256    0.4221    108.0576    2.71439211807    5.4847120098    9
198    1562287681.69    1562287683.46    1.77323889732    16    0.0285    0.456    1.80173889732    2.58333333333    4
199    1562287681.92    1562287684.61    2.69558215141    256    0.8    204.8    3.49558215141    5.18526348039    8
200    1562287682.0    1562287684.62    2.61471676826    16    0.0098    0.1568    2.62451676826    2.58333333333    4
201    1562287682.53    1562287685.79    3.257791996    256    0.0057    1.4592    3.263491996    5.15870098039    8
202    1562287682.86    1562287685.87    3.01896905899    64    0.9446    60.4544    3.96356905899    3.99851190476    6
203    1562287683.79    1562287685.94    2.14427781105    64    0.0055    0.352    2.14977781105    3.91071428571    6
204    1562287684.23    1562287685.94    1.71158099174    4    0.0059    0.0236    1.71748099174    1.5    2
205    1562287684.37    1562287685.94    1.56941699982    4    0.0832    0.3328    1.65261699982    1.5    2
206    1562287684.89    1562287685.94    1.05115199089    4    0.0522    0.2088    1.10335199089    1.5    2
207    1562287685.42    1562287686.02    0.601057052612    64    0.6779    43.3856    1.27895705261    3.93601190476    6
208    1562287685.79    1562287687.19    1.3981449604    256    0.4221    108.0576    1.8202449604    5.07803308824    8
209    1562287686.12    1562287687.26    1.13239002228    64    0.1855    11.872    1.31789002228    3.86011904762    6
210    1562287686.34    1562287687.26    0.921837091446    4    0.0284    0.1136    0.950237091446    1.5    2
211    1562287686.56    1562287687.26    0.699116945267    16    0.8805    14.088    1.57961694527    2.65    4
212    1562287686.85    1562287687.27    0.418673992157    16    0.0098    0.1568    0.428473992157    2.58333333333    4
213    1562287686.88    1562287687.27    0.387101888657    4    0.0284    0.1136    0.415501888657    1.5    2
214    1562287687.04    1562287687.27    0.233232975006    4    0.0059    0.0236    0.239132975006    1.5    2
215    1562287687.19    1562287688.49    1.30654406548    256    0.0177    4.5312    1.32424406548    5.23103553922    8
216    1562287688.77    1562287689.76    0.990271091461    256    0.6189    158.4384    1.60917109146    4.91948529412    7
217    1562287689.06    1562287690.93    1.87226510048    256    0.7528    192.7168    2.62506510048    5.08893995098    8
218    1562287689.57    1562287690.93    1.36156702042    4    0.0522    0.2088    1.41376702042    1.5    2
219    1562287689.81    1562287690.94    1.12767100334    16    0.7616    12.1856    1.88927100334    2.58333333333    4
220    1562287690.07    1562287690.94    0.873191833496    16    0.4243    6.7888    1.2974918335    2.58333333333    4
221    1562287690.89    1562287692.14    1.25089907646    256    0.0177    4.5312    1.26859907646    5.12362132353    8
222    1562287691.05    1562287693.3    2.2476940155    256    0.6189    158.4384    2.8665940155    5.13841911765    8
223    1562287691.27    1562287693.31    2.03600788116    16    0.0098    0.1568    2.04580788116    2.7    4
224    1562287691.32    1562287693.38    2.06106710434    64    0.0055    0.352    2.06656710434    4.03521825397    6
225    1562287691.82    1562287693.46    1.63542318344    64    0.0234    1.4976    1.65882318344    4.24305555556    6
226    1562287692.0    1562287694.52    2.52015995979    256    0.4221    108.0576    2.94225995979    5.15670955882    8
227    1562287692.26    1562287694.59    2.32704114914    64    0.9446    60.4544    3.27164114914    3.89781746032    6
228    1562287692.84    1562287694.59    1.75258302689    4    0.6452    2.5808    2.39778302689    1.5    2
229    1562287693.16    1562287694.59    1.42856311798    4    0.0284    0.1136    1.45696311798    1.5    2
230    1562287693.6    1562287694.59    0.989245176315    4    0.0284    0.1136    1.01764517632    1.5    2
231    1562287693.7    1562287694.6    0.896579027176    16    0.0297    0.4752    0.926279027176    2.58333333333    4
232    1562287694.59    1562287694.6    0.00882601737976    4    0.0832    0.3328    0.0920260173798    1.5    2
233    1562287695.52    1562287695.51    -0.00277400016785    4    0.0832    0.3328    0.0804259998322    1.5    2
234    1562287696.33    1562287696.33    0.000239133834839    16    0.0429    0.6864    0.0431391338348    2.58333333333    4
235    1562287696.58    1562287696.58    1.69277191162e-05    16    0.0297    0.4752    0.0297169277191    2.58333333333    4
236    1562287697.98    1562287698.87    0.888659954071    256    0.0057    1.4592    0.894359954071    4.91948529412    7
237    1562287698.77    1562287700.04    1.26130008698    256    0.7528    192.7168    2.01410008698    5.08893995098    8
238    1562287698.88    1562287700.04    1.16224813461    16    0.8805    14.088    2.04274813461    2.58333333333    4
239    1562287699.67    1562287701.28    1.60310506821    256    0.8    204.8    2.40310506821    5.07815563725    8
240    1562287699.79    1562287701.28    1.49007797241    4    0.0284    0.1136    1.51847797241    1.5    2
241    1562287700.08    1562287702.44    2.35790705681    256    0.7528    192.7168    3.11070705681    5.05986519608    8
242    1562287700.31    1562287702.44    2.13153100014    4    0.0059    0.0236    2.13743100014    1.5    2
243    1562287700.48    1562287702.45    1.96266388893    16    0.0429    0.6864    2.00556388893    2.58333333333    4
244    1562287700.77    1562287702.45    1.6790189743    4    1.1283    4.5132    2.8073189743    1.5    2
245    1562287700.91    1562287702.52    1.61882090569    64    0.0055    0.352    1.62432090569    4.2564484127    6
246    1562287701.17    1562287702.6    1.42481589317    64    0.6779    43.3856    2.10271589317    4.11458333333    6
247    1562287701.96    1562287702.67    0.715842962265    64    0.0125    0.8    0.728342962265    4.24305555556    6
248    1562287702.68    1562287703.85    1.1741631031    256    0.7528    192.7168    1.9269631031    5.24488357843    8
249    1562287702.79    1562287703.85    1.06038212776    4    0.0059    0.0236    1.06628212776    1.33333333333    2
250    1562287702.96    1562287705.03    2.07309794426    256    0.7528    192.7168    2.82589794426    5.07861519608    8
251    1562287703.6    1562287705.1    1.50079798698    64    0.1855    11.872    1.68629798698    4.1121031746    6
252    1562287704.15    1562287705.1    0.957101821899    4    0.0059    0.0236    0.963001821899    1.5    2
253    1562287704.56    1562287706.21    1.648416996    256    0.6189    158.4384    2.267316996    5.42319240196    8
254    1562287704.61    1562287706.29    1.67984604836    64    0.1855    11.872    1.86534604836    3.87351190476    6
255    1562287705.44    1562287706.29    0.846182823181    4    0.0284    0.1136    0.874582823181    1.5    2
256    1562287705.8    1562287706.29    0.490073919296    16    0.0297    0.4752    0.519773919296    2.58333333333    4
257    1562287706.43    1562287706.43    0.000194072723389    16    0.0285    0.456    0.0286940727234    2.56666666667    4
258    1562287706.71    1562287707.74    1.02567195892    256    0.7528    192.7168    1.77847195892    5.00618872549    8
259    1562287706.94    1562287707.82    0.875694036484    64    0.9446    60.4544    1.82029403648    4.06746031746    6
260    1562287707.74    1562287707.82    0.0809199810028    16    0.0429    0.6864    0.123819981003    2.68333333333    4
261    1562287708.18    1562287708.18    2.09808349609e-05    16    0.0098    0.1568    0.00982098083496    2.68333333333    4
262    1562287708.52    1562287708.58    0.0563721656799    64    0.0125    0.8    0.0688721656799    4.46081349206    6
263    1562287708.95    1562287708.95    0.000268936157227    4    1.1283    4.5132    1.12856893616    1.5    2
264    1562287709.92    1562287710.94    1.01520705223    256    0.8    204.8    1.81520705223    4.98599877451    8
265    1562287710.04    1562287712.1    2.05211901665    256    0.0057    1.4592    2.05781901665    5.10707720588    8
266    1562287710.43    1562287713.12    2.68785905838    256    0.7528    192.7168    3.44065905838    4.98599877451    8
267    1562287710.83    1562287713.12    2.29131603241    16    0.0429    0.6864    2.33421603241    2.65    4
268    1562287711.59    1562287713.19    1.60603499413    64    0.4167    26.6688    2.02273499413    4.15575396825    6
269    1562287713.19    1562287713.26    0.0711541175842    64    0.1855    11.872    0.256654117584    4.19742063492    6
270    1562287713.43    1562287713.43    8.70227813721e-05    4    1.1283    4.5132    1.12838702278    1.5    2
271    1562287713.95    1562287714.98    1.0302541256    256    0.8    204.8    1.8302541256    4.92552083333    7
272    1562287714.56    1562287714.99    0.42188000679    16    0.7616    12.1856    1.18348000679    2.55    4
273    1562287715.64    1562287715.64    0.000109910964966    4    0.0059    0.0236    0.00600991096497    1.5    2
274    1562287715.74    1562287715.74    4.38690185547e-05    64    0.6779    43.3856    0.677943869019    4.04563492063    6
275    1562287716.0    1562287716.97    0.967177867889    256    0.6189    158.4384    1.58607786789    4.91948529412    7
276    1562287716.25    1562287716.97    0.724437952042    16    0.0285    0.456    0.752937952042    2.55    4
277    1562287716.42    1562287717.05    0.628781080246    64    0.6779    43.3856    1.30668108025    4.04563492063    6
278    1562287716.71    1562287717.05    0.345820188522    4    0.0284    0.1136    0.374220188522    1.5    2
279    1562287717.25    1562287717.25    0.000216960906982    16    0.0297    0.4752    0.029916960907    2.55    4
280    1562287717.43    1562287717.43    3.38554382324e-05    4    1.1283    4.5132    1.12833385544    1.5    2
281    1562287718.31    1562287718.31    3.69548797607e-05    16    0.0297    0.4752    0.0297369548798    2.58333333333    4
282    1562287719.07    1562287719.91    0.831143140793    256    0.8    204.8    1.63114314079    4.91948529412    7
283    1562287719.49    1562287721.13    1.64151310921    256    0.0177    4.5312    1.65921310921    5.08893995098    8
284    1562287720.04    1562287721.13    1.09663915634    4    1.1283    4.5132    2.22493915634    1.5    2
285    1562287720.63    1562287721.21    0.580646038055    64    0.6779    43.3856    1.25854603806    4.11755952381    6
286    1562287720.72    1562287721.22    0.496127128601    16    0.0429    0.6864    0.539027128601    2.44166666667    4
287    1562287721.04    1562287721.22    0.176182985306    16    0.0285    0.456    0.204682985306    2.58333333333    4
288    1562287721.13    1562287721.31    0.175282001495    64    0.1855    11.872    0.360782001495    3.91765873016    6
289    1562287722.24    1562287722.24    2.09808349609e-05    4    0.0059    0.0236    0.00592098083496    1.33333333333    2
290    1562287722.35    1562287722.35    7.10487365723e-05    4    0.0522    0.2088    0.0522710487366    1.5    2
291    1562287723.01    1562287722.99    -0.0157408714294    4    0.5956    2.3824    0.579859128571    1.5    2
292    1562287723.27    1562287723.27    4.38690185547e-05    16    0.0297    0.4752    0.0297438690186    2.44166666667    4
293    1562287723.42    1562287724.43    1.00548291206    256    0.4221    108.0576    1.42758291206    4.98599877451    8
294    1562287723.94    1562287724.5    0.559340000153    64    0.1855    11.872    0.744840000153    4.18303571429    6
295    1562287725.19    1562287725.19    6.38961791992e-05    4    1.1283    4.5132    1.12836389618    1.5    2
296    1562287725.39    1562287726.36    0.972499132156    256    0.8    204.8    1.77249913216    4.98599877451    8
297    1562287725.45    1562287726.36    0.917689085007    16    0.8805    14.088    1.79818908501    2.65    4
298    1562287726.19    1562287727.55    1.3588051796    256    0.6189    158.4384    1.9777051796    5.20729166667    8
299    1562287727.02    1562287727.63    0.605174064636    64    0.4167    26.6688    1.02187406464    3.92361111111    6

dispatched jobs are: 300 out of 300
average queue time is: 0.76250701348
fso links are used for 0 times
overall utilization is 0.0753228417699727
average response time is 1.10266634681
average weighted response time is 1.9655231285465828
average slowdown is 2.8697397193673977
cpu_request: 22860, cpu_run: 22860
ssd_request: 11643, ssd_run: 0
gpu_request: 12015, gpu_run: 0
cpu aspl: 3.16882454093
cpu diameter: 4.77666666667
job x: 0.0
job y: 0.0
job z: 0.0
