#timestep  occupied-CPU  total-CPU  utilization  queuingjobs
1    0    1024    0.0    1
2    0    1024    0.0    0
3    0    1024    0.0    2
4    324    1024    0.31640625    0
5    0    1024    0.0    2
6    272    1024    0.265625    1
7    260    1024    0.25390625    0
8    0    1024    0.0    0
9    0    1024    0.0    1
10    0    1024    0.0    1
11    190    1024    0.185546875    2
12    64    1024    0.0625    0
13    0    1024    0.0    0
14    20    1024    0.01953125    0
15    80    1024    0.078125    1
16    227    1024    0.2216796875    0
17    0    1024    0.0    2
18    260    1024    0.25390625    0
19    76    1024    0.07421875    0
20    0    1024    0.0    0
21    0    1024    0.0    4
22    320    1024    0.3125    4
23    256    1024    0.25    4
24    76    1024    0.07421875    2
25    72    1024    0.0703125    0
26    0    1024    0.0    1
27    256    1024    0.25    0
28    0    1024    0.0    2
29    320    1024    0.3125    0
30    0    1024    0.0    0
31    0    1024    0.0    0
32    16    1024    0.015625    0
33    0    1024    0.0    2
34    256    1024    0.25    2
35    256    1024    0.25    5
36    0    1024    0.0    6
37    0    1024    0.0    6
38    0    1024    0.0    7
39    0    1024    0.0    6
40    0    1024    0.0    7
41    0    1024    0.0    6
42    238    1024    0.232421875    4
43    256    1024    0.25    0
44    68    1024    0.06640625    0
45    0    1024    0.0    1
46    260    1024    0.25390625    2
47    292    1024    0.28515625    0
48    4    1024    0.00390625    3
49    16    1024    0.015625    1
50    256    1024    0.25    0
51    0    1024    0.0    0
52    0    1024    0.0    0
53    4    1024    0.00390625    0
54    24    1024    0.0234375    1
55    256    1024    0.25    0
56    0    1024    0.0    1
57    4    1024    0.00390625    0
58    16    1024    0.015625    0
59    0    1024    0.0    3
60    0    1024    0.0    4
61    67    1024    0.0654296875    3
62    0    1024    0.0    4
63    272    1024    0.265625    0
64    0    1024    0.0    2
65    256    1024    0.25    3
66    276    1024    0.26953125    0
67    64    1024    0.0625    0
68    16    1024    0.015625    1
69    0    1024    0.0    0
70    0    1024    0.0    1
71    0    1024    0.0    1
72    0    1024    0.0    4
73    0    1024    0.0    2
74    98    1024    0.095703125    1
75    0    1024    0.0    1
76    256    1024    0.25    1
77    256    1024    0.25    1
78    256    1024    0.25    0
79    0    1024    0.0    2
80    0    1024    0.0    4
81    0    1024    0.0    3
82    72    1024    0.0703125    0
83    20    1024    0.01953125    0
84    0    1024    0.0    3
85    0    1024    0.0    1
86    292    1024    0.28515625    0
87    64    1024    0.0625    0
88    0    1024    0.0    0
89    32    1024    0.03125    0
90    0    1024    0.0    3
91    0    1024    0.0    0
92    16    1024    0.015625    0
93    4    1024    0.00390625    1
94    80    1024    0.078125    0
95    0    1024    0.0    2
96    256    1024    0.25    4
97    260    1024    0.25390625    3
98    224    1024    0.21875    2
99    256    1024    0.25    0
100    0    1024    0.0    0

average cpu utilization is: 0.08484375
average ssd utilization is: 0.16498046875
average gpu utilization is: 0.159912109375
average utilization is: 0.136578776042
average queuing jobs are: 1.5
maximum queuing jobs are: 7


#job_number  submit  dispatch  queue  cpu#  runtime  weight  response(turnaround)  cpu_aspl  cpu_diameter
0    1562286835.37    1562286838.82    3.44797992706    64    0.0131    0.8384    3.46107992706    3.93601190476    6
1    1562286839.26    1562286839.26    0.0002601146698    64    0.0131    0.8384    0.0133601146698    3.93601190476    6
2    1562286839.49    1562286839.48    -0.00466895103455    16    0.0296    0.4736    0.0249310489655    2.58333333333    4
3    1562286840.31    1562286841.35    1.03530097008    256    0.7774    199.0144    1.81270097008    5.05260416667    7
4    1562286841.05    1562286841.35    0.296891927719    4    0.5984    2.3936    0.895291927719    1.5    2
5    1562286841.24    1562286841.42    0.17175412178    64    0.0254    1.6256    0.19715412178    4.15823412698    6
6    1562286841.86    1562286841.92    0.0549440383911    64    0.1872    11.9808    0.242144038391    4.15823412698    6
7    1562286842.56    1562286843.75    1.18620800972    256    0.6811    174.3616    1.86730800972    5.05260416667    7
8    1562286842.82    1562286843.76    0.935605049133    16    0.8867    14.1872    1.82230504913    2.6    4
9    1562286843.37    1562286843.83    0.453261137009    64    0.0135    0.864    0.466761137009    4.15823412698    6
10    1562286843.83    1562286845.17    1.34488797188    256    0.4475    114.56    1.79238797188    5.36017156863    8
11    1562286844.44    1562286845.17    0.739186048508    4    0.0834    0.3336    0.822586048508    1.5    2
12    1562286844.92    1562286845.18    0.262279987335    16    0.0099    0.1584    0.272179987335    2.60833333333    4
13    1562286846.91    1562286846.91    0.000104904174805    4    0.0284    0.1136    0.0285049041748    1.5    2
14    1562286847.36    1562286847.36    0.000184059143066    64    0.0131    0.8384    0.0132840591431    3.93601190476    6
15    1562286847.95    1562286849.01    1.06079387665    256    0.4475    114.56    1.50829387665    5.05260416667    7
16    1562286848.55    1562286850.37    1.8166680336    256    0.0057    1.4592    1.8223680336    5.21329656863    8
17    1562286849.02    1562286850.37    1.35175418854    4    0.0834    0.3336    1.43515418854    1.5    2
18    1562286850.37    1562286850.45    0.0821981430054    64    0.4242    27.1488    0.506398143005    3.98511904762    6
19    1562286850.77    1562286850.78    0.00534701347351    64    0.0056    0.3584    0.0109470134735    4.14682539683    6
20    1562286851.94    1562286851.94    3.09944152832e-05    16    0.7709    12.3344    0.770930994415    2.58333333333    4
21    1562286852.12    1562286852.12    3.81469726562e-05    4    1.1322    4.5288    1.13223814697    1.5    2
22    1562286852.29    1562286852.29    0.000246047973633    64    0.1865    11.936    0.186746047974    3.88591269841    6
23    1562286852.61    1562286852.6    -0.00642204284668    16    0.0296    0.4736    0.0231779571533    2.58333333333    4
24    1562286853.02    1562286853.02    -0.00392985343933    16    0.8867    14.1872    0.882770146561    2.58333333333    4
25    1562286853.21    1562286853.21    0.000195980072021    64    0.4242    27.1488    0.424395980072    3.88591269841    6
26    1562286853.57    1562286854.61    1.04467606544    256    0.0198    5.0688    1.06447606544    4.97619485294    8
27    1562286854.21    1562286854.62    0.411495923996    16    0.0432    0.6912    0.454695923996    2.58333333333    4
28    1562286854.8    1562286854.8    2.71797180176e-05    4    0.0526    0.2104    0.052627179718    1.5    2
29    1562286854.94    1562286854.94    2.00271606445e-05    64    0.0131    0.8384    0.0131200271606    3.93601190476    6
30    1562286855.33    1562286856.41    1.07879114151    256    0.7774    199.0144    1.85619114151    5.05260416667    7
31    1562286855.53    1562286856.41    0.879243135452    4    1.1322    4.5288    2.01144313545    1.5    2
32    1562286856.19    1562286856.41    0.220914125443    4    0.0284    0.1136    0.249314125443    1.5    2
33    1562286857.81    1562286857.81    -0.00190401077271    64    0.0247    1.5808    0.0227959892273    3.93601190476    6
34    1562286857.83    1562286857.89    0.0643398761749    64    0.1865    11.936    0.250839876175    3.94593253968    6
35    1562286857.98    1562286857.97    -0.00969195365906    16    0.8867    14.1872    0.877008046341    2.58333333333    4
36    1562286858.21    1562286858.21    0.000200986862183    16    0.0432    0.6912    0.0434009868622    2.58333333333    4
37    1562286859.02    1562286859.02    0.00474405288696    16    0.0432    0.6912    0.047944052887    2.58333333333    4
38    1562286859.03    1562286859.03    3.69548797607e-05    4    0.0059    0.0236    0.00593695487976    1.5    2
39    1562286859.55    1562286860.53    0.980142116547    256    0.7774    199.0144    1.75754211655    5.05260416667    7
40    1562286859.8    1562286860.61    0.812861919403    64    0.9639    61.6896    1.7767619194    4.15773809524    6
41    1562286860.02    1562286860.69    0.669327020645    64    0.0254    1.6256    0.694727020645    4.18501984127    6
42    1562286860.08    1562286860.77    0.686840057373    64    0.0056    0.3584    0.692440057373    4.33333333333    6
43    1562286860.39    1562286862.05    1.65428495407    256    0.6811    174.3616    2.33538495407    5.17172181373    8
44    1562286860.98    1562286863.21    2.22953295708    256    0.0198    5.0688    2.24933295708    5.05260416667    7
45    1562286861.2    1562286863.21    2.00650715828    4    1.1322    4.5288    3.13870715828    1.5    2
46    1562286861.29    1562286863.29    1.99368906021    64    0.6958    44.5312    2.68948906021    4.15823412698    6
47    1562286862.03    1562286863.29    1.25490689278    4    0.0284    0.1136    1.28330689278    1.5    2
48    1562286862.36    1562286863.29    0.925304174423    4    1.1322    4.5288    2.05750417442    1.5    2
49    1562286862.53    1562286863.37    0.835908889771    64    0.1865    11.936    1.02240888977    3.88591269841    6
50    1562286863.28    1562286863.37    0.0869882106781    4    0.0526    0.2104    0.139588210678    1.5    2
51    1562286863.63    1562286863.69    0.0541529655457    64    0.0247    1.5808    0.0788529655457    3.93601190476    6
52    1562286863.89    1562286863.89    0.000174045562744    16    0.4263    6.8208    0.426474045563    2.58333333333    4
53    1562286864.16    1562286864.16    1.69277191162e-05    4    0.0059    0.0236    0.00591692771912    1.5    2
54    1562286864.3    1562286864.3    -0.000709056854248    64    0.9575    61.28    0.956790943146    3.88591269841    6
55    1562286865.21    1562286866.13    0.922265052795    256    0.4475    114.56    1.3697650528    5.11847426471    8
56    1562286865.91    1562286866.2    0.286451816559    64    0.0056    0.3584    0.292051816559    3.88591269841    6
57    1562286867.13    1562286868.13    0.993438959122    256    0.4475    114.56    1.44093895912    5.05260416667    7
58    1562286867.42    1562286868.13    0.708971977234    4    0.0834    0.3336    0.792371977234    1.5    2
59    1562286867.93    1562286868.13    0.19518494606    4    0.0284    0.1136    0.22358494606    1.5    2
60    1562286868.07    1562286868.2    0.136902093887    64    0.4242    27.1488    0.561102093887    4.06001984127    6
61    1562286868.74    1562286868.74    3.40938568115e-05    16    0.4263    6.8208    0.426334093857    2.58333333333    4
62    1562286869.21    1562286869.21    0.000230073928833    16    0.0099    0.1584    0.0101300739288    2.58333333333    4
63    1562286870.73    1562286870.73    -0.00028395652771    16    0.8867    14.1872    0.886416043472    2.58333333333    4
64    1562286871.19    1562286871.18    -0.00362515449524    4    0.0526    0.2104    0.0489748455048    1.5    2
65    1562286871.45    1562286871.48    0.0285429954529    64    0.0131    0.8384    0.0416429954529    3.90029761905    6
66    1562286871.76    1562286871.76    2.8133392334e-05    4    0.5984    2.3936    0.598428133392    1.5    2
67    1562286871.86    1562286871.89    0.0363609790802    64    0.0056    0.3584    0.0419609790802    3.90029761905    6
68    1562286872.06    1562286872.06    -0.00593590736389    4    0.0059    0.0236    -3.59073638916e-05    1.5    2
69    1562286872.37    1562286873.39    1.02745509148    256    0.6811    174.3616    1.70855509148    4.98722426471    7
70    1562286872.52    1562286873.4    0.882199048996    16    0.03    0.48    0.912199048996    2.58333333333    4
71    1562286873.68    1562286874.71    1.02460598946    256    0.4475    114.56    1.47210598946    5.16694240196    8
72    1562286873.74    1562286874.79    1.05239105225    64    0.9575    61.28    2.00989105225    3.90029761905    6
73    1562286874.08    1562286875.92    1.84178113937    256    0.8087    207.0272    2.65048113937    5.09053308824    8
74    1562286874.5    1562286877.0    2.50303483009    256    0.4475    114.56    2.95053483009    5.08679534314    8
75    1562286874.63    1562286878.16    3.5292289257    256    0.6811    174.3616    4.2103289257    5.15431985294    8
76    1562286874.71    1562286878.16    3.44935107231    4    0.0059    0.0236    3.45525107231    1.5    2
77    1562286875.78    1562286878.16    2.38740801811    16    0.8867    14.1872    3.27410801811    2.65    4
78    1562286875.82    1562286879.3    3.48044896126    256    0.8087    207.0272    4.28914896126    5.1550245098    8
79    1562286876.75    1562286880.42    3.66535902023    256    0.0198    5.0688    3.68515902023    5.00756740196    8
80    1562286877.24    1562286880.49    3.24796104431    64    0.4242    27.1488    3.67216104431    4.05357142857    6
81    1562286877.71    1562286880.5    2.79139018059    16    0.03    0.48    2.82139018059    2.58333333333    4
82    1562286878.27    1562286880.57    2.29940295219    64    0.0131    0.8384    2.31250295219    3.90476190476    6
83    1562286879.06    1562286881.74    2.6831278801    256    0.8087    207.0272    3.4918278801    5.12598039216    8
84    1562286879.93    1562286881.75    1.81151008606    4    0.5984    2.3936    2.40991008606    1.5    2
85    1562286880.12    1562286881.75    1.62834000587    4    1.1322    4.5288    2.76054000587    1.5    2
86    1562286880.75    1562286881.75    0.997970104218    16    0.0099    0.1584    1.00787010422    2.6    4
87    1562286881.15    1562286881.82    0.668589115143    64    0.0254    1.6256    0.693989115143    4.23859126984    6
88    1562286881.56    1562286883.02    1.45248198509    256    0.8087    207.0272    2.26118198509    5.36075367647    8
89    1562286881.74    1562286883.02    1.27893209457    16    0.0432    0.6912    1.32213209457    2.58333333333    4
90    1562286881.75    1562286883.03    1.27493810654    16    0.03    0.48    1.30493810654    2.68333333333    4
91    1562286882.29    1562286883.03    0.739400863647    16    0.0296    0.4736    0.769000863647    2.58333333333    4
92    1562286883.19    1562286883.19    2.50339508057e-05    4    0.0834    0.3336    0.0834250339508    1.5    2
93    1562286884.14    1562286884.14    0.000201940536499    64    0.9575    61.28    0.957701940536    3.93601190476    6
94    1562286884.58    1562286884.58    -0.000693082809448    4    0.0834    0.3336    0.0827069171906    1.5    2
95    1562286885.31    1562286886.51    1.193100214    256    0.8087    207.0272    2.001800214    5.05260416667    7
96    1562286885.83    1562286886.51    0.678413152695    4    0.0284    0.1136    0.706813152695    1.5    2
97    1562286885.95    1562286886.51    0.560415029526    4    0.5984    2.3936    1.15881502953    1.5    2
98    1562286886.11    1562286886.51    0.402112007141    16    0.0296    0.4736    0.431712007141    2.56666666667    4
99    1562286886.35    1562286887.83    1.47686314583    256    0.6811    174.3616    2.15796314583    5.20079656863    8
100    1562286886.83    1562286887.83    1.00505304337    16    0.7709    12.3344    1.77595304337    2.58333333333    4
101    1562286887.25    1562286887.84    0.58527302742    16    0.03    0.48    0.61527302742    2.65    4
102    1562286887.83    1562286887.84    0.0124731063843    4    1.1322    4.5288    1.14467310638    1.5    2
103    1562286888.11    1562286889.21    1.09493207932    256    0.4475    114.56    1.54243207932    5.24034926471    8
104    1562286888.47    1562286889.22    0.741394996643    16    0.0099    0.1584    0.751294996643    2.58333333333    4
105    1562286888.87    1562286889.22    0.346707820892    16    0.7709    12.3344    1.11760782089    2.68333333333    4
106    1562286889.0    1562286889.22    0.222657203674    4    0.5984    2.3936    0.821057203674    1.5    2
107    1562286889.87    1562286889.87    5.79357147217e-05    16    0.0432    0.6912    0.0432579357147    2.58333333333    4
108    1562286889.9    1562286890.93    1.03135800362    256    0.7774    199.0144    1.80875800362    4.97941176471    7
109    1562286891.51    1562286891.51    0.000184059143066    4    0.0526    0.2104    0.0527840591431    1.5    2
110    1562286891.91    1562286891.91    0.000209093093872    16    0.0099    0.1584    0.0101090930939    2.58333333333    4
111    1562286892.02    1562286892.02    -0.000352144241333    4    0.5984    2.3936    0.598047855759    1.5    2
112    1562286892.09    1562286892.09    0.000133037567139    16    0.0296    0.4736    0.0297330375671    2.58333333333    4
113    1562286893.91    1562286893.91    0.000126123428345    4    1.1322    4.5288    1.13232612343    1.5    2
114    1562286894.4    1562286894.4    8.51154327393e-05    4    1.1322    4.5288    1.13228511543    1.5    2
115    1562286894.58    1562286894.58    -0.000676155090332    16    0.8867    14.1872    0.88602384491    2.58333333333    4
116    1562286894.73    1562286895.79    1.05436301231    256    0.4475    114.56    1.50186301231    5.04761029412    7
117    1562286895.36    1562286895.79    0.428583860397    4    0.0834    0.3336    0.511983860397    1.5    2
118    1562286896.01    1562286896.01    0.000157117843628    16    0.0099    0.1584    0.0100571178436    2.68333333333    4
119    1562286897.07    1562286897.14    0.0629568099976    64    0.0247    1.5808    0.0876568099976    3.93601190476    6
120    1562286897.51    1562286897.51    -0.000518083572388    4    0.5984    2.3936    0.597881916428    1.5    2
121    1562286898.77    1562286898.77    0.000189781188965    16    0.4263    6.8208    0.426489781189    2.58333333333    4
122    1562286899.33    1562286900.34    1.00698590279    256    0.0057    1.4592    1.01268590279    5.05260416667    7
123    1562286899.91    1562286900.42    0.510353803635    64    0.1872    11.9808    0.697553803635    4.15773809524    6
124    1562286900.19    1562286901.54    1.35160779953    256    0.6811    174.3616    2.03270779953    5.05260416667    7
125    1562286900.61    1562286901.55    0.932931184769    16    0.0432    0.6912    0.976131184769    2.6    4
126    1562286901.1    1562286901.62    0.521518945694    64    0.4299    27.5136    0.951418945694    4.15823412698    6
127    1562286901.34    1562286901.62    0.286976099014    4    0.0526    0.2104    0.339576099014    1.5    2
128    1562286901.54    1562286902.83    1.29197597504    256    0.4475    114.56    1.73947597504    5.39525122549    8
129    1562286901.69    1562286903.96    2.27912378311    256    0.6811    174.3616    2.96022378311    5.05260416667    7
130    1562286901.99    1562286904.03    2.04115819931    64    0.0254    1.6256    2.06655819931    4.15773809524    6
131    1562286902.51    1562286904.11    1.59789896011    64    0.0254    1.6256    1.62329896011    4.18501984127    6
132    1562286902.72    1562286904.18    1.45388579369    64    0.0056    0.3584    1.45948579369    4.15773809524    6
133    1562286903.59    1562286904.18    0.593477010727    16    0.4263    6.8208    1.01977701073    2.7    4
134    1562286905.03    1562286905.88    0.852095842361    256    0.7774    199.0144    1.62949584236    5.05260416667    7
135    1562286905.36    1562286907.01    1.64706897736    256    0.6811    174.3616    2.32816897736    5.21329656863    8
136    1562286905.86    1562286907.01    1.15310907364    4    1.1322    4.5288    2.28530907364    1.5    2
137    1562286906.02    1562286907.02    0.997704029083    16    0.8867    14.1872    1.88440402908    2.58333333333    4
138    1562286906.66    1562286907.08    0.41303896904    64    0.0135    0.864    0.42653896904    4.24553571429    6
139    1562286907.15    1562286907.17    0.0247819423676    64    0.0254    1.6256    0.0501819423676    4.24553571429    6
140    1562286907.37    1562286907.37    0.000245094299316    16    0.0296    0.4736    0.0298450942993    2.68333333333    4
141    1562286908.45    1562286908.45    0.00022292137146    64    0.6889    44.0896    0.689122921371    3.93601190476    6
142    1562286908.77    1562286908.77    0.000213861465454    16    0.8867    14.1872    0.886913861465    2.58333333333    4
143    1562286908.81    1562286908.81    5.3882598877e-05    4    0.0526    0.2104    0.0526538825989    1.5    2
144    1562286909.47    1562286909.47    0.00153112411499    16    0.0099    0.1584    0.011431124115    2.58333333333    4
145    1562286909.76    1562286909.76    0.000138998031616    64    0.0131    0.8384    0.0132389980316    3.93601190476    6
146    1562286911.45    1562286912.35    0.897791862488    256    0.0057    1.4592    0.903491862488    5.05260416667    7
147    1562286912.58    1562286913.7    1.12620997429    256    0.0198    5.0688    1.14600997429    5.05260416667    7
148    1562286912.81    1562286913.71    0.900475978851    4    0.6477    2.5908    1.54817597885    1.5    2
149    1562286913.19    1562286913.71    0.516278982162    16    0.8867    14.1872    1.40297898216    2.7    4
150    1562286913.56    1562286914.91    1.35115480423    256    0.6811    174.3616    2.03225480423    5.20248161765    8
151    1562286914.56    1562286915.97    1.40610003471    256    0.0198    5.0688    1.42590003471    5.05260416667    7
152    1562286916.18    1562286916.18    0.000227928161621    64    0.0131    0.8384    0.0133279281616    3.93601190476    6
153    1562286916.61    1562286917.55    0.93887090683    256    0.6811    174.3616    1.61997090683    5.05260416667    7
154    1562286917.32    1562286917.63    0.307488918304    64    0.0056    0.3584    0.313088918304    4.15773809524    6
155    1562286917.56    1562286917.71    0.150110006332    64    0.0135    0.864    0.163610006332    4.18501984127    6
156    1562286917.84    1562286918.84    0.998516082764    256    0.8087    207.0272    1.80721608276    5.21329656863    8
157    1562286918.15    1562286919.96    1.81342196465    256    0.4475    114.56    2.26092196465    5.05260416667    7
158    1562286919.66    1562286919.96    0.304462909698    4    0.0284    0.1136    0.332862909698    1.5    2
159    1562286920.41    1562286921.39    0.975532054901    256    0.0198    5.0688    0.995332054901    5.21329656863    8
160    1562286920.67    1562286922.42    1.74968600273    256    0.0057    1.4592    1.75538600273    5.05260416667    7
161    1562286921.39    1562286922.42    1.03563904762    16    0.03    0.48    1.06563904762    2.6    4
162    1562286921.56    1562286922.51    0.950424909592    64    0.0254    1.6256    0.975824909592    4.15823412698    6
163    1562286922.13    1562286923.6    1.46238708496    256    0.6811    174.3616    2.14348708496    5.05260416667    7
164    1562286922.45    1562286923.6    1.14792299271    4    1.1322    4.5288    2.28012299271    1.5    2
165    1562286922.86    1562286923.6    0.736664056778    4    1.1322    4.5288    1.86886405678    1.5    2
166    1562286924.18    1562286924.19    0.0112390518188    64    0.1865    11.936    0.197739051819    4.06001984127    6
167    1562286924.77    1562286924.77    0.00017786026001    16    0.7709    12.3344    0.77107786026    2.58333333333    4
168    1562286925.02    1562286925.02    4.19616699219e-05    4    1.1322    4.5288    1.13224196167    1.5    2
169    1562286925.67    1562286926.84    1.16880083084    256    0.0057    1.4592    1.17450083084    5.05496323529    7
170    1562286925.97    1562286926.84    0.875442028046    16    0.0296    0.4736    0.905042028046    2.6    4
171    1562286926.16    1562286926.85    0.684572935104    4    0.0059    0.0236    0.690472935104    1.5    2
172    1562286927.05    1562286927.05    4.10079956055e-05    4    0.0284    0.1136    0.0284410079956    1.5    2
173    1562286927.1    1562286927.1    1.81198120117e-05    16    0.03    0.48    0.030018119812    2.58333333333    4
174    1562286927.35    1562286928.35    0.993564844131    256    0.4475    114.56    1.44106484413    5.05260416667    7
175    1562286928.43    1562286928.43    0.000200986862183    4    0.5984    2.3936    0.598600986862    1.5    2
176    1562286928.57    1562286928.56    -0.0110399723053    16    0.0432    0.6912    0.0321600276947    2.7    4
177    1562286928.75    1562286928.75    0.000187873840332    16    0.4263    6.8208    0.42648787384    2.7    4
178    1562286928.77    1562286928.77    0.000186920166016    16    0.03    0.48    0.030186920166    2.58333333333    4
179    1562286928.91    1562286928.94    0.0308442115784    64    0.1865    11.936    0.217344211578    3.93601190476    6
180    1562286929.76    1562286929.77    0.00677418708801    64    0.6889    44.0896    0.695674187088    3.93601190476    6
181    1562286930.42    1562286930.42    2.90870666504e-05    4    0.0526    0.2104    0.0526290870667    1.5    2
182    1562286931.24    1562286931.24    -0.00156402587891    16    0.8867    14.1872    0.885135974121    2.58333333333    4
183    1562286931.52    1562286931.52    0.000177145004272    16    0.4263    6.8208    0.426477145004    2.58333333333    4
184    1562286931.96    1562286932.98    1.02341890335    256    0.8087    207.0272    1.83211890335    5.01096813725    7
185    1562286932.13    1562286932.98    0.857797861099    4    0.0284    0.1136    0.886197861099    1.5    2
186    1562286932.83    1562286932.99    0.160494804382    16    0.0296    0.4736    0.190094804382    2.58333333333    4
187    1562286934.13    1562286934.13    0.000277996063232    16    0.8867    14.1872    0.886977996063    2.58333333333    4
188    1562286934.61    1562286934.6    -0.000532865524292    4    0.0526    0.2104    0.0520671344757    1.5    2
189    1562286935.22    1562286935.21    -0.0013530254364    4    1.1322    4.5288    1.13084697456    1.5    2
190    1562286935.51    1562286936.42    0.901463985443    256    0.4475    114.56    1.34896398544    4.98722426471    7
191    1562286936.62    1562286936.62    0.000178098678589    16    0.8867    14.1872    0.886878098679    2.58333333333    4
192    1562286936.81    1562286936.82    0.00482988357544    64    0.6889    44.0896    0.693729883575    4.01636904762    6
193    1562286937.79    1562286938.77    0.97932600975    256    0.7774    199.0144    1.75672600975    5.05260416667    7
194    1562286938.26    1562286938.78    0.516446113586    16    0.0099    0.1584    0.526346113586    2.6    4
195    1562286938.52    1562286939.9    1.38642406464    256    0.7774    199.0144    2.16382406464    5.16393995098    8
196    1562286938.9    1562286939.9    1.00802898407    4    0.6477    2.5908    1.65572898407    1.5    2
197    1562286939.15    1562286941.07    1.92757081985    256    0.4475    114.56    2.37507081985    5.08606004902    8
198    1562286939.26    1562286942.1    2.84620594978    256    0.7774    199.0144    3.62360594978    5.34712009804    8
199    1562286940.1    1562286942.11    2.00936198235    16    0.4263    6.8208    2.43566198235    2.58333333333    4

dispatched jobs are: 200 out of 200
average queue time is: 0.735663404465
fso links are used for 0 times
overall utilization is 0.06944995315987432
average response time is 1.11224290446
average weighted response time is 2.0453107974703166
average slowdown is 3.0138926143252585
cpu_request: 16856, cpu_run: 16856
ssd_request: 8852, ssd_run: 0
gpu_request: 8673, gpu_run: 0
cpu aspl: 3.29144067314
cpu diameter: 4.835
job x: 0.0
job y: 0.0
job z: 0.0
