#timestep  occupied-CPU  total-CPU  utilization  queuingjobs
1    11    1024    0.0107421875    1
2    84    1024    0.08203125    1
3    256    1024    0.25    5
4    8    1024    0.0078125    7
5    0    1024    0.0    11
6    0    1024    0.0    13
7    68    1024    0.06640625    10
8    4    1024    0.00390625    10
9    4    1024    0.00390625    7
10    48    1024    0.046875    0
11    64    1024    0.0625    0
12    0    1024    0.0    3
13    256    1024    0.25    8
14    315    1024    0.3076171875    6
15    0    1024    0.0    10
16    0    1024    0.0    13
17    256    1024    0.25    17
18    298    1024    0.291015625    14
19    272    1024    0.265625    15
20    256    1024    0.25    20
21    0    1024    0.0    18
22    0    1024    0.0    20
23    0    1024    0.0    21
24    320    1024    0.3125    22
25    260    1024    0.25390625    24
26    0    1024    0.0    29
27    0    1024    0.0    31
28    214    1024    0.208984375    34
29    240    1024    0.234375    38
30    256    1024    0.25    39
31    24    1024    0.0234375    36
32    256    1024    0.25    38
33    0    1024    0.0    40
34    0    1024    0.0    42
35    212    1024    0.20703125    42
36    256    1024    0.25    46
37    180    1024    0.17578125    41
38    0    1024    0.0    48
39    0    1024    0.0    53
40    97    1024    0.0947265625    47
41    260    1024    0.25390625    48
42    0    1024    0.0    50
43    96    1024    0.09375    49
44    207    1024    0.2021484375    52
45    416    1024    0.40625    45
46    0    1024    0.0    45
47    209    1024    0.2041015625    48
48    256    1024    0.25    53
49    20    1024    0.01953125    52
50    155    1024    0.1513671875    56
51    0    1024    0.0    60
52    0    1024    0.0    61
53    68    1024    0.06640625    62
54    0    1024    0.0    66
55    256    1024    0.25    70
56    80    1024    0.078125    74
57    0    1024    0.0    80
58    0    1024    0.0    81
59    0    1024    0.0    84
60    0    1024    0.0    88
61    0    1024    0.0    90
62    336    1024    0.328125    86
63    277    1024    0.2705078125    89
64    0    1024    0.0    93
65    0    1024    0.0    94
66    0    1024    0.0    96
67    256    1024    0.25    100
68    256    1024    0.25    101
69    256    1024    0.25    103
70    320    1024    0.3125    105
71    0    1024    0.0    111
72    16    1024    0.015625    109
73    436    1024    0.42578125    104
74    260    1024    0.25390625    104
75    4    1024    0.00390625    108
76    0    1024    0.0    110
77    4    1024    0.00390625    108
78    344    1024    0.3359375    107
79    4    1024    0.00390625    111
80    0    1024    0.0    114
81    0    1024    0.0    112
82    72    1024    0.0703125    108
83    288    1024    0.28125    107
84    0    1024    0.0    108
85    256    1024    0.25    111
86    0    1024    0.0    114
87    235    1024    0.2294921875    116
88    0    1024    0.0    115
89    384    1024    0.375    115
90    0    1024    0.0    116
91    4    1024    0.00390625    117
92    177    1024    0.1728515625    120
93    16    1024    0.015625    121
94    336    1024    0.328125    118
95    0    1024    0.0    123
96    0    1024    0.0    126
97    0    1024    0.0    129
98    64    1024    0.0625    131
99    256    1024    0.25    132
100    100    1024    0.09765625    129
101    344    1024    0.3359375    123
102    55    1024    0.0537109375    120
103    344    1024    0.3359375    112
104    384    1024    0.375    110
105    0    1024    0.0    113
106    0    1024    0.0    113
107    37    1024    0.0361328125    108
108    256    1024    0.25    112
109    256    1024    0.25    114
110    255    1024    0.2490234375    118
111    84    1024    0.08203125    111
112    256    1024    0.25    113
113    0    1024    0.0    117
114    0    1024    0.0    118
115    0    1024    0.0    119
116    0    1024    0.0    119
117    32    1024    0.03125    115
118    0    1024    0.0    118
119    256    1024    0.25    121
120    0    1024    0.0    124
121    340    1024    0.33203125    123
122    256    1024    0.25    128
123    256    1024    0.25    133
124    0    1024    0.0    136
125    0    1024    0.0    138
126    83    1024    0.0810546875    141
127    21    1024    0.0205078125    137
128    320    1024    0.3125    137
129    318    1024    0.310546875    139
130    101    1024    0.0986328125    131
131    256    1024    0.25    134
132    256    1024    0.25    140
133    256    1024    0.25    142
134    256    1024    0.25    144
135    64    1024    0.0625    147
136    0    1024    0.0    149
137    64    1024    0.0625    147
138    0    1024    0.0    149
139    355    1024    0.3466796875    151
140    0    1024    0.0    158
141    0    1024    0.0    160
142    267    1024    0.2607421875    160
143    305    1024    0.2978515625    156
144    0    1024    0.0    157
145    0    1024    0.0    160
146    4    1024    0.00390625    159
147    0    1024    0.0    161
148    0    1024    0.0    164
149    0    1024    0.0    167
150    260    1024    0.25390625    167
151    340    1024    0.33203125    167
152    68    1024    0.06640625    163
153    320    1024    0.3125    157
154    208    1024    0.203125    156
155    256    1024    0.25    155
156    0    1024    0.0    152
157    0    1024    0.0    151
158    168    1024    0.1640625    149
159    45    1024    0.0439453125    130
160    272    1024    0.265625    124
161    23    1024    0.0224609375    117
162    4    1024    0.00390625    113
163    0    1024    0.0    111
164    172    1024    0.16796875    110
165    202    1024    0.197265625    108
166    197    1024    0.1923828125    106
167    192    1024    0.1875    102
168    64    1024    0.0625    100
169    234    1024    0.228515625    95
170    332    1024    0.32421875    87
171    68    1024    0.06640625    79
172    256    1024    0.25    76
173    256    1024    0.25    75
174    284    1024    0.27734375    69
175    128    1024    0.125    64
176    256    1024    0.25    63
177    222    1024    0.216796875    62
178    256    1024    0.25    57
179    256    1024    0.25    56
180    272    1024    0.265625    53
181    256    1024    0.25    51
182    64    1024    0.0625    44
183    400    1024    0.390625    40
184    24    1024    0.0234375    37
185    260    1024    0.25390625    34
186    256    1024    0.25    30
187    336    1024    0.328125    27
188    0    1024    0.0    26
189    0    1024    0.0    25
190    0    1024    0.0    23
191    209    1024    0.2041015625    21
192    0    1024    0.0    19
193    77    1024    0.0751953125    9
194    111    1024    0.1083984375    8
195    336    1024    0.328125    3
196    272    1024    0.265625    0
197    0    1024    0.0    0

average cpu utilization is: 0.129104536802
average ssd utilization is: 0.0850204235406
average gpu utilization is: 0.0902750237944
average utilization is: 0.101466661379
average queuing jobs are: 85.5431472081
maximum queuing jobs are: 167


#job_number  submit  dispatch  queue  cpu#  runtime  weight  response(turnaround)  cpu_aspl  cpu_diameter
0    1562293205.38    1562293209.64    4.26658606529    64    0.0234    1.4976    4.28998606529    3.97619047619    6
1    1562293209.95    1562293209.95    5.29289245605e-05    16    0.7616    12.1856    0.761652928925    2.58333333333    4
2    1562293210.04    1562293210.06    0.0171630382538    64    0.1855    11.872    0.202663038254    3.96825396825    6
3    1562293210.17    1562293210.17    0.000213146209717    64    0.9446    60.4544    0.94481314621    3.96726190476    6
4    1562293210.19    1562293210.19    5.41210174561e-05    16    0.8805    14.088    0.880554121017    2.65    4
5    1562293210.42    1562293211.47    1.04641795158    256    0.6189    158.4384    1.66531795158    4.98069852941    8
6    1562293211.1    1562293212.69    1.58364796638    256    0.0177    4.5312    1.60134796638    5.21878063725    8
7    1562293211.12    1562293212.69    1.56749105453    4    0.5956    2.3824    2.16309105453    1.5    2
8    1562293211.47    1562293214.1    2.63260793686    256    0.0057    1.4592    2.63830793686    5.07356004902    8
9    1562293211.74    1562293215.34    3.59862017632    256    0.4221    108.0576    4.02072017632    5.11495098039    8
10    1562293211.82    1562293215.34    3.51537108421    4    0.0059    0.0236    3.52127108421    1.5    2
11    1562293212.03    1562293215.34    3.31204414368    16    0.4243    6.7888    3.73634414368    2.68333333333    4
12    1562293212.36    1562293215.35    2.98112487793    4    0.0522    0.2088    3.03332487793    1.5    2
13    1562293212.59    1562293215.42    2.83125305176    64    0.0125    0.8    2.84375305176    4.0560515873    6
14    1562293212.69    1562293215.42    2.73418903351    4    0.0522    0.2088    2.78638903351    1.5    2
15    1562293213.0    1562293215.43    2.42684197426    4    1.1283    4.5132    3.55514197426    1.5    2
16    1562293213.74    1562293215.51    1.76533603668    64    0.6779    43.3856    2.44323603668    4.23511904762    6
17    1562293213.84    1562293216.88    3.03850507736    256    0.0057    1.4592    3.04420507736    5.25116421569    8
18    1562293213.9    1562293216.88    2.9781191349    4    1.1283    4.5132    4.1064191349    1.5    2
19    1562293214.35    1562293216.88    2.532310009    4    0.0059    0.0236    2.538210009    1.5    2
20    1562293214.68    1562293216.98    2.29812908173    64    0.0125    0.8    2.31062908173    4.19345238095    6
21    1562293214.94    1562293216.99    2.04919600487    16    0.0098    0.1568    2.05899600487    2.575    4
22    1562293215.2    1562293217.08    1.88867282867    64    0.1855    11.872    2.07417282867    4.22966269841    6
23    1562293215.45    1562293217.09    1.63778209686    16    0.0297    0.4752    1.66748209686    2.575    4
24    1562293215.49    1562293217.19    1.70795202255    64    0.1855    11.872    1.89345202255    3.92063492063    6
25    1562293215.66    1562293217.2    1.53608489037    4    1.1283    4.5132    2.66438489037    1.5    2
26    1562293215.81    1562293217.2    1.38257098198    4    0.0284    0.1136    1.41097098198    1.5    2
27    1562293216.21    1562293217.2    0.992694139481    16    0.7616    12.1856    1.75429413948    2.56666666667    4
28    1562293216.26    1562293217.2    0.947747945786    4    0.6452    2.5808    1.59294794579    1.5    2
29    1562293216.46    1562293218.57    2.11049294472    256    0.0177    4.5312    2.12819294472    5.11050857843    8
30    1562293216.56    1562293218.57    2.01907801628    4    0.0059    0.0236    2.02497801628    1.5    2
31    1562293216.94    1562293218.65    1.70962500572    64    0.4167    26.6688    2.12632500572    4.15476190476    6
32    1562293217.52    1562293218.66    1.1357281208    16    0.4243    6.7888    1.5600281208    2.58333333333    4
33    1562293217.86    1562293218.66    0.799736022949    16    0.8805    14.088    1.68023602295    2.63333333333    4
34    1562293217.94    1562293218.73    0.787302970886    64    0.0055    0.352    0.792802970886    3.95783730159    6
35    1562293217.98    1562293218.74    0.7622590065    16    0.0297    0.4752    0.7919590065    2.58333333333    4
36    1562293218.33    1562293218.75    0.418695926666    16    0.8805    14.088    1.29919592667    2.58333333333    4
37    1562293218.4    1562293218.75    0.353750944138    4    0.0284    0.1136    0.382150944138    1.5    2
38    1562293218.61    1562293218.76    0.144255876541    16    0.0297    0.4752    0.173955876541    2.55    4
39    1562293218.65    1562293218.76    0.106006145477    4    0.0832    0.3328    0.189206145477    1.5    2
40    1562293218.96    1562293218.98    0.0177519321442    64    0.0055    0.352    0.0232519321442    4.03968253968    6
41    1562293219.06    1562293219.06    2.31266021729e-05    16    0.7616    12.1856    0.761623126602    2.58333333333    4
42    1562293219.78    1562293219.78    0.000187158584595    16    0.0429    0.6864    0.0430871585846    2.58333333333    4
43    1562293219.95    1562293219.95    0.000216960906982    16    0.0429    0.6864    0.043116960907    2.58333333333    4
44    1562293220.13    1562293220.13    -0.00478482246399    64    0.9446    60.4544    0.939815177536    3.97619047619    6
45    1562293220.85    1562293221.93    1.0855410099    256    0.6189    158.4384    1.7044410099    5.03226102941    7
46    1562293221.08    1562293223.18    2.09613394737    256    0.7528    192.7168    2.84893394737    5.08756127451    8
47    1562293221.26    1562293223.19    1.92881989479    16    0.8805    14.088    2.80931989479    2.58333333333    4
48    1562293221.77    1562293223.19    1.41772508621    16    0.0297    0.4752    1.44742508621    2.64166666667    4
49    1562293221.91    1562293223.26    1.35426998138    64    0.0055    0.352    1.35976998138    4.14087301587    6
50    1562293221.93    1562293223.26    1.3261590004    4    0.0059    0.0236    1.3320590004    1.5    2
51    1562293222.15    1562293223.27    1.12127780914    16    0.8805    14.088    2.00177780914    2.58333333333    4
52    1562293222.25    1562293223.28    1.02849316597    4    0.5956    2.3824    1.62409316597    1.5    2
53    1562293222.33    1562293224.55    2.21911406517    256    0.7528    192.7168    2.97191406517    5.18232230392    8
54    1562293222.66    1562293224.55    1.89858698845    16    0.4243    6.7888    2.32288698845    2.58333333333    4
55    1562293223.07    1562293225.82    2.75192379951    256    0.8    204.8    3.55192379951    5.32441789216    8
56    1562293223.25    1562293227.08    3.83205986023    256    0.4221    108.0576    4.25415986023    5.16580882353    8
57    1562293223.4    1562293227.09    3.68594408035    16    0.8805    14.088    4.56644408035    2.58333333333    4
58    1562293223.58    1562293227.1    3.51970410347    16    0.4243    6.7888    3.94400410347    2.575    4
59    1562293223.79    1562293227.1    3.30257296562    4    0.0284    0.1136    3.33097296562    1.5    2
60    1562293223.84    1562293227.1    3.2536008358    4    0.5956    2.3824    3.8492008358    1.5    2
61    1562293224.07    1562293227.1    3.02915382385    16    0.0285    0.456    3.05765382385    2.63333333333    4
62    1562293224.19    1562293227.11    2.91287302971    16    0.0285    0.456    2.94137302971    2.7    4
63    1562293224.97    1562293227.11    2.14098596573    16    0.4243    6.7888    2.56528596573    2.65    4
64    1562293225.0    1562293227.12    2.11422514915    16    0.0429    0.6864    2.15712514915    2.69166666667    4
65    1562293225.26    1562293228.37    3.1094558239    256    0.6189    158.4384    3.7283558239    5.31455269608    8
66    1562293225.33    1562293228.38    3.04772281647    16    0.8805    14.088    3.92822281647    2.58333333333    4
67    1562293225.36    1562293229.59    4.23064303398    256    0.6189    158.4384    4.84954303398    5.2571997549    8
68    1562293225.63    1562293229.67    4.04042100906    64    0.0125    0.8    4.05292100906    4.12748015873    6
69    1562293225.76    1562293229.68    3.9211268425    16    0.4243    6.7888    4.3454268425    2.58333333333    4
70    1562293226.14    1562293229.68    3.54919695854    16    0.7616    12.1856    4.31079695854    2.68333333333    4
71    1562293226.41    1562293229.75    3.34264993668    64    0.6779    43.3856    4.02054993668    4.11954365079    6
72    1562293226.57    1562293229.76    3.19015407562    4    0.0284    0.1136    3.21855407562    1.5    2
73    1562293226.65    1562293229.76    3.10813713074    4    0.0522    0.2088    3.16033713074    1.5    2
74    1562293226.69    1562293229.76    3.06541395187    4    0.0522    0.2088    3.11761395187    1.5    2
75    1562293226.75    1562293231.02    4.2697930336    256    0.8    204.8    5.0697930336    5.5465379902    8
76    1562293227.03    1562293232.23    5.19888997078    256    0.0057    1.4592    5.20458997078    5.32472426471    8
77    1562293227.12    1562293232.31    5.19559597969    64    0.0055    0.352    5.20109597969    4.21180555556    6
78    1562293227.14    1562293232.39    5.24546408653    64    0.0055    0.352    5.25096408653    3.97619047619    6
79    1562293227.6    1562293232.4    4.79633808136    16    0.0285    0.456    4.82483808136    2.58333333333    4
80    1562293228.16    1562293232.47    4.31402206421    64    0.0125    0.8    4.32652206421    3.97619047619    6
81    1562293228.37    1562293233.75    5.37861609459    256    0.7528    192.7168    6.13141609459    5.03226102941    7
82    1562293228.85    1562293233.76    4.90576004982    16    0.0297    0.4752    4.93546004982    2.58333333333    4
83    1562293229.02    1562293233.83    4.81264996529    64    0.6779    43.3856    5.49054996529    4.09325396825    6
84    1562293229.1    1562293235.14    6.03867697716    256    0.4221    108.0576    6.46077697716    5.16326593137    8
85    1562293229.23    1562293235.14    5.91227293015    4    0.5956    2.3824    6.50787293015    1.5    2
86    1562293229.42    1562293235.14    5.71759295464    4    0.0832    0.3328    5.80079295464    1.5    2
87    1562293229.59    1562293236.38    6.78433990479    256    0.4221    108.0576    7.20643990479    4.97184436275    8
88    1562293230.05    1562293236.38    6.33243203163    4    0.0832    0.3328    6.41563203163    1.5    2
89    1562293230.22    1562293236.38    6.15928697586    16    0.0098    0.1568    6.16908697586    2.61666666667    4
90    1562293230.34    1562293237.62    7.2755689621    256    0.7528    192.7168    8.0283689621    5.14034926471    8
91    1562293230.64    1562293238.82    8.17833685875    256    0.6189    158.4384    8.79723685875    5.1768995098    8
92    1562293230.68    1562293240.0    9.32397508621    256    0.6189    158.4384    9.94287508621    5.08167892157    8
93    1562293231.29    1562293240.01    8.71308207512    16    0.4243    6.7888    9.13738207512    2.58333333333    4
94    1562293231.55    1562293241.26    9.71347403526    256    0.0057    1.4592    9.71917403526    5.15557598039    8
95    1562293231.76    1562293241.26    9.5035238266    4    1.1283    4.5132    10.6318238266    1.5    2
96    1562293232.16    1562293241.27    9.10982179642    16    0.7616    12.1856    9.87142179642    2.58333333333    4
97    1562293232.29    1562293241.28    8.98525309563    16    0.0285    0.456    9.01375309563    2.66666666667    4
98    1562293232.39    1562293241.28    8.88705086708    4    0.0832    0.3328    8.97025086708    1.5    2
99    1562293232.46    1562293241.28    8.81816697121    4    0.5956    2.3824    9.41376697121    1.5    2
100    1562293232.71    1562293242.56    9.84758591652    256    0.8    204.8    10.6475859165    5.10995710784    7
101    1562293232.96    1562293242.57    9.6081840992    16    0.0098    0.1568    9.6179840992    2.58333333333    4
102    1562293233.24    1562293243.87    10.6279919147    256    0.0057    1.4592    10.6336919147    5.21461397059    8
103    1562293233.66    1562293243.95    10.2933471203    64    0.0234    1.4976    10.3167471203    4.11954365079    6
104    1562293233.97    1562293243.95    9.98633122444    4    0.0284    0.1136    10.0147312244    1.5    2
105    1562293234.19    1562293243.96    9.76694583893    16    0.4243    6.7888    10.1912458389    2.58333333333    4
106    1562293234.51    1562293245.16    10.6496388912    256    0.6189    158.4384    11.2685388912    5.09718137255    7
107    1562293234.56    1562293245.16    10.6055710316    16    0.0297    0.4752    10.6352710316    2.58333333333    4
108    1562293234.74    1562293245.17    10.4275250435    16    0.7616    12.1856    11.1891250435    2.65    4
109    1562293234.88    1562293245.17    10.2879738808    4    0.0284    0.1136    10.3163738808    1.5    2
110    1562293235.03    1562293245.17    10.1359231472    4    0.0059    0.0236    10.1418231472    1.5    2
111    1562293235.47    1562293245.18    9.703125    16    0.0098    0.1568    9.712925    2.58333333333    4
112    1562293235.59    1562293246.38    10.7839610577    256    0.8    204.8    11.5839610577    5.45634191176    8
113    1562293235.62    1562293247.61    11.9925169945    256    0.0057    1.4592    11.9982169945    5.29828431373    8
114    1562293235.87    1562293247.72    11.8468430042    64    0.9446    60.4544    12.7914430042    4.11061507937    6
115    1562293236.27    1562293247.72    11.4466669559    4    0.0284    0.1136    11.4750669559    1.5    2
116    1562293236.64    1562293247.73    11.0862939358    16    0.8805    14.088    11.9667939358    2.575    4
117    1562293236.88    1562293247.73    10.8559179306    16    0.4243    6.7888    11.2802179306    2.58333333333    4
118    1562293237.15    1562293247.73    10.584952116    4    0.6452    2.5808    11.230152116    1.5    2
119    1562293237.32    1562293247.85    10.5289831161    64    0.1855    11.872    10.7144831161    4.03720238095    6
120    1562293237.35    1562293247.85    10.5003230572    4    0.0059    0.0236    10.5062230572    1.5    2
121    1562293237.52    1562293247.86    10.3373360634    16    0.0285    0.456    10.3658360634    2.58333333333    4
122    1562293237.82    1562293247.86    10.0445330143    16    0.8805    14.088    10.9250330143    2.58333333333    4
123    1562293238.3    1562293249.11    10.8145489693    256    0.6189    158.4384    11.4334489693    5.12386642157    8
124    1562293238.38    1562293249.19    10.8060200214    64    0.0234    1.4976    10.8294200214    4.17609126984    6
125    1562293238.62    1562293250.45    11.825095892    256    0.0177    4.5312    11.842795892    5.10952818627    8
126    1562293238.79    1562293250.45    11.6600630283    4    0.6452    2.5808    12.3052630283    1.5    2
127    1562293238.85    1562293250.45    11.6039869785    16    0.0285    0.456    11.6324869785    2.68333333333    4
128    1562293239.18    1562293250.54    11.3625659943    64    0.4167    26.6688    11.7792659943    4.02430555556    6
129    1562293239.39    1562293250.54    11.1502490044    4    0.0832    0.3328    11.2334490044    1.5    2
130    1562293239.51    1562293250.61    11.09866786    64    0.0234    1.4976    11.12206786    3.9558531746    6
131    1562293240.0    1562293250.61    10.6065280437    4    0.0059    0.0236    10.6124280437    1.5    2
132    1562293240.16    1562293250.61    10.4565830231    16    0.8805    14.088    11.3370830231    2.58333333333    4
133    1562293240.63    1562293250.62    9.98997688293    16    0.7616    12.1856    10.7515768829    2.58333333333    4
134    1562293241.26    1562293250.7    9.43884897232    64    0.4167    26.6688    9.85554897232    3.96428571429    6
135    1562293241.34    1562293251.98    10.6424400806    256    0.8    204.8    11.4424400806    5.19286151961    8
136    1562293241.84    1562293251.98    10.1455378532    4    0.0059    0.0236    10.1514378532    1.5    2
137    1562293241.99    1562293251.98    9.99548888206    4    1.1283    4.5132    11.1237888821    1.5    2
138    1562293242.4    1562293252.06    9.66296195984    64    0.0125    0.8    9.67546195984    3.92757936508    6
139    1562293242.89    1562293252.15    9.25372409821    64    0.1855    11.872    9.43922409821    4.04563492063    6
140    1562293243.35    1562293252.15    8.80452108383    16    0.0429    0.6864    8.84742108383    2.58333333333    4
141    1562293243.55    1562293252.23    8.67943382263    64    0.0055    0.352    8.68493382263    3.91517857143    6
142    1562293243.87    1562293252.31    8.43694186211    64    0.0055    0.352    8.44244186211    3.97222222222    6
143    1562293243.95    1562293253.53    9.57845592499    256    0.0177    4.5312    9.59615592499    5.16268382353    8
144    1562293244.07    1562293253.54    9.46307086945    16    0.8805    14.088    10.3435708694    2.575    4
145    1562293244.27    1562293253.63    9.35236501694    64    0.9446    60.4544    10.2969650169    3.89533730159    6
146    1562293244.42    1562293253.69    9.27343177795    64    0.0234    1.4976    9.29683177795    4.03323412698    6
147    1562293244.66    1562293253.7    9.03655290604    16    0.4243    6.7888    9.46085290604    2.58333333333    4
148    1562293244.92    1562293253.71    8.78744506836    16    0.7616    12.1856    9.54904506836    2.58333333333    4
149    1562293245.08    1562293254.89    9.81053495407    256    0.4221    108.0576    10.2326349541    5.08360906863    8
150    1562293245.16    1562293254.89    9.73732686043    4    0.0284    0.1136    9.76572686043    1.5    2
151    1562293245.43    1562293254.89    9.46841001511    4    0.0522    0.2088    9.52061001511    1.5    2
152    1562293245.62    1562293256.15    10.5326969624    256    0.4221    108.0576    10.9547969624    5.12496936275    8
153    1562293245.76    1562293256.23    10.4657771587    64    0.9446    60.4544    11.4103771587    4.22817460317    6
154    1562293246.04    1562293256.23    10.1846811771    4    0.6452    2.5808    10.8298811771    1.5    2
155    1562293246.35    1562293256.23    9.8742082119    4    0.5956    2.3824    10.4698082119    1.5    2
156    1562293246.7    1562293256.23    9.53086709976    16    0.4243    6.7888    9.95516709976    2.65    4
157    1562293246.81    1562293256.23    9.41841292381    4    0.0059    0.0236    9.42431292381    1.5    2
158    1562293247.01    1562293256.23    9.22529196739    4    0.5956    2.3824    9.82089196739    1.5    2
159    1562293247.07    1562293256.24    9.17109322548    16    0.0297    0.4752    9.20079322548    2.58333333333    4
160    1562293247.2    1562293256.24    9.04494714737    4    0.0522    0.2088    9.09714714737    1.5    2
161    1562293247.43    1562293256.32    8.89144015312    64    0.1855    11.872    9.07694015312    4.20982142857    6
162    1562293247.57    1562293256.32    8.75358700752    4    0.5956    2.3824    9.34918700752    1.5    2
163    1562293247.85    1562293256.32    8.47890591621    4    0.0522    0.2088    8.53110591621    1.5    2
164    1562293248.03    1562293256.33    8.2962911129    16    0.0098    0.1568    8.3060911129    2.61666666667    4
165    1562293248.2    1562293256.42    8.22235202789    64    0.0125    0.8    8.23485202789    4.34722222222    6
166    1562293248.34    1562293256.42    8.0785369873    4    0.5956    2.3824    8.6741369873    1.5    2
167    1562293248.55    1562293256.42    7.87183189392    4    0.6452    2.5808    8.51703189392    1.5    2
168    1562293248.62    1562293256.51    7.88805508614    64    0.4167    26.6688    8.30475508614    4.36805555556    6
169    1562293248.79    1562293257.82    9.03123879433    256    0.8    204.8    9.83123879433    5.19837622549    8
170    1562293249.05    1562293257.83    8.78504085541    16    0.0429    0.6864    8.82794085541    2.63333333333    4
171    1562293249.3    1562293259.17    9.87411785126    256    0.7528    192.7168    10.6269178513    5.00606617647    8
172    1562293249.36    1562293259.18    9.81673407555    16    0.0098    0.1568    9.82653407555    2.58333333333    4
173    1562293249.61    1562293260.42    10.8111867905    256    0.0177    4.5312    10.8288867905    5.29424019608    8
174    1562293249.74    1562293260.5    10.7664630413    64    0.0234    1.4976    10.7898630413    4.13541666667    6
175    1562293250.0    1562293260.51    10.5080800056    16    0.4243    6.7888    10.9323800056    2.575    4
176    1562293250.02    1562293260.51    10.4832561016    4    1.1283    4.5132    11.6115561016    1.5    2
177    1562293250.13    1562293261.79    11.6517670155    256    0.0177    4.5312    11.6694670155    5.10104166667    7
178    1562293250.23    1562293261.86    11.6348459721    64    0.9446    60.4544    12.5794459721    3.9871031746    6
179    1562293250.45    1562293263.08    12.6281189919    256    0.7528    192.7168    13.3809189919    5.03226102941    7
180    1562293250.49    1562293263.08    12.5862648487    4    0.0832    0.3328    12.6694648487    1.5    2
181    1562293250.85    1562293263.09    12.2324090004    16    0.7616    12.1856    12.9940090004    2.58333333333    4
182    1562293251.16    1562293263.09    11.9268870354    4    0.0059    0.0236    11.9327870354    1.5    2
183    1562293251.38    1562293263.09    11.7050991058    4    0.0832    0.3328    11.7882991058    1.5    2
184    1562293251.53    1562293264.27    12.736301899    256    0.8    204.8    13.536301899    5.30125612745    8
185    1562293251.9    1562293264.27    12.3694529533    4    1.1283    4.5132    13.4977529533    1.5    2
186    1562293252.06    1562293264.34    12.2789461613    64    0.0234    1.4976    12.3023461613    3.98412698413    6
187    1562293252.29    1562293264.42    12.1316010952    64    0.4167    26.6688    12.5483010952    4.23908730159    6
188    1562293252.63    1562293264.48    11.8538401127    64    0.9446    60.4544    12.7984401127    3.98412698413    6
189    1562293252.72    1562293265.79    13.0735139847    256    0.0177    4.5312    13.0912139847    5.34960171569    8
190    1562293252.86    1562293267.06    14.203576088    256    0.4221    108.0576    14.625676088    5.13952205882    8
191    1562293252.99    1562293268.22    15.232793808    256    0.0177    4.5312    15.250493808    5.11648284314    8
192    1562293253.12    1562293268.31    15.1939809322    64    0.1855    11.872    15.3794809322    4.10317460317    6
193    1562293253.38    1562293268.32    14.9376111031    16    0.8805    14.088    15.8181111031    2.575    4
194    1562293253.58    1562293269.66    16.0890610218    256    0.8    204.8    16.8890610218    5.04871323529    8
195    1562293253.63    1562293269.67    16.0375819206    16    0.0297    0.4752    16.0672819206    2.58333333333    4
196    1562293254.08    1562293269.75    15.6692090034    64    0.4167    26.6688    16.0859090034    4.09375    6
197    1562293254.18    1562293271.05    16.8759789467    256    0.4221    108.0576    17.2980789467    5.10447303922    8
198    1562293254.38    1562293271.05    16.6734139919    4    0.0832    0.3328    16.7566139919    1.5    2
199    1562293254.51    1562293272.24    17.7266969681    256    0.4221    108.0576    18.1487969681    5.03612132353    7
200    1562293254.59    1562293273.53    18.9375200272    256    0.0177    4.5312    18.9552200272    5.08814338235    8
201    1562293254.75    1562293274.67    19.9241440296    256    0.7528    192.7168    20.6769440296    5.03216911765    7
202    1562293255.11    1562293274.68    19.5614850521    4    0.0059    0.0236    19.5673850521    1.5    2
203    1562293255.24    1562293274.75    19.5111980438    64    0.0055    0.352    19.5166980438    4.04265873016    6
204    1562293255.7    1562293274.83    19.1321730614    64    0.9446    60.4544    20.0767730614    4.31051587302    6
205    1562293255.84    1562293274.83    18.9935228825    16    0.8805    14.088    19.8740228825    2.58333333333    4
206    1562293256.04    1562293274.84    18.8022978306    16    0.0285    0.456    18.8307978306    2.58333333333    4
207    1562293256.15    1562293274.84    18.689759016    16    0.0429    0.6864    18.732659016    2.73333333333    4
208    1562293256.24    1562293276.07    19.8271529675    256    0.8    204.8    20.6271529675    5.34797794118    8
209    1562293256.27    1562293276.07    19.7999849319    16    0.0297    0.4752    19.8296849319    2.58333333333    4
210    1562293256.58    1562293276.08    19.495691061    16    0.0285    0.456    19.524191061    2.58333333333    4
211    1562293256.65    1562293276.08    19.4295768738    4    0.0832    0.3328    19.5127768738    1.5    2
212    1562293256.96    1562293276.09    19.124532938    16    0.0098    0.1568    19.134332938    2.55    4
213    1562293257.02    1562293276.09    19.0696628094    4    0.0284    0.1136    19.0980628094    1.5    2
214    1562293257.78    1562293277.33    19.5430760384    256    0.4221    108.0576    19.9651760384    5.22352941176    8
215    1562293257.91    1562293277.33    19.4244139194    16    0.0297    0.4752    19.4541139194    2.58333333333    4
216    1562293258.05    1562293278.52    20.4654350281    256    0.4221    108.0576    20.8875350281    5.30643382353    8
217    1562293258.37    1562293278.59    20.2234611511    64    0.6779    43.3856    20.9013611511    4.09771825397    6
218    1562293258.5    1562293279.86    21.3547101021    256    0.7528    192.7168    22.1075101021    5.21427696078    8
219    1562293258.72    1562293279.93    21.2108988762    64    0.0125    0.8    21.2233988762    3.97619047619    6
220    1562293258.89    1562293281.17    22.2747490406    256    0.8    204.8    23.0747490406    5.28321078431    8
221    1562293259.02    1562293281.17    22.1525108814    4    0.0522    0.2088    22.2047108814    1.5    2
222    1562293259.33    1562293281.17    21.8437139988    4    0.0522    0.2088    21.8959139988    1.5    2
223    1562293259.5    1562293281.18    21.6710550785    16    0.0285    0.456    21.6995550785    2.68333333333    4
224    1562293259.66    1562293282.38    22.7216899395    256    0.4221    108.0576    23.1437899395    5.30655637255    8
225    1562293259.76    1562293282.38    22.6166489124    4    0.0059    0.0236    22.6225489124    1.5    2
226    1562293259.99    1562293283.55    23.557806015    256    0.8    204.8    24.357806015    5.0396752451    7
227    1562293260.42    1562293283.55    23.1282031536    4    0.0832    0.3328    23.2114031536    1.5    2
228    1562293260.69    1562293283.63    22.9397649765    64    0.6779    43.3856    23.6176649765    4.20982142857    6
229    1562293260.95    1562293284.91    23.9535341263    256    0.0177    4.5312    23.9712341263    5.26139705882    8
230    1562293261.02    1562293284.91    23.8888888359    16    0.8805    14.088    24.7693888359    2.625    4
231    1562293261.56    1562293284.99    23.4327700138    64    0.0234    1.4976    23.4561700138    4.02926587302    6
232    1562293261.79    1562293285.0    23.2113909721    16    0.0429    0.6864    23.2542909721    2.58333333333    4
233    1562293261.85    1562293285.0    23.1511750221    16    0.0429    0.6864    23.1940750221    2.58333333333    4
234    1562293261.99    1562293285.08    23.0918560028    64    0.0055    0.352    23.0973560028    4.04017857143    6
235    1562293262.24    1562293286.3    24.056417942    256    0.6189    158.4384    24.675317942    5.04276960784    7
236    1562293262.43    1562293286.3    23.8699879646    16    0.4243    6.7888    24.2942879646    2.575    4
237    1562293262.81    1562293286.3    23.4920828342    4    0.6452    2.5808    24.1372828342    1.5    2
238    1562293262.87    1562293286.38    23.5107939243    64    0.9446    60.4544    24.4553939243    4.12053571429    6
239    1562293263.09    1562293286.39    23.3041069508    16    0.0098    0.1568    23.3139069508    2.58333333333    4
240    1562293263.32    1562293286.47    23.1501400471    64    0.4167    26.6688    23.5668400471    4.09771825397    6
241    1562293263.51    1562293286.47    22.9663341045    16    0.7616    12.1856    23.7279341045    2.58333333333    4
242    1562293263.75    1562293286.48    22.729020834    16    0.7616    12.1856    23.490620834    2.68333333333    4
243    1562293263.92    1562293286.49    22.5633711815    16    0.8805    14.088    23.4438711815    2.58333333333    4
244    1562293264.14    1562293287.73    23.5876610279    256    0.4221    108.0576    24.0097610279    5.44662990196    8
245    1562293264.42    1562293287.74    23.3195669651    16    0.0429    0.6864    23.3624669651    2.58333333333    4
246    1562293264.49    1562293287.74    23.2506570816    16    0.0429    0.6864    23.2935570816    2.575    4
247    1562293264.64    1562293287.85    23.2136781216    64    0.0055    0.352    23.2191781216    4.19196428571    6
248    1562293264.84    1562293287.85    23.0152130127    4    1.1283    4.5132    24.1435130127    1.5    2
249    1562293264.94    1562293289.03    24.0894360542    256    0.8    204.8    24.8894360542    5.29090073529    8
250    1562293265.07    1562293289.04    23.9680559635    16    0.0098    0.1568    23.9778559635    2.58333333333    4
251    1562293265.4    1562293289.04    23.640763998    16    0.4243    6.7888    24.065063998    2.54166666667    4
252    1562293265.69    1562293290.3    24.6054580212    256    0.4221    108.0576    25.0275580212    5.14347426471    8
253    1562293265.92    1562293290.3    24.3766310215    4    1.1283    4.5132    25.5049310215    1.5    2
254    1562293266.01    1562293290.3    24.2928049564    16    0.0285    0.456    24.3213049564    2.58333333333    4
255    1562293266.23    1562293290.38    24.1502058506    64    0.0125    0.8    24.1627058506    4.12748015873    6
256    1562293266.59    1562293290.45    23.8612630367    64    0.0234    1.4976    23.8846630367    4.10863095238    6
257    1562293266.97    1562293290.53    23.5562400818    64    0.0055    0.352    23.5617400818    4.12748015873    6
258    1562293267.06    1562293291.96    24.8935551643    256    0.7528    192.7168    25.6463551643    5.16587009804    8
259    1562293267.14    1562293291.97    24.8261499405    16    0.8805    14.088    25.7066499405    2.66666666667    4
260    1562293267.49    1562293292.07    24.5751080513    64    0.0055    0.352    24.5806080513    4.15972222222    6
261    1562293267.57    1562293292.16    24.5875191689    64    0.0125    0.8    24.6000191689    4.27232142857    6
262    1562293267.84    1562293292.17    24.3244249821    16    0.0297    0.4752    24.3541249821    2.6    4
263    1562293268.18    1562293292.17    23.9851381779    4    1.1283    4.5132    25.1134381779    1.5    2
264    1562293268.27    1562293293.4    25.1267690659    256    0.0057    1.4592    25.1324690659    5.19537377451    8
265    1562293268.31    1562293294.61    26.2969560623    256    0.6189    158.4384    26.9158560623    5.19669117647    8
266    1562293268.36    1562293294.61    26.2492179871    4    0.5956    2.3824    26.8448179871    1.5    2
267    1562293268.42    1562293294.62    26.1924140453    16    0.0098    0.1568    26.2022140453    2.68333333333    4
268    1562293268.7    1562293294.62    25.9212610722    16    0.4243    6.7888    26.3455610722    2.58333333333    4
269    1562293268.79    1562293294.7    25.9060540199    64    0.1855    11.872    26.0915540199    4.07787698413    6
270    1562293269.01    1562293295.96    26.9521229267    256    0.6189    158.4384    27.5710229267    5.1621629902    8
271    1562293269.15    1562293296.04    26.8874030113    64    0.6779    43.3856    27.5653030113    4.00744047619    6
272    1562293269.52    1562293296.04    26.5207269192    4    0.6452    2.5808    27.1659269192    1.5    2
273    1562293269.66    1562293296.04    26.3731770515    4    0.0284    0.1136    26.4015770515    1.5    2
274    1562293269.7    1562293296.04    26.3346750736    4    0.0522    0.2088    26.3868750736    1.5    2
275    1562293270.03    1562293296.04    26.0091559887    4    1.1283    4.5132    27.1374559887    1.5    2
276    1562293270.54    1562293296.04    25.4997661114    4    0.0284    0.1136    25.5281661114    1.5    2
277    1562293270.75    1562293297.19    26.4404799938    256    0.6189    158.4384    27.0593799938    5.33511029412    8
278    1562293270.85    1562293297.19    26.3465049267    16    0.7616    12.1856    27.1081049267    2.58333333333    4
279    1562293271.05    1562293297.19    26.1417820454    4    0.0522    0.2088    26.1939820454    1.5    2
280    1562293271.55    1562293297.2    25.6445901394    16    0.0429    0.6864    25.6874901394    2.68333333333    4
281    1562293271.61    1562293297.27    25.6661469936    64    0.0055    0.352    25.6716469936    4.11557539683    6
282    1562293271.91    1562293297.28    25.3726551533    16    0.8805    14.088    26.2531551533    2.65    4
283    1562293272.05    1562293298.55    26.4949808121    256    0.0177    4.5312    26.5126808121    5.32484681373    9
284    1562293272.24    1562293299.68    27.4418330193    256    0.6189    158.4384    28.0607330193    5.25428921569    8
285    1562293272.45    1562293299.69    27.2313408852    16    0.0285    0.456    27.2598408852    2.64166666667    4
286    1562293272.62    1562293299.69    27.0715391636    16    0.0429    0.6864    27.1144391636    2.63333333333    4
287    1562293272.87    1562293299.77    26.8992071152    64    0.6779    43.3856    27.5771071152    4.12896825397    6
288    1562293273.37    1562293299.84    26.4689970016    64    0.1855    11.872    26.6544970016    4.21924603175    6
289    1562293273.57    1562293301.03    27.4556548595    256    0.8    204.8    28.2556548595    5.38578431373    8
290    1562293274.06    1562293301.1    27.040127039    64    0.4167    26.6688    27.456827039    4.09325396825    6
291    1562293274.67    1562293301.17    26.4963738918    64    0.0125    0.8    26.5088738918    4.00446428571    6
292    1562293275.13    1562293302.44    27.3017599583    256    0.0177    4.5312    27.3194599583    5.2240502451    8
293    1562293275.15    1562293302.44    27.2857339382    4    0.0059    0.0236    27.2916339382    1.5    2
294    1562293275.2    1562293302.44    27.2380290031    4    0.0284    0.1136    27.2664290031    1.5    2
295    1562293275.44    1562293302.52    27.0826768875    64    0.0125    0.8    27.0951768875    4.07638888889    6
296    1562293275.55    1562293302.6    27.0448901653    64    0.0234    1.4976    27.0682901653    4.08382936508    6
297    1562293275.57    1562293303.78    28.2085678577    256    0.7528    192.7168    28.9613678577    5.0331495098    7
298    1562293275.72    1562293303.85    28.1359529495    64    0.4167    26.6688    28.5526529495    4.01488095238    6
299    1562293275.73    1562293303.86    28.1245040894    16    0.0285    0.456    28.1530040894    2.61666666667    4
300    1562293275.78    1562293303.94    28.1578719616    64    0.0234    1.4976    28.1812719616    4.19593253968    6
301    1562293276.04    1562293303.94    27.9078989029    16    0.4243    6.7888    28.3321989029    2.61666666667    4
302    1562293276.07    1562293303.94    27.8789088726    4    0.5956    2.3824    28.4745088726    1.5    2
303    1562293276.67    1562293303.95    27.2817869186    16    0.0098    0.1568    27.2915869186    2.63333333333    4
304    1562293276.87    1562293304.03    27.1580798626    64    0.4167    26.6688    27.5747798626    4.42063492063    6
305    1562293276.92    1562293304.04    27.1159660816    16    0.8805    14.088    27.9964660816    2.63333333333    4
306    1562293277.13    1562293305.28    28.1526279449    256    0.0057    1.4592    28.1583279449    5.38434436275    8
307    1562293277.34    1562293305.28    27.9460809231    4    0.0832    0.3328    28.0292809231    1.5    2
308    1562293278.26    1562293305.28    27.0232260227    4    1.1283    4.5132    28.1515260227    1.5    2
309    1562293278.36    1562293306.43    28.0745139122    256    0.6189    158.4384    28.6934139122    5.0775122549    8
310    1562293278.59    1562293307.55    28.9595990181    256    0.4221    108.0576    29.3816990181    5.02273284314    8
311    1562293278.76    1562293307.56    28.8008909225    16    0.8805    14.088    29.6813909225    2.68333333333    4
312    1562293278.94    1562293308.82    29.8842260838    256    0.8    204.8    30.6842260838    5.28238357843    8
313    1562293279.16    1562293308.9    29.739798069    64    0.0125    0.8    29.752298069    4.16716269841    6
314    1562293279.51    1562293308.91    29.4016139507    16    0.4243    6.7888    29.8259139507    2.58333333333    4
315    1562293279.86    1562293308.91    29.0560760498    16    0.0285    0.456    29.0845760498    2.7    4
316    1562293279.94    1562293308.92    28.980479002    16    0.0098    0.1568    28.990279002    2.68333333333    4
317    1562293280.09    1562293309.0    28.9115691185    64    0.6779    43.3856    29.5894691185    4.16716269841    6
318    1562293280.31    1562293310.32    30.0107221603    256    0.7528    192.7168    30.7635221603    5.45116421569    8
319    1562293280.4    1562293310.32    29.926995039    4    0.5956    2.3824    30.522595039    1.5    2
320    1562293280.62    1562293310.32    29.7002649307    4    0.0832    0.3328    29.7834649307    1.5    2
321    1562293280.66    1562293311.58    30.9271829128    256    0.7528    192.7168    31.6799829128    5.13618259804    8
322    1562293281.17    1562293311.59    30.4212298393    16    0.4243    6.7888    30.8455298393    2.61666666667    4
323    1562293281.47    1562293311.59    30.1163730621    4    0.0522    0.2088    30.1685730621    1.5    2
324    1562293281.54    1562293312.85    31.307849884    256    0.0177    4.5312    31.325549884    5.10272671569    8
325    1562293281.9    1562293312.85    30.9480969906    16    0.4243    6.7888    31.3723969906    2.575    4
326    1562293282.11    1562293312.93    30.8159310818    64    0.6779    43.3856    31.4938310818    4.27331349206    6
327    1562293282.37    1562293314.1    31.7217080593    256    0.7528    192.7168    32.4745080593    5.08887867647    8
328    1562293282.61    1562293314.1    31.4919278622    4    0.0522    0.2088    31.5441278622    1.5    2
329    1562293282.82    1562293315.28    32.4609999657    256    0.0177    4.5312    32.4786999657    5.09396446078    8
330    1562293283.0    1562293315.28    32.2831130028    4    0.0059    0.0236    32.2890130028    1.5    2
331    1562293283.41    1562293315.29    31.8750998974    4    0.5956    2.3824    32.4706998974    1.5    2
332    1562293283.55    1562293315.36    31.8116950989    64    0.6779    43.3856    32.4895950989    4.09672619048    6
333    1562293283.63    1562293315.37    31.7372570038    16    0.0285    0.456    31.7657570038    2.58333333333    4
334    1562293283.84    1562293315.37    31.5277650356    16    0.8805    14.088    32.4082650356    2.58333333333    4
335    1562293283.99    1562293315.38    31.3843438625    16    0.7616    12.1856    32.1459438625    2.56666666667    4
336    1562293284.15    1562293316.54    32.3955628872    256    0.6189    158.4384    33.0144628872    4.99892769608    8
337    1562293284.31    1562293316.55    32.2357158661    16    0.0297    0.4752    32.2654158661    2.58333333333    4
338    1562293284.39    1562293316.62    32.226817131    64    0.6779    43.3856    32.904717131    4.16666666667    6
339    1562293284.68    1562293316.62    31.9411180019    4    0.0059    0.0236    31.9470180019    1.5    2
340    1562293284.84    1562293316.62    31.7802009583    4    0.0832    0.3328    31.8634009583    1.5    2
341    1562293285.04    1562293316.62    31.5798070431    4    0.5956    2.3824    32.1754070431    1.5    2
342    1562293285.26    1562293316.63    31.3665981293    16    0.8805    14.088    32.2470981293    2.68333333333    4
343    1562293285.72    1562293316.63    30.9096300602    16    0.0297    0.4752    30.9393300602    2.58333333333    4
344    1562293286.19    1562293316.63    30.4384930134    4    0.0284    0.1136    30.4668930134    1.5    2
345    1562293286.38    1562293316.63    30.2489449978    4    0.0284    0.1136    30.2773449978    1.5    2
346    1562293286.68    1562293316.63    29.951967001    4    0.0059    0.0236    29.957867001    1.5    2
347    1562293286.82    1562293316.63    29.8172228336    4    0.0059    0.0236    29.8231228336    1.5    2
348    1562293287.08    1562293316.72    29.6420099735    64    0.0234    1.4976    29.6654099735    4.29017857143    6
349    1562293287.26    1562293316.8    29.5381200314    64    0.4167    26.6688    29.9548200314    4.37748015873    6
350    1562293287.67    1562293316.8    29.1286561489    4    0.5956    2.3824    29.7242561489    1.5    2
351    1562293287.73    1562293316.8    29.0657479763    4    0.0832    0.3328    29.1489479763    1.5    2
352    1562293287.85    1562293316.87    29.0186390877    64    0.1855    11.872    29.2041390877    4.21676587302    6
353    1562293288.57    1562293316.87    28.3038489819    16    0.0297    0.4752    28.3335489819    2.61666666667    4
354    1562293288.75    1562293316.88    28.1293721199    16    0.0098    0.1568    28.1391721199    2.68333333333    4
355    1562293288.88    1562293316.88    28.0037519932    4    0.0522    0.2088    28.0559519932    1.5    2
356    1562293288.99    1562293316.88    27.8942987919    4    0.6452    2.5808    28.5394987919    1.5    2
357    1562293289.08    1562293318.2    29.1170520782    256    0.6189    158.4384    29.7359520782    5.57628676471    9
358    1562293289.39    1562293318.2    28.8157129288    16    0.0297    0.4752    28.8454129288    2.58333333333    4
359    1562293289.48    1562293318.27    28.789730072    64    0.0055    0.352    28.795230072    3.9558531746    6
360    1562293289.73    1562293318.28    28.5437231064    16    0.0098    0.1568    28.5535231064    2.58333333333    4
361    1562293289.88    1562293318.29    28.4089431763    16    0.0297    0.4752    28.4386431763    2.58333333333    4
362    1562293290.29    1562293318.36    28.0665819645    64    0.0234    1.4976    28.0899819645    3.9558531746    6
363    1562293290.3    1562293318.36    28.059830904    4    0.0284    0.1136    28.088230904    1.5    2
364    1562293290.38    1562293318.37    27.9925410748    16    0.4243    6.7888    28.4168410748    2.58333333333    4
365    1562293290.75    1562293318.37    27.6244850159    4    0.6452    2.5808    28.2696850159    1.5    2
366    1562293291.44    1562293318.37    26.9298858643    4    0.5956    2.3824    27.5254858643    1.5    2
367    1562293291.71    1562293318.45    26.7388179302    64    0.4167    26.6688    27.1555179302    4.38293650794    6
368    1562293291.78    1562293318.46    26.6736688614    16    0.0429    0.6864    26.7165688614    2.58333333333    4
369    1562293291.96    1562293319.58    27.6264321804    256    0.4221    108.0576    28.0485321804    5.15459558824    8
370    1562293292.12    1562293319.66    27.5426781178    64    0.0234    1.4976    27.5660781178    4.1314484127    6
371    1562293292.39    1562293319.73    27.3410930634    64    0.6779    43.3856    28.0189930634    4.19791666667    6
372    1562293292.56    1562293319.74    27.1752290726    4    0.0284    0.1136    27.2036290726    1.5    2
373    1562293292.73    1562293319.8    27.0743348598    64    0.9446    60.4544    28.0189348598    4.43948412698    6
374    1562293292.78    1562293320.99    28.2127590179    256    0.8    204.8    29.0127590179    5.30955882353    8
375    1562293293.33    1562293321.07    27.7414200306    64    0.0125    0.8    27.7539200306    3.9558531746    6
376    1562293293.78    1562293321.07    27.2842569351    4    0.0522    0.2088    27.3364569351    1.5    2
377    1562293294.31    1562293322.24    27.9293808937    256    0.0057    1.4592    27.9350808937    5.29080882353    8
378    1562293294.51    1562293322.25    27.7337479591    4    1.1283    4.5132    28.8620479591    1.5    2
379    1562293294.61    1562293322.32    27.7100741863    64    0.6779    43.3856    28.3879741863    3.9558531746    6
380    1562293294.82    1562293322.32    27.4993021488    16    0.0297    0.4752    27.5290021488    2.575    4
381    1562293295.21    1562293322.32    27.1161768436    4    0.6452    2.5808    27.7613768436    1.5    2
382    1562293295.96    1562293322.4    26.436882019    64    0.6779    43.3856    27.114782019    4.0625    6
383    1562293296.42    1562293322.4    25.9794399738    4    0.6452    2.5808    26.6246399738    1.5    2
384    1562293296.66    1562293322.4    25.7419681549    4    0.0284    0.1136    25.7703681549    1.5    2
385    1562293296.91    1562293322.48    25.5681300163    64    0.6779    43.3856    26.2460300163    4.02827380952    6
386    1562293297.0    1562293322.48    25.4761309624    4    0.5956    2.3824    26.0717309624    1.5    2
387    1562293297.27    1562293323.68    26.4064078331    256    0.7528    192.7168    27.1592078331    5.11452205882    8
388    1562293297.62    1562293324.85    27.2322049141    256    0.4221    108.0576    27.6543049141    5.30753676471    8
389    1562293297.81    1562293325.97    28.1576769352    256    0.4221    108.0576    28.5797769352    5.19102328431    8
390    1562293297.86    1562293327.05    29.1910469532    256    0.0177    4.5312    29.2087469532    5.04620098039    8
391    1562293298.56    1562293327.05    28.4968578815    4    0.0284    0.1136    28.5252578815    1.5    2
392    1562293298.97    1562293327.06    28.0856688023    16    0.8805    14.088    28.9661688023    2.68333333333    4
393    1562293299.53    1562293327.13    27.6009740829    64    0.0234    1.4976    27.6243740829    4.15525793651    6
394    1562293299.68    1562293327.13    27.4533419609    4    0.5956    2.3824    28.0489419609    1.5    2
395    1562293299.71    1562293327.21    27.4911730289    64    0.4167    26.6688    27.9078730289    4.05505952381    6
396    1562293299.76    1562293327.27    27.511439085    64    0.0234    1.4976    27.534839085    3.94146825397    6
397    1562293299.77    1562293327.27    27.4997589588    16    0.0098    0.1568    27.5095589588    2.58333333333    4
398    1562293300.18    1562293328.45    28.2688210011    256    0.0057    1.4592    28.2745210011    5.12022058824    8
399    1562293300.31    1562293328.45    28.1383521557    4    0.0059    0.0236    28.1442521557    1.5    2
400    1562293300.47    1562293328.46    27.9872698784    16    0.0429    0.6864    28.0301698784    2.575    4
401    1562293300.64    1562293329.65    29.0063500404    256    0.7528    192.7168    29.7591500404    5.03682598039    7
402    1562293300.78    1562293330.79    30.0165331364    256    0.0177    4.5312    30.0342331364    5.12931985294    8
403    1562293301.03    1562293330.8    29.7659900188    4    0.5956    2.3824    30.3615900188    1.5    2
404    1562293301.1    1562293332.03    30.9290728569    256    0.0057    1.4592    30.9347728569    5.24629289216    8
405    1562293301.39    1562293332.11    30.7240169048    64    0.0055    0.352    30.7295169048    4.22222222222    6
406    1562293301.54    1562293333.26    31.7271921635    256    0.0177    4.5312    31.7448921635    5.12815563725    8
407    1562293301.85    1562293333.27    31.4214849472    16    0.0285    0.456    31.4499849472    2.58333333333    4
408    1562293302.31    1562293333.27    30.9618728161    16    0.4243    6.7888    31.3861728161    2.6    4
409    1562293302.44    1562293333.28    30.8388910294    4    1.1283    4.5132    31.9671910294    1.5    2
410    1562293302.86    1562293333.28    30.415596962    16    0.7616    12.1856    31.177196962    2.6    4
411    1562293302.95    1562293333.28    30.3312160969    4    1.1283    4.5132    31.4595160969    1.5    2
412    1562293303.17    1562293333.36    30.1853880882    64    0.0055    0.352    30.1908880882    4.15674603175    6
413    1562293303.34    1562293333.36    30.0245821476    16    0.0285    0.456    30.0530821476    2.58333333333    4
414    1562293303.78    1562293333.37    29.586920023    4    1.1283    4.5132    30.715220023    1.5    2
415    1562293303.9    1562293333.44    29.5361380577    64    0.0055    0.352    29.5416380577    4.08531746032    6
416    1562293304.04    1562293333.45    29.4090690613    16    0.7616    12.1856    30.1706690613    2.58333333333    4
417    1562293304.14    1562293333.45    29.3052959442    4    1.1283    4.5132    30.4335959442    1.5    2
418    1562293304.28    1562293334.61    30.3338060379    256    0.0177    4.5312    30.3515060379    5.1949754902    8
419    1562293304.54    1562293335.76    31.2220358849    256    0.7528    192.7168    31.9748358849    5.32723651961    8
420    1562293304.63    1562293335.83    31.2001030445    64    0.1855    11.872    31.3856030445    4.16121031746    6
421    1562293304.93    1562293335.89    30.9602620602    64    0.0055    0.352    30.9657620602    4.08283730159    6
422    1562293305.11    1562293337.15    32.0432939529    256    0.0177    4.5312    32.0609939529    5.29359681373    8
423    1562293305.28    1562293338.24    32.9584960938    256    0.4221    108.0576    33.3805960938    5.04954044118    8
424    1562293305.33    1562293338.25    32.9179480076    16    0.0285    0.456    32.9464480076    2.65    4
425    1562293305.99    1562293338.25    32.2575249672    16    0.8805    14.088    33.1380249672    2.58333333333    4
426    1562293306.36    1562293338.32    31.9662110806    64    0.6779    43.3856    32.6441110806    4.08779761905    6
427    1562293306.84    1562293338.33    31.4881820679    4    0.0284    0.1136    31.5165820679    1.5    2
428    1562293307.05    1562293338.33    31.2797148228    4    0.6452    2.5808    31.9249148228    1.5    2
429    1562293307.1    1562293339.47    32.3669469357    256    0.7528    192.7168    33.1197469357    5.21335784314    8
430    1562293307.13    1562293340.66    33.5312180519    256    0.8    204.8    34.3312180519    5.01029411765    7
431    1562293307.69    1562293341.8    34.1079859734    256    0.8    204.8    34.9079859734    5.10441176471    8
432    1562293307.99    1562293342.97    34.9825940132    256    0.8    204.8    35.7825940132    5.03069852941    7
433    1562293308.91    1562293344.14    35.2333109379    256    0.0177    4.5312    35.2510109379    5.10603553922    8
434    1562293309.03    1562293344.22    35.185762167    64    0.0055    0.352    35.191262167    3.97619047619    6
435    1562293309.23    1562293344.22    34.9935350418    16    0.0098    0.1568    35.0033350418    2.58333333333    4
436    1562293309.32    1562293344.3    34.9828920364    64    0.4167    26.6688    35.3995920364    3.99652777778    6
437    1562293309.68    1562293344.31    34.626404047    16    0.8805    14.088    35.506904047    2.58333333333    4
438    1562293309.89    1562293344.32    34.4233369827    16    0.0098    0.1568    34.4331369827    2.58333333333    4
439    1562293309.97    1562293344.32    34.3423681259    4    0.0284    0.1136    34.3707681259    1.5    2
440    1562293310.23    1562293344.32    34.0834579468    4    0.6452    2.5808    34.7286579468    1.5    2
441    1562293310.79    1562293344.32    33.5321240425    4    0.5956    2.3824    34.1277240425    1.5    2
442    1562293310.93    1562293344.32    33.3903899193    16    0.0297    0.4752    33.4200899193    2.58333333333    4
443    1562293311.02    1562293345.58    34.5562589169    256    0.8    204.8    35.3562589169    5.15275735294    8
444    1562293311.09    1562293345.65    34.5632531643    64    0.0055    0.352    34.5687531643    4.12599206349    6
445    1562293311.2    1562293345.65    34.4524979591    4    0.0522    0.2088    34.5046979591    1.5    2
446    1562293311.33    1562293345.65    34.3263039589    4    0.0059    0.0236    34.3322039589    1.5    2
447    1562293311.81    1562293345.65    33.8420090675    4    0.0522    0.2088    33.8942090675    1.5    2
448    1562293311.99    1562293345.66    33.6637840271    4    0.0284    0.1136    33.6921840271    1.5    2
449    1562293312.15    1562293345.74    33.589993    64    0.4167    26.6688    34.006693    4.15327380952    6
450    1562293312.38    1562293346.95    34.5692491531    256    0.6189    158.4384    35.1881491531    5.35242034314    8
451    1562293312.4    1562293346.95    34.5493450165    4    0.0832    0.3328    34.6325450165    1.5    2
452    1562293312.53    1562293347.03    34.4944469929    64    0.0055    0.352    34.4999469929    4.15029761905    6
453    1562293312.85    1562293347.03    34.1834139824    4    0.5956    2.3824    34.7790139824    1.5    2
454    1562293312.9    1562293347.13    34.2282860279    64    0.0055    0.352    34.2337860279    4.21378968254    6
455    1562293313.12    1562293347.13    34.0150258541    16    0.8805    14.088    34.8955258541    2.675    4
456    1562293313.32    1562293347.21    33.8910629749    64    0.0234    1.4976    33.9144629749    4.15029761905    6
457    1562293313.6    1562293347.21    33.6147670746    16    0.7616    12.1856    34.3763670746    2.63333333333    4
458    1562293313.79    1562293347.22    33.4275860786    16    0.0098    0.1568    33.4373860786    2.68333333333    4
459    1562293314.1    1562293347.22    33.1269841194    16    0.8805    14.088    34.0074841194    2.58333333333    4
460    1562293314.61    1562293347.23    32.6223268509    16    0.8805    14.088    33.5028268509    2.65833333333    4
461    1562293314.86    1562293347.3    32.4399859905    64    0.9446    60.4544    33.3845859905    4.3621031746    6
462    1562293315.02    1562293347.31    32.2895789146    4    1.1283    4.5132    33.4178789146    1.5    2
463    1562293315.05    1562293347.37    32.3286039829    64    0.0055    0.352    32.3341039829    4.1369047619    6
464    1562293315.1    1562293347.38    32.2750511169    4    0.0284    0.1136    32.3034511169    1.5    2
465    1562293315.73    1562293347.38    31.6500499249    16    0.0098    0.1568    31.6598499249    2.7    4
466    1562293315.83    1562293347.38    31.5511698723    4    0.0522    0.2088    31.6033698723    1.5    2
467    1562293315.89    1562293347.39    31.4944238663    16    0.0429    0.6864    31.5373238663    2.48333333333    4
468    1562293316.27    1562293347.4    31.1253380775    16    0.7616    12.1856    31.8869380775    2.65    4
469    1562293316.46    1562293348.67    32.210395813    256    0.7528    192.7168    32.963195813    5.38823529412    8
470    1562293316.68    1562293348.68    32.003608942    16    0.4243    6.7888    32.427908942    2.58333333333    4
471    1562293316.85    1562293349.86    33.0091691017    256    0.8    204.8    33.8091691017    5.09620098039    8
472    1562293316.96    1562293351.0    34.0384998322    256    0.8    204.8    34.8384998322    5.26228553922    8
473    1562293317.06    1562293351.07    34.0078620911    64    0.0234    1.4976    34.0312620911    4.08531746032    6
474    1562293317.21    1562293351.07    33.8577170372    16    0.0098    0.1568    33.8675170372    2.7    4
475    1562293317.29    1562293352.27    34.9879181385    256    0.0177    4.5312    35.0056181385    5.25055147059    8
476    1562293317.55    1562293352.36    34.8073461056    64    0.0125    0.8    34.8198461056    4.06349206349    6
477    1562293318.2    1562293352.36    34.1609370708    4    0.0522    0.2088    34.2131370708    1.5    2
478    1562293318.53    1562293352.36    33.8273220062    4    0.0284    0.1136    33.8557220062    1.5    2
479    1562293318.71    1562293352.44    33.7238631248    64    0.9446    60.4544    34.6684631248    3.9494047619    6
480    1562293318.81    1562293352.51    33.6998529434    64    0.0125    0.8    33.7123529434    3.97619047619    6
481    1562293318.98    1562293353.72    34.7339069843    256    0.4221    108.0576    35.1560069843    5.07414215686    8
482    1562293319.66    1562293353.72    34.0568871498    4    0.0832    0.3328    34.1400871498    1.5    2
483    1562293319.82    1562293353.79    33.9728410244    64    0.1855    11.872    34.1583410244    4.11011904762    6
484    1562293320.19    1562293353.79    33.6003170013    4    0.0284    0.1136    33.6287170013    1.5    2
485    1562293320.71    1562293355.01    34.2973160744    256    0.0177    4.5312    34.3150160744    5.27208946078    8
486    1562293320.99    1562293355.08    34.0902481079    64    0.6779    43.3856    34.7681481079    4.31448412698    6
487    1562293321.69    1562293355.15    33.459430933    64    0.0234    1.4976    33.482830933    4.0183531746    6
488    1562293321.81    1562293355.15    33.3400189877    4    0.0284    0.1136    33.3684189877    1.5    2
489    1562293321.93    1562293356.24    34.3134460449    256    0.0057    1.4592    34.3191460449    5.05931372549    8
490    1562293322.27    1562293357.31    35.033643961    256    0.6189    158.4384    35.652543961    5.19074754902    8
491    1562293322.63    1562293357.38    34.7558507919    64    0.6779    43.3856    35.4337507919    4.14781746032    6
492    1562293322.8    1562293357.46    34.6596839428    64    0.1855    11.872    34.8451839428    4.0119047619    6
493    1562293323.16    1562293358.74    35.5789690018    256    0.8    204.8    36.3789690018    5.45471813725    9
494    1562293323.17    1562293358.74    35.5683619976    4    0.5956    2.3824    36.1639619976    1.5    2
495    1562293323.4    1562293358.75    35.3486349583    16    0.0285    0.456    35.3771349583    2.58333333333    4
496    1562293323.48    1562293358.75    35.2710850239    16    0.0429    0.6864    35.3139850239    2.68333333333    4
497    1562293323.68    1562293358.76    35.0779981613    16    0.4243    6.7888    35.5022981613    2.58333333333    4
498    1562293323.93    1562293360.02    36.0854649544    256    0.8    204.8    36.8854649544    5.22270220588    8
499    1562293324.18    1562293360.02    35.8467979431    16    0.7616    12.1856    36.6083979431    2.58333333333    4
500    1562293324.43    1562293360.03    35.5925359726    16    0.7616    12.1856    36.3541359726    2.68333333333    4
501    1562293324.85    1562293360.1    35.2536220551    64    0.0125    0.8    35.2661220551    4.0808531746    6
502    1562293325.23    1562293360.11    34.8783509731    16    0.0098    0.1568    34.8881509731    2.58333333333    4
503    1562293325.43    1562293360.11    34.6821520329    4    0.5956    2.3824    35.2777520329    1.5    2
504    1562293325.75    1562293361.31    35.5646579266    256    0.8    204.8    36.3646579266    5.12138480392    8
505    1562293325.97    1562293361.31    35.3485269547    4    0.5956    2.3824    35.9441269547    1.5    2
506    1562293326.18    1562293361.32    35.1393158436    16    0.7616    12.1856    35.9009158436    2.58333333333    4
507    1562293326.24    1562293361.32    35.0804190636    16    0.4243    6.7888    35.5047190636    2.58333333333    4
508    1562293327.17    1562293361.32    34.1548709869    4    0.0284    0.1136    34.1832709869    1.5    2
509    1562293327.69    1562293361.33    33.6400589943    4    0.6452    2.5808    34.2852589943    1.5    2
510    1562293327.96    1562293361.4    33.4400000572    64    0.4167    26.6688    33.8567000572    4.07291666667    6
511    1562293328.24    1562293361.48    33.2375929356    64    0.1855    11.872    33.4230929356    4.07886904762    6
512    1562293328.46    1562293361.48    33.0210528374    4    0.0284    0.1136    33.0494528374    1.5    2
513    1562293328.51    1562293362.73    34.2173249722    256    0.0057    1.4592    34.2230249722    5.34056372549    8
514    1562293328.61    1562293362.73    34.1163110733    4    0.0832    0.3328    34.1995110733    1.5    2
515    1562293329.07    1562293363.91    34.8433139324    256    0.0057    1.4592    34.8490139324    5.24295343137    8
516    1562293329.36    1562293363.91    34.5533201694    16    0.0098    0.1568    34.5631201694    2.66666666667    4
517    1562293329.46    1562293363.92    34.4565150738    4    1.1283    4.5132    35.5848150738    1.5    2
518    1562293329.67    1562293363.93    34.2511098385    16    0.7616    12.1856    35.0127098385    2.68333333333    4
519    1562293330.15    1562293363.93    33.7781288624    4    0.5956    2.3824    34.3737288624    1.5    2
520    1562293331.05    1562293365.11    34.0591869354    256    0.7528    192.7168    34.8119869354    4.97990196078    7
521    1562293331.41    1562293366.27    34.8642191887    256    0.0177    4.5312    34.8819191887    5.11292892157    8
522    1562293331.8    1562293367.5    35.6998968124    256    0.0177    4.5312    35.7175968124    4.97953431373    7
523    1562293332.16    1562293367.58    35.4202389717    64    0.1855    11.872    35.6057389717    4.11011904762    6
524    1562293333.0    1562293367.58    34.5842349529    4    0.0059    0.0236    34.5901349529    1.5    2
525    1562293333.26    1562293368.74    35.4804770947    256    0.7528    192.7168    36.2332770947    4.9821997549    7
526    1562293333.4    1562293368.75    35.345952034    4    0.5956    2.3824    35.941552034    1.5    2
527    1562293333.58    1562293368.75    35.1688408852    4    0.0522    0.2088    35.2210408852    1.5    2
528    1562293333.69    1562293369.97    36.2816779613    256    0.6189    158.4384    36.9005779613    5.01590073529    8
529    1562293333.81    1562293369.98    36.1637260914    16    0.8805    14.088    37.0442260914    2.58333333333    4
530    1562293334.0    1562293369.98    35.9720840454    4    1.1283    4.5132    37.1003840454    1.5    2
531    1562293334.07    1562293369.98    35.9045329094    4    0.0284    0.1136    35.9329329094    1.5    2
532    1562293334.21    1562293370.05    35.8408091068    64    0.9446    60.4544    36.7854091068    4.0753968254    6
533    1562293334.55    1562293371.21    36.6631658077    256    0.0177    4.5312    36.6808658077    5.42650122549    8
534    1562293334.61    1562293371.22    36.6074151993    4    1.1283    4.5132    37.7357151993    1.5    2
535    1562293334.67    1562293371.3    36.6264359951    64    0.6779    43.3856    37.3043359951    4.13591269841    6
536    1562293335.18    1562293371.3    36.1238820553    16    0.0098    0.1568    36.1336820553    2.58333333333    4
537    1562293335.53    1562293372.39    36.8535559177    256    0.7528    192.7168    37.6063559177    5.22322303922    8
538    1562293335.94    1562293372.46    36.5197761059    64    0.1855    11.872    36.7052761059    4.14285714286    6
539    1562293336.12    1562293372.53    36.4058098793    64    0.0234    1.4976    36.4292098793    4.11706349206    6
540    1562293336.22    1562293372.53    36.3075489998    4    0.0059    0.0236    36.3134489998    1.5    2
541    1562293336.33    1562293372.53    36.203204155    4    0.0284    0.1136    36.231604155    1.5    2
542    1562293336.52    1562293372.61    36.088835001    64    0.4167    26.6688    36.505535001    4.14186507937    6
543    1562293337.02    1562293373.78    36.7606630325    256    0.4221    108.0576    37.1827630325    5.22493872549    8
544    1562293337.15    1562293374.89    37.745595932    256    0.7528    192.7168    38.498395932    5.10459558824    8
545    1562293337.24    1562293375.99    38.7529871464    256    0.0057    1.4592    38.7586871464    5.07898284314    8
546    1562293337.44    1562293376.0    38.5551171303    16    0.7616    12.1856    39.3167171303    2.58333333333    4
547    1562293337.89    1562293376.0    38.1103160381    16    0.0285    0.456    38.1388160381    2.68333333333    4
548    1562293338.24    1562293377.13    38.8869378567    256    0.0057    1.4592    38.8926378567    4.95333946078    8
549    1562293338.29    1562293378.29    39.995486021    256    0.8    204.8    40.795486021    5.25894607843    8
550    1562293338.33    1562293378.29    39.9635689259    4    0.0832    0.3328    40.0467689259    1.5    2
551    1562293338.37    1562293379.36    40.9926149845    256    0.0057    1.4592    40.9983149845    5.09050245098    8
552    1562293338.92    1562293379.37    40.446751833    4    0.0832    0.3328    40.529951833    1.5    2
553    1562293339.01    1562293379.37    40.3612170219    16    0.7616    12.1856    41.1228170219    2.6    4
554    1562293339.09    1562293379.45    40.3629591465    64    0.0055    0.352    40.3684591465    3.99107142857    6
555    1562293339.21    1562293379.46    40.2509121895    16    0.0429    0.6864    40.2938121895    2.58333333333    4
556    1562293339.44    1562293379.46    40.0255730152    16    0.8805    14.088    40.9060730152    2.58333333333    4
557    1562293339.57    1562293379.47    39.8946609497    4    1.1283    4.5132    41.0229609497    1.5    2
558    1562293339.99    1562293379.55    39.5562970638    64    0.1855    11.872    39.7417970638    3.89533730159    6
559    1562293340.24    1562293379.55    39.3083660603    4    1.1283    4.5132    40.4366660603    1.5    2
560    1562293340.38    1562293379.55    39.1731100082    4    0.0284    0.1136    39.2015100082    1.5    2
561    1562293340.47    1562293379.56    39.0828318596    16    0.7616    12.1856    39.8444318596    2.58333333333    4
562    1562293340.66    1562293379.56    38.8978838921    4    0.5956    2.3824    39.4934838921    1.5    2
563    1562293340.77    1562293379.56    38.7876861095    4    0.0522    0.2088    38.8398861095    1.5    2
564    1562293341.0    1562293379.56    38.5571401119    4    0.0284    0.1136    38.5855401119    1.5    2
565    1562293341.58    1562293379.65    38.0676190853    64    0.0055    0.352    38.0731190853    3.98511904762    6
566    1562293341.75    1562293379.73    37.9800519943    64    0.0234    1.4976    38.0034519943    4.1185515873    6
567    1562293342.08    1562293379.73    37.6523821354    4    0.6452    2.5808    38.2975821354    1.5    2
568    1562293342.25    1562293379.73    37.4861440659    4    0.0284    0.1136    37.5145440659    1.5    2
569    1562293342.77    1562293379.73    36.9605507851    4    0.0284    0.1136    36.9889507851    1.5    2
570    1562293342.97    1562293380.89    37.9156298637    256    0.4221    108.0576    38.3377298637    5.14197303922    8
571    1562293343.2    1562293380.9    37.6915130615    16    0.0297    0.4752    37.7212130615    2.68333333333    4
572    1562293343.51    1562293380.9    37.3893640041    4    0.0522    0.2088    37.4415640041    1.5    2
573    1562293343.56    1562293380.9    37.335958004    16    0.4243    6.7888    37.760258004    2.58333333333    4
574    1562293344.1    1562293380.9    36.8021030426    4    0.0059    0.0236    36.8080030426    1.5    2
575    1562293344.25    1562293380.98    36.7252910137    64    0.1855    11.872    36.9107910137    3.94097222222    6
576    1562293344.3    1562293382.1    37.7945911884    256    0.0177    4.5312    37.8122911884    5.37469362745    8
577    1562293344.58    1562293382.1    37.524294138    16    0.4243    6.7888    37.948594138    2.58333333333    4
578    1562293344.71    1562293382.11    37.3986182213    16    0.0098    0.1568    37.4084182213    2.56666666667    4
579    1562293344.92    1562293382.11    37.1894021034    16    0.0098    0.1568    37.1992021034    2.68333333333    4
580    1562293345.07    1562293382.12    37.0478239059    16    0.8805    14.088    37.9283239059    2.56666666667    4
581    1562293345.2    1562293382.13    36.9303638935    16    0.0098    0.1568    36.9401638935    2.58333333333    4
582    1562293345.59    1562293382.13    36.5436580181    16    0.0297    0.4752    36.5733580181    2.58333333333    4
583    1562293345.65    1562293383.28    37.6318948269    256    0.0057    1.4592    37.6375948269    5.04617034314    8
584    1562293345.74    1562293383.36    37.624710083    64    0.0234    1.4976    37.648110083    4.10069444444    6
585    1562293345.93    1562293383.37    37.4347629547    4    1.1283    4.5132    38.5630629547    1.5    2
586    1562293346.04    1562293383.37    37.3289330006    16    0.0429    0.6864    37.3718330006    2.58333333333    4
587    1562293346.16    1562293384.4    38.2340540886    256    0.0177    4.5312    38.2517540886    5.10909926471    7
588    1562293346.2    1562293384.4    38.206856966    16    0.0098    0.1568    38.216656966    2.58333333333    4
589    1562293346.38    1562293385.47    39.0878961086    256    0.6189    158.4384    39.7067961086    5.2206495098    8
590    1562293346.84    1562293386.5    39.655477047    256    0.4221    108.0576    40.077577047    5.20024509804    8
591    1562293346.95    1562293386.51    39.5572431087    16    0.4243    6.7888    39.9815431087    2.58333333333    4
592    1562293347.03    1562293387.56    40.5333921909    256    0.4221    108.0576    40.9554921909    5.20661764706    8
593    1562293347.13    1562293387.63    40.5041351318    64    0.4167    26.6688    40.9208351318    4.00744047619    6
594    1562293347.25    1562293388.83    41.5796489716    256    0.4221    108.0576    42.0017489716    5.36366421569    8
595    1562293347.3    1562293388.84    41.5350711346    16    0.0098    0.1568    41.5448711346    2.58333333333    4
596    1562293347.64    1562293388.91    41.2767689228    64    0.0125    0.8    41.2892689228    3.97569444444    6
597    1562293347.68    1562293388.92    41.2354381084    16    0.8805    14.088    42.1159381084    2.58333333333    4
598    1562293347.75    1562293390.05    42.3033289909    256    0.0177    4.5312    42.3210289909    5.43385416667    8
599    1562293347.91    1562293390.13    42.218102932    64    0.6779    43.3856    42.896002932    4.19543650794    6
600    1562293348.29    1562293391.34    43.0497989655    256    0.7528    192.7168    43.8025989655    5.02598039216    7
601    1562293348.45    1562293391.35    42.901471138    16    0.0429    0.6864    42.944371138    2.58333333333    4
602    1562293348.67    1562293391.42    42.7459099293    64    0.0234    1.4976    42.7693099293    4.12351190476    6
603    1562293348.69    1562293391.42    42.7295269966    4    0.0059    0.0236    42.7354269966    1.5    2
604    1562293348.84    1562293391.42    42.5780451298    16    0.0285    0.456    42.6065451298    2.61666666667    4
605    1562293349.28    1562293392.52    43.2353849411    256    0.7528    192.7168    43.9881849411    5.22450980392    8
606    1562293349.44    1562293392.59    43.1499109268    64    0.9446    60.4544    44.0945109268    4.21676587302    6
607    1562293349.51    1562293392.66    43.148911953    64    0.4167    26.6688    43.565611953    3.98115079365    6
608    1562293349.83    1562293392.67    42.8371050358    16    0.0429    0.6864    42.8800050358    2.55    4
609    1562293349.94    1562293392.67    42.724407196    4    0.5956    2.3824    43.320007196    1.5    2
610    1562293350.13    1562293392.74    42.6122422218    64    0.0125    0.8    42.6247422218    4.36607142857    6
611    1562293350.34    1562293392.74    42.4000971317    4    0.6452    2.5808    43.0452971317    1.5    2
612    1562293350.68    1562293392.74    42.0677440166    4    1.1283    4.5132    43.1960440166    1.5    2
613    1562293350.8    1562293393.92    43.115637064    256    0.0057    1.4592    43.121337064    5.56194852941    9
614    1562293351.0    1562293393.92    42.9242060184    16    0.0098    0.1568    42.9340060184    2.58333333333    4
615    1562293351.13    1562293393.93    42.7987918854    16    0.0098    0.1568    42.8085918854    2.58333333333    4
616    1562293351.38    1562293393.94    42.5579369068    16    0.0297    0.4752    42.5876369068    2.575    4
617    1562293351.53    1562293393.94    42.4108879566    4    0.0522    0.2088    42.4630879566    1.5    2
618    1562293351.76    1562293393.94    42.1739420891    4    0.0284    0.1136    42.2023420891    1.5    2
619    1562293352.26    1562293393.94    41.6783900261    4    0.5956    2.3824    42.2739900261    1.5    2
620    1562293352.36    1562293394.02    41.6606190205    64    0.9446    60.4544    42.6052190205    3.95238095238    6
621    1562293352.37    1562293395.18    42.8056840897    256    0.7528    192.7168    43.5584840897    5.04289215686    8
622    1562293352.44    1562293395.25    42.8116800785    64    0.0234    1.4976    42.8350800785    4.14682539683    6
623    1562293352.51    1562293395.25    42.7429199219    4    0.0284    0.1136    42.7713199219    1.5    2
624    1562293352.68    1562293396.44    43.7515730858    256    0.7528    192.7168    44.5043730858    5.3128370098    8
625    1562293352.76    1562293397.6    44.8406770229    256    0.6189    158.4384    45.4595770229    5.02095588235    7
626    1562293353.19    1562293397.61    44.413859129    4    1.1283    4.5132    45.542159129    1.5    2
627    1562293353.34    1562293397.67    44.3354570866    64    0.4167    26.6688    44.7521570866    4.1121031746    6
628    1562293353.41    1562293397.68    44.2697179317    4    0.6452    2.5808    44.9149179317    1.5    2
629    1562293353.63    1562293397.68    44.0480730534    16    0.7616    12.1856    44.8096730534    2.68333333333    4
630    1562293353.72    1562293397.68    43.964949131    4    1.1283    4.5132    45.093249131    1.5    2
631    1562293353.79    1562293398.88    45.0839722157    256    0.0057    1.4592    45.0896722157    5.40784313725    8
632    1562293353.84    1562293398.88    45.0414841175    4    0.0832    0.3328    45.1246841175    1.5    2
633    1562293354.15    1562293398.95    44.7994368076    64    0.0125    0.8    44.8119368076    4.27281746032    6
634    1562293354.9    1562293399.03    44.1279559135    64    0.4167    26.6688    44.5446559135    3.99950396825    6
635    1562293355.08    1562293399.1    44.0143659115    64    0.4167    26.6688    44.4310659115    3.9871031746    6
636    1562293355.86    1562293400.2    44.3450169563    256    0.8    204.8    45.1450169563    5.15566789216    8
637    1562293356.4    1562293401.39    44.9853818417    256    0.6189    158.4384    45.6042818417    5.10382965686    8
638    1562293356.56    1562293402.57    46.0164909363    256    0.6189    158.4384    46.6353909363    5.08474264706    7
639    1562293357.09    1562293402.63    45.5414237976    64    0.4167    26.6688    45.9581237976    3.97619047619    6
640    1562293357.31    1562293402.64    45.3315269947    16    0.0098    0.1568    45.3413269947    2.68333333333    4
641    1562293357.35    1562293402.71    45.3567881584    64    0.0055    0.352    45.3622881584    4.1994047619    6
642    1562293357.46    1562293402.71    45.2518019676    4    0.0832    0.3328    45.3350019676    1.5    2
643    1562293357.56    1562293403.93    46.3738110065    256    0.8    204.8    47.1738110065    5.33213848039    8
644    1562293357.7    1562293405.02    47.318780899    256    0.6189    158.4384    47.937680899    5.27003676471    8
645    1562293357.93    1562293405.02    47.0986878872    16    0.7616    12.1856    47.8602878872    2.68333333333    4
646    1562293358.03    1562293405.03    47.0007629395    16    0.0297    0.4752    47.0304629395    2.58333333333    4
647    1562293358.14    1562293406.18    48.0417189598    256    0.8    204.8    48.8417189598    5.12089460784    8
648    1562293358.54    1562293406.25    47.7121949196    64    0.4167    26.6688    48.1288949196    3.97619047619    6
649    1562293358.62    1562293407.38    48.7558801174    256    0.0177    4.5312    48.7735801174    5.3690870098    8
650    1562293358.74    1562293407.45    48.7100410461    64    0.0125    0.8    48.7225410461    3.97619047619    6
651    1562293358.89    1562293407.52    48.6267211437    64    0.9446    60.4544    49.5713211437    3.98115079365    6
652    1562293358.99    1562293407.59    48.6061179638    64    0.0055    0.352    48.6116179638    3.97619047619    6
653    1562293359.15    1562293407.6    48.4444811344    16    0.0297    0.4752    48.4741811344    2.575    4
654    1562293359.26    1562293407.6    48.3410019875    4    0.0522    0.2088    48.3932019875    1.5    2
655    1562293359.34    1562293407.6    48.2581839561    4    0.0284    0.1136    48.2865839561    1.5    2
656    1562293359.54    1562293408.73    49.1887629032    256    0.4221    108.0576    49.6108629032    5.04696691176    7
657    1562293359.74    1562293408.8    49.0611829758    64    0.9446    60.4544    50.0057829758    3.98115079365    6
658    1562293360.02    1562293408.81    48.7921459675    16    0.4243    6.7888    49.2164459675    2.575    4
659    1562293360.1    1562293408.88    48.7738530636    64    0.6779    43.3856    49.4517530636    4.21974206349    6
660    1562293360.42    1562293410.09    49.668243885    256    0.0177    4.5312    49.685943885    5.39439338235    9
661    1562293360.66    1562293410.09    49.4287199974    4    0.0284    0.1136    49.4571199974    1.5    2
662    1562293360.72    1562293410.09    49.37292099    4    0.0059    0.0236    49.37882099    1.5    2
663    1562293360.79    1562293411.07    50.2823219299    256    0.8    204.8    51.0823219299    5.41945465686    8
664    1562293360.89    1562293411.08    50.1937439442    16    0.0429    0.6864    50.2366439442    2.65    4
665    1562293361.1    1562293411.08    49.98082304    4    0.5956    2.3824    50.57642304    1.5    2
666    1562293361.4    1562293412.28    50.8814940453    256    0.8    204.8    51.6814940453    5.14396446078    8
667    1562293361.48    1562293412.28    50.8078730106    4    0.0284    0.1136    50.8362730106    1.5    2
668    1562293361.73    1562293412.28    50.5592281818    4    0.0522    0.2088    50.6114281818    1.5    2
669    1562293362.12    1562293412.36    50.2360851765    64    0.0055    0.352    50.2415851765    4.0753968254    6
670    1562293362.65    1562293413.51    50.8517959118    256    0.6189    158.4384    51.4706959118    5.19908088235    8
671    1562293362.9    1562293413.57    50.6757030487    64    0.4167    26.6688    51.0924030487    4.18650793651    6
672    1562293363.46    1562293413.58    50.1177749634    16    0.8805    14.088    50.9982749634    2.58333333333    4
673    1562293363.71    1562293413.66    49.945130825    64    0.0055    0.352    49.950630825    4.05555555556    6
674    1562293363.9    1562293414.91    51.0068328381    256    0.0057    1.4592    51.0125328381    5.35487132353    8
675    1562293364.43    1562293416.04    51.6114521027    256    0.0177    4.5312    51.6291521027    5.06176470588    8
676    1562293364.46    1562293416.04    51.5764138699    4    0.0522    0.2088    51.6286138699    1.5    2
677    1562293364.53    1562293417.09    52.5687451363    256    0.0177    4.5312    52.5864451363    5.21565563725    8
678    1562293364.98    1562293418.22    53.234596014    256    0.0057    1.4592    53.240296014    4.99540441176    7
679    1562293365.88    1562293418.3    52.4267640114    64    0.9446    60.4544    53.3713640114    4.05555555556    6
680    1562293365.92    1562293418.31    52.3844871521    16    0.0429    0.6864    52.4273871521    2.58333333333    4
681    1562293365.98    1562293419.41    53.429817915    256    0.4221    108.0576    53.851917915    5.05548406863    8
682    1562293366.27    1562293419.42    53.1487958431    16    0.0429    0.6864    53.1916958431    2.58333333333    4
683    1562293366.36    1562293419.49    53.1262948513    64    0.0055    0.352    53.1317948513    4.19593253968    6
684    1562293366.94    1562293419.57    52.6251599789    64    0.4167    26.6688    53.0418599789    4.17609126984    6
685    1562293366.98    1562293419.57    52.589867115    16    0.8805    14.088    53.470367115    2.65833333333    4
686    1562293367.5    1562293419.63    52.1353240013    64    0.0125    0.8    52.1478240013    4.37946428571    6
687    1562293367.56    1562293419.71    52.15077281    64    0.6779    43.3856    52.82867281    4.27033730159    6
688    1562293367.71    1562293419.71    52.0049529076    4    0.0059    0.0236    52.0108529076    1.5    2
689    1562293367.84    1562293419.71    51.8769168854    4    1.1283    4.5132    53.0052168854    1.5    2
690    1562293368.13    1562293419.79    51.6615831852    64    0.0234    1.4976    51.6849831852    4.19345238095    6
691    1562293368.36    1562293420.93    52.5774149895    256    0.4221    108.0576    52.9995149895    5.69249387255    9
692    1562293368.74    1562293421.95    53.2023878098    256    0.7528    192.7168    53.9551878098    5.18808210784    8
693    1562293369.18    1562293422.02    52.8398110867    64    0.9446    60.4544    53.7844110867    4.18253968254    6
694    1562293369.37    1562293422.02    52.6441709995    4    0.0059    0.0236    52.6500709995    1.5    2
695    1562293369.51    1562293422.02    52.5084760189    16    0.0285    0.456    52.5369760189    2.55    4
696    1562293369.58    1562293422.03    52.4479618073    16    0.7616    12.1856    53.2095618073    2.56666666667    4
697    1562293369.64    1562293423.25    53.6104130745    256    0.8    204.8    54.4104130745    5.34378063725    8
698    1562293369.85    1562293423.25    53.4024169445    16    0.7616    12.1856    54.1640169445    2.58333333333    4
699    1562293370.3    1562293423.26    52.9545118809    16    0.0285    0.456    52.9830118809    2.575    4

dispatched jobs are: 700 out of 700
average queue time is: 26.3791275781
fso links are used for 0 times
overall utilization is 0.10429473318055026
average response time is 26.7373900066
average weighted response time is 28.05102129601858
average slowdown is 41.10696762811309
cpu_request: 56296, cpu_run: 56296
ssd_request: 26518, ssd_run: 0
gpu_request: 27175, gpu_run: 0
cpu aspl: 3.2657755894
cpu diameter: 4.84714285714
job x: 0.0
job y: 0.0
job z: 0.0
