#timestep  occupied-CPU  total-CPU  utilization  queuingjobs
1    4    1024    0.00390625    0
2    0    1024    0.0    3
3    0    1024    0.0    8
4    24    1024    0.0234375    7
5    0    1024    0.0    14
6    320    1024    0.3125    17
7    0    1024    0.0    21
8    0    1024    0.0    25
9    0    1024    0.0    35
10    0    1024    0.0    41
11    0    1024    0.0    47
12    16    1024    0.015625    46
13    0    1024    0.0    51
14    4    1024    0.00390625    52
15    337    1024    0.3291015625    46
16    0    1024    0.0    50
17    0    1024    0.0    54
18    356    1024    0.34765625    53
19    3    1024    0.0029296875    56
20    0    1024    0.0    61
21    16    1024    0.015625    51
22    0    1024    0.0    59
23    0    1024    0.0    64
24    96    1024    0.09375    57
25    0    1024    0.0    62
26    260    1024    0.25390625    63
27    0    1024    0.0    66
28    0    1024    0.0    68
29    0    1024    0.0    75
30    68    1024    0.06640625    62
31    0    1024    0.0    64
32    320    1024    0.3125    67
33    0    1024    0.0    74
34    8    1024    0.0078125    72
35    0    1024    0.0    77
36    320    1024    0.3125    80
37    0    1024    0.0    82
38    4    1024    0.00390625    82
39    0    1024    0.0    87
40    256    1024    0.25    90
41    0    1024    0.0    98
42    24    1024    0.0234375    93
43    0    1024    0.0    103
44    408    1024    0.3984375    102
45    0    1024    0.0    107
46    96    1024    0.09375    109
47    0    1024    0.0    115
48    336    1024    0.328125    115
49    0    1024    0.0    117
50    0    1024    0.0    123
51    144    1024    0.140625    117
52    0    1024    0.0    121
53    64    1024    0.0625    121
54    0    1024    0.0    128
55    16    1024    0.015625    128
56    0    1024    0.0    132
57    80    1024    0.078125    125
58    0    1024    0.0    132
59    0    1024    0.0    133
60    0    1024    0.0    135
61    0    1024    0.0    136
62    12    1024    0.01171875    131
63    0    1024    0.0    136
64    0    1024    0.0    139
65    64    1024    0.0625    137
66    0    1024    0.0    141
67    0    1024    0.0    141
68    0    1024    0.0    143
69    0    1024    0.0    147
70    0    1024    0.0    152
71    0    1024    0.0    155
72    320    1024    0.3125    158
73    0    1024    0.0    161
74    128    1024    0.125    163
75    0    1024    0.0    167
76    64    1024    0.0625    168
77    0    1024    0.0    171
78    100    1024    0.09765625    162
79    0    1024    0.0    164
80    0    1024    0.0    166
81    64    1024    0.0625    174
82    0    1024    0.0    176
83    4    1024    0.00390625    177
84    0    1024    0.0    189
85    0    1024    0.0    192
86    256    1024    0.25    195
87    0    1024    0.0    199
88    256    1024    0.25    208
89    0    1024    0.0    215
90    0    1024    0.0    215
91    256    1024    0.25    219
92    0    1024    0.0    222
93    0    1024    0.0    225
94    260    1024    0.25390625    228
95    0    1024    0.0    234
96    256    1024    0.25    237
97    0    1024    0.0    241
98    0    1024    0.0    241
99    256    1024    0.25    243
100    0    1024    0.0    250
101    276    1024    0.26953125    244
102    0    1024    0.0    244
103    0    1024    0.0    239
104    384    1024    0.375    233
105    0    1024    0.0    233
106    328    1024    0.3203125    223
107    0    1024    0.0    223
108    4    1024    0.00390625    218
109    256    1024    0.25    216
110    0    1024    0.0    216
111    256    1024    0.25    215
112    256    1024    0.25    213
113    0    1024    0.0    213
114    0    1024    0.0    211
115    272    1024    0.265625    209
116    0    1024    0.0    202
117    272    1024    0.265625    199
118    0    1024    0.0    197
119    284    1024    0.27734375    187
120    0    1024    0.0    187
121    256    1024    0.25    185
122    0    1024    0.0    184
123    0    1024    0.0    184
124    84    1024    0.08203125    179
125    0    1024    0.0    179
126    0    1024    0.0    177
127    272    1024    0.265625    171
128    0    1024    0.0    171
129    4    1024    0.00390625    164
130    0    1024    0.0    164
131    0    1024    0.0    161
132    0    1024    0.0    158
133    0    1024    0.0    158
134    0    1024    0.0    157
135    256    1024    0.25    156
136    0    1024    0.0    155
137    256    1024    0.25    152
138    0    1024    0.0    152
139    0    1024    0.0    150
140    0    1024    0.0    148
141    0    1024    0.0    148
142    310    1024    0.302734375    140
143    0    1024    0.0    140
144    0    1024    0.0    138
145    276    1024    0.26953125    134
146    0    1024    0.0    134
147    331    1024    0.3232421875    130
148    256    1024    0.25    128
149    0    1024    0.0    128
150    320    1024    0.3125    124
151    0    1024    0.0    124
152    0    1024    0.0    120
153    20    1024    0.01953125    117
154    0    1024    0.0    112
155    260    1024    0.25390625    109
156    0    1024    0.0    109
157    0    1024    0.0    108
158    0    1024    0.0    108
159    8    1024    0.0078125    104
160    356    1024    0.34765625    97
161    64    1024    0.0625    91
162    0    1024    0.0    90
163    0    1024    0.0    90
164    0    1024    0.0    89
165    0    1024    0.0    89
166    4    1024    0.00390625    79
167    0    1024    0.0    79
168    0    1024    0.0    72
169    0    1024    0.0    72
170    0    1024    0.0    71
171    0    1024    0.0    70
172    0    1024    0.0    70
173    0    1024    0.0    67
174    0    1024    0.0    67
175    320    1024    0.3125    62
176    256    1024    0.25    60
177    64    1024    0.0625    57
178    20    1024    0.01953125    52
179    0    1024    0.0    52
180    0    1024    0.0    52
181    256    1024    0.25    51
182    0    1024    0.0    51
183    340    1024    0.33203125    45
184    0    1024    0.0    45
185    0    1024    0.0    45
186    0    1024    0.0    44
187    0    1024    0.0    44
188    0    1024    0.0    41
189    0    1024    0.0    41
190    33    1024    0.0322265625    40
191    0    1024    0.0    40
192    48    1024    0.046875    36
193    0    1024    0.0    36
194    256    1024    0.25    33
195    0    1024    0.0    33
196    0    1024    0.0    32
197    0    1024    0.0    32
198    256    1024    0.25    31
199    0    1024    0.0    31
200    64    1024    0.0625    29
201    0    1024    0.0    23
202    0    1024    0.0    23
203    4    1024    0.00390625    18
204    0    1024    0.0    18
205    0    1024    0.0    17
206    259    1024    0.2529296875    13
207    0    1024    0.0    10
208    256    1024    0.25    9
209    0    1024    0.0    9
210    75    1024    0.0732421875    5
211    64    1024    0.0625    4
212    0    1024    0.0    4

average cpu utilization is: 0.0661851415094
average ssd utilization is: 0.0667885834316
average gpu utilization is: 0.0619932930425
average utilization is: 0.0649890059945
average queuing jobs are: 114.169811321
maximum queuing jobs are: 250


#job_number  submit  dispatch  queue  cpu#  runtime  weight  response(turnaround)  cpu_aspl  cpu_diameter
0    1563519769.83    1563519776.67    6.84100008011    4    0.0526    0.2104    6.89360008011    1.5    2
1    1563519776.87    1563519776.97    0.104999780655    64    0.0135    0.864    0.118499780655    3.28472222222    4
2    1563519777.02    1563519777.12    0.102999925613    64    0.1872    11.9808    0.290199925613    3.28472222222    4
3    1563519777.2    1563519777.21    0.0090000629425    16    0.0099    0.1584    0.0189000629425    2.25    3
4    1563519777.28    1563519779.21    1.93499994278    256    0.4475    114.56    2.38249994278    3.95765931373    6
5    1563519777.4    1563519779.22    1.82399988174    16    0.7709    12.3344    2.59489988174    2.2    3
6    1563519777.57    1563519779.22    1.65400004387    4    0.6477    2.5908    2.30170004387    1.5    2
7    1563519777.74    1563519779.35    1.6139998436    64    0.0056    0.3584    1.6195998436    3.2931547619    4
8    1563519777.98    1563519779.36    1.37800002098    4    0.6477    2.5908    2.02570002098    1.5    2
9    1563519778.02    1563519781.61    3.58899998665    256    0.8087    207.0272    4.39769998665    4.07503063725    6
10    1563519778.47    1563519781.71    3.24699997902    64    0.4299    27.5136    3.67689997902    3.35863095238    4
11    1563519778.64    1563519783.47    4.82500004768    256    0.0198    5.0688    4.84480004768    4.07564338235    6
12    1563519778.75    1563519783.56    4.80900001526    64    0.1872    11.9808    4.99620001526    3.28472222222    4
13    1563519779.01    1563519785.36    6.35100007057    256    0.0057    1.4592    6.35670007057    3.95765931373    6
14    1563519779.26    1563519787.34    8.07399988174    256    0.4475    114.56    8.52149988174    3.97420343137    6
15    1563519779.72    1563519787.35    7.62299990654    16    0.0296    0.4736    7.65259990654    2.25    3
16    1563519779.83    1563519787.35    7.52200007439    16    0.0099    0.1584    7.53190007439    2.21666666667    3
17    1563519780.19    1563519787.37    7.17700004578    16    0.7709    12.3344    7.94790004578    2.23333333333    3
18    1563519780.24    1563519787.37    7.13199996948    16    0.0296    0.4736    7.16159996948    2.21666666667    3
19    1563519780.47    1563519789.13    8.65899991989    256    0.4475    114.56    9.10649991989    4.05471813725    6
20    1563519780.72    1563519789.14    8.41999983788    4    0.5984    2.3936    9.01839983788    1.5    2
21    1563519780.72    1563519789.14    8.41600012779    4    1.1322    4.5288    9.54820012779    1.5    2
22    1563519780.75    1563519790.9    10.1480000019    256    0.6811    174.3616    10.8291000019    4.01277573529    6
23    1563519781.16    1563519790.9    9.73699998856    4    1.1322    4.5288    10.8691999886    1.5    2
24    1563519781.46    1563519790.9    9.44000005722    4    1.1322    4.5288    10.5722000572    1.5    2
25    1563519781.51    1563519791.0    9.4960000515    64    0.9639    61.6896    10.4599000515    3.26636904762    4
26    1563519781.57    1563519791.01    9.43799996376    4    0.6477    2.5908    10.0856999638    1.5    2
27    1563519781.65    1563519791.01    9.36199998856    4    0.0834    0.3336    9.44539998856    1.5    2
28    1563519781.9    1563519791.02    9.12600016594    4    0.0526    0.2104    9.17860016594    1.5    2
29    1563519782.2    1563519791.14    8.93799996376    64    0.1872    11.9808    9.12519996376    3.30158730159    4
30    1563519782.29    1563519791.24    8.9509999752    64    0.4299    27.5136    9.3808999752    3.37251984127    5
31    1563519782.31    1563519793.64    11.3259999752    256    0.8087    207.0272    12.1346999752    4.28606004902    7
32    1563519783.13    1563519793.82    10.6820001602    64    0.4242    27.1488    11.1062001602    3.21031746032    4
33    1563519783.18    1563519793.83    10.643999815    16    0.7709    12.3344    11.414899815    2.19166666667    3
34    1563519783.54    1563519793.84    10.3039999008    16    0.7709    12.3344    11.0748999008    2.21666666667    3
35    1563519783.6    1563519794.0    10.4030001163    64    0.0254    1.6256    10.4284001163    3.35912698413    4
36    1563519783.61    1563519794.01    10.4019999504    16    0.0296    0.4736    10.4315999504    2.24166666667    3
37    1563519783.72    1563519794.01    10.2929999828    4    1.1322    4.5288    11.4251999828    1.5    2
38    1563519783.87    1563519796.57    12.7019999027    256    0.0198    5.0688    12.7217999027    4.10946691176    6
39    1563519784.02    1563519796.58    12.5649998188    4    0.5984    2.3936    13.1633998188    1.5    2
40    1563519784.1    1563519796.74    12.6410000324    64    0.0135    0.864    12.6545000324    3.31349206349    4
41    1563519784.11    1563519796.87    12.7640001774    64    0.0135    0.864    12.7775001774    3.31398809524    4
42    1563519784.18    1563519796.88    12.6979999542    4    0.0284    0.1136    12.7263999542    1.5    2
43    1563519784.34    1563519796.88    12.5399999619    4    0.0834    0.3336    12.6233999619    1.5    2
44    1563519784.35    1563519796.88    12.5360000134    4    0.0284    0.1136    12.5644000134    1.5    2
45    1563519784.73    1563519796.9    12.1660001278    16    0.8867    14.1872    13.0527001278    2.25    3
46    1563519784.86    1563519796.91    12.0559999943    16    0.0099    0.1584    12.0658999943    2.2    3
47    1563519784.89    1563519797.07    12.1809999943    64    0.0135    0.864    12.1944999943    3.29117063492    4
48    1563519784.9    1563519797.08    12.1729998589    16    0.0432    0.6912    12.2161998589    2.2    3
49    1563519785.35    1563519797.08    11.7290000916    4    0.0284    0.1136    11.7574000916    1.5    2
50    1563519785.72    1563519797.09    11.3659999371    4    0.0834    0.3336    11.4493999371    1.5    2
51    1563519785.73    1563519797.1    11.371999979    16    0.03    0.48    11.401999979    2.24166666667    3
52    1563519785.74    1563519799.47    13.7339999676    256    0.6811    174.3616    14.4150999676    3.9262254902    6
53    1563519785.75    1563519799.47    13.7209999561    4    0.5984    2.3936    14.3193999561    1.5    2
54    1563519785.78    1563519799.59    13.8080000877    64    0.0056    0.3584    13.8136000877    3.38591269841    4
55    1563519786.03    1563519799.69    13.6649999619    64    0.1872    11.9808    13.8521999619    3.33035714286    4
56    1563519786.11    1563519799.83    13.7160000801    64    0.0254    1.6256    13.7414000801    3.38591269841    4
57    1563519786.28    1563519799.84    13.5580000877    16    0.8867    14.1872    14.4447000877    2.225    3
58    1563519786.36    1563519799.85    13.4909999371    16    0.0432    0.6912    13.5341999371    2.25    3
59    1563519786.75    1563519799.98    13.2269999981    64    0.4299    27.5136    13.6568999981    3.35317460317    4
60    1563519786.87    1563519799.99    13.121999979    16    0.8867    14.1872    14.008699979    2.25    3
61    1563519787.16    1563519799.99    12.8269999027    4    0.0526    0.2104    12.8795999027    1.5    2
62    1563519787.36    1563519801.93    14.5650000572    256    0.6811    174.3616    15.2461000572    4.03704044118    6
63    1563519787.44    1563519801.93    14.493999958    4    0.0284    0.1136    14.522399958    1.5    2
64    1563519787.48    1563519801.93    14.4529998302    4    0.5984    2.3936    15.0513998302    1.5    2
65    1563519787.98    1563519801.94    13.9609999657    16    0.0432    0.6912    14.0041999657    2.24166666667    3
66    1563519788.11    1563519801.94    13.8329999447    4    0.0284    0.1136    13.8613999447    1.5    2
67    1563519788.37    1563519803.92    15.5460000038    256    0.0057    1.4592    15.5517000038    3.99969362745    6
68    1563519788.46    1563519804.04    15.5779998302    64    0.0254    1.6256    15.6033998302    3.34821428571    4
69    1563519788.69    1563519804.05    15.3580000401    16    0.0432    0.6912    15.4012000401    2.2    3
70    1563519789.26    1563519805.82    16.5610001087    256    0.0198    5.0688    16.5808001087    3.94129901961    6
71    1563519789.53    1563519805.83    16.3010001183    16    0.0099    0.1584    16.3109001183    2.2    3
72    1563519789.63    1563519805.83    16.2039999962    4    1.1322    4.5288    17.3361999962    1.5    2
73    1563519790.0    1563519805.83    15.8359999657    4    0.0526    0.2104    15.8885999657    1.5    2
74    1563519790.98    1563519805.95    14.9679999352    64    0.0254    1.6256    14.9933999352    3.29761904762    4
75    1563519791.39    1563519805.95    14.5600001812    4    1.1322    4.5288    15.6922001812    1.5    2
76    1563519791.43    1563519805.95    14.5279998779    4    1.1322    4.5288    15.6601998779    1.5    2
77    1563519791.63    1563519806.07    14.4340000153    64    0.0254    1.6256    14.4594000153    3.28621031746    4
78    1563519791.64    1563519806.07    14.4290001392    4    0.0834    0.3336    14.5124001392    1.5    2
79    1563519791.89    1563519806.07    14.1819999218    4    0.5984    2.3936    14.7803999218    1.5    2
80    1563519791.99    1563519806.08    14.0849997997    16    0.0099    0.1584    14.0948997997    2.25    3
81    1563519792.24    1563519806.19    13.9450001717    64    0.1872    11.9808    14.1322001717    3.27678571429    4
82    1563519792.33    1563519806.19    13.8559999466    4    0.6477    2.5908    14.5036999466    1.5    2
83    1563519792.63    1563519806.19    13.5640001297    4    0.6477    2.5908    14.2117001297    1.5    2
84    1563519792.94    1563519806.2    13.254999876    16    0.8867    14.1872    14.141699876    2.25    3
85    1563519793.22    1563519806.2    12.9779999256    4    0.5984    2.3936    13.5763999256    1.5    2
86    1563519793.31    1563519806.21    12.8980000019    16    0.8867    14.1872    13.7847000019    2.18333333333    3
87    1563519793.33    1563519806.21    12.8819999695    16    0.03    0.48    12.9119999695    2.25    3
88    1563519793.61    1563519806.22    12.6029999256    4    0.5984    2.3936    13.2013999256    1.5    2
89    1563519793.76    1563519806.32    12.5639998913    64    0.0254    1.6256    12.5893998913    3.22569444444    4
90    1563519793.83    1563519806.32    12.4879999161    4    0.6477    2.5908    13.1356999161    1.5    2
91    1563519794.18    1563519808.12    13.9489998817    256    0.8087    207.0272    14.7576998817    4.00214460784    6
92    1563519794.44    1563519808.22    13.7760000229    64    0.0056    0.3584    13.7816000229    3.33134920635    4
93    1563519794.47    1563519808.23    13.7650001049    16    0.0296    0.4736    13.7946001049    2.25    3
94    1563519795.3    1563519808.33    13.0250000954    64    0.4299    27.5136    13.4549000954    3.33134920635    4
95    1563519795.31    1563519810.21    14.9049999714    256    0.0057    1.4592    14.9106999714    4.04806985294    6
96    1563519795.65    1563519810.21    14.5599999428    4    0.0834    0.3336    14.6433999428    1.5    2
97    1563519795.89    1563519810.22    14.3259999752    4    0.6477    2.5908    14.9736999752    1.5    2
98    1563519796.11    1563519810.34    14.2309999466    64    0.0254    1.6256    14.2563999466    3.27430555556    4
99    1563519796.24    1563519810.34    14.1019999981    4    1.1322    4.5288    15.2341999981    1.5    2
100    1563519796.33    1563519812.37    16.0450000763    256    0.7774    199.0144    16.8224000763    3.91960784314    6
101    1563519796.84    1563519812.49    15.6570000648    64    0.9639    61.6896    16.6209000648    3.30357142857    4
102    1563519797.17    1563519814.37    17.1989998817    256    0.0198    5.0688    17.2187998817    4.02319240196    6
103    1563519797.7    1563519814.48    16.7830002308    64    0.0135    0.864    16.7965002308    3.25049603175    4
104    1563519797.72    1563519814.48    16.7630000114    4    0.0284    0.1136    16.7914000114    1.5    2
105    1563519797.81    1563519814.49    16.6800000668    4    0.6477    2.5908    17.3277000668    1.5    2
106    1563519797.9    1563519814.49    16.5920000076    16    0.03    0.48    16.6220000076    2.25    3
107    1563519797.99    1563519814.6    16.6129999161    64    0.0056    0.3584    16.6185999161    3.29265873016    4
108    1563519798.07    1563519816.56    18.4879999161    256    0.7774    199.0144    19.2653999161    3.99298406863    6
109    1563519798.09    1563519818.35    20.2599999905    256    0.0057    1.4592    20.2656999905    4.00526960784    6
110    1563519798.24    1563519818.35    20.1139998436    4    0.0059    0.0236    20.1198998436    1.5    2
111    1563519798.57    1563519818.36    19.7829999924    4    0.6477    2.5908    20.4306999924    1.5    2
112    1563519798.57    1563519818.37    19.7940001488    4    1.1322    4.5288    20.9262001488    1.5    2
113    1563519798.7    1563519818.38    19.6770000458    16    0.0432    0.6912    19.7202000458    2.2    3
114    1563519798.82    1563519818.38    19.5639998913    16    0.4263    6.8208    19.9902998913    2.24166666667    3
115    1563519799.24    1563519820.2    20.9520001411    256    0.8087    207.0272    21.7607001411    4.04243259804    6
116    1563519799.51    1563519820.2    20.6979999542    16    0.4263    6.8208    21.1242999542    2.2    3
117    1563519799.87    1563519820.21    20.3329999447    4    1.1322    4.5288    21.4651999447    1.5    2
118    1563519800.29    1563519820.3    20.0110001564    64    0.6958    44.5312    20.7068001564    3.33382936508    4
119    1563519800.5    1563519820.4    19.9019999504    64    0.6958    44.5312    20.5977999504    3.33482142857    4
120    1563519800.56    1563519820.5    19.9340000153    64    0.0254    1.6256    19.9594000153    3.32738095238    4
121    1563519800.74    1563519820.5    19.7619998455    4    1.1322    4.5288    20.8941998455    1.5    2
122    1563519800.75    1563519820.61    19.861000061    64    0.0056    0.3584    19.866600061    3.3501984127    4
123    1563519800.95    1563519820.62    19.6760001183    16    0.7709    12.3344    20.4469001183    2.21666666667    3
124    1563519801.52    1563519820.63    19.1080000401    4    0.0834    0.3336    19.1914000401    1.5    2
125    1563519801.54    1563519822.57    21.0290000439    256    0.0057    1.4592    21.0347000439    4.14482230392    6
126    1563519801.55    1563519822.59    21.0399999619    16    0.7709    12.3344    21.8108999619    2.23333333333    3
127    1563519801.87    1563519822.68    20.8090000153    64    0.4299    27.5136    21.2389000153    3.29166666667    4
128    1563519802.04    1563519822.69    20.6509997845    16    0.8867    14.1872    21.5376997845    2.25    3
129    1563519802.15    1563519824.56    22.4059998989    256    0.6811    174.3616    23.0870998989    3.93272058824    6
130    1563519802.55    1563519824.65    22.0979998112    64    0.4299    27.5136    22.5278998112    3.28472222222    4
131    1563519802.92    1563519824.66    21.7369999886    16    0.4263    6.8208    22.1632999886    2.25    3
132    1563519803.13    1563519824.75    21.6180000305    64    0.1872    11.9808    21.8052000305    3.32837301587    4
133    1563519803.91    1563519824.75    20.8450000286    4    0.0059    0.0236    20.8509000286    1.5    2
134    1563519804.08    1563519824.85    20.7679998875    64    0.0056    0.3584    20.7735998875    3.35466269841    4
135    1563519804.23    1563519824.85    20.620000124    4    0.0526    0.2104    20.672600124    1.5    2
136    1563519804.25    1563519824.87    20.614000082    16    0.03    0.48    20.644000082    2.18333333333    3
137    1563519804.32    1563519824.99    20.6730000973    64    0.6958    44.5312    21.3688000973    3.32490079365    4
138    1563519804.48    1563519825.0    20.5230000019    16    0.8867    14.1872    21.4097000019    2.25    3
139    1563519804.57    1563519825.01    20.4459998608    16    0.7709    12.3344    21.2168998608    2.18333333333    3
140    1563519804.83    1563519827.12    22.2939999104    256    0.4475    114.56    22.7414999104    4.12117034314    6
141    1563519805.12    1563519827.23    22.1050000191    64    0.0254    1.6256    22.1304000191    3.28472222222    4
142    1563519805.37    1563519827.24    21.8680000305    16    0.03    0.48    21.8980000305    2.25    3
143    1563519805.38    1563519827.35    21.9679999352    64    0.4299    27.5136    22.3978999352    3.26537698413    4
144    1563519805.38    1563519827.35    21.9690001011    4    0.5984    2.3936    22.5674001011    1.5    2
145    1563519805.67    1563519827.36    21.6889998913    16    0.8867    14.1872    22.5756998913    2.25    3
146    1563519805.85    1563519827.46    21.6080000401    64    0.9639    61.6896    22.5719000401    3.32936507937    4
147    1563519805.94    1563519827.46    21.5239999294    4    0.0284    0.1136    21.5523999294    1.5    2
148    1563519805.98    1563519827.57    21.5850000381    64    0.9639    61.6896    22.5489000381    3.36458333333    4
149    1563519806.25    1563519829.26    23.003000021    256    0.4475    114.56    23.450500021    4.1768995098    6
150    1563519806.27    1563519829.35    23.0879998207    64    0.0254    1.6256    23.1133998207    3.38045634921    4
151    1563519806.38    1563519829.36    22.9809999466    16    0.0432    0.6912    23.0241999466    2.25    3
152    1563519806.46    1563519829.36    22.9029998779    4    0.0834    0.3336    22.9863998779    1.5    2
153    1563519806.61    1563519829.47    22.8630001545    64    0.6958    44.5312    23.5588001545    3.32043650794    4
154    1563519807.27    1563519831.44    24.1700000763    256    0.6811    174.3616    24.8511000763    4.15223651961    6
155    1563519807.53    1563519831.45    23.9229998589    16    0.03    0.48    23.9529998589    2.13333333333    3
156    1563519807.71    1563519831.46    23.75    16    0.8867    14.1872    24.6367    2.23333333333    3
157    1563519808.04    1563519831.46    23.4199998379    4    0.5984    2.3936    24.0183998379    1.5    2
158    1563519808.14    1563519831.57    23.4249999523    64    0.0254    1.6256    23.4503999523    3.34325396825    4
159    1563519808.33    1563519833.33    24.9990000725    256    0.8087    207.0272    25.8077000725    4.07818627451    6
160    1563519808.36    1563519833.34    24.9790000916    16    0.03    0.48    25.0090000916    2.24166666667    3
161    1563519808.51    1563519833.34    24.8309998512    4    0.0834    0.3336    24.9143998512    1.5    2
162    1563519808.74    1563519833.44    24.6920001507    64    0.4299    27.5136    25.1219001507    3.3060515873    4
163    1563519808.78    1563519833.44    24.6670000553    16    0.0296    0.4736    24.6966000553    2.24166666667    3
164    1563519808.99    1563519833.45    24.4580001831    16    0.0099    0.1584    24.4679001831    2.24166666667    3
165    1563519809.0    1563519833.46    24.4570000172    4    0.6477    2.5908    25.1047000172    1.5    2
166    1563519809.06    1563519833.56    24.4990000725    64    0.9639    61.6896    25.4629000725    3.33432539683    4
167    1563519809.35    1563519833.56    24.2070000172    4    0.0059    0.0236    24.2129000172    1.5    2
168    1563519809.4    1563519833.56    24.1570000648    4    0.0059    0.0236    24.1629000648    1.5    2
169    1563519810.02    1563519833.57    23.5499999523    16    0.7709    12.3344    24.3208999523    2.24166666667    3
170    1563519810.16    1563519833.67    23.5089998245    64    0.1872    11.9808    23.6961998245    3.35962301587    4
171    1563519810.19    1563519835.38    25.1850001812    256    0.7774    199.0144    25.9624001812    4.03406862745    6
172    1563519810.69    1563519835.39    24.6989998817    16    0.03    0.48    24.7289998817    2.24166666667    3
173    1563519810.78    1563519835.39    24.6119999886    4    0.0059    0.0236    24.6178999886    1.5    2
174    1563519810.92    1563519835.4    24.4800000191    16    0.7709    12.3344    25.2509000191    2.24166666667    3
175    1563519811.36    1563519835.41    24.0429999828    16    0.4263    6.8208    24.4692999828    2.15    3
176    1563519811.5    1563519835.41    23.9079999924    4    0.0834    0.3336    23.9913999924    1.5    2
177    1563519811.71    1563519837.09    25.3819999695    256    0.0198    5.0688    25.4017999695    4.09016544118    6
178    1563519811.73    1563519838.8    27.0639998913    256    0.0057    1.4592    27.0696998913    4.05477941176    6
179    1563519811.77    1563519838.81    27.0450000763    16    0.0099    0.1584    27.0549000763    2.25    3
180    1563519811.9    1563519838.82    26.9100000858    4    0.0526    0.2104    26.9626000858    1.5    2
181    1563519812.44    1563519838.82    26.379999876    4    1.1322    4.5288    27.512199876    1.5    2
182    1563519812.73    1563519838.82    26.0889999866    4    0.6477    2.5908    26.7366999866    1.5    2
183    1563519813.17    1563519838.82    25.6500000954    4    0.6477    2.5908    26.2977000954    1.5    2
184    1563519813.95    1563519838.92    24.9649999142    64    0.0135    0.864    24.9784999142    3.23908730159    4
185    1563519814.14    1563519840.55    26.4030001163    256    0.7774    199.0144    27.1804001163    4.07120098039    6
186    1563519814.38    1563519842.15    27.7680001259    256    0.0057    1.4592    27.7737001259    4.08878676471    6
187    1563519814.55    1563519842.25    27.6949999332    64    0.6958    44.5312    28.3907999332    3.28025793651    4
188    1563519814.59    1563519843.9    29.3099999428    256    0.0057    1.4592    29.3156999428    3.96694240196    6
189    1563519814.59    1563519844.0    29.4049999714    64    0.4299    27.5136    29.8348999714    3.28025793651    4
190    1563519814.88    1563519845.69    30.8120000362    256    0.0057    1.4592    30.8177000362    3.96694240196    6
191    1563519815.31    1563519847.4    32.0939998627    256    0.0198    5.0688    32.1137998627    4.04549632353    6
192    1563519815.32    1563519849.1    33.7819998264    256    0.7774    199.0144    34.5593998264    3.96694240196    6
193    1563519815.33    1563519849.19    33.8589999676    64    0.0056    0.3584    33.8645999676    3.28025793651    4
194    1563519815.48    1563519849.29    33.8040001392    64    0.9639    61.6896    34.7679001392    3.33382936508    4
195    1563519815.78    1563519850.9    35.1190001965    256    0.6811    174.3616    35.8001001965    4.04424019608    6
196    1563519815.94    1563519851.0    35.0610001087    64    0.6958    44.5312    35.7568001087    3.3060515873    4
197    1563519816.01    1563519851.1    35.0850000381    64    0.4299    27.5136    35.5149000381    3.31150793651    4
198    1563519816.75    1563519851.19    34.4379999638    64    0.6958    44.5312    35.1337999638    3.32043650794    4
199    1563519816.89    1563519852.88    35.9909999371    256    0.0198    5.0688    36.0107999371    4.26332720588    6
200    1563519817.09    1563519852.99    35.9010000229    64    0.0254    1.6256    35.9264000229    3.28472222222    4
201    1563519817.24    1563519853.09    35.8510000706    64    0.0135    0.864    35.8645000706    3.34226190476    4
202    1563519817.26    1563519853.19    35.9220001698    64    0.6958    44.5312    36.6178001698    3.28472222222    4
203    1563519817.27    1563519854.83    37.5599999428    256    0.6811    174.3616    38.2410999428    3.95765931373    6
204    1563519817.39    1563519854.92    37.5329999924    64    0.6958    44.5312    38.2287999924    3.28472222222    4
205    1563519817.46    1563519854.93    37.4730000496    16    0.0432    0.6912    37.5162000496    2.25    3
206    1563519817.77    1563519854.94    37.1679999828    16    0.8867    14.1872    38.0546999828    2.25    3
207    1563519818.2    1563519855.05    36.8489999771    64    0.6958    44.5312    37.5447999771    3.28075396825    4
208    1563519818.87    1563519855.05    36.1780002117    4    0.0059    0.0236    36.1839002117    1.5    2
209    1563519818.89    1563519855.06    36.1640000343    16    0.0099    0.1584    36.1739000343    2.21666666667    3
210    1563519818.93    1563519855.15    36.2190001011    64    0.4299    27.5136    36.6489001011    3.35962301587    4
211    1563519818.94    1563519855.16    36.2240002155    16    0.7709    12.3344    36.9949002155    2.21666666667    3
212    1563519818.99    1563519855.18    36.1880002022    16    0.03    0.48    36.2180002022    2.225    3
213    1563519819.03    1563519855.19    36.1570000648    4    0.6477    2.5908    36.8047000648    1.5    2
214    1563519819.13    1563519856.85    37.7269999981    256    0.0198    5.0688    37.7467999981    4.21626838235    7
215    1563519819.29    1563519858.54    39.2520000935    256    0.0057    1.4592    39.2577000935    3.99041053922    6
216    1563519819.48    1563519858.65    39.1649999619    64    0.4299    27.5136    39.5948999619    3.32837301587    4
217    1563519819.49    1563519860.28    40.7909998894    256    0.0057    1.4592    40.7966998894    3.95597426471    6
218    1563519820.33    1563519860.38    40.0520000458    64    0.1872    11.9808    40.2392000458    3.30406746032    4
219    1563519820.36    1563519860.38    40.0179998875    4    0.0834    0.3336    40.1013998875    1.5    2
220    1563519820.57    1563519860.38    39.8109998703    4    1.1322    4.5288    40.9431998703    1.5    2
221    1563519820.64    1563519860.39    39.75    16    0.0432    0.6912    39.7932    2.24166666667    3
222    1563519820.76    1563519860.39    39.6369998455    4    0.0834    0.3336    39.7203998455    1.5    2
223    1563519820.77    1563519862.05    41.2839999199    256    0.6811    174.3616    41.9650999199    3.99929534314    6
224    1563519820.82    1563519862.14    41.3250000477    64    0.4299    27.5136    41.7549000477    3.33333333333    4
225    1563519820.82    1563519862.15    41.3249998093    4    0.6477    2.5908    41.9726998093    1.5    2
226    1563519820.82    1563519862.15    41.3240001202    4    0.0284    0.1136    41.3524001202    1.5    2
227    1563519821.02    1563519862.16    41.138999939    16    0.03    0.48    41.168999939    2.23333333333    3
228    1563519821.37    1563519863.85    42.4839999676    256    0.7774    199.0144    43.2613999676    3.99604779412    6
229    1563519821.4    1563519863.85    42.4500000477    4    0.0059    0.0236    42.4559000477    1.5    2
230    1563519821.47    1563519865.46    43.9930000305    256    0.7774    199.0144    44.7704000305    3.94981617647    6
231    1563519821.87    1563519867.14    45.2699999809    256    0.0057    1.4592    45.2756999809    4.01044730392    6
232    1563519822.12    1563519867.24    45.1289999485    64    0.0135    0.864    45.1424999485    3.29017857143    4
233    1563519822.4    1563519868.8    46.3999998569    256    0.7774    199.0144    47.1773998569    3.99298406863    6
234    1563519822.43    1563519870.38    47.9570000172    256    0.0057    1.4592    47.9627000172    4.00526960784    6
235    1563519822.43    1563519871.92    49.4869999886    256    0.6811    174.3616    50.1680999886    3.99298406863    6
236    1563519822.63    1563519871.92    49.2969999313    4    0.6477    2.5908    49.9446999313    1.5    2
237    1563519822.86    1563519871.93    49.0769999027    16    0.0296    0.4736    49.1065999027    2.25    3
238    1563519823.08    1563519873.55    50.4709999561    256    0.8087    207.0272    51.2796999561    3.99310661765    6
239    1563519823.28    1563519873.55    50.2730000019    4    0.5984    2.3936    50.8714000019    1.5    2
240    1563519823.38    1563519873.64    50.2650001049    64    0.4299    27.5136    50.6949001049    3.29017857143    4
241    1563519823.46    1563519875.23    51.7769999504    256    0.0198    5.0688    51.7967999504    4.06378676471    6
242    1563519823.52    1563519875.35    51.8220000267    64    0.1872    11.9808    52.0092000267    3.23263888889    4
243    1563519823.59    1563519875.35    51.7590000629    4    0.6477    2.5908    52.4067000629    1.5    2
244    1563519824.02    1563519876.94    52.9240000248    256    0.6811    174.3616    53.6051000248    3.95919117647    6
245    1563519824.03    1563519878.56    54.5339999199    256    0.7774    199.0144    55.3113999199    3.95098039216    6
246    1563519824.06    1563519878.56    54.5    4    1.1322    4.5288    55.6322    1.5    2
247    1563519824.23    1563519878.56    54.3379998207    4    0.5984    2.3936    54.9363998207    1.5    2
248    1563519824.27    1563519878.57    54.3069999218    16    0.0099    0.1584    54.3168999218    2.25    3
249    1563519824.67    1563519878.58    53.9089999199    16    0.7709    12.3344    54.6798999199    2.24166666667    3
250    1563519824.88    1563519878.68    53.8049998283    64    0.0056    0.3584    53.8105998283    3.35813492063    4
251    1563519824.94    1563519878.68    53.746999979    4    0.0059    0.0236    53.752899979    1.5    2
252    1563519825.17    1563519878.7    53.5289998055    16    0.0296    0.4736    53.5585998055    2.24166666667    3
253    1563519825.34    1563519878.8    53.4519999027    64    0.0254    1.6256    53.4773999027    3.37103174603    4
254    1563519825.4    1563519878.8    53.3980000019    4    0.0284    0.1136    53.4264000019    1.5    2
255    1563519825.65    1563519878.81    53.1540000439    16    0.4263    6.8208    53.5803000439    2.21666666667    3
256    1563519825.71    1563519880.39    54.6800000668    256    0.0057    1.4592    54.6857000668    4.14172794118    6
257    1563519826.3    1563519880.49    54.1870000362    64    0.4299    27.5136    54.6169000362    3.23263888889    4
258    1563519826.38    1563519880.49    54.117000103    4    0.0059    0.0236    54.122900103    1.5    2
259    1563519826.47    1563519880.49    54.0199999809    4    0.0284    0.1136    54.0483999809    1.5    2
260    1563519826.62    1563519880.49    53.8789999485    4    0.5984    2.3936    54.4773999485    1.5    2
261    1563519826.68    1563519882.07    55.3899998665    256    0.8087    207.0272    56.1986998665    3.87794117647    6
262    1563519826.99    1563519882.08    55.0880000591    4    0.0059    0.0236    55.0939000591    1.5    2
263    1563519827.29    1563519882.16    54.870000124    64    0.4299    27.5136    55.299900124    3.23263888889    4
264    1563519827.57    1563519882.17    54.6019999981    16    0.03    0.48    54.6319999981    2.23333333333    3
265    1563519827.87    1563519882.26    54.3949999809    64    0.9639    61.6896    55.3588999809    3.30803571429    4
266    1563519828.33    1563519882.27    53.9449999332    16    0.0099    0.1584    53.9548999332    2.23333333333    3
267    1563519828.53    1563519883.89    55.3599998951    256    0.8087    207.0272    56.1686998951    4.04574142157    6
268    1563519828.62    1563519883.89    55.2669999599    4    1.1322    4.5288    56.3991999599    1.5    2
269    1563519829.02    1563519883.98    54.9579999447    64    0.6958    44.5312    55.6537999447    3.27132936508    4
270    1563519829.17    1563519883.99    54.8129999638    16    0.0432    0.6912    54.8561999638    2.25    3
271    1563519829.42    1563519884.0    54.5729999542    16    0.0432    0.6912    54.6161999542    2.25    3
272    1563519829.68    1563519884.01    54.3229999542    16    0.0432    0.6912    54.3661999542    2.19166666667    3
273    1563519829.98    1563519884.1    54.118999958    64    0.0254    1.6256    54.144399958    3.35615079365    4
274    1563519830.07    1563519884.11    54.0380001068    4    1.1322    4.5288    55.1702001068    1.5    2
275    1563519830.14    1563519884.11    53.9730000496    16    0.0296    0.4736    54.0026000496    2.25    3
276    1563519830.31    1563519884.12    53.8099999428    16    0.0099    0.1584    53.8198999428    2.19166666667    3
277    1563519830.43    1563519885.73    55.2950000763    256    0.4475    114.56    55.7425000763    4.05735294118    6
278    1563519830.57    1563519885.73    55.1620001793    4    1.1322    4.5288    56.2942001793    1.5    2
279    1563519830.79    1563519885.74    54.9530000687    16    0.4263    6.8208    55.3793000687    2.25    3
280    1563519830.95    1563519885.75    54.7990000248    16    0.4263    6.8208    55.2253000248    2.24166666667    3
281    1563519831.09    1563519885.75    54.6600000858    4    0.0834    0.3336    54.7434000858    1.5    2
282    1563519831.34    1563519887.31    55.9649999142    256    0.6811    174.3616    56.6460999142    4.08602941176    6
283    1563519831.41    1563519887.31    55.9029998779    16    0.03    0.48    55.9329998779    2.25    3
284    1563519831.91    1563519888.87    56.9630000591    256    0.6811    174.3616    57.6441000591    4.08370098039    6
285    1563519831.92    1563519890.4    58.478000164    256    0.7774    199.0144    59.255400164    4.07150735294    6
286    1563519831.93    1563519890.4    58.4760000706    4    0.0059    0.0236    58.4819000706    1.5    2
287    1563519832.24    1563519891.99    59.751999855    256    0.4475    114.56    60.199499855    4.08066789216    6
288    1563519832.55    1563519892.0    59.4530000687    16    0.0099    0.1584    59.4629000687    2.25    3
289    1563519832.85    1563519893.51    60.6579999924    256    0.4475    114.56    61.1054999924    4.10845588235    6
290    1563519832.91    1563519893.52    60.6129999161    16    0.7709    12.3344    61.3838999161    2.25    3
291    1563519833.47    1563519893.62    60.1470000744    64    0.4299    27.5136    60.5769000744    3.25496031746    4
292    1563519833.52    1563519893.73    60.2060000896    64    0.0254    1.6256    60.2314000896    3.27678571429    4
293    1563519833.77    1563519893.82    60.0499999523    64    0.1872    11.9808    60.2371999523    3.28968253968    4
294    1563519833.78    1563519893.91    60.1300001144    64    0.0254    1.6256    60.1554001144    3.27678571429    4
295    1563519834.15    1563519893.92    59.7680001259    4    0.0526    0.2104    59.8206001259    1.5    2
296    1563519834.39    1563519894.03    59.646999836    64    0.0135    0.864    59.660499836    3.53025793651    5
297    1563519834.49    1563519894.04    59.5469999313    4    0.0284    0.1136    59.5753999313    1.5    2
298    1563519834.65    1563519895.55    60.9040000439    256    0.7774    199.0144    61.6814000439    3.98529411765    6
299    1563519834.67    1563519895.56    60.8849999905    16    0.0296    0.4736    60.9145999905    2.25    3
300    1563519834.82    1563519895.57    60.7490000725    16    0.4263    6.8208    61.1753000725    2.24166666667    3
301    1563519834.92    1563519895.67    60.7479999065    64    0.0056    0.3584    60.7535999065    3.29513888889    4
302    1563519835.1    1563519895.67    60.5710000992    4    0.0059    0.0236    60.5769000992    1.5    2
303    1563519835.27    1563519897.27    62.0039999485    256    0.8087    207.0272    62.8126999485    4.11084558824    6
304    1563519835.28    1563519897.27    61.9880001545    4    1.1322    4.5288    63.1202001545    1.5    2
305    1563519835.34    1563519897.36    62.0130000114    64    0.0056    0.3584    62.0186000114    3.34623015873    4
306    1563519835.47    1563519897.36    61.8870000839    4    0.0059    0.0236    61.8929000839    1.5    2
307    1563519835.55    1563519897.36    61.8129999638    4    0.5984    2.3936    62.4113999638    1.5    2
308    1563519835.85    1563519897.37    61.5249998569    16    0.7709    12.3344    62.2958998569    2.25    3
309    1563519836.16    1563519897.37    61.2120001316    4    0.0834    0.3336    61.2954001316    1.5    2
310    1563519836.83    1563519897.37    60.5449998379    4    0.6477    2.5908    61.1926998379    1.5    2
311    1563519837.0    1563519897.47    60.4690001011    64    0.0056    0.3584    60.4746001011    3.35615079365    4
312    1563519837.01    1563519897.47    60.4550001621    4    0.0284    0.1136    60.4834001621    1.5    2
313    1563519837.65    1563519899.08    61.4349999428    256    0.7774    199.0144    62.2123999428    4.09705882353    6
314    1563519838.54    1563519899.09    60.5559999943    16    0.4263    6.8208    60.9822999943    2.25    3
315    1563519839.24    1563519900.66    61.4170000553    256    0.0057    1.4592    61.4227000553    3.99552696078    6
316    1563519839.38    1563519902.24    62.8550000191    256    0.0198    5.0688    62.8748000191    4.0553002451    6
317    1563519839.61    1563519902.33    62.7269999981    64    0.1872    11.9808    62.9141999981    3.33283730159    4
318    1563519839.9    1563519902.34    62.4430000782    16    0.8867    14.1872    63.3297000782    2.2    3
319    1563519840.11    1563519902.42    62.3190000057    64    0.4299    27.5136    62.7489000057    3.35317460317    4
320    1563519840.31    1563519902.43    62.121999979    4    0.5984    2.3936    62.720399979    1.5    2
321    1563519840.63    1563519904.02    63.3919999599    256    0.8087    207.0272    64.2006999599    3.98259803922    6
322    1563519840.7    1563519904.02    63.3169999123    4    0.6477    2.5908    63.9646999123    1.5    2
323    1563519840.76    1563519905.57    64.8129999638    256    0.4475    114.56    65.2604999638    4.05284926471    6
324    1563519840.97    1563519905.58    64.6099998951    16    0.03    0.48    64.6399998951    2.25    3
325    1563519842.88    1563519905.58    62.6970000267    4    0.0834    0.3336    62.7804000267    1.5    2
326    1563519842.99    1563519905.59    62.5970001221    16    0.7709    12.3344    63.3679001221    2.25    3
327    1563519843.19    1563519905.59    62.3940000534    4    0.0059    0.0236    62.3999000534    1.5    2
328    1563519843.4    1563519905.6    62.1900000572    16    0.03    0.48    62.2200000572    2.25    3
329    1563519843.86    1563519907.17    63.3090000153    256    0.4475    114.56    63.7565000153    4.0724877451    6
330    1563519844.37    1563519907.17    62.8080000877    4    0.0834    0.3336    62.8914000877    1.5    2
331    1563519845.27    1563519907.26    61.9949998856    64    0.4299    27.5136    62.4248998856    3.32093253968    4
332    1563519845.37    1563519907.35    61.9779999256    64    0.1872    11.9808    62.1651999256    3.28472222222    4
333    1563519845.6    1563519907.36    61.7620000839    16    0.0432    0.6912    61.8052000839    2.25    3
334    1563519846.11    1563519907.36    61.2490000725    4    0.6477    2.5908    61.8967000725    1.5    2
335    1563519846.14    1563519907.45    61.3090000153    64    0.4299    27.5136    61.7389000153    3.33234126984    4
336    1563519846.19    1563519909.01    62.8259999752    256    0.0057    1.4592    62.8316999752    4.19424019608    6
337    1563519846.33    1563519909.02    62.6870000362    4    0.0834    0.3336    62.7704000362    1.5    2
338    1563519846.82    1563519909.13    62.3150000572    64    0.0056    0.3584    62.3206000572    3.23263888889    4
339    1563519846.98    1563519910.63    63.6510000229    256    0.0057    1.4592    63.6567000229    4.05692401961    6
340    1563519847.17    1563519910.72    63.5549998283    64    0.0135    0.864    63.5684998283    3.23263888889    4
341    1563519847.4    1563519910.73    63.3310000896    4    0.0526    0.2104    63.3836000896    1.5    2
342    1563519847.49    1563519912.39    64.9069998264    256    0.4475    114.56    65.3544998264    3.95919117647    6
343    1563519847.5    1563519914.0    66.4989998341    256    0.8087    207.0272    67.3076998341    3.95098039216    6
344    1563519847.63    1563519914.11    66.4759998322    64    0.1872    11.9808    66.6631998322    3.34821428571    4
345    1563519848.06    1563519915.68    67.618999958    256    0.7774    199.0144    68.396399958    4.14181985294    6
346    1563519848.14    1563519915.68    67.5380001068    4    0.0284    0.1136    67.5664001068    1.5    2
347    1563519848.8    1563519915.68    66.8869998455    4    0.0059    0.0236    66.8928998455    1.5    2
348    1563519848.86    1563519917.28    68.4210000038    256    0.0198    5.0688    68.4408000038    3.91804534314    6
349    1563519849.04    1563519917.38    68.3439998627    64    0.0056    0.3584    68.3495998627    3.29811507937    4
350    1563519849.25    1563519918.98    69.7290000916    256    0.0057    1.4592    69.7347000916    3.98278186275    6
351    1563519849.35    1563519918.99    69.6319999695    4    0.0284    0.1136    69.6603999695    1.5    2
352    1563519849.41    1563519920.56    71.1480000019    256    0.8087    207.0272    71.9567000019    4.01271446078    6
353    1563519849.87    1563519920.57    70.6970000267    16    0.8867    14.1872    71.5837000267    2.2    3
354    1563519850.11    1563519920.57    70.4620001316    4    0.6477    2.5908    71.1097001316    1.5    2
355    1563519850.15    1563519920.58    70.4300000668    16    0.4263    6.8208    70.8563000668    2.25    3
356    1563519850.66    1563519920.59    69.9249999523    16    0.7709    12.3344    70.6958999523    2.21666666667    3
357    1563519850.67    1563519920.59    69.9179999828    4    1.1322    4.5288    71.0501999828    1.5    2
358    1563519850.9    1563519920.59    69.6940000057    4    0.0526    0.2104    69.7466000057    1.5    2
359    1563519850.91    1563519920.6    69.6889998913    16    0.8867    14.1872    70.5756998913    2.23333333333    3
360    1563519851.05    1563519922.27    71.2219998837    256    0.7774    199.0144    71.9993998837    4.06844362745    6
361    1563519851.34    1563519922.27    70.9370000362    4    0.0059    0.0236    70.9429000362    1.5    2
362    1563519851.71    1563519923.9    72.1900000572    256    0.4475    114.56    72.6375000572    4.02267156863    6
363    1563519852.03    1563519923.9    71.871999979    4    0.5984    2.3936    72.470399979    1.5    2
364    1563519852.09    1563519923.9    71.8109998703    4    0.0059    0.0236    71.8168998703    1.5    2
365    1563519852.25    1563519923.91    71.6659998894    16    0.7709    12.3344    72.4368998894    2.23333333333    3
366    1563519852.79    1563519925.55    72.763999939    256    0.8087    207.0272    73.572699939    4.04004289216    6
367    1563519853.0    1563519925.56    72.5559999943    16    0.8867    14.1872    73.4426999943    2.24166666667    3
368    1563519853.01    1563519925.65    72.6380000114    64    0.6958    44.5312    73.3338000114    3.34126984127    4
369    1563519853.35    1563519925.65    72.3050000668    4    0.6477    2.5908    72.9527000668    1.5    2
370    1563519853.51    1563519927.21    73.7099997997    256    0.6811    174.3616    74.3910997997    4.09129901961    6
371    1563519853.77    1563519927.22    73.4520001411    16    0.0099    0.1584    73.4619001411    2.24166666667    3
372    1563519853.89    1563519928.89    74.993999958    256    0.6811    174.3616    75.675099958    4.02720588235    6
373    1563519854.11    1563519928.98    74.8680000305    64    0.0135    0.864    74.8815000305    3.3621031746    4
374    1563519855.44    1563519928.98    73.5390000343    4    0.0834    0.3336    73.6224000343    1.5    2
375    1563519855.71    1563519929.08    73.367000103    64    0.9639    61.6896    74.330900103    3.29811507937    4
376    1563519856.09    1563519930.7    74.606000185    256    0.6811    174.3616    75.287100185    4.08244485294    6
377    1563519856.21    1563519930.7    74.4879999161    4    0.6477    2.5908    75.1356999161    1.5    2
378    1563519856.89    1563519930.71    73.8110001087    16    0.0099    0.1584    73.8209001087    2.23333333333    3
379    1563519857.17    1563519930.71    73.5380001068    4    0.0834    0.3336    73.6214001068    1.5    2
380    1563519857.73    1563519932.43    74.6970000267    256    0.0057    1.4592    74.7027000267    3.97815563725    6
381    1563519857.86    1563519932.44    74.5889999866    16    0.7709    12.3344    75.3598999866    2.24166666667    3
382    1563519857.94    1563519932.44    74.5009999275    4    0.0834    0.3336    74.5843999275    1.5    2
383    1563519857.98    1563519932.55    74.5709998608    64    0.6958    44.5312    75.2667998608    3.29017857143    4
384    1563519857.99    1563519932.64    74.6520001888    64    0.1872    11.9808    74.8392001888    3.31001984127    4
385    1563519858.05    1563519932.65    74.5950000286    16    0.03    0.48    74.6250000286    2.25    3
386    1563519858.3    1563519932.74    74.4429998398    64    0.0056    0.3584    74.4485998398    3.26240079365    4
387    1563519858.39    1563519932.74    74.3470001221    4    0.0284    0.1136    74.3754001221    1.5    2
388    1563519858.43    1563519934.39    75.9550001621    256    0.7774    199.0144    76.7324001621    4.02398897059    6
389    1563519858.59    1563519934.39    75.8029999733    4    0.5984    2.3936    76.4013999733    1.5    2
390    1563519858.64    1563519934.48    75.8380000591    64    0.0254    1.6256    75.8634000591    3.37251984127    4
391    1563519858.83    1563519936.11    77.2869999409    256    0.0057    1.4592    77.2926999409    4.04895833333    6
392    1563519859.42    1563519937.72    78.2969999313    256    0.7774    199.0144    79.0743999313    3.98685661765    6
393    1563519859.85    1563519937.72    77.873000145    4    1.1322    4.5288    79.005200145    1.5    2
394    1563519859.95    1563519937.72    77.7699999809    4    1.1322    4.5288    78.9021999809    1.5    2
395    1563519860.07    1563519937.73    77.6630001068    16    0.4263    6.8208    78.0893001068    2.25    3
396    1563519860.09    1563519939.35    79.2580001354    256    0.6811    174.3616    79.9391001354    4.07702205882    6
397    1563519860.17    1563519939.36    79.1849999428    16    0.4263    6.8208    79.6112999428    2.24166666667    3
398    1563519860.32    1563519939.37    79.0469999313    16    0.7709    12.3344    79.8178999313    2.25    3
399    1563519860.42    1563519939.45    79.0369999409    64    0.1872    11.9808    79.2241999409    3.35069444444    4
400    1563519860.93    1563519939.46    78.5290000439    4    1.1322    4.5288    79.6612000439    1.5    2
401    1563519860.94    1563519939.47    78.5299999714    16    0.0432    0.6912    78.5731999714    2.25    3
402    1563519861.05    1563519939.56    78.5099999905    64    0.1872    11.9808    78.6971999905    3.34623015873    4
403    1563519861.07    1563519939.67    78.6050000191    64    0.4299    27.5136    79.0349000191    3.32242063492    4
404    1563519861.14    1563519939.68    78.5420000553    16    0.8867    14.1872    79.4287000553    2.25    3
405    1563519861.18    1563519939.69    78.5090000629    4    0.0834    0.3336    78.5924000629    1.5    2
406    1563519861.21    1563519939.8    78.5880000591    64    0.0056    0.3584    78.5936000591    3.30456349206    4
407    1563519861.33    1563519939.8    78.4709999561    4    0.0284    0.1136    78.4993999561    1.5    2
408    1563519861.4    1563519939.91    78.5089998245    64    0.9639    61.6896    79.4728998245    3.47420634921    5
409    1563519861.43    1563519941.54    80.1089999676    256    0.0198    5.0688    80.1287999676    4.03121936275    6
410    1563519861.6    1563519943.3    81.6949999332    256    0.0198    5.0688    81.7147999332    3.93140318627    6
411    1563519861.77    1563519944.96    83.1959998608    256    0.6811    174.3616    83.8770998608    3.9496629902    6
412    1563519861.91    1563519944.97    83.0620000362    16    0.0099    0.1584    83.0719000362    2.25    3
413    1563519862.13    1563519944.97    82.8400001526    4    1.1322    4.5288    83.9722001526    1.5    2
414    1563519862.18    1563519944.97    82.7960000038    4    0.5984    2.3936    83.3944000038    1.33333333333    2
415    1563519862.42    1563519944.98    82.5609998703    4    0.5984    2.3936    83.1593998703    1.5    2
416    1563519862.58    1563519944.98    82.3989999294    4    0.0284    0.1136    82.4273999294    1.5    2
417    1563519862.62    1563519944.99    82.364000082    4    0.0059    0.0236    82.369900082    1.5    2
418    1563519862.74    1563519945.09    82.3450000286    64    0.0056    0.3584    82.3506000286    3.32142857143    4
419    1563519862.85    1563519945.09    82.2430000305    4    0.6477    2.5908    82.8907000305    1.33333333333    2
420    1563519863.04    1563519945.19    82.1499998569    64    0.0056    0.3584    82.1555998569    3.32589285714    4
421    1563519863.18    1563519946.93    83.748000145    256    0.7774    199.0144    84.525400145    4.06124387255    6
422    1563519863.26    1563519946.94    83.6840000153    16    0.0432    0.6912    83.7272000153    2.24166666667    3
423    1563519863.65    1563519946.95    83.3029999733    16    0.7709    12.3344    84.0738999733    2.13333333333    3
424    1563519863.8    1563519947.06    83.2650001049    64    0.6958    44.5312    83.9608001049    3.31150793651    4
425    1563519864.16    1563519947.16    83.0070002079    64    0.0056    0.3584    83.0126002079    3.32638888889    4
426    1563519864.32    1563519947.17    82.8580000401    16    0.0296    0.4736    82.8876000401    2.21666666667    3
427    1563519864.58    1563519947.27    82.6889998913    64    0.0056    0.3584    82.6945998913    3.32638888889    4
428    1563519864.95    1563519948.96    84.0080001354    256    0.0198    5.0688    84.0278001354    4.12809436275    6
429    1563519865.14    1563519950.69    85.5540001392    256    0.0057    1.4592    85.5597001392    4.0568627451    6
430    1563519865.24    1563519952.47    87.2349998951    256    0.0198    5.0688    87.2547998951    4.06020220588    6
431    1563519865.49    1563519952.58    87.0939998627    64    0.1872    11.9808    87.2811998627    3.30257936508    4
432    1563519865.51    1563519952.59    87.0859999657    16    0.0099    0.1584    87.0958999657    2.23333333333    3
433    1563519865.72    1563519954.26    88.5449998379    256    0.8087    207.0272    89.3536998379    3.95707720588    6
434    1563519865.77    1563519954.27    88.496999979    16    0.0099    0.1584    88.506899979    2.24166666667    3
435    1563519865.78    1563519954.36    88.5810000896    64    0.9639    61.6896    89.5449000896    3.30555555556    4
436    1563519865.82    1563519954.36    88.5470001698    4    0.0059    0.0236    88.5529001698    1.5    2
437    1563519865.85    1563519954.37    88.5180001259    4    0.5984    2.3936    89.1164001259    1.5    2
438    1563519865.88    1563519955.93    90.0499999523    256    0.7774    199.0144    90.8273999523    4.06825980392    6
439    1563519866.1    1563519956.02    89.9120001793    64    0.0056    0.3584    89.9176001793    3.29017857143    4
440    1563519866.33    1563519956.14    89.8109998703    64    0.4299    27.5136    90.2408998703    3.29017857143    4
441    1563519866.47    1563519956.15    89.6770000458    16    0.4263    6.8208    90.1033000458    2.23333333333    3
442    1563519866.55    1563519956.25    89.6949999332    64    0.9639    61.6896    90.6588999332    3.34771825397    4
443    1563519866.67    1563519957.92    91.25    256    0.0057    1.4592    91.2557    4.14761029412    6
444    1563519866.73    1563519957.94    91.2139999866    16    0.8867    14.1872    92.1006999866    2.24166666667    3
445    1563519866.8    1563519957.94    91.1419999599    4    1.1322    4.5288    92.2741999599    1.5    2
446    1563519867.46    1563519957.94    90.4869999886    4    0.0834    0.3336    90.5703999886    1.5    2
447    1563519867.98    1563519957.95    89.9699997902    16    0.03    0.48    89.9999997902    2.13333333333    3
448    1563519868.08    1563519960.61    92.5339999199    256    0.6811    174.3616    93.2150999199    3.9018995098    6
449    1563519868.15    1563519962.97    94.8259999752    256    0.7774    199.0144    95.6033999752    4.07316176471    6
450    1563519868.66    1563519962.98    94.3120000362    4    0.0834    0.3336    94.3954000362    1.5    2
451    1563519868.75    1563519962.99    94.2400000095    16    0.7709    12.3344    95.0109000095    2.25    3
452    1563519868.94    1563519963.11    94.1640000343    64    0.0254    1.6256    94.1894000343    3.32341269841    4
453    1563519869.29    1563519963.11    93.8140001297    4    0.6477    2.5908    94.4617001297    1.5    2
454    1563519869.46    1563519963.23    93.7750000954    64    0.6958    44.5312    94.4708000954    3.32490079365    4
455    1563519869.87    1563519965.35    95.4789998531    256    0.8087    207.0272    96.2876998531    4.04255514706    6
456    1563519870.67    1563519967.51    96.8420000076    256    0.0057    1.4592    96.8477000076    4.03152573529    6
457    1563519870.85    1563519967.52    96.6649999619    4    0.0834    0.3336    96.7483999619    1.5    2
458    1563519870.99    1563519967.52    96.5280001163    4    0.6477    2.5908    97.1757001163    1.5    2
459    1563519871.05    1563519969.66    98.6080000401    256    0.8087    207.0272    99.4167000401    4.04705882353    6
460    1563519871.17    1563519971.75    100.580000162    256    0.0198    5.0688    100.599800162    3.94350490196    6
461    1563519871.59    1563519971.88    100.285000086    64    0.0056    0.3584    100.290600086    3.28025793651    4
462    1563519871.69    1563519972.0    100.312000036    64    0.4299    27.5136    100.741900036    3.3060515873    4
463    1563519871.72    1563519972.12    100.404999971    64    0.4299    27.5136    100.834899971    3.28025793651    4
464    1563519871.81    1563519974.3    102.49000001    256    0.8087    207.0272    103.29870001    4.00079656863    6
465    1563519871.84    1563519974.41    102.566999912    64    0.1872    11.9808    102.754199912    3.28472222222    4
466    1563519872.31    1563519974.42    102.11500001    16    0.0296    0.4736    102.14460001    2.25    3
467    1563519872.36    1563519976.51    104.150000095    256    0.0198    5.0688    104.169800095    4.04439338235    6
468    1563519872.39    1563519978.61    106.214000225    256    0.7774    199.0144    106.991400225    3.94761029412    6
469    1563519872.4    1563519980.58    108.177999973    256    0.0057    1.4592    108.183699973    3.97870710784    6
470    1563519872.89    1563519980.71    107.823999882    64    0.4299    27.5136    108.253899882    3.28472222222    4
471    1563519873.07    1563519980.86    107.796000004    64    0.0135    0.864    107.809500004    3.34226190476    4
472    1563519873.47    1563519980.86    107.391000032    4    0.0834    0.3336    107.474400032    1.5    2
473    1563519873.53    1563519980.87    107.334000111    4    0.6477    2.5908    107.981700111    1.5    2
474    1563519873.85    1563519980.99    107.142999887    64    0.0056    0.3584    107.148599887    3.25446428571    4
475    1563519873.9    1563519981.0    107.100999832    16    0.0099    0.1584    107.110899832    2.25    3
476    1563519873.99    1563519981.13    107.144000053    64    0.0056    0.3584    107.149600053    3.26537698413    4
477    1563519874.11    1563519983.25    109.143000126    256    0.0057    1.4592    109.148700126    3.95943627451    6
478    1563519874.42    1563519983.27    108.848999977    16    0.0432    0.6912    108.892199977    2.2    3
479    1563519874.71    1563519983.38    108.666999817    64    0.0254    1.6256    108.692399817    3.29117063492    4
480    1563519874.91    1563519983.38    108.467000008    4    1.1322    4.5288    109.599200008    1.5    2
481    1563519874.95    1563519983.38    108.430999994    4    0.0834    0.3336    108.514399994    1.5    2
482    1563519875.34    1563519985.08    109.743999958    256    0.8087    207.0272    110.552699958    3.94203431373    6
483    1563519875.62    1563519986.88    111.253999949    256    0.4475    114.56    111.701499949    4.00226715686    6
484    1563519876.09    1563519986.88    110.796000004    4    0.0284    0.1136    110.824400004    1.5    2
485    1563519876.62    1563519986.89    110.265000105    16    0.0296    0.4736    110.294600105    2.24166666667    3
486    1563519876.71    1563519986.9    110.187000036    16    0.0296    0.4736    110.216600036    2.23333333333    3
487    1563519876.77    1563519987.03    110.256999969    64    0.1872    11.9808    110.444199969    3.33234126984    4
488    1563519877.45    1563519987.04    109.592999935    16    0.0432    0.6912    109.636199935    2.11666666667    3
489    1563519877.53    1563519987.05    109.519999981    16    0.7709    12.3344    110.290899981    2.24166666667    3
490    1563519877.59    1563519988.79    111.196000099    256    0.8087    207.0272    112.004700099    4.04347426471    6
491    1563519877.69    1563519990.76    113.065000057    256    0.0198    5.0688    113.084800057    3.99169730392    6
492    1563519877.77    1563519990.89    113.116999865    64    0.6958    44.5312    113.812799865    3.30555555556    4
493    1563519878.07    1563519990.89    112.825999975    4    0.0284    0.1136    112.854399975    1.5    2
494    1563519878.14    1563519991.05    112.913000107    64    0.0056    0.3584    112.918600107    3.32043650794    4
495    1563519878.39    1563519991.23    112.840000153    64    0.9639    61.6896    113.803900153    3.29662698413    4
496    1563519878.41    1563519993.47    115.056999922    256    0.0057    1.4592    115.062699922    3.9928002451    6
497    1563519878.57    1563519993.47    114.903999805    4    0.0284    0.1136    114.932399805    1.5    2
498    1563519878.61    1563519993.59    114.975999832    64    0.9639    61.6896    115.939899832    3.30406746032    4
499    1563519878.8    1563519993.59    114.789000034    4    0.0284    0.1136    114.817400034    1.5    2

dispatched jobs are: 500 out of 500
average queue time is: 49.6051419973
fso links are used for 0 times
overall utilization is 0.0719378716672
average response time is 49.9773421973
average weighted response time is 55.1658106863
average slowdown is 77.9251961181
cpu_request: 39824, cpu_run: 39824
ssd_request: 19339, ssd_run: 0
gpu_request: 18326, gpu_run: 0
cpu aspl: 2.70910194328
cpu diameter: 3.664
job x: 0.0
job y: 0.0
job z: 0.0
