#timestep  occupied-CPU  total-CPU  utilization  queuingjobs
1    0    1024    0.0    1
2    4    1024    0.00390625    0
3    0    1024    0.0    0
4    0    1024    0.0    6
5    172    1024    0.16796875    5
6    324    1024    0.31640625    0
7    64    1024    0.0625    3
8    256    1024    0.25    2
9    336    1024    0.328125    0
10    4    1024    0.00390625    0
11    0    1024    0.0    4
12    0    1024    0.0    1
13    320    1024    0.3125    0
14    20    1024    0.01953125    0
15    0    1024    0.0    1
16    0    1024    0.0    0
17    0    1024    0.0    0
18    0    1024    0.0    0
19    0    1024    0.0    2
20    256    1024    0.25    0
21    0    1024    0.0    0
22    64    1024    0.0625    0
23    0    1024    0.0    0
24    16    1024    0.015625    0
25    0    1024    0.0    0
26    0    1024    0.0    1
27    0    1024    0.0    5
28    0    1024    0.0    5
29    16    1024    0.015625    2
30    16    1024    0.015625    0
31    0    1024    0.0    0
32    0    1024    0.0    3
33    0    1024    0.0    3
34    4    1024    0.00390625    1
35    0    1024    0.0    4
36    0    1024    0.0    5
37    8    1024    0.0078125    1
38    64    1024    0.0625    2
39    256    1024    0.25    2
40    272    1024    0.265625    0
41    0    1024    0.0    0
42    64    1024    0.0625    0
43    0    1024    0.0    2
44    256    1024    0.25    2
45    260    1024    0.25390625    0
46    0    1024    0.0    2
47    182    1024    0.177734375    2
48    0    1024    0.0    2
49    256    1024    0.25    2
50    128    1024    0.125    0
51    0    1024    0.0    3
52    256    1024    0.25    0
53    0    1024    0.0    2
54    68    1024    0.06640625    0
55    0    1024    0.0    3
56    84    1024    0.08203125    1
57    64    1024    0.0625    0
58    0    1024    0.0    2
59    0    1024    0.0    2
60    0    1024    0.0    3
61    0    1024    0.0    1
62    0    1024    0.0    0
63    0    1024    0.0    0
64    0    1024    0.0    3
65    36    1024    0.03515625    0
66    80    1024    0.078125    0
67    64    1024    0.0625    0
68    0    1024    0.0    5
69    4    1024    0.00390625    1
70    4    1024    0.00390625    0
71    0    1024    0.0    3
72    0    1024    0.0    4
73    148    1024    0.14453125    0
74    0    1024    0.0    2
75    64    1024    0.0625    4
76    256    1024    0.25    9
77    400    1024    0.390625    4
78    0    1024    0.0    6
79    0    1024    0.0    7
80    0    1024    0.0    7
81    69    1024    0.0673828125    4
82    16    1024    0.015625    1
83    0    1024    0.0    1
84    256    1024    0.25    4
85    288    1024    0.28125    2
86    0    1024    0.0    7
87    0    1024    0.0    8
88    0    1024    0.0    7
89    64    1024    0.0625    0
90    0    1024    0.0    0
91    0    1024    0.0    0
92    0    1024    0.0    1
93    0    1024    0.0    3
94    252    1024    0.24609375    6
95    256    1024    0.25    7
96    324    1024    0.31640625    3
97    256    1024    0.25    3
98    256    1024    0.25    4
99    0    1024    0.0    4
100    0    1024    0.0    2
101    320    1024    0.3125    0
102    4    1024    0.00390625    0
103    0    1024    0.0    2
104    256    1024    0.25    4
105    0    1024    0.0    3
106    324    1024    0.31640625    0
107    0    1024    0.0    2
108    336    1024    0.328125    0
109    0    1024    0.0    4
110    4    1024    0.00390625    0
111    0    1024    0.0    1
112    256    1024    0.25    2
113    128    1024    0.125    4
114    4    1024    0.00390625    0
115    4    1024    0.00390625    0
116    0    1024    0.0    2
117    0    1024    0.0    1
118    4    1024    0.00390625    2
119    151    1024    0.1474609375    2
120    0    1024    0.0    0

average cpu utilization is: 0.0730305989583
average ssd utilization is: 0.133610026042
average gpu utilization is: 0.135758463542
average utilization is: 0.114133029514
average queuing jobs are: 1.99166666667
maximum queuing jobs are: 9


#job_number  submit  dispatch  queue  cpu#  runtime  weight  response(turnaround)  cpu_aspl  cpu_diameter
0    1562287768.32    1562287772.5    4.18187499046    64    0.1865    11.936    4.36837499046    3.9558531746    6
1    1562287773.45    1562287773.45    8.79764556885e-05    4    0.0284    0.1136    0.0284879764557    1.5    2
2    1562287773.61    1562287773.61    2.28881835938e-05    4    0.6477    2.5908    0.647722888184    1.5    2
3    1562287774.67    1562287775.85    1.17926192284    256    0.6811    174.3616    1.86036192284    5.02435661765    7
4    1562287774.89    1562287775.85    0.955786943436    4    1.1322    4.5288    2.08798694344    1.5    2
5    1562287775.15    1562287777.14    1.99100899696    256    0.7774    199.0144    2.76840899696    5.05496323529    8
6    1562287775.25    1562287777.15    1.90343880653    16    0.0432    0.6912    1.94663880653    2.5    4
7    1562287775.37    1562287777.16    1.7805480957    16    0.0099    0.1584    1.7904480957    2.58333333333    4
8    1562287775.47    1562287777.16    1.68717193604    16    0.03    0.48    1.71717193604    2.51666666667    4
9    1562287775.82    1562287777.24    1.42378306389    64    0.9639    61.6896    2.38768306389    4.18055555556    6
10    1562287777.31    1562287777.31    5.60283660889e-05    4    0.5984    2.3936    0.598456028366    1.5    2
11    1562287777.59    1562287777.59    -0.00255417823792    16    0.7709    12.3344    0.768345821762    2.58333333333    4
12    1562287777.71    1562287777.75    0.0487039089203    64    0.9639    61.6896    1.01260390892    4.15525793651    6
13    1562287778.18    1562287779.39    1.21400308609    256    0.7774    199.0144    1.99140308609    5.27496936275    8
14    1562287778.21    1562287779.39    1.1856970787    16    0.0099    0.1584    1.1955970787    2.58333333333    4
15    1562287778.58    1562287780.72    2.13725781441    256    0.6811    174.3616    2.81835781441    5.11816789216    8
16    1562287779.64    1562287780.79    1.15741586685    64    0.1865    11.936    1.34391586685    3.99107142857    6
17    1562287780.06    1562287780.8    0.745460987091    16    0.7709    12.3344    1.51636098709    2.65    4
18    1562287780.46    1562287780.81    0.353338956833    16    0.0099    0.1584    0.363238956833    2.68333333333    4
19    1562287780.6    1562287780.82    0.221087932587    16    0.03    0.48    0.251087932587    2.71666666667    4
20    1562287780.72    1562287780.82    0.0979251861572    4    0.0059    0.0236    0.103825186157    1.5    2
21    1562287781.29    1562287781.29    3.00407409668e-05    16    0.0099    0.1584    0.00993004074097    2.5    4
22    1562287781.77    1562287781.77    1.90734863281e-05    4    0.6477    2.5908    0.647719073486    1.5    2
23    1562287782.06    1562287783.05    0.991932868958    256    0.6811    174.3616    1.67303286896    5.00425857843    8
24    1562287782.53    1562287783.05    0.528665065765    4    0.0284    0.1136    0.557065065765    1.5    2
25    1562287782.9    1562287783.06    0.162025213242    16    0.0432    0.6912    0.205225213242    2.65    4
26    1562287782.97    1562287783.06    0.0920958518982    16    0.0432    0.6912    0.135295851898    2.65    4
27    1562287783.22    1562287783.22    -0.00021505355835    4    0.0834    0.3336    0.0831849464417    1.5    2
28    1562287783.6    1562287784.65    1.04637122154    256    0.4475    114.56    1.49387122154    5.21271446078    8
29    1562287784.56    1562287784.74    0.175971031189    64    0.9575    61.28    1.13347103119    4.01884920635    6
30    1562287784.78    1562287784.78    0.0002601146698    16    0.0432    0.6912    0.0434601146698    2.61666666667    4
31    1562287785.16    1562287785.16    3.88622283936e-05    4    0.0284    0.1136    0.0284388622284    1.5    2
32    1562287785.96    1562287785.96    0.000195026397705    16    0.7709    12.3344    0.771095026398    2.5    4
33    1562287785.96    1562287785.96    8.10623168945e-06    4    0.6477    2.5908    0.647708106232    1.5    2
34    1562287786.24    1562287786.24    7.00950622559e-05    16    0.4263    6.8208    0.426370095062    2.58333333333    4
35    1562287786.36    1562287786.36    2.50339508057e-05    16    0.4263    6.8208    0.426325033951    2.56666666667    4
36    1562287786.97    1562287787.96    0.998072147369    256    0.0057    1.4592    1.00377214737    5.02435661765    7
37    1562287787.96    1562287787.97    0.0034658908844    4    0.0834    0.3336    0.0868658908844    1.5    2
38    1562287788.26    1562287788.26    2.00271606445e-05    16    0.4263    6.8208    0.426320027161    2.5    4
39    1562287788.49    1562287788.49    -0.000448942184448    4    0.5984    2.3936    0.597951057816    1.5    2
40    1562287789.51    1562287789.51    1.90734863281e-05    4    0.6477    2.5908    0.647719073486    1.5    2
41    1562287790.21    1562287790.21    0.000164985656738    16    0.0099    0.1584    0.0100649856567    2.5    4
42    1562287790.44    1562287790.44    0.000180959701538    4    0.0284    0.1136    0.0285809597015    1.5    2
43    1562287790.48    1562287790.54    0.0604429244995    64    0.0056    0.3584    0.0660429244995    4.01884920635    6
44    1562287791.22    1562287792.14    0.921032905579    256    0.8087    207.0272    1.72973290558    5.02435661765    7
45    1562287791.35    1562287792.15    0.798413991928    16    0.0432    0.6912    0.841613991928    2.63333333333    4
46    1562287791.63    1562287792.16    0.527446985245    16    0.0099    0.1584    0.537346985245    2.58333333333    4
47    1562287792.16    1562287792.16    0.000113964080811    4    0.0059    0.0236    0.00601396408081    1.5    2
48    1562287792.37    1562287792.37    0.000112056732178    16    0.03    0.48    0.0301120567322    2.63333333333    4
49    1562287792.58    1562287792.58    -0.000978946685791    16    0.0432    0.6912    0.0422210533142    2.63333333333    4
50    1562287792.98    1562287792.98    -0.000256061553955    16    0.03    0.48    0.029743938446    2.5    4
51    1562287794.25    1562287794.25    0.00358915328979    64    0.9575    61.28    0.96108915329    3.9558531746    6
52    1562287794.45    1562287794.45    0.000106811523438    4    0.0284    0.1136    0.0285068115234    1.5    2
53    1562287795.96    1562287795.95    -0.00692105293274    4    0.0834    0.3336    0.0764789470673    1.5    2
54    1562287796.25    1562287796.25    0.000164985656738    16    0.8867    14.1872    0.886864985657    2.5    4
55    1562287796.67    1562287796.67    7.20024108887e-05    64    0.4242    27.1488    0.424272002411    4.02926587302    6
56    1562287797.15    1562287797.19    0.035514831543    64    0.0056    0.3584    0.041114831543    4.02926587302    6
57    1562287797.56    1562287797.56    -0.000438928604126    4    0.5984    2.3936    0.597961071396    1.5    2
58    1562287798.37    1562287798.44    0.0728859901428    64    0.0131    0.8384    0.0859859901428    3.9558531746    6
59    1562287798.44    1562287799.67    1.22820687294    256    0.4475    114.56    1.67570687294    5.13642769608    8
60    1562287798.76    1562287799.67    0.913089990616    16    0.0432    0.6912    0.956289990616    2.5    4
61    1562287799.05    1562287799.68    0.632107973099    16    0.4263    6.8208    1.0584079731    2.58333333333    4
62    1562287799.38    1562287800.92    1.53534603119    256    0.0198    5.0688    1.55514603119    5.3306372549    8
63    1562287799.67    1562287800.92    1.25363993645    4    0.0834    0.3336    1.33703993645    1.5    2
64    1562287799.96    1562287800.92    0.96633887291    4    0.0834    0.3336    1.04973887291    1.5    2
65    1562287800.17    1562287800.93    0.752660036087    16    0.0296    0.4736    0.782260036087    2.56666666667    4
66    1562287800.53    1562287801.0    0.469776153564    64    0.0135    0.864    0.483276153564    4.17113095238    6
67    1562287800.91    1562287801.01    0.0965309143066    16    0.0099    0.1584    0.106430914307    2.58333333333    4
68    1562287801.02    1562287801.02    0.000839948654175    16    0.7709    12.3344    0.771739948654    2.68333333333    4
69    1562287801.09    1562287802.18    1.08478498459    256    0.0057    1.4592    1.09048498459    5.03268995098    8
70    1562287801.38    1562287802.19    0.802102804184    16    0.0432    0.6912    0.845302804184    2.5    4
71    1562287802.11    1562287802.27    0.15437579155    64    0.4299    27.5136    0.58427579155    4.26339285714    6
72    1562287802.41    1562287802.41    -0.000399827957153    16    0.4263    6.8208    0.425900172043    2.5    4
73    1562287802.86    1562287802.86    0.000196933746338    16    0.0099    0.1584    0.0100969337463    2.5    4
74    1562287804.07    1562287805.04    0.971672058105    256    0.0057    1.4592    0.977372058105    5.02435661765    7
75    1562287804.33    1562287805.04    0.709336996078    4    0.5984    2.3936    1.30773699608    1.5    2
76    1562287804.58    1562287806.16    1.57961797714    256    0.7774    199.0144    2.35701797714    5.05496323529    8
77    1562287805.07    1562287806.17    1.09332084656    16    0.8867    14.1872    1.98002084656    2.5    4
78    1562287805.91    1562287806.17    0.258275032043    16    0.0099    0.1584    0.268175032043    2.58333333333    4
79    1562287806.4    1562287806.4    0.00017786026001    16    0.03    0.48    0.03017786026    2.58333333333    4
80    1562287806.49    1562287806.49    2.38418579102e-05    4    0.6477    2.5908    0.647723841858    1.5    2
81    1562287807.05    1562287808.09    1.03614997864    256    0.4475    114.56    1.48364997864    5.0246629902    8
82    1562287807.15    1562287808.1    0.942060947418    16    0.0432    0.6912    0.985260947418    2.5    4
83    1562287807.49    1562287809.3    1.80958604813    256    0.0057    1.4592    1.81528604813    5.19690563725    8
84    1562287807.83    1562287809.38    1.54811906815    64    0.0247    1.5808    1.57281906815    4.0376984127    6
85    1562287808.4    1562287809.38    0.975104093552    4    0.0834    0.3336    1.05850409355    1.5    2
86    1562287808.59    1562287809.38    0.786046028137    4    1.1322    4.5288    1.91824602814    1.5    2
87    1562287808.91    1562287809.38    0.476696014404    16    0.0296    0.4736    0.506296014404    2.65    4
88    1562287809.66    1562287809.66    -0.000545978546143    16    0.0099    0.1584    0.00935402145386    2.5    4
89    1562287809.77    1562287809.77    5.10215759277e-05    16    0.4263    6.8208    0.426351021576    2.5    4
90    1562287809.82    1562287809.82    6.48498535156e-05    4    0.0526    0.2104    0.0526648498535    1.5    2
91    1562287809.84    1562287809.84    -0.000242948532104    4    0.0526    0.2104    0.0523570514679    1.5    2
92    1562287809.97    1562287809.97    6.19888305664e-05    4    0.5984    2.3936    0.598461988831    1.5    2
93    1562287810.23    1562287810.24    0.00391006469727    16    0.7709    12.3344    0.774810064697    2.5    4
94    1562287810.38    1562287810.4    0.0162768363953    64    0.9575    61.28    0.973776836395    3.91021825397    6
95    1562287810.4    1562287810.47    0.0690870285034    64    0.0247    1.5808    0.0937870285034    4.02678571429    6
96    1562287810.54    1562287810.54    0.000128030776978    4    0.0526    0.2104    0.052728030777    1.5    2
97    1562287811.16    1562287812.25    1.08960294724    256    0.6811    174.3616    1.77070294724    5.08468137255    8
98    1562287811.33    1562287812.26    0.927826166153    16    0.0432    0.6912    0.971026166153    2.58333333333    4
99    1562287811.79    1562287813.32    1.53393101692    256    0.4475    114.56    1.98143101692    5.09371936275    8
100    1562287812.04    1562287813.33    1.29557490349    16    0.0099    0.1584    1.30547490349    2.5    4
101    1562287812.57    1562287813.34    0.763534069061    16    0.03    0.48    0.793534069061    2.58333333333    4
102    1562287813.94    1562287814.0    0.0550508499146    64    0.0131    0.8384    0.0681508499146    3.9558531746    6
103    1562287814.87    1562287814.87    0.00022292137146    16    0.0099    0.1584    0.0101229213715    2.5    4
104    1562287815.3    1562287815.3    0.000166893005371    64    0.1865    11.936    0.186666893005    3.9558531746    6
105    1562287815.44    1562287815.48    0.0436561107635    64    0.0131    0.8384    0.0567561107635    4.0753968254    6
106    1562287815.72    1562287815.72    5.98430633545e-05    4    0.0834    0.3336    0.0834598430634    1.5    2
107    1562287815.95    1562287816.9    0.948810815811    256    0.6811    174.3616    1.62991081581    5.02435661765    7
108    1562287816.16    1562287818.07    1.91454005241    256    0.6811    174.3616    2.59564005241    5.0728247549    8
109    1562287817.19    1562287818.07    0.879979133606    4    0.5984    2.3936    1.47837913361    1.5    2
110    1562287817.83    1562287818.14    0.310269117355    64    0.0254    1.6256    0.335669117355    4.19791666667    6
111    1562287819.07    1562287819.97    0.897038936615    256    0.6811    174.3616    1.57813893661    5.02435661765    7
112    1562287819.66    1562287819.97    0.303574085236    4    0.0284    0.1136    0.331974085236    1.5    2
113    1562287819.97    1562287821.1    1.13335800171    256    0.0057    1.4592    1.13905800171    5.05496323529    8
114    1562287820.3    1562287821.11    0.810169935226    16    0.0432    0.6912    0.853369935226    2.5    4
115    1562287821.48    1562287822.35    0.862925052643    256    0.8087    207.0272    1.67162505264    5.02435661765    7
116    1562287821.58    1562287822.35    0.770056009293    16    0.0432    0.6912    0.813256009293    2.63333333333    4
117    1562287822.02    1562287822.42    0.400923013687    64    0.1865    11.936    0.587423013687    3.98908730159    6
118    1562287822.26    1562287823.54    1.27480602264    256    0.0057    1.4592    1.28050602264    5.16565563725    8
119    1562287822.75    1562287823.62    0.862197875977    64    0.9575    61.28    1.81969787598    3.9558531746    6
120    1562287823.1    1562287823.68    0.58677315712    64    0.4242    27.1488    1.01097315712    4.0753968254    6
121    1562287823.29    1562287823.69    0.395256996155    4    0.0284    0.1136    0.423656996155    1.5    2
122    1562287823.92    1562287823.92    -0.00128793716431    16    0.0099    0.1584    0.00861206283569    2.65    4
123    1562287824.27    1562287825.31    1.04331016541    256    0.7774    199.0144    1.82071016541    5.13642769608    8
124    1562287824.48    1562287825.31    0.832820892334    4    0.0284    0.1136    0.861220892334    1.5    2
125    1562287824.98    1562287825.38    0.400846004486    64    0.4299    27.5136    0.830746004486    4.09523809524    6
126    1562287825.49    1562287825.49    6.31809234619e-05    16    0.4263    6.8208    0.426363180923    2.68333333333    4
127    1562287825.64    1562287825.64    0.000194072723389    64    0.0135    0.864    0.0136940727234    4.3244047619    6
128    1562287826.1    1562287827.2    1.09842395782    256    0.7774    199.0144    1.87582395782    5.17515318627    8
129    1562287826.47    1562287827.2    0.730956792831    4    0.0284    0.1136    0.759356792831    1.5    2
130    1562287827.79    1562287827.79    0.000187158584595    64    0.9575    61.28    0.957687158585    4.0753968254    6
131    1562287827.97    1562287827.97    0.000118017196655    4    0.6477    2.5908    0.647818017197    1.5    2
132    1562287828.26    1562287828.26    1.90734863281e-05    16    0.4263    6.8208    0.426319073486    2.5    4
133    1562287828.67    1562287829.84    1.16946816444    256    0.0198    5.0688    1.18926816444    5.17288602941    8
134    1562287828.97    1562287829.85    0.881720781326    16    0.4263    6.8208    1.30802078133    2.5    4
135    1562287829.22    1562287829.86    0.63688492775    16    0.8867    14.1872    1.52358492775    2.58333333333    4
136    1562287829.52    1562287829.86    0.338418960571    4    0.0526    0.2104    0.391018960571    1.5    2
137    1562287830.17    1562287830.19    0.0246970653534    64    0.9575    61.28    0.982197065353    4.05704365079    6
138    1562287830.19    1562287830.19    0.00467395782471    16    0.0296    0.4736    0.0342739578247    2.56666666667    4
139    1562287830.35    1562287830.35    6.98566436768e-05    4    0.0834    0.3336    0.0834698566437    1.5    2
140    1562287830.36    1562287830.36    -0.00167894363403    4    0.5984    2.3936    0.596721056366    1.5    2
141    1562287830.59    1562287830.6    0.000189065933228    16    0.7709    12.3344    0.771089065933    2.5    4
142    1562287830.67    1562287830.74    0.0679090023041    64    0.9575    61.28    1.0254090023    4.01537698413    6
143    1562287830.74    1562287830.74    0.00303888320923    4    0.0834    0.3336    0.0864388832092    1.5    2
144    1562287830.75    1562287830.75    0.000118970870972    16    0.0099    0.1584    0.010018970871    2.575    4
145    1562287830.79    1562287830.85    0.0665781497955    64    0.0056    0.3584    0.0721781497955    4.04563492063    6
146    1562287831.38    1562287832.5    1.11632108688    256    0.0198    5.0688    1.13612108688    5.28253676471    8
147    1562287832.26    1562287832.51    0.244672060013    16    0.0296    0.4736    0.274272060013    2.56666666667    4
148    1562287832.71    1562287833.8    1.09060311317    256    0.0198    5.0688    1.11040311317    5.02435661765    7
149    1562287833.17    1562287834.83    1.65456819534    256    0.7774    199.0144    2.43196819534    5.0728247549    8
150    1562287833.88    1562287834.9    1.0146150589    64    0.0131    0.8384    1.0277150589    3.9558531746    6
151    1562287834.7    1562287834.97    0.27748298645    64    0.0135    0.864    0.29098298645    4.38541666667    6
152    1562287835.78    1562287835.84    0.0688660144806    64    0.0131    0.8384    0.0819660144806    3.9558531746    6
153    1562287836.05    1562287836.05    3.69548797607e-05    4    0.0526    0.2104    0.0526369548798    1.5    2
154    1562287836.09    1562287836.09    0.000113964080811    4    0.0284    0.1136    0.0285139640808    1.5    2
155    1562287836.25    1562287836.26    0.00952696800232    64    0.4242    27.1488    0.433726968002    3.9558531746    6
156    1562287836.92    1562287836.94    0.0253119468689    64    0.0131    0.8384    0.0384119468689    3.9558531746    6
157    1562287837.88    1562287837.88    0.000173091888428    16    0.8867    14.1872    0.886873091888    2.5    4
158    1562287838.0    1562287838.02    0.0160579681396    64    0.1865    11.936    0.20255796814    4.02926587302    6
159    1562287838.21    1562287839.26    1.0508852005    256    0.4475    114.56    1.4983852005    5.10444240196    8
160    1562287838.51    1562287839.27    0.758594036102    4    0.6477    2.5908    1.4062940361    1.5    2
161    1562287838.78    1562287839.27    0.484167098999    4    0.5984    2.3936    1.082567099    1.5    2
162    1562287839.3    1562287839.3    0.000196933746338    16    0.8867    14.1872    0.886896933746    2.68333333333    4
163    1562287839.44    1562287839.44    0.000176906585693    16    0.7709    12.3344    0.771076906586    2.65    4
164    1562287840.58    1562287840.58    1.90734863281e-05    16    0.8867    14.1872    0.886719073486    2.5    4
165    1562287840.78    1562287840.78    0.000189065933228    64    0.6889    44.0896    0.689089065933    4.02926587302    6
166    1562287841.66    1562287841.66    2.00271606445e-05    64    0.6889    44.0896    0.688920027161    3.9558531746    6
167    1562287841.74    1562287841.78    0.0415070056915    64    0.0056    0.3584    0.0471070056915    4.0753968254    6
168    1562287842.09    1562287843.17    1.08154678345    256    0.8087    207.0272    1.89024678345    5.13642769608    8
169    1562287842.27    1562287843.17    0.908824920654    16    0.4263    6.8208    1.33512492065    2.5    4
170    1562287842.72    1562287843.24    0.51947593689    64    0.0254    1.6256    0.54487593689    4.10615079365    6
171    1562287842.87    1562287843.25    0.375231981277    16    0.4263    6.8208    0.801531981277    2.625    4
172    1562287843.12    1562287843.25    0.126091957092    4    1.1322    4.5288    1.25829195709    1.33333333333    2
173    1562287843.42    1562287844.49    1.06331801414    256    0.0198    5.0688    1.08311801414    5.07971813725    8
174    1562287844.39    1562287844.57    0.181555986404    64    0.1872    11.9808    0.368755986404    4.14732142857    6
175    1562287844.98    1562287844.98    3.19480895996e-05    4    0.6477    2.5908    0.64773194809    1.5    2
176    1562287845.08    1562287845.08    0.000169992446899    16    0.03    0.48    0.0301699924469    2.58333333333    4
177    1562287845.13    1562287845.13    0.000181913375854    16    0.0296    0.4736    0.0297819133759    2.58333333333    4
178    1562287845.44    1562287846.56    1.11545991898    256    0.0198    5.0688    1.13525991898    5.00425857843    8
179    1562287845.6    1562287847.74    2.14100599289    256    0.0198    5.0688    2.16080599289    5.21271446078    8
180    1562287846.48    1562287847.82    1.34188103676    64    0.0131    0.8384    1.35498103676    4.01884920635    6
181    1562287847.09    1562287847.82    0.726162195206    4    0.5984    2.3936    1.32456219521    1.5    2
182    1562287847.45    1562287847.89    0.441268205643    64    0.6889    44.0896    1.13016820564    4.0128968254    6
183    1562287847.99    1562287847.99    0.000249862670898    4    0.5984    2.3936    0.598649862671    1.5    2
184    1562287848.15    1562287848.15    3.09944152832e-05    16    0.7709    12.3344    0.770930994415    2.65    4
185    1562287848.28    1562287848.32    0.0365760326385    64    0.9575    61.28    0.994076032639    4.0064484127    6
186    1562287848.92    1562287849.96    1.03685283661    256    0.4475    114.56    1.48435283661    5.05790441176    8
187    1562287849.3    1562287850.03    0.726327180862    64    0.6889    44.0896    1.41522718086    4.0560515873    6
188    1562287849.96    1562287851.2    1.24586796761    256    0.7774    199.0144    2.02326796761    5.19779411765    8
189    1562287850.03    1562287852.4    2.36962604523    256    0.6811    174.3616    3.05072604523    5.0771752451    8
190    1562287850.13    1562287852.4    2.27583312988    16    0.0099    0.1584    2.28573312988    2.63333333333    4
191    1562287850.38    1562287852.48    2.09531188011    64    0.0056    0.3584    2.10091188011    4.00396825397    6
192    1562287850.75    1562287852.56    1.80715799332    64    0.0131    0.8384    1.82025799332    4.04712301587    6
193    1562287850.85    1562287852.64    1.78820109367    64    0.6889    44.0896    2.47710109367    4.00396825397    6
194    1562287851.03    1562287852.72    1.68742918968    64    0.1865    11.936    1.87392918968    4.04712301587    6
195    1562287851.15    1562287852.73    1.58084893227    16    0.4263    6.8208    2.00714893227    2.58333333333    4
196    1562287851.68    1562287852.79    1.11275291443    64    0.0254    1.6256    1.13815291443    4.22470238095    6
197    1562287851.86    1562287854.03    2.16989898682    256    0.4594    117.6064    2.62929898682    5.5896752451    9
198    1562287852.4    1562287854.04    1.64094495773    16    0.0296    0.4736    1.67054495773    2.5    4
199    1562287852.5    1562287855.24    2.74655008316    256    0.8087    207.0272    3.55525008316    5.23272058824    8
200    1562287852.59    1562287855.25    2.66037321091    16    0.0099    0.1584    2.67027321091    2.5    4
201    1562287853.16    1562287856.41    3.25265908241    256    0.0057    1.4592    3.25835908241    5.16035539216    8
202    1562287853.51    1562287856.5    2.98249602318    64    0.9575    61.28    3.93999602318    4.05456349206    6
203    1562287854.43    1562287856.56    2.13728308678    64    0.0056    0.3584    2.14288308678    4.08878968254    6
204    1562287854.84    1562287856.57    1.72386407852    4    0.0059    0.0236    1.72976407852    1.5    2
205    1562287854.94    1562287856.57    1.62545800209    4    0.0834    0.3336    1.70885800209    1.5    2
206    1562287855.43    1562287856.57    1.13490486145    4    0.0526    0.2104    1.18750486145    1.5    2
207    1562287856.06    1562287856.65    0.582408905029    64    0.6889    44.0896    1.27130890503    4.0183531746    6
208    1562287856.38    1562287857.89    1.51450490952    256    0.4475    114.56    1.96200490952    5.13207720588    8
209    1562287856.82    1562287857.96    1.13861989975    64    0.1865    11.936    1.32511989975    3.9751984127    6
210    1562287856.92    1562287857.96    1.03976202011    4    0.0284    0.1136    1.06816202011    1.5    2
211    1562287857.23    1562287857.96    0.734413146973    16    0.8867    14.1872    1.62111314697    2.575    4
212    1562287857.48    1562287857.97    0.486410856247    16    0.0099    0.1584    0.496310856247    2.63333333333    4
213    1562287857.49    1562287857.97    0.476531982422    4    0.0284    0.1136    0.504931982422    1.5    2
214    1562287857.68    1562287857.97    0.286930799484    4    0.0059    0.0236    0.292830799484    1.5    2
215    1562287857.87    1562287859.1    1.23503303528    256    0.0198    5.0688    1.25483303528    5.43345588235    8
216    1562287859.43    1562287860.4    0.972569942474    256    0.6811    174.3616    1.65366994247    5.02435661765    7
217    1562287859.71    1562287861.58    1.8753619194    256    0.7774    199.0144    2.6527619194    5.0728247549    8
218    1562287860.01    1562287861.59    1.57408285141    4    0.0526    0.2104    1.62668285141    1.5    2
219    1562287860.24    1562287861.59    1.34989619255    16    0.7709    12.3344    2.12079619255    2.63333333333    4
220    1562287860.57    1562287861.6    1.02597594261    16    0.4263    6.8208    1.45227594261    2.65    4
221    1562287861.51    1562287862.8    1.28753805161    256    0.0198    5.0688    1.30733805161    5.13440563725    8
222    1562287861.67    1562287864.0    2.33518099785    256    0.6811    174.3616    3.01628099785    5.05667892157    8
223    1562287861.84    1562287864.01    2.17006111145    16    0.0099    0.1584    2.17996111145    2.5    4
224    1562287861.98    1562287864.09    2.10623812675    64    0.0056    0.3584    2.11183812675    4.27827380952    6
225    1562287862.49    1562287864.16    1.66959691048    64    0.0247    1.5808    1.69429691048    4.07787698413    6
226    1562287862.57    1562287865.3    2.7315621376    256    0.4475    114.56    3.1790621376    5.31020220588    8
227    1562287862.8    1562287865.38    2.5819940567    64    0.9575    61.28    3.5394940567    4.04811507937    6
228    1562287863.31    1562287865.38    2.07563114166    4    0.6477    2.5908    2.72333114166    1.5    2
229    1562287863.77    1562287865.39    1.61679410934    4    0.0284    0.1136    1.64519410934    1.5    2
230    1562287864.16    1562287865.39    1.22209000587    4    0.0284    0.1136    1.25049000587    1.5    2
231    1562287864.35    1562287865.39    1.04238891602    16    0.03    0.48    1.07238891602    2.65    4
232    1562287865.3    1562287865.39    0.0888030529022    4    0.0834    0.3336    0.172203052902    1.5    2
233    1562287866.23    1562287866.22    -0.00615692138672    4    0.0834    0.3336    0.0772430786133    1.5    2
234    1562287867.04    1562287867.04    0.000302076339722    16    0.0432    0.6912    0.0435020763397    2.5    4
235    1562287867.29    1562287867.29    5.31673431396e-05    16    0.03    0.48    0.0300531673431    2.5    4
236    1562287868.73    1562287869.71    0.982734203339    256    0.0057    1.4592    0.988434203339    5.02435661765    7
237    1562287869.71    1562287870.77    1.06171393394    256    0.7774    199.0144    1.83911393394    5.0728247549    8
238    1562287869.84    1562287870.78    0.938915967941    16    0.8867    14.1872    1.82561596794    2.5    4
239    1562287870.61    1562287871.96    1.35396814346    256    0.8087    207.0272    2.16266814346    5.21773897059    8
240    1562287870.77    1562287871.96    1.18798804283    4    0.0284    0.1136    1.21638804283    1.5    2
241    1562287871.08    1562287873.07    1.98812890053    256    0.7774    199.0144    2.76552890053    5.04381127451    8
242    1562287871.31    1562287873.07    1.75980591774    4    0.0059    0.0236    1.76570591774    1.5    2
243    1562287871.46    1562287873.08    1.61697793007    16    0.0432    0.6912    1.66017793007    2.65    4
244    1562287871.57    1562287873.08    1.50854706764    4    1.1322    4.5288    2.64074706764    1.5    2
245    1562287871.67    1562287873.16    1.49146795273    64    0.0056    0.3584    1.49706795273    4.02976190476    6
246    1562287871.94    1562287873.24    1.29702210426    64    0.6958    44.5312    1.99282210426    4.25198412698    6
247    1562287872.6    1562287873.31    0.704801797867    64    0.0135    0.864    0.718301797867    4.23759920635    6
248    1562287873.31    1562287874.5    1.19701504707    256    0.789    201.984    1.98601504707    5.45824142157    8
249    1562287873.39    1562287874.5    1.11549401283    4    0.0059    0.0236    1.12139401283    1.5    2
250    1562287873.54    1562287875.76    2.21275687218    256    0.7774    199.0144    2.99015687218    5.15652573529    8
251    1562287874.24    1562287875.83    1.59253096581    64    0.1865    11.936    1.77903096581    4.03422619048    6
252    1562287874.76    1562287875.83    1.06964302063    4    0.0059    0.0236    1.07554302063    1.5    2
253    1562287875.07    1562287877.04    1.97383499146    256    0.6811    174.3616    2.65493499146    5.27432598039    8
254    1562287875.31    1562287877.12    1.81315207481    64    0.1865    11.936    1.99965207481    3.86408730159    6
255    1562287876.07    1562287877.12    1.04794597626    4    0.0284    0.1136    1.07634597626    1.5    2
256    1562287876.54    1562287877.12    0.586915969849    16    0.03    0.48    0.616915969849    2.56666666667    4
257    1562287877.17    1562287877.17    -0.00126314163208    16    0.0296    0.4736    0.0283368583679    2.56666666667    4
258    1562287877.55    1562287878.51    0.961279153824    256    0.7774    199.0144    1.73867915382    5.09433210784    8
259    1562287877.75    1562287878.57    0.822844982147    64    0.9639    61.6896    1.78674498215    4.25248015873    6
260    1562287878.51    1562287878.58    0.0708072185516    16    0.0432    0.6912    0.114007218552    2.68333333333    4
261    1562287878.94    1562287878.94    0.000195980072021    16    0.0099    0.1584    0.010095980072    2.68333333333    4
262    1562287879.33    1562287879.33    0.00259613990784    64    0.0135    0.864    0.0160961399078    4.22321428571    6
263    1562287879.75    1562287879.75    3.91006469727e-05    4    1.1322    4.5288    1.13223910065    1.5    2
264    1562287880.64    1562287881.74    1.09949994087    256    0.8087    207.0272    1.90819994087    5.00425857843    8
265    1562287880.89    1562287882.9    2.01177716255    256    0.0057    1.4592    2.01747716255    5.21271446078    8
266    1562287881.14    1562287884.0    2.85743093491    256    0.7774    199.0144    3.63483093491    5.00425857843    8
267    1562287881.6    1562287884.0    2.40561103821    16    0.0432    0.6912    2.44881103821    2.66666666667    4
268    1562287882.37    1562287884.07    1.70867204666    64    0.4299    27.5136    2.13857204666    4.25049603175    6
269    1562287884.0    1562287884.14    0.13613986969    64    0.1872    11.9808    0.32333986969    4.18700396825    6
270    1562287884.25    1562287884.24    -0.00372791290283    4    1.1322    4.5288    1.1284720871    1.5    2
271    1562287884.77    1562287885.82    1.05471611023    256    0.8087    207.0272    1.86341611023    5.23057598039    8
272    1562287885.34    1562287885.83    0.486377954483    16    0.7709    12.3344    1.25727795448    2.58333333333    4
273    1562287886.42    1562287886.42    3.60012054443e-05    4    0.0059    0.0236    0.00593600120544    1.5    2
274    1562287886.5    1562287886.51    0.0149579048157    64    0.6889    44.0896    0.703857904816    4.04662698413    6
275    1562287886.71    1562287887.8    1.08709692955    256    0.6811    174.3616    1.76819692955    5.04160539216    7
276    1562287886.95    1562287887.81    0.854063987732    16    0.0296    0.4736    0.883663987732    2.56666666667    4
277    1562287887.16    1562287887.88    0.714148044586    64    0.6889    44.0896    1.40304804459    3.96428571429    6
278    1562287887.41    1562287887.88    0.472240924835    4    0.0284    0.1136    0.500640924835    1.5    2
279    1562287887.95    1562287887.95    -0.000703096389771    16    0.03    0.48    0.0292969036102    2.56666666667    4
280    1562287888.13    1562287888.13    3.981590271e-05    4    1.1322    4.5288    1.1322398159    1.5    2
281    1562287889.02    1562287889.02    0.000118970870972    16    0.03    0.48    0.030118970871    2.5    4
282    1562287889.62    1562287890.68    1.05365681648    256    0.8087    207.0272    1.86235681648    5.02435661765    7
283    1562287890.13    1562287891.89    1.75693392754    256    0.0198    5.0688    1.77673392754    5.0728247549    8
284    1562287890.68    1562287891.89    1.21725797653    4    1.1322    4.5288    2.34945797653    1.5    2
285    1562287891.35    1562287891.97    0.626545906067    64    0.6958    44.5312    1.32234590607    4.19791666667    6
286    1562287891.49    1562287891.98    0.487585067749    16    0.0432    0.6912    0.530785067749    2.63333333333    4
287    1562287891.74    1562287891.99    0.250485897064    16    0.0296    0.4736    0.280085897064    2.58333333333    4
288    1562287891.89    1562287892.07    0.174421787262    64    0.1865    11.936    0.360921787262    4.03323412698    6
289    1562287892.99    1562287892.99    4.41074371338e-05    4    0.0059    0.0236    0.00594410743713    1.5    2
290    1562287893.11    1562287893.11    -0.00215411186218    4    0.0526    0.2104    0.0504458881378    1.5    2
291    1562287893.75    1562287893.75    5.60283660889e-05    4    0.5984    2.3936    0.598456028366    1.5    2
292    1562287894.01    1562287894.01    0.00019097328186    16    0.03    0.48    0.0301909732819    2.58333333333    4
293    1562287894.2    1562287895.24    1.04045796394    256    0.4475    114.56    1.48795796394    5.00425857843    8
294    1562287894.87    1562287895.31    0.444455862045    64    0.1872    11.9808    0.631655862045    4.16765873016    6
295    1562287896.12    1562287896.12    -0.000339984893799    4    1.1322    4.5288    1.13186001511    1.5    2
296    1562287896.35    1562287897.39    1.04391098022    256    0.8087    207.0272    1.85261098022    5.00425857843    8
297    1562287896.64    1562287897.4    0.76162314415    16    0.8867    14.1872    1.64832314415    2.66666666667    4
298    1562287897.4    1562287898.52    1.12480807304    256    0.6811    174.3616    1.80590807304    5.22368259804    8
299    1562287898.17    1562287898.6    0.431345939636    64    0.4242    27.1488    0.855545939636    4.03373015873    6

dispatched jobs are: 300 out of 300
average queue time is: 0.749300994873
fso links are used for 0 times
overall utilization is 0.07795816348029189
average response time is 1.09691132821
average weighted response time is 1.9868407893885764
average slowdown is 2.799074714450039
cpu_request: 22860, cpu_run: 22860
ssd_request: 11643, ssd_run: 0
gpu_request: 12015, gpu_run: 0
cpu aspl: 3.20642911609
cpu diameter: 4.79666666667
job x: 0.0
job y: 0.0
job z: 0.0
