#timestep  occupied-CPU  total-CPU  utilization  queuingjobs
1    4    1024    0.00390625    0
2    0    1024    0.0    1
3    0    1024    0.0    4
4    216    1024    0.2109375    3
5    0    1024    0.0    5
6    103    1024    0.1005859375    7
7    0    1024    0.0    9
8    64    1024    0.0625    4
9    64    1024    0.0625    0
10    0    1024    0.0    0
11    4    1024    0.00390625    0
12    0    1024    0.0    0
13    0    1024    0.0    3
14    0    1024    0.0    1
15    0    1024    0.0    4
16    205    1024    0.2001953125    4
17    0    1024    0.0    6
18    84    1024    0.08203125    2
19    0    1024    0.0    3
20    0    1024    0.0    0
21    32    1024    0.03125    0
22    64    1024    0.0625    0
23    0    1024    0.0    3
24    0    1024    0.0    3
25    256    1024    0.25    5
26    146    1024    0.142578125    5
27    0    1024    0.0    9
28    0    1024    0.0    10
29    0    1024    0.0    12
30    0    1024    0.0    13
31    320    1024    0.3125    12
32    213    1024    0.2080078125    13
33    0    1024    0.0    15
34    214    1024    0.208984375    15
35    0    1024    0.0    16
36    0    1024    0.0    15
37    245    1024    0.2392578125    13
38    0    1024    0.0    16
39    168    1024    0.1640625    0
40    20    1024    0.01953125    0
41    64    1024    0.0625    0
42    0    1024    0.0    0
43    0    1024    0.0    0
44    4    1024    0.00390625    5
45    320    1024    0.3125    6
46    0    1024    0.0    10
47    256    1024    0.25    12
48    0    1024    0.0    14
49    80    1024    0.078125    8
50    17    1024    0.0166015625    10
51    0    1024    0.0    15
52    0    1024    0.0    15
53    0    1024    0.0    16
54    174    1024    0.169921875    15
55    0    1024    0.0    18
56    320    1024    0.3125    15
57    0    1024    0.0    19
58    520    1024    0.5078125    6
59    348    1024    0.33984375    11
60    232    1024    0.2265625    13
61    103    1024    0.1005859375    15
62    0    1024    0.0    17
63    0    1024    0.0    19
64    276    1024    0.26953125    18
65    0    1024    0.0    21
66    288    1024    0.28125    16
67    59    1024    0.0576171875    19
68    0    1024    0.0    22
69    105    1024    0.1025390625    21
70    0    1024    0.0    23
71    0    1024    0.0    23
72    272    1024    0.265625    24
73    0    1024    0.0    27
74    180    1024    0.17578125    29
75    0    1024    0.0    24
76    163    1024    0.1591796875    24
77    0    1024    0.0    24
78    218    1024    0.212890625    25
79    0    1024    0.0    28
80    488    1024    0.4765625    23
81    326    1024    0.318359375    26
82    176    1024    0.171875    29
83    0    1024    0.0    31
84    256    1024    0.25    32
85    0    1024    0.0    36
86    0    1024    0.0    40
87    357    1024    0.3486328125    42
88    128    1024    0.125    44
89    0    1024    0.0    48
90    271    1024    0.2646484375    47
91    0    1024    0.0    49
92    0    1024    0.0    52
93    93    1024    0.0908203125    49
94    0    1024    0.0    52
95    178    1024    0.173828125    50
96    0    1024    0.0    53
97    277    1024    0.2705078125    49
98    17    1024    0.0166015625    52
99    0    1024    0.0    54
100    4    1024    0.00390625    52
101    24    1024    0.0234375    55
102    0    1024    0.0    57
103    292    1024    0.28515625    54
104    142    1024    0.138671875    57
105    0    1024    0.0    59
106    256    1024    0.25    62
107    0    1024    0.0    66
108    0    1024    0.0    68
109    276    1024    0.26953125    66
110    0    1024    0.0    66
111    360    1024    0.3515625    65
112    165    1024    0.1611328125    69
113    0    1024    0.0    72
114    256    1024    0.25    69
115    0    1024    0.0    70
116    160    1024    0.15625    70
117    0    1024    0.0    74
118    171    1024    0.1669921875    71
119    0    1024    0.0    76
120    227    1024    0.2216796875    77
121    256    1024    0.25    77
122    228    1024    0.22265625    74
123    0    1024    0.0    77
124    209    1024    0.2041015625    76
125    0    1024    0.0    77
126    232    1024    0.2265625    77
127    0    1024    0.0    82
128    256    1024    0.25    85
129    0    1024    0.0    86
130    241    1024    0.2353515625    77
131    116    1024    0.11328125    80
132    0    1024    0.0    82
133    254    1024    0.248046875    84
134    0    1024    0.0    85
135    210    1024    0.205078125    85
136    0    1024    0.0    87
137    134    1024    0.130859375    77
138    0    1024    0.0    80
139    324    1024    0.31640625    75
140    227    1024    0.2216796875    72
141    129    1024    0.1259765625    72
142    0    1024    0.0    72
143    72    1024    0.0703125    55
144    172    1024    0.16796875    54
145    233    1024    0.2275390625    44
146    95    1024    0.0927734375    44
147    0    1024    0.0    44
148    64    1024    0.0625    41
149    292    1024    0.28515625    37
150    0    1024    0.0    37
151    169    1024    0.1650390625    36
152    0    1024    0.0    36
153    193    1024    0.1884765625    33
154    0    1024    0.0    31
155    77    1024    0.0751953125    23
156    0    1024    0.0    23
157    99    1024    0.0966796875    20
158    256    1024    0.25    19
159    204    1024    0.19921875    14
160    0    1024    0.0    14
161    0    1024    0.0    8

average cpu utilization is: 0.0974318225932
average ssd utilization is: 0.237328949922
average gpu utilization is: 0.240094866071
average utilization is: 0.191618546196
average queuing jobs are: 33.8074534161
maximum queuing jobs are: 87


#job_number  submit  dispatch  queue  cpu#  runtime  weight  response(turnaround)  cpu_aspl  cpu_diameter
0    1562288503.38    1562288506.74    3.35652399063    4    0.0522    0.2088    3.40872399063    1.5    2
1    1562288506.92    1562288506.92    0.000274896621704    64    0.0055    0.352    0.0057748966217    3.875    6
2    1562288506.98    1562288506.99    0.00013279914856    4    0.5956    2.3824    0.595732799149    1.5    2
3    1562288507.21    1562288507.21    -0.0010199546814    4    0.0522    0.2088    0.0511800453186    1.5    2
4    1562288507.75    1562288508.87    1.11985087395    256    0.8    204.8    1.91985087395    4.93544730392    7
5    1562288508.1    1562288508.88    0.779186010361    4    0.5956    2.3824    1.37478601036    1.5    2
6    1562288508.47    1562288508.88    0.403833150864    4    0.5956    2.3824    0.999433150864    1.5    2
7    1562288508.77    1562288511.03    2.26183700562    256    0.7528    192.7168    3.01463700562    4.93544730392    7
8    1562288509.32    1562288511.04    1.72134113312    16    0.0098    0.1568    1.73114113312    2.7    4
9    1562288509.67    1562288513.27    3.59988307953    256    0.6189    158.4384    4.21878307953    4.93970588235    7
10    1562288510.64    1562288513.28    2.63794398308    16    0.0098    0.1568    2.64774398308    2.7    4
11    1562288510.94    1562288513.35    2.40870785713    64    0.0234    1.4976    2.43210785713    4.08382936508    6
12    1562288511.03    1562288513.36    2.32277393341    16    0.0285    0.456    2.35127393341    2.7    4
13    1562288511.38    1562288513.43    2.05734205246    64    0.0125    0.8    2.06984205246    4.11904761905    6
14    1562288511.79    1562288513.52    1.72989392281    64    0.9446    60.4544    2.67449392281    4.17956349206    6
15    1562288511.96    1562288513.59    1.62745094299    64    0.0234    1.4976    1.65085094299    4.06696428571    6
16    1562288512.34    1562288515.02    2.68282103539    256    0.0177    4.5312    2.70052103539    4.94678308824    7
17    1562288513.09    1562288515.1    2.01535415649    64    0.4167    26.6688    2.43205415649    4.1130952381    6
18    1562288513.27    1562288515.11    1.83426094055    16    0.0098    0.1568    1.84406094055    2.58333333333    4
19    1562288513.97    1562288515.11    1.142567873    16    0.0098    0.1568    1.152367873    2.58333333333    4
20    1562288516.63    1562288516.63    0.000240087509155    64    0.4167    26.6688    0.416940087509    3.875    6
21    1562288516.64    1562288516.64    0.000217914581299    16    0.0297    0.4752    0.0299179145813    2.58333333333    4
22    1562288516.71    1562288516.71    8.9168548584e-05    4    1.1283    4.5132    1.12838916855    1.5    2
23    1562288517.33    1562288517.33    0.000229120254517    64    0.0055    0.352    0.00572912025452    3.875    6
24    1562288517.61    1562288517.61    0.000155925750732    64    0.0055    0.352    0.00565592575073    3.875    6
25    1562288518.1    1562288518.1    0.000221014022827    16    0.0285    0.456    0.0287210140228    2.58333333333    4
26    1562288518.33    1562288518.33    0.000156879425049    16    0.0285    0.456    0.028656879425    2.58333333333    4
27    1562288518.79    1562288519.56    0.776074886322    256    0.6189    158.4384    1.39497488632    4.93544730392    7
28    1562288519.16    1562288519.56    0.399235963821    4    0.0832    0.3328    0.482435963821    1.5    2
29    1562288519.36    1562288519.56    0.208364963531    4    0.0522    0.2088    0.260564963531    1.5    2
30    1562288519.66    1562288519.66    1.69277191162e-05    4    0.0522    0.2088    0.0522169277191    1.5    2
31    1562288520.2    1562288521.53    1.32268095016    256    0.7528    192.7168    2.07548095016    4.98550857843    7
32    1562288520.69    1562288521.53    0.843724012375    16    0.7616    12.1856    1.60532401237    2.73333333333    4
33    1562288520.8    1562288521.53    0.727138996124    4    0.0832    0.3328    0.810338996124    1.5    2
34    1562288521.4    1562288521.6    0.196976900101    64    0.9446    60.4544    1.1415769001    4.1066468254    6
35    1562288521.72    1562288524.45    2.72617411613    256    0.0177    4.5312    2.74387411613    4.93544730392    7
36    1562288522.3    1562288524.46    2.15938997269    16    0.0297    0.4752    2.18908997269    2.7    4
37    1562288522.49    1562288524.54    2.04373383522    64    0.4167    26.6688    2.46043383522    4.04712301587    6
38    1562288522.73    1562288524.54    1.81147480011    4    0.6452    2.5808    2.45667480011    1.5    2
39    1562288522.98    1562288524.55    1.56399703026    16    0.8805    14.088    2.44449703026    2.58333333333    4
40    1562288523.38    1562288524.55    1.17291712761    16    0.0429    0.6864    1.21581712761    2.58333333333    4
41    1562288524.4    1562288524.55    0.15091085434    16    0.0297    0.4752    0.18061085434    2.58333333333    4
42    1562288524.5    1562288525.97    1.47176480293    256    0.0177    4.5312    1.48946480293    4.97791053922    7
43    1562288524.84    1562288525.98    1.13711214066    16    0.0297    0.4752    1.16681214066    2.58333333333    4
44    1562288525.96    1562288526.07    0.112815141678    64    0.6779    43.3856    0.790715141678    4.08928571429    6
45    1562288526.14    1562288526.13    -0.00333714485168    4    0.0284    0.1136    0.0250628551483    1.5    2
46    1562288526.38    1562288526.38    0.000165939331055    64    0.0055    0.352    0.00566593933105    3.90922619048    6
47    1562288526.74    1562288526.74    0.000188112258911    16    0.0297    0.4752    0.0298881122589    2.58333333333    4
48    1562288527.09    1562288527.09    0.000176906585693    16    0.8805    14.088    0.880676906586    2.58333333333    4
49    1562288527.1    1562288527.1    7.29560852051e-05    4    0.0284    0.1136    0.0284729560852    1.5    2
50    1562288527.45    1562288527.45    3.19480895996e-05    16    0.0098    0.1568    0.0098319480896    2.58333333333    4
51    1562288527.85    1562288527.84    -0.0117151737213    16    0.7616    12.1856    0.749884826279    2.58333333333    4
52    1562288528.87    1562288528.86    -0.00101399421692    64    0.0125    0.8    0.0114860057831    3.875    6
53    1562288528.98    1562288529.95    0.967988014221    256    0.7528    192.7168    1.72078801422    4.93544730392    7
54    1562288529.66    1562288531.95    2.29109477997    256    0.8    204.8    3.09109477997    4.93544730392    7
55    1562288529.88    1562288531.95    2.06784701347    4    0.0522    0.2088    2.12004701347    1.5    2
56    1562288530.8    1562288532.03    1.23049998283    64    0.0055    0.352    1.23599998283    4.04712301587    6
57    1562288531.11    1562288532.04    0.925513029099    16    0.7616    12.1856    1.6871130291    2.7    4
58    1562288531.3    1562288532.04    0.731997966766    4    1.1283    4.5132    1.86029796677    1.5    2
59    1562288531.64    1562288532.04    0.405858039856    16    0.4243    6.7888    0.830158039856    2.66666666667    4
60    1562288531.89    1562288532.04    0.158327817917    4    0.5956    2.3824    0.753927817917    1.5    2
61    1562288532.35    1562288534.6    2.24743294716    256    0.4221    108.0576    2.66953294716    4.98550857843    7
62    1562288532.74    1562288534.6    1.85765600204    4    0.0284    0.1136    1.88605600204    1.5    2
63    1562288532.78    1562288536.49    3.71427583694    256    0.4221    108.0576    4.13637583694    4.93544730392    7
64    1562288532.9    1562288536.5    3.6051299572    16    0.7616    12.1856    4.3667299572    2.7    4
65    1562288533.14    1562288536.5    3.36236596107    16    0.8805    14.088    4.24286596107    2.65    4
66    1562288533.48    1562288536.51    3.02830600739    16    0.0297    0.4752    3.05800600739    2.68333333333    4
67    1562288533.8    1562288538.28    4.47459101677    256    0.8    204.8    5.27459101677    4.97460171569    7
68    1562288533.97    1562288538.35    4.37480998039    64    0.6779    43.3856    5.05270998039    4.15525793651    6
69    1562288534.47    1562288541.81    7.34271097183    256    0.0177    4.5312    7.36041097183    4.93544730392    7
70    1562288535.07    1562288541.81    6.73845696449    4    0.0059    0.0236    6.74435696449    1.5    2
71    1562288535.19    1562288541.81    6.62089896202    4    0.0284    0.1136    6.64929896202    1.5    2
72    1562288535.41    1562288543.14    7.7261800766    256    0.4221    108.0576    8.1482800766    4.93544730392    7
73    1562288535.97    1562288543.14    7.16583299637    4    0.0284    0.1136    7.19423299637    1.5    2
74    1562288536.49    1562288543.14    6.64818906784    16    0.0297    0.4752    6.67788906784    2.65    4
75    1562288536.75    1562288544.65    7.90543198586    256    0.6189    158.4384    8.52433198586    4.93544730392    7
76    1562288537.04    1562288544.65    7.61429095268    4    0.6452    2.5808    8.25949095268    1.5    2
77    1562288537.27    1562288544.66    7.38456201553    16    0.8805    14.088    8.26506201553    2.65    4
78    1562288537.4    1562288544.66    7.26365399361    16    0.0285    0.456    7.29215399361    2.68333333333    4
79    1562288537.54    1562288547.04    9.49350905418    256    0.0057    1.4592    9.49920905418    4.98290441176    7
80    1562288538.2    1562288547.04    8.84535980225    16    0.0297    0.4752    8.87505980225    2.73333333333    4
81    1562288539.57    1562288547.04    7.47690200806    4    0.6452    2.5808    8.12210200806    1.5    2
82    1562288540.05    1562288547.04    6.99543786049    4    0.5956    2.3824    7.59103786049    1.5    2
83    1562288540.65    1562288547.05    6.40227794647    16    0.0098    0.1568    6.41207794647    2.58333333333    4
84    1562288541.08    1562288547.05    5.96863698959    4    1.1283    4.5132    7.09693698959    1.5    2
85    1562288541.55    1562288547.06    5.5110449791    16    0.4243    6.7888    5.9353449791    2.58333333333    4
86    1562288541.66    1562288547.06    5.39958190918    4    1.1283    4.5132    6.52788190918    1.5    2
87    1562288542.48    1562288547.06    4.58526206017    16    0.0297    0.4752    4.61496206017    2.58333333333    4
88    1562288543.14    1562288547.06    3.92833590508    4    0.6452    2.5808    4.57353590508    1.5    2
89    1562288543.39    1562288547.14    3.75425410271    64    0.0055    0.352    3.75975410271    4.00496031746    6
90    1562288544.49    1562288547.22    2.72508001328    64    0.4167    26.6688    3.14178001328    3.9806547619    6
91    1562288545.36    1562288547.22    1.85498905182    4    0.0522    0.2088    1.90718905182    1.5    2
92    1562288545.61    1562288547.22    1.60753297806    4    1.1283    4.5132    2.73583297806    1.5    2
93    1562288546.08    1562288547.23    1.15029907227    16    0.8805    14.088    2.03079907227    2.54166666667    4
94    1562288546.43    1562288547.23    0.799719810486    16    0.0098    0.1568    0.809519810486    2.58333333333    4
95    1562288547.09    1562288547.23    0.136249780655    4    0.0284    0.1136    0.164649780655    1.5    2
96    1562288547.22    1562288547.31    0.0923020839691    64    0.6779    43.3856    0.770202083969    3.91865079365    6
97    1562288547.31    1562288547.31    0.00113892555237    4    0.0284    0.1136    0.0295389255524    1.5    2
98    1562288547.85    1562288547.87    0.0199649333954    64    0.4167    26.6688    0.436664933395    3.92509920635    6
99    1562288547.94    1562288547.94    2.78949737549e-05    4    0.5956    2.3824    0.595627894974    1.5    2
100    1562288548.5    1562288548.5    3.60012054443e-05    16    0.0429    0.6864    0.0429360012054    2.58333333333    4
101    1562288548.73    1562288548.73    0.000193119049072    64    0.0055    0.352    0.00569311904907    3.875    6
102    1562288549.42    1562288549.45    0.0251851081848    64    0.9446    60.4544    0.969785108185    3.875    6
103    1562288550.07    1562288550.08    0.000214815139771    16    0.0285    0.456    0.0287148151398    2.58333333333    4
104    1562288550.45    1562288550.45    0.000169992446899    16    0.0098    0.1568    0.0099699924469    2.58333333333    4
105    1562288550.99    1562288550.99    0.000172138214111    16    0.4243    6.7888    0.424472138214    2.58333333333    4
106    1562288551.43    1562288551.43    0.00831198692322    64    0.0234    1.4976    0.0317119869232    3.92509920635    6
107    1562288551.71    1562288551.71    0.000221014022827    16    0.4243    6.7888    0.424521014023    2.58333333333    4
108    1562288551.73    1562288551.73    6.00814819336e-05    4    0.0832    0.3328    0.0832600814819    1.5    2
109    1562288551.77    1562288551.77    0.00016713142395    4    1.1283    4.5132    1.12846713142    1.5    2
110    1562288551.83    1562288552.92    1.09394407272    256    0.8    204.8    1.89394407272    5.01688112745    7
111    1562288551.94    1562288552.99    1.05631685257    64    0.6779    43.3856    1.73421685257    4.04216269841    6
112    1562288552.11    1562288553.06    0.959388017654    64    0.1855    11.872    1.14488801765    4.10416666667    6
113    1562288552.56    1562288555.69    3.1338789463    256    0.8    204.8    3.9338789463    4.96740196078    7
114    1562288552.68    1562288555.69    3.01415705681    16    0.0429    0.6864    3.05705705681    2.73333333333    4
115    1562288553.06    1562288557.84    4.77341794968    256    0.0177    4.5312    4.79111794968    4.93544730392    7
116    1562288553.23    1562288557.84    4.61258506775    4    0.0059    0.0236    4.61848506775    1.5    2
117    1562288553.41    1562288557.84    4.43391895294    4    0.0522    0.2088    4.48611895294    1.5    2
118    1562288553.58    1562288557.92    4.33613801003    64    0.4167    26.6688    4.75283801003    4.08829365079    6
119    1562288553.88    1562288557.92    4.03999209404    16    0.4243    6.7888    4.46429209404    2.58333333333    4
120    1562288554.16    1562288557.99    3.82329702377    64    0.0125    0.8    3.83579702377    4.09871031746    6
121    1562288554.41    1562288557.99    3.58193087578    4    0.0284    0.1136    3.61033087578    1.5    2
122    1562288554.78    1562288558.07    3.29086899757    64    0.9446    60.4544    4.23546899757    4.0625    6
123    1562288554.92    1562288558.15    3.22294998169    64    0.1855    11.872    3.40844998169    4.09871031746    6
124    1562288555.01    1562288560.26    5.24464011192    256    0.0057    1.4592    5.25034011192    4.98936887255    7
125    1562288555.22    1562288560.26    5.04180884361    4    0.0284    0.1136    5.07020884361    1.5    2
126    1562288555.92    1562288560.33    4.40780591965    64    0.0055    0.352    4.41330591965    4.03174603175    6
127    1562288556.45    1562288561.37    4.92412686348    256    0.0177    4.5312    4.94182686348    4.93762254902    7
128    1562288556.62    1562288561.38    4.75449800491    16    0.0429    0.6864    4.79739800491    2.7    4
129    1562288557.71    1562288561.38    3.67490792274    16    0.7616    12.1856    4.43650792274    2.65    4
130    1562288558.15    1562288563.06    4.91214799881    256    0.0177    4.5312    4.92984799881    4.9818627451    7
131    1562288558.48    1562288563.06    4.58091688156    4    0.0832    0.3328    4.66411688156    1.5    2
132    1562288558.62    1562288563.06    4.44594597816    4    1.1283    4.5132    5.57424597816    1.5    2
133    1562288559.01    1562288564.85    5.84527301788    256    0.7528    192.7168    6.59807301788    4.93544730392    7
134    1562288559.16    1562288564.86    5.69851779938    16    0.0285    0.456    5.72701779938    2.7    4
135    1562288559.57    1562288564.86    5.2913980484    16    0.4243    6.7888    5.7156980484    2.65    4
136    1562288559.88    1562288564.93    5.05287289619    64    0.0234    1.4976    5.07627289619    4.11111111111    6
137    1562288560.06    1562288564.93    4.87290787697    4    0.0522    0.2088    4.92510787697    1.5    2
138    1562288560.18    1562288565.01    4.83346605301    64    0.6779    43.3856    5.51136605301    4.18998015873    6
139    1562288560.33    1562288566.89    6.55356001854    256    0.6189    158.4384    7.17246001854    4.93544730392    7
140    1562288560.58    1562288566.89    6.30421900749    4    0.6452    2.5808    6.94941900749    1.5    2
141    1562288560.75    1562288566.89    6.14767694473    16    0.7616    12.1856    6.90927694473    2.65    4
142    1562288561.37    1562288566.89    5.52016997337    4    0.0059    0.0236    5.52606997337    1.5    2
143    1562288561.58    1562288566.97    5.38833808899    64    0.0234    1.4976    5.41173808899    4.15376984127    6
144    1562288562.04    1562288567.03    4.991106987    64    0.6779    43.3856    5.669006987    4.15228174603    6
145    1562288562.12    1562288567.04    4.91636991501    16    0.4243    6.7888    5.34066991501    2.63333333333    4
146    1562288562.72    1562288567.04    4.32229709625    4    0.0522    0.2088    4.37449709625    1.33333333333    2
147    1562288563.4    1562288567.11    3.7140610218    64    0.6779    43.3856    4.3919610218    4.07787698413    6
148    1562288563.73    1562288567.18    3.4415910244    64    0.6779    43.3856    4.1194910244    4.09176587302    6
149    1562288563.98    1562288567.25    3.27140712738    64    0.6779    43.3856    3.94930712738    4.21428571429    6
150    1562288564.41    1562288567.25    2.84497094154    4    0.0284    0.1136    2.87337094154    1.5    2
151    1562288564.67    1562288567.32    2.65350794792    64    0.6779    43.3856    3.33140794792    4.3814484127    6
152    1562288564.85    1562288567.32    2.47118592262    4    0.0059    0.0236    2.47708592262    1.5    2
153    1562288564.92    1562288567.42    2.50457000732    64    0.9446    60.4544    3.44917000732    4.43898809524    6
154    1562288566.04    1562288567.43    1.39367794991    16    0.0098    0.1568    1.40347794991    2.68333333333    4
155    1562288566.44    1562288573.1    6.66992902756    256    0.0177    4.5312    6.68762902756    4.98057598039    7
156    1562288566.64    1562288574.65    8.00775408745    256    0.6189    158.4384    8.62665408745    4.93544730392    7
157    1562288566.83    1562288574.65    7.82006597519    16    0.8805    14.088    8.70056597519    2.7    4
158    1562288567.25    1562288574.65    7.39980888367    4    0.5956    2.3824    7.99540888367    1.5    2
159    1562288567.5    1562288574.65    7.1538028717    4    0.5956    2.3824    7.7494028717    1.5    2
160    1562288567.72    1562288577.22    9.50258994102    256    0.6189    158.4384    10.121489941    4.93109681373    7
161    1562288567.95    1562288577.28    9.33473491669    64    0.0055    0.352    9.34023491669    4.22073412698    6
162    1562288568.31    1562288577.29    8.98122310638    16    0.0285    0.456    9.00972310638    2.63333333333    4
163    1562288568.64    1562288577.3    8.65238499641    16    0.7616    12.1856    9.41398499641    2.7    4
164    1562288568.91    1562288577.3    8.39631295204    16    0.7616    12.1856    9.15791295204    2.73333333333    4
165    1562288569.35    1562288577.3    7.95521903038    4    0.0832    0.3328    8.03841903038    1.5    2
166    1562288570.2    1562288577.3    7.10262989998    4    0.0059    0.0236    7.10852989998    1.33333333333    2
167    1562288570.5    1562288577.31    6.80718111992    16    0.0285    0.456    6.83568111992    2.68333333333    4
168    1562288570.93    1562288577.39    6.45653295517    64    0.0055    0.352    6.46203295517    4.27132936508    6
169    1562288571.83    1562288580.33    8.50604200363    256    0.7528    192.7168    9.25884200363    4.93544730392    7
170    1562288572.0    1562288580.33    8.33073115349    4    0.6452    2.5808    8.97593115349    1.5    2
171    1562288572.38    1562288582.54    10.1668989658    256    0.0057    1.4592    10.1725989658    4.93970588235    7
172    1562288573.52    1562288582.55    9.02446389198    16    0.0285    0.456    9.05296389198    2.7    4
173    1562288573.65    1562288584.35    10.7036931515    256    0.7528    192.7168    11.4564931515    4.98008578431    7
174    1562288573.97    1562288584.36    10.386785984    16    0.8805    14.088    11.267285984    2.73333333333    4
175    1562288574.56    1562288586.8    12.2398250103    256    0.0057    1.4592    12.2455250103    4.93544730392    7
176    1562288575.24    1562288586.81    11.5642719269    16    0.7616    12.1856    12.3258719269    2.7    4
177    1562288575.48    1562288586.9    11.41502285    64    0.0234    1.4976    11.43842285    4.04712301587    6
178    1562288576.06    1562288586.97    10.9101810455    64    0.0234    1.4976    10.9335810455    3.875    6
179    1562288576.21    1562288586.98    10.7663359642    16    0.0098    0.1568    10.7761359642    2.58333333333    4
180    1562288576.33    1562288587.07    10.7332110405    64    0.0234    1.4976    10.7566110405    3.94146825397    6
181    1562288576.51    1562288587.07    10.5561358929    4    0.0059    0.0236    10.5620358929    1.5    2
182    1562288576.94    1562288587.07    10.1319930553    16    0.8805    14.088    11.0124930553    2.58333333333    4
183    1562288577.3    1562288587.08    9.78269505501    16    0.0285    0.456    9.81119505501    2.58333333333    4
184    1562288577.3    1562288587.08    9.77703785896    4    0.0059    0.0236    9.78293785896    1.5    2
185    1562288578.07    1562288588.95    10.8793070316    256    0.0177    4.5312    10.8970070316    4.99583333333    7
186    1562288578.66    1562288589.03    10.3690428734    64    0.1855    11.872    10.5545428734    4.22073412698    6
187    1562288578.98    1562288589.04    10.0550301075    16    0.7616    12.1856    10.8166301075    2.58333333333    4
188    1562288579.31    1562288589.04    9.72556710243    4    0.0832    0.3328    9.80876710243    1.5    2
189    1562288579.53    1562288589.04    9.51249194145    4    0.6452    2.5808    10.1576919415    1.5    2
190    1562288580.0    1562288590.4    10.3989241123    256    0.7528    192.7168    11.1517241123    4.99856004902    7
191    1562288580.96    1562288590.47    9.5078420639    64    0.0234    1.4976    9.5312420639    4.08382936508    6
192    1562288582.0    1562288592.5    10.505646944    256    0.8    204.8    11.305646944    4.93544730392    7
193    1562288582.35    1562288592.57    10.2170329094    64    0.4167    26.6688    10.6337329094    4.1130952381    6
194    1562288583.33    1562288592.64    9.31445002556    64    0.9446    60.4544    10.2590500256    4.05952380952    6
195    1562288583.52    1562288592.72    9.19940900803    64    0.9446    60.4544    10.144009008    4.19196428571    6
196    1562288583.74    1562288592.78    9.03989100456    64    0.4167    26.6688    9.45659100456    4.1001984127    6
197    1562288584.13    1562288592.85    8.71425008774    64    0.4167    26.6688    9.13095008774    4.32738095238    6
198    1562288584.59    1562288592.92    8.33595180511    64    0.4167    26.6688    8.75265180511    4.49206349206    6
199    1562288585.2    1562288597.42    12.2195429802    256    0.7528    192.7168    12.9723429802    4.98550857843    7
200    1562288585.51    1562288599.66    14.1452720165    256    0.0177    4.5312    14.1629720165    4.93544730392    7
201    1562288585.7    1562288601.19    15.4913058281    256    0.4221    108.0576    15.9134058281    4.93544730392    7
202    1562288586.13    1562288601.26    15.1245310307    64    0.9446    60.4544    16.0691310307    4.1130952381    6
203    1562288586.47    1562288601.33    14.8574581146    64    0.1855    11.872    15.0429581146    4.05952380952    6
204    1562288586.67    1562288604.49    17.8224210739    256    0.7528    192.7168    18.5752210739    4.98550857843    7
205    1562288586.79    1562288604.56    17.7701740265    64    0.0234    1.4976    17.7935740265    4.21726190476    6
206    1562288587.25    1562288604.57    17.3169410229    16    0.0429    0.6864    17.3598410229    2.63333333333    4
207    1562288587.49    1562288604.57    17.0799849033    4    0.0832    0.3328    17.1631849033    1.5    2
208    1562288587.84    1562288604.58    16.7311339378    16    0.7616    12.1856    17.4927339378    2.56666666667    4
209    1562288588.93    1562288607.41    18.4817690849    256    0.8    204.8    19.2817690849    4.93544730392    7
210    1562288589.29    1562288607.42    18.130617857    16    0.0429    0.6864    18.173517857    2.7    4
211    1562288589.45    1562288607.42    17.9731869698    4    0.0284    0.1136    18.0015869698    1.5    2
212    1562288589.85    1562288607.42    17.5678060055    4    1.1283    4.5132    18.6961060055    1.5    2
213    1562288590.05    1562288607.52    17.4694161415    64    0.1855    11.872    17.6549161415    4.10416666667    6
214    1562288590.4    1562288609.6    19.19759202    256    0.7528    192.7168    19.95039202    4.93544730392    7
215    1562288590.87    1562288609.6    18.7371089458    16    0.0098    0.1568    18.7469089458    2.7    4
216    1562288591.27    1562288609.68    18.4130549431    64    0.1855    11.872    18.5985549431    4.04712301587    6
217    1562288591.95    1562288609.68    17.7384119034    16    0.7616    12.1856    18.5000119034    2.7    4
218    1562288592.21    1562288609.75    17.5417308807    64    0.1855    11.872    17.7272308807    4.11904761905    6
219    1562288592.44    1562288612.15    19.7129018307    256    0.7528    192.7168    20.4657018307    4.93544730392    7
220    1562288592.72    1562288612.23    19.513928175    64    0.0234    1.4976    19.537328175    4.1130952381    6
221    1562288593.21    1562288612.31    19.1020269394    64    0.0125    0.8    19.1145269394    4.05952380952    6
222    1562288593.59    1562288612.38    18.7917840481    64    0.0234    1.4976    18.8151840481    4.1130952381    6
223    1562288593.96    1562288612.39    18.4245579243    16    0.0297    0.4752    18.4542579243    2.65    4
224    1562288594.36    1562288612.39    18.0271959305    4    1.1283    4.5132    19.1554959305    1.5    2
225    1562288594.9    1562288615.21    20.3063461781    256    0.0057    1.4592    20.3120461781    4.97340686275    7
226    1562288595.17    1562288615.21    20.0446848869    4    1.1283    4.5132    21.1729848869    1.5    2
227    1562288595.34    1562288615.3    19.9539980888    64    0.0125    0.8    19.9664980888    4.08382936508    6
228    1562288596.03    1562288616.36    20.3251490593    256    0.8    204.8    21.1251490593    4.93970588235    7
229    1562288596.37    1562288616.43    20.0561590195    64    0.0234    1.4976    20.0795590195    4.15525793651    6
230    1562288597.14    1562288618.56    21.4195787907    256    0.4221    108.0576    21.8416787907    4.98272058824    7
231    1562288597.99    1562288618.63    20.6387870312    64    0.6779    43.3856    21.3166870312    4.21825396825    6
232    1562288598.45    1562288618.64    20.193436861    16    0.0098    0.1568    20.203236861    2.65    4
233    1562288598.57    1562288618.72    20.1539580822    64    0.1855    11.872    20.3394580822    4.21726190476    6
234    1562288598.94    1562288618.72    19.7763662338    4    0.0284    0.1136    19.8047662338    1.5    2
235    1562288599.24    1562288618.8    19.5598568916    64    0.0125    0.8    19.5723568916    4.03621031746    6
236    1562288599.61    1562288622.42    22.8097891808    256    0.7528    192.7168    23.5625891808    4.93970588235    7
237    1562288599.97    1562288624.37    24.3978419304    256    0.0177    4.5312    24.4155419304    4.93544730392    7
238    1562288600.11    1562288626.13    26.0202040672    256    0.4221    108.0576    26.4423040672    4.93544730392    7
239    1562288600.53    1562288626.2    25.6758618355    64    0.0055    0.352    25.6813618355    4.1130952381    6
240    1562288600.63    1562288626.21    25.574947834    4    0.5956    2.3824    26.170547834    1.5    2
241    1562288600.83    1562288626.28    25.4547679424    64    0.0234    1.4976    25.4781679424    4.2251984127    6
242    1562288601.18    1562288626.29    25.1080591679    16    0.8805    14.088    25.9885591679    2.7    4
243    1562288601.26    1562288626.29    25.0320999622    4    0.0284    0.1136    25.0604999622    1.5    2
244    1562288601.5    1562288626.37    24.8740229607    64    0.0125    0.8    24.8865229607    4.21081349206    6
245    1562288601.74    1562288626.38    24.6426689625    16    0.8805    14.088    25.5231689625    2.68333333333    4
246    1562288601.82    1562288626.46    24.6417207718    64    0.6779    43.3856    25.3196207718    4.14831349206    6
247    1562288602.75    1562288627.96    25.2162959576    256    0.6189    158.4384    25.8351959576    4.93544730392    7
248    1562288603.26    1562288627.97    24.7111179829    4    0.0522    0.2088    24.7633179829    1.5    2
249    1562288603.6    1562288628.03    24.4295871258    64    0.6779    43.3856    25.1074871258    4.04712301587    6
250    1562288603.88    1562288628.1    24.2190971375    64    0.0234    1.4976    24.2424971375    4.13492063492    6
251    1562288604.08    1562288628.17    24.0898151398    64    0.6779    43.3856    24.7677151398    4.19196428571    6
252    1562288604.32    1562288631.22    26.9008569717    256    0.7528    192.7168    27.6536569717    4.98057598039    7
253    1562288604.56    1562288631.23    26.6632401943    4    0.0284    0.1136    26.6916401943    1.5    2
254    1562288604.72    1562288631.23    26.5094940662    4    0.6452    2.5808    27.1546940662    1.5    2
255    1562288605.25    1562288631.23    25.9799361229    4    0.5956    2.3824    26.5755361229    1.5    2
256    1562288605.64    1562288631.23    25.5945920944    16    0.0098    0.1568    25.6043920944    2.58333333333    4
257    1562288606.14    1562288633.13    26.9893059731    256    0.8    204.8    27.7893059731    4.93544730392    7
258    1562288606.5    1562288633.13    26.6250941753    4    0.0284    0.1136    26.6534941753    1.5    2
259    1562288606.62    1562288633.13    26.5126450062    16    0.0285    0.456    26.5411450062    2.65    4
260    1562288607.3    1562288635.32    28.0195260048    256    0.8    204.8    28.8195260048    4.97340686275    7
261    1562288607.41    1562288635.32    27.9107470512    4    0.0284    0.1136    27.9391470512    1.5    2
262    1562288607.86    1562288635.32    27.4658610821    4    0.5956    2.3824    28.0614610821    1.5    2
263    1562288608.51    1562288635.33    26.8171260357    16    0.0429    0.6864    26.8600260357    2.68333333333    4
264    1562288608.95    1562288635.41    26.4557380676    64    0.0055    0.352    26.4612380676    4.09126984127    6
265    1562288609.53    1562288635.41    25.8748800755    4    0.0522    0.2088    25.9270800755    1.5    2
266    1562288610.12    1562288635.41    25.2826311588    4    1.1283    4.5132    26.4109311588    1.5    2
267    1562288610.26    1562288637.52    27.2587749958    256    0.8    204.8    28.0587749958    4.93544730392    7
268    1562288610.4    1562288639.45    29.0487110615    256    0.8    204.8    29.8487110615    4.93544730392    7
269    1562288610.86    1562288639.53    28.6703209877    64    0.0055    0.352    28.6758209877    4.1130952381    6
270    1562288611.03    1562288639.54    28.5021641254    16    0.7616    12.1856    29.2637641254    2.65    4
271    1562288611.51    1562288639.54    28.0320150852    16    0.0297    0.4752    28.0617150852    2.7    4
272    1562288612.23    1562288639.55    27.3171360493    16    0.0285    0.456    27.3456360493    2.7    4
273    1562288612.87    1562288639.55    26.6752538681    4    0.0284    0.1136    26.7036538681    1.5    2
274    1562288613.52    1562288642.02    28.4947781563    256    0.6189    158.4384    29.1136781563    4.93544730392    7
275    1562288614.07    1562288642.02    27.9497470856    4    0.0284    0.1136    27.9781470856    1.5    2
276    1562288614.12    1562288642.02    27.8972871304    4    1.1283    4.5132    29.0255871304    1.5    2
277    1562288614.46    1562288642.1    27.6414709091    64    0.0125    0.8    27.6539709091    4.08829365079    6
278    1562288615.09    1562288644.35    29.2556569576    256    0.6189    158.4384    29.8745569576    4.93544730392    7
279    1562288615.37    1562288644.42    29.0512518883    64    0.1855    11.872    29.2367518883    4.1130952381    6
280    1562288616.56    1562288644.42    27.8587698936    4    0.0522    0.2088    27.9109698936    1.5    2
281    1562288616.98    1562288646.56    29.5808908939    256    0.7528    192.7168    30.3336908939    4.93544730392    7
282    1562288617.09    1562288646.57    29.4736909866    16    0.0429    0.6864    29.5165909866    2.7    4
283    1562288617.22    1562288648.48    31.2557048798    256    0.6189    158.4384    31.8746048798    4.93970588235    7
284    1562288617.48    1562288648.55    31.0693678856    64    0.6779    43.3856    31.7472678856    4.15525793651    6
285    1562288618.12    1562288648.55    30.4333407879    4    0.5956    2.3824    31.0289407879    1.5    2
286    1562288618.49    1562288648.55    30.0615558624    16    0.8805    14.088    30.9420558624    2.7    4
287    1562288619.07    1562288648.55    29.4822430611    4    0.0284    0.1136    29.5106430611    1.33333333333    2
288    1562288619.32    1562288648.63    29.3045940399    64    0.6779    43.3856    29.9824940399    4.11408730159    6
289    1562288619.55    1562288648.63    29.0785360336    16    0.7616    12.1856    29.8401360336    2.55833333333    4
290    1562288620.18    1562288648.7    28.5142140388    64    0.0125    0.8    28.5267140388    4.26587301587    6
291    1562288620.61    1562288648.7    28.0859248638    4    0.0522    0.2088    28.1381248638    1.5    2
292    1562288620.85    1562288648.78    27.9318640232    64    0.0055    0.352    27.9373640232    4.43055555556    6
293    1562288621.32    1562288648.79    27.4684829712    16    0.7616    12.1856    28.2300829712    2.65    4
294    1562288621.7    1562288652.72    31.0253069401    256    0.6189    158.4384    31.6442069401    4.98008578431    7
295    1562288622.23    1562288654.85    32.6238021851    256    0.8    204.8    33.4238021851    4.93544730392    7
296    1562288622.38    1562288654.86    32.4782137871    16    0.4243    6.7888    32.9025137871    2.7    4
297    1562288622.96    1562288654.86    31.8970808983    16    0.0285    0.456    31.9255808983    2.65    4
298    1562288623.27    1562288657.29    34.0202000141    256    0.0057    1.4592    34.0259000141    4.93544730392    7
299    1562288623.36    1562288657.29    33.9358279705    16    0.8805    14.088    34.8163279705    2.7    4
300    1562288623.8    1562288657.3    33.5024938583    16    0.0098    0.1568    33.5122938583    2.65    4
301    1562288623.99    1562288657.38    33.3897228241    64    0.4167    26.6688    33.8064228241    3.875    6
302    1562288624.22    1562288657.46    33.2352790833    64    0.0125    0.8    33.2477790833    4.00248015873    6
303    1562288624.37    1562288657.54    33.1741471291    64    0.4167    26.6688    33.5908471291    3.94196428571    6
304    1562288624.53    1562288657.55    33.0200209618    16    0.8805    14.088    33.9005209618    2.58333333333    4
305    1562288624.88    1562288657.55    32.6717309952    4    0.0832    0.3328    32.7549309952    1.5    2
306    1562288625.7    1562288657.63    31.9362819195    64    0.0234    1.4976    31.9596819195    4.03373015873    6
307    1562288626.13    1562288657.64    31.5122671127    16    0.4243    6.7888    31.9365671127    2.56666666667    4
308    1562288626.2    1562288657.64    31.4338128567    4    0.0522    0.2088    31.4860128567    1.5    2
309    1562288626.28    1562288657.64    31.3548929691    4    0.0832    0.3328    31.4380929691    1.5    2
310    1562288626.53    1562288657.64    31.1059949398    4    0.0284    0.1136    31.1343949398    1.5    2
311    1562288626.68    1562288657.64    30.9597868919    16    0.0098    0.1568    30.9695868919    2.64166666667    4
312    1562288627.04    1562288657.73    30.6859719753    64    0.9446    60.4544    31.6305719753    4.12549603175    6
313    1562288627.78    1562288660.28    32.4996991158    256    0.7528    192.7168    33.2524991158    4.99466911765    7
314    1562288627.96    1562288660.35    32.3893330097    64    0.0055    0.352    32.3948330097    4.1939484127    6
315    1562288628.15    1562288660.35    32.2068431377    4    0.0284    0.1136    32.2352431377    1.5    2
316    1562288628.57    1562288660.36    31.7836329937    4    0.0284    0.1136    31.8120329937    1.5    2
317    1562288628.74    1562288660.36    31.6133921146    4    0.6452    2.5808    32.2585921146    1.33333333333    2
318    1562288629.15    1562288660.43    31.2847189903    64    0.9446    60.4544    32.2293189903    4.06746031746    6
319    1562288629.36    1562288660.44    31.0802760124    16    0.0429    0.6864    31.1231760124    2.68333333333    4
320    1562288629.71    1562288660.44    30.7314388752    16    0.0285    0.456    30.7599388752    2.65    4
321    1562288629.96    1562288660.44    30.489084959    4    0.0284    0.1136    30.517484959    1.5    2
322    1562288630.75    1562288660.53    29.786221981    64    0.6779    43.3856    30.464121981    4.23908730159    6
323    1562288630.93    1562288660.54    29.6020810604    4    0.0284    0.1136    29.6304810604    1.5    2
324    1562288631.6    1562288660.54    28.9325489998    4    0.0522    0.2088    28.9847489998    1.5    2
325    1562288631.98    1562288660.54    28.5600609779    16    0.0297    0.4752    28.5897609779    2.7    4
326    1562288632.95    1562288660.62    27.663369894    64    0.0125    0.8    27.675869894    4.53819444444    6
327    1562288633.09    1562288660.62    27.5353729725    16    0.0285    0.456    27.5638729725    2.68333333333    4
328    1562288633.63    1562288664.6    30.9649560452    256    0.0177    4.5312    30.9826560452    4.94102328431    7
329    1562288634.03    1562288664.6    30.5791490078    16    0.0098    0.1568    30.5889490078    2.7    4
330    1562288634.29    1562288664.61    30.3166108131    16    0.0297    0.4752    30.3463108131    2.63333333333    4
331    1562288634.35    1562288664.61    30.2648348808    16    0.0297    0.4752    30.2945348808    2.68333333333    4
332    1562288634.81    1562288664.7    29.8807079792    64    0.0125    0.8    29.8932079792    4.20287698413    6
333    1562288635.04    1562288664.7    29.6572248936    4    1.1283    4.5132    30.7855248936    1.5    2
334    1562288635.37    1562288664.7    29.3279180527    16    0.7616    12.1856    30.0895180527    2.58333333333    4
335    1562288635.68    1562288664.7    29.0265719891    4    0.0832    0.3328    29.1097719891    1.5    2
336    1562288635.95    1562288664.71    28.7595338821    16    0.0297    0.4752    28.7892338821    2.58333333333    4
337    1562288636.26    1562288664.71    28.4451069832    4    0.5956    2.3824    29.0407069832    1.5    2
338    1562288636.45    1562288664.78    28.329982996    64    0.1855    11.872    28.515482996    3.87748015873    6
339    1562288636.55    1562288664.78    28.23914814    4    1.1283    4.5132    29.36744814    1.5    2
340    1562288636.66    1562288664.79    28.1334648132    16    0.0285    0.456    28.1619648132    2.58333333333    4
341    1562288637.08    1562288664.79    27.7169039249    4    0.0059    0.0236    27.7228039249    1.5    2
342    1562288637.35    1562288664.87    27.5257320404    64    0.0234    1.4976    27.5491320404    3.95882936508    6
343    1562288637.85    1562288664.88    27.0300040245    16    0.0297    0.4752    27.0597040245    2.58333333333    4
344    1562288638.2    1562288664.96    26.7618861198    64    0.6779    43.3856    27.4397861198    3.81696428571    6
345    1562288639.35    1562288666.54    27.1895830631    256    0.0057    1.4592    27.1952830631    4.98155637255    7
346    1562288640.3    1562288666.63    26.3290128708    64    0.4167    26.6688    26.7457128708    3.83234126984    6
347    1562288640.74    1562288666.7    25.959061861    64    0.4167    26.6688    26.375761861    3.95535714286    6
348    1562288641.23    1562288666.78    25.5457849503    64    0.0055    0.352    25.5512849503    4.00744047619    6
349    1562288641.49    1562288666.85    25.3650178909    64    0.1855    11.872    25.5505178909    4.09325396825    6
350    1562288641.71    1562288666.85    25.1447138786    4    0.0832    0.3328    25.2279138786    1.5    2
351    1562288642.02    1562288666.92    24.8998248577    64    0.1855    11.872    25.0853248577    4.05158730159    6
352    1562288642.71    1562288666.92    24.2128250599    16    0.0098    0.1568    24.2226250599    2.7    4
353    1562288642.9    1562288666.92    24.0232598782    4    0.0059    0.0236    24.0291598782    1.33333333333    2
354    1562288643.27    1562288667.0    23.7285079956    64    0.0234    1.4976    23.7519079956    4.1939484127    6
355    1562288644.01    1562288667.0    22.9938890934    4    0.0832    0.3328    23.0770890934    1.5    2
356    1562288644.32    1562288671.22    26.9042358398    256    0.0057    1.4592    26.9099358398    4.96102941176    7
357    1562288644.99    1562288671.23    26.2427480221    16    0.0285    0.456    26.2712480221    2.73333333333    4
358    1562288645.35    1562288671.3    25.9504668713    64    0.4167    26.6688    26.3671668713    4.04712301587    6
359    1562288645.58    1562288672.39    26.8092799187    256    0.8    204.8    27.6092799187    4.93544730392    7
360    1562288645.63    1562288672.46    26.8333499432    64    0.1855    11.872    27.0188499432    4.1130952381    6
361    1562288645.82    1562288672.46    26.6465489864    4    0.5956    2.3824    27.2421489864    1.5    2
362    1562288645.96    1562288672.47    26.5089027882    4    0.0832    0.3328    26.5921027882    1.5    2
363    1562288646.29    1562288674.49    28.2019000053    256    0.8    204.8    29.0019000053    4.94301470588    7
364    1562288646.56    1562288676.61    30.0444130898    256    0.0057    1.4592    30.0501130898    4.93544730392    7
365    1562288646.68    1562288676.62    29.9372780323    16    0.0297    0.4752    29.9669780323    2.7    4
366    1562288647.01    1562288677.62    30.6168460846    256    0.0057    1.4592    30.6225460846    4.93544730392    7
367    1562288647.33    1562288677.71    30.3796181679    64    0.4167    26.6688    30.7963181679    4.1130952381    6
368    1562288648.34    1562288677.78    29.447453022    64    0.1855    11.872    29.632953022    3.875    6
369    1562288648.59    1562288679.08    30.4860508442    256    0.0177    4.5312    30.5037508442    4.93544730392    7
370    1562288648.92    1562288679.16    30.2420790195    64    0.0234    1.4976    30.2654790195    4.1130952381    6
371    1562288649.82    1562288679.16    29.3374159336    4    0.0832    0.3328    29.4206159336    1.5    2
372    1562288650.48    1562288679.24    28.7542090416    64    0.9446    60.4544    29.6988090416    3.90277777778    6
373    1562288650.99    1562288679.24    28.2487089634    16    0.0429    0.6864    28.2916089634    2.58333333333    4
374    1562288651.42    1562288679.24    27.8240420818    16    0.4243    6.7888    28.2483420818    2.58333333333    4
375    1562288651.77    1562288679.32    27.5544259548    64    0.9446    60.4544    28.4990259548    3.95287698413    6
376    1562288652.36    1562288679.39    27.0373389721    64    0.1855    11.872    27.2228389721    4.01091269841    6
377    1562288652.61    1562288682.26    29.651651144    256    0.7528    192.7168    30.404451144    4.95680147059    7
378    1562288653.36    1562288682.33    28.9761400223    64    0.0055    0.352    28.9816400223    4.17311507937    6
379    1562288653.92    1562288682.41    28.4882180691    64    0.0125    0.8    28.5007180691    4.05952380952    6
380    1562288655.17    1562288684.25    29.0782911777    256    0.6189    158.4384    29.6971911777    4.93544730392    7
381    1562288655.72    1562288684.32    28.6061680317    64    0.0125    0.8    28.6186680317    4.1130952381    6
382    1562288655.93    1562288684.41    28.476749897    64    0.4167    26.6688    28.893449897    4.05952380952    6
383    1562288656.6    1562288684.41    27.809264183    16    0.7616    12.1856    28.570864183    2.7    4
384    1562288656.84    1562288684.42    27.5742740631    16    0.4243    6.7888    27.9985740631    2.68333333333    4
385    1562288657.13    1562288684.49    27.3519160748    64    0.1855    11.872    27.5374160748    4.22668650794    6
386    1562288657.22    1562288686.73    29.5120968819    256    0.0057    1.4592    29.5177968819    4.93544730392    7
387    1562288657.62    1562288686.74    29.1150960922    4    0.0284    0.1136    29.1434960922    1.5    2
388    1562288657.95    1562288686.82    28.8680739403    64    0.0055    0.352    28.8735739403    4.04712301587    6
389    1562288658.24    1562288686.82    28.5805778503    16    0.0297    0.4752    28.6102778503    2.58333333333    4
390    1562288658.75    1562288686.83    28.0802741051    16    0.8805    14.088    28.9607741051    2.58333333333    4
391    1562288659.17    1562288686.83    27.6652300358    16    0.8805    14.088    28.5457300358    2.58333333333    4
392    1562288659.28    1562288687.89    28.6099998951    256    0.8    204.8    29.4099998951    5.02362132353    7
393    1562288659.76    1562288687.96    28.2053420544    64    0.0055    0.352    28.2108420544    4.05505952381    6
394    1562288659.86    1562288687.97    28.1068708897    16    0.0297    0.4752    28.1365708897    2.58333333333    4
395    1562288660.28    1562288687.97    27.68983078    4    0.5956    2.3824    28.28543078    1.5    2
396    1562288660.51    1562288688.05    27.5403141975    64    0.6779    43.3856    28.2182141975    4.05505952381    6
397    1562288660.99    1562288688.05    27.0646269321    4    0.5956    2.3824    27.6602269321    1.5    2
398    1562288661.45    1562288688.12    26.6724069118    64    0.0234    1.4976    26.6958069118    4.26984126984    6
399    1562288661.82    1562288688.12    26.3038489819    4    0.5956    2.3824    26.8994489819    1.5    2

dispatched jobs are: 400 out of 400
average queue time is: 15.3994028544
fso links are used for 0 times
overall utilization is 0.0637041325965934
average response time is 15.7419458544
average weighted response time is 16.874685542500007
average slowdown is 24.012747133789883
cpu_request: 28540, cpu_run: 28540
ssd_request: 13306, ssd_run: 0
gpu_request: 14398, gpu_run: 0
cpu aspl: 3.19643606297
cpu diameter: 4.625
job x: 0.0
job y: 0.0
job z: 0.0
