#timestep  occupied-CPU  total-CPU  utilization  queuingjobs
1    0    1024    0.0    1
2    0    1024    0.0    0
3    0    1024    0.0    2
4    256    1024    0.25    0
5    0    1024    0.0    3
6    231    1024    0.2255859375    2
7    256    1024    0.25    0
8    0    1024    0.0    0
9    0    1024    0.0    0
10    0    1024    0.0    2
11    0    1024    0.0    2
12    64    1024    0.0625    0
13    0    1024    0.0    0
14    4    1024    0.00390625    0
15    16    1024    0.015625    1
16    0    1024    0.0    1
17    0    1024    0.0    2
18    260    1024    0.25390625    0
19    64    1024    0.0625    0
20    0    1024    0.0    0
21    0    1024    0.0    4
22    320    1024    0.3125    2
23    256    1024    0.25    4
24    136    1024    0.1328125    0
25    17    1024    0.0166015625    1
26    48    1024    0.046875    1
27    256    1024    0.25    0
28    0    1024    0.0    2
29    320    1024    0.3125    0
30    0    1024    0.0    0
31    0    1024    0.0    0
32    16    1024    0.015625    0
33    3    1024    0.0029296875    0
34    0    1024    0.0    2
35    0    1024    0.0    5
36    64    1024    0.0625    4
37    256    1024    0.25    6
38    256    1024    0.25    7
39    272    1024    0.265625    5
40    256    1024    0.25    6
41    173    1024    0.1689453125    7
42    0    1024    0.0    8
43    4    1024    0.00390625    5
44    256    1024    0.25    0
45    64    1024    0.0625    0
46    0    1024    0.0    4
47    256    1024    0.25    3
48    276    1024    0.26953125    2
49    276    1024    0.26953125    0
50    0    1024    0.0    1
51    256    1024    0.25    0
52    4    1024    0.00390625    0
53    0    1024    0.0    0
54    24    1024    0.0234375    0
55    0    1024    0.0    2
56    0    1024    0.0    0
57    4    1024    0.00390625    0
58    0    1024    0.0    0
59    0    1024    0.0    2
60    0    1024    0.0    2
61    320    1024    0.3125    2
62    212    1024    0.20703125    5
63    0    1024    0.0    5
64    0    1024    0.0    1
65    256    1024    0.25    3
66    276    1024    0.26953125    2
67    4    1024    0.00390625    0
68    80    1024    0.078125    0
69    0    1024    0.0    0
70    0    1024    0.0    0
71    0    1024    0.0    1
72    0    1024    0.0    3
73    20    1024    0.01953125    1
74    256    1024    0.25    1
75    0    1024    0.0    1
76    256    1024    0.25    1
77    0    1024    0.0    2
78    0    1024    0.0    2
79    0    1024    0.0    2
80    0    1024    0.0    3
81    0    1024    0.0    3
82    264    1024    0.2578125    0
83    16    1024    0.015625    0
84    4    1024    0.00390625    3
85    0    1024    0.0    1
86    256    1024    0.25    0
87    0    1024    0.0    0
88    64    1024    0.0625    0
89    16    1024    0.015625    0
90    0    1024    0.0    2
91    256    1024    0.25    0
92    16    1024    0.015625    0
93    4    1024    0.00390625    1
94    336    1024    0.328125    0
95    0    1024    0.0    1
96    256    1024    0.25    3
97    260    1024    0.25390625    3
98    252    1024    0.24609375    2
99    272    1024    0.265625    0
100    0    1024    0.0    0

average cpu utilization is: 0.0895703125
average ssd utilization is: 0.184462890625
average gpu utilization is: 0.182216796875
average utilization is: 0.152083333333
average queuing jobs are: 1.55
maximum queuing jobs are: 8


#job_number  submit  dispatch  queue  cpu#  runtime  weight  response(turnaround)  cpu_aspl  cpu_diameter
0    1562286976.6    1562286980.78    4.17918395996    64    0.0131    0.8384    4.19228395996    3.97966269841    6
1    1562286981.2    1562286981.2    0.000272989273071    64    0.0131    0.8384    0.0133729892731    3.97966269841    6
2    1562286981.43    1562286981.43    -0.0025999546051    16    0.0296    0.4736    0.0270000453949    2.575    4
3    1562286982.19    1562286983.26    1.06743717194    256    0.7774    199.0144    1.84483717194    5.02239583333    7
4    1562286982.81    1562286983.26    0.447054862976    4    0.5984    2.3936    1.04545486298    1.5    2
5    1562286982.98    1562286983.32    0.340997934341    64    0.0254    1.6256    0.366397934341    4.1939484127    6
6    1562286983.63    1562286983.64    0.0138239860535    64    0.1872    11.9808    0.201023986053    4.1939484127    6
7    1562286984.37    1562286985.48    1.10361599922    256    0.6811    174.3616    1.78471599922    5.02239583333    7
8    1562286984.65    1562286985.48    0.831738948822    16    0.8867    14.1872    1.71843894882    2.68333333333    4
9    1562286985.07    1562286985.56    0.484206199646    64    0.0135    0.864    0.497706199646    4.1056547619    6
10    1562286985.57    1562286986.79    1.21874690056    256    0.4475    114.56    1.66624690056    5.30637254902    8
11    1562286986.11    1562286986.79    0.680454969406    4    0.0834    0.3336    0.763854969406    1.5    2
12    1562286986.56    1562286986.8    0.238003969193    16    0.0099    0.1584    0.247903969193    2.58333333333    4
13    1562286988.55    1562286988.55    1.69277191162e-05    4    0.0284    0.1136    0.0284169277191    1.5    2
14    1562286988.98    1562286988.98    3.19480895996e-05    64    0.0131    0.8384    0.0131319480896    3.97966269841    6
15    1562286989.58    1562286990.52    0.939907073975    256    0.4475    114.56    1.38740707397    5.02239583333    7
16    1562286990.24    1562286991.63    1.39885902405    256    0.0057    1.4592    1.40455902405    5.14947916667    8
17    1562286990.85    1562286991.64    0.783741950989    4    0.0834    0.3336    0.867141950989    1.5    2
18    1562286992.12    1562286992.15    0.0348780155182    64    0.4242    27.1488    0.459078015518    3.97966269841    6
19    1562286992.53    1562286992.53    0.00019907951355    64    0.0056    0.3584    0.00579907951355    3.88938492063    6
20    1562286993.7    1562286993.7    1.50203704834e-05    16    0.7709    12.3344    0.77091502037    2.575    4
21    1562286993.88    1562286993.88    0.000150918960571    4    1.1322    4.5288    1.13235091896    1.5    2
22    1562286994.04    1562286994.05    0.0189640522003    64    0.1865    11.936    0.2054640522    3.92162698413    6
23    1562286994.34    1562286994.34    1.71661376953e-05    16    0.0296    0.4736    0.0296171661377    2.575    4
24    1562286994.75    1562286994.75    0.000278949737549    16    0.8867    14.1872    0.886978949738    2.575    4
25    1562286994.9    1562286994.92    0.0243809223175    64    0.4242    27.1488    0.448580922318    3.92162698413    6
26    1562286995.23    1562286996.36    1.12801599503    256    0.0198    5.0688    1.14781599503    4.97794117647    7
27    1562286995.92    1562286996.36    0.445156812668    16    0.0432    0.6912    0.488356812668    2.575    4
28    1562286996.51    1562286996.51    2.31266021729e-05    4    0.0526    0.2104    0.0526231266022    1.5    2
29    1562286996.62    1562286996.65    0.0357089042664    64    0.0131    0.8384    0.0488089042664    3.97966269841    6
30    1562286997.0    1562286998.14    1.14851307869    256    0.7774    199.0144    1.92591307869    5.02239583333    7
31    1562286997.26    1562286998.15    0.883106946945    4    1.1322    4.5288    2.01530694695    1.5    2
32    1562286998.01    1562286998.15    0.135334968567    4    0.0284    0.1136    0.163734968567    1.5    2
33    1562286999.64    1562286999.64    0.00233197212219    64    0.0247    1.5808    0.0270319721222    3.97966269841    6
34    1562286999.64    1562286999.72    0.0817830562592    64    0.1865    11.936    0.268283056259    3.88938492063    6
35    1562286999.78    1562286999.78    2.50339508057e-05    16    0.8867    14.1872    0.886725033951    2.575    4
36    1562287000.01    1562287000.01    9.89437103271e-05    16    0.0432    0.6912    0.0432989437103    2.58333333333    4
37    1562287000.82    1562287000.82    0.000189065933228    16    0.0432    0.6912    0.0433890659332    2.575    4
38    1562287000.83    1562287000.83    3.2901763916e-05    4    0.0059    0.0236    0.00593290176392    1.5    2
39    1562287001.2    1562287002.28    1.08321285248    256    0.7774    199.0144    1.86061285248    5.02239583333    7
40    1562287001.32    1562287002.35    1.03708600998    64    0.9639    61.6896    2.00098600998    4.19742063492    6
41    1562287001.63    1562287002.42    0.792629957199    64    0.0254    1.6256    0.818029957199    4.19990079365    6
42    1562287001.78    1562287002.5    0.728219032288    64    0.0056    0.3584    0.733819032288    4.2693452381    6
43    1562287002.23    1562287003.65    1.42116880417    256    0.6811    174.3616    2.10226880417    5.31927083333    8
44    1562287002.82    1562287004.82    1.99615311623    256    0.0198    5.0688    2.01595311623    5.02239583333    7
45    1562287003.07    1562287004.82    1.75132203102    4    1.1322    4.5288    2.88352203102    1.5    2
46    1562287003.13    1562287004.9    1.77812695503    64    0.6958    44.5312    2.47392695503    4.1939484127    6
47    1562287003.8    1562287004.91    1.10229587555    4    0.0284    0.1136    1.13069587555    1.5    2
48    1562287004.25    1562287004.91    0.658214092255    4    1.1322    4.5288    1.79041409225    1.5    2
49    1562287004.33    1562287004.98    0.65124297142    64    0.1865    11.936    0.83774297142    3.96726190476    6
50    1562287005.03    1562287005.03    -0.00244498252869    4    0.0526    0.2104    0.0501550174713    1.5    2
51    1562287005.45    1562287005.45    0.000198125839233    64    0.0247    1.5808    0.0248981258392    3.97966269841    6
52    1562287005.71    1562287005.71    0.0023889541626    16    0.4263    6.8208    0.428688954163    2.575    4
53    1562287005.98    1562287005.98    -0.00492691993713    4    0.0059    0.0236    0.000973080062866    1.5    2
54    1562287006.09    1562287006.13    0.0443570613861    64    0.9575    61.28    1.00185706139    3.86160714286    6
55    1562287006.92    1562287008.03    1.10678601265    256    0.4475    114.56    1.55428601265    5.0956495098    8
56    1562287007.75    1562287008.1    0.344403028488    64    0.0056    0.3584    0.350003028488    3.86160714286    6
57    1562287008.86    1562287009.92    1.0558359623    256    0.4475    114.56    1.5033359623    5.02239583333    7
58    1562287009.15    1562287009.92    0.766015052795    4    0.0834    0.3336    0.849415052795    1.5    2
59    1562287009.76    1562287009.92    0.157188892365    4    0.0284    0.1136    0.185588892365    1.5    2
60    1562287009.92    1562287009.99    0.0766789913177    64    0.4242    27.1488    0.500878991318    4.04613095238    6
61    1562287010.59    1562287010.59    0.000220060348511    16    0.4263    6.8208    0.426520060349    2.575    4
62    1562287011.06    1562287011.06    -0.00206303596497    16    0.0099    0.1584    0.00783696403503    2.575    4
63    1562287012.59    1562287012.59    0.00020694732666    16    0.8867    14.1872    0.886906947327    2.575    4
64    1562287013.04    1562287013.03    -0.00174498558044    4    0.0526    0.2104    0.0508550144196    1.5    2
65    1562287013.34    1562287013.34    0.000244855880737    64    0.0131    0.8384    0.0133448558807    3.86160714286    6
66    1562287013.65    1562287013.65    -0.001384973526    4    0.5984    2.3936    0.597015026474    1.5    2
67    1562287013.78    1562287013.79    0.0154979228973    64    0.0056    0.3584    0.0210979228973    3.86160714286    6
68    1562287013.98    1562287013.98    0.000127077102661    4    0.0059    0.0236    0.00602707710266    1.5    2
69    1562287014.54    1562287015.36    0.813478946686    256    0.6811    174.3616    1.49457894669    5.02239583333    7
70    1562287014.62    1562287015.36    0.747481822968    16    0.03    0.48    0.777481822968    2.68333333333    4
71    1562287015.62    1562287016.79    1.1682331562    256    0.4475    114.56    1.6157331562    5.14947916667    8
72    1562287015.76    1562287016.87    1.10813784599    64    0.9575    61.28    2.06563784599    3.97966269841    6
73    1562287016.05    1562287018.07    2.01323199272    256    0.8087    207.0272    2.82193199272    5.15670955882    8
74    1562287016.38    1562287019.22    2.84277892113    256    0.4475    114.56    3.29027892113    5.13164828431    8
75    1562287016.39    1562287020.39    3.99256587029    256    0.6811    174.3616    4.67366587029    4.98318014706    8
76    1562287016.53    1562287020.39    3.85685801506    4    0.0059    0.0236    3.86275801506    1.5    2
77    1562287017.56    1562287020.39    2.82909107208    16    0.8867    14.1872    3.71579107208    2.58333333333    4
78    1562287017.65    1562287021.54    3.88712501526    256    0.8087    207.0272    4.69582501526    5.21911764706    8
79    1562287018.54    1562287022.66    4.12145400047    256    0.0198    5.0688    4.14125400047    5.11632965686    8
80    1562287018.95    1562287022.74    3.79042506218    64    0.4242    27.1488    4.21462506218    4.07787698413    6
81    1562287019.4    1562287022.75    3.3548181057    16    0.03    0.48    3.3848181057    2.58333333333    4
82    1562287020.14    1562287022.83    2.68644809723    64    0.0131    0.8384    2.69954809723    3.9816468254    6
83    1562287020.88    1562287024.07    3.19816088676    256    0.8087    207.0272    4.00686088676    4.98434436275    8
84    1562287021.67    1562287024.08    2.40627598763    4    0.5984    2.3936    3.00467598763    1.5    2
85    1562287021.92    1562287024.08    2.15786886215    4    1.1322    4.5288    3.29006886215    1.5    2
86    1562287022.55    1562287024.08    1.53895401955    16    0.0099    0.1584    1.54885401955    2.58333333333    4
87    1562287022.85    1562287024.16    1.31124210358    64    0.0247    1.5808    1.33594210358    3.89880952381    6
88    1562287023.39    1562287025.33    1.94388794899    256    0.8087    207.0272    2.75258794899    5.21470588235    8
89    1562287023.53    1562287025.34    1.80446696281    16    0.0432    0.6912    1.84766696281    2.58333333333    4
90    1562287023.7    1562287025.35    1.64213490486    16    0.03    0.48    1.67213490486    2.71666666667    4
91    1562287024.08    1562287025.35    1.27658987045    16    0.0296    0.4736    1.30618987045    2.65    4
92    1562287025.13    1562287025.35    0.226398944855    4    0.0834    0.3336    0.309798944855    1.5    2
93    1562287026.07    1562287026.09    0.0224530696869    64    0.9575    61.28    0.979953069687    3.86160714286    6
94    1562287026.52    1562287026.51    -0.00883507728577    4    0.0834    0.3336    0.0745649227142    1.5    2
95    1562287027.25    1562287028.38    1.13005304337    256    0.8087    207.0272    1.93875304337    5.02239583333    7
96    1562287027.69    1562287028.38    0.692451000214    4    0.0284    0.1136    0.720851000214    1.5    2
97    1562287027.82    1562287028.38    0.557152986526    4    0.5984    2.3936    1.15555298653    1.5    2
98    1562287027.97    1562287028.39    0.417680978775    16    0.0296    0.4736    0.447280978775    2.65    4
99    1562287028.1    1562287029.52    1.41941308975    256    0.6811    174.3616    2.10051308975    5.27401960784    8
100    1562287028.7    1562287029.53    0.823058128357    16    0.7709    12.3344    1.59395812836    2.575    4
101    1562287029.05    1562287029.53    0.477909088135    16    0.03    0.48    0.507909088135    2.58333333333    4
102    1562287029.52    1562287029.53    0.0113618373871    4    1.1322    4.5288    1.14356183739    1.5    2
103    1562287029.81    1562287030.88    1.07412195206    256    0.4475    114.56    1.52162195206    5.32490808824    8
104    1562287030.11    1562287030.89    0.776762008667    16    0.0099    0.1584    0.786662008667    2.575    4
105    1562287030.45    1562287030.89    0.440656900406    16    0.7709    12.3344    1.21155690041    2.58333333333    4
106    1562287030.68    1562287030.89    0.217437982559    4    0.5984    2.3936    0.815837982559    1.5    2
107    1562287031.55    1562287031.55    1.21593475342e-05    16    0.0432    0.6912    0.0432121593475    2.575    4
108    1562287031.6    1562287032.7    1.09941697121    256    0.7774    199.0144    1.87681697121    4.93746936275    8
109    1562287033.21    1562287033.21    3.00407409668e-05    4    0.0526    0.2104    0.052630040741    1.5    2
110    1562287033.62    1562287033.62    0.000229835510254    16    0.0099    0.1584    0.0101298355103    2.575    4
111    1562287033.73    1562287033.73    -0.000693082809448    4    0.5984    2.3936    0.597706917191    1.5    2
112    1562287033.79    1562287033.79    -0.00364089012146    16    0.0296    0.4736    0.0259591098785    2.58333333333    4
113    1562287035.63    1562287035.62    -0.00571608543396    4    1.1322    4.5288    1.12648391457    1.5    2
114    1562287036.11    1562287036.11    -0.000936985015869    4    1.1322    4.5288    1.13126301498    1.5    2
115    1562287036.29    1562287036.29    5.98430633545e-05    16    0.8867    14.1872    0.886759843063    2.575    4
116    1562287036.41    1562287037.5    1.08635282516    256    0.4475    114.56    1.53385282516    5.01801470588    7
117    1562287037.07    1562287037.5    0.434406995773    4    0.0834    0.3336    0.517806995773    1.5    2
118    1562287037.72    1562287037.72    -0.000415086746216    16    0.0099    0.1584    0.00948491325378    2.75    4
119    1562287038.82    1562287038.84    0.0208790302277    64    0.0247    1.5808    0.0455790302277    3.97966269841    6
120    1562287039.26    1562287039.26    -0.00154709815979    4    0.5984    2.3936    0.59685290184    1.5    2
121    1562287040.52    1562287040.52    0.000201940536499    16    0.4263    6.8208    0.426501940536    2.575    4
122    1562287041.08    1562287042.13    1.04971408844    256    0.0057    1.4592    1.05541408844    5.02239583333    7
123    1562287041.77    1562287042.21    0.433099985123    64    0.1872    11.9808    0.620299985123    4.19742063492    6
124    1562287042.13    1562287043.41    1.2845659256    256    0.6811    174.3616    1.9656659256    5.02239583333    7
125    1562287042.46    1562287043.42    0.964054107666    16    0.0432    0.6912    1.00725410767    2.68333333333    4
126    1562287043.08    1562287043.49    0.41438794136    64    0.4299    27.5136    0.84428794136    4.1056547619    6
127    1562287043.35    1562287043.5    0.145709037781    4    0.0526    0.2104    0.198309037781    1.5    2
128    1562287043.57    1562287044.74    1.16862201691    256    0.4475    114.56    1.61612201691    5.2381127451    8
129    1562287043.69    1562287045.87    2.18514990807    256    0.6811    174.3616    2.86624990807    5.02239583333    7
130    1562287043.99    1562287045.96    1.96361398697    64    0.0254    1.6256    1.98901398697    4.19742063492    6
131    1562287044.5    1562287046.04    1.54403305054    64    0.0254    1.6256    1.56943305054    4.19990079365    6
132    1562287044.71    1562287046.12    1.41761898994    64    0.0056    0.3584    1.42321898994    4.19742063492    6
133    1562287045.58    1562287046.13    0.547855138779    16    0.4263    6.8208    0.974155138779    2.65    4
134    1562287046.88    1562287047.89    1.01358985901    256    0.7774    199.0144    1.79098985901    5.02239583333    7
135    1562287047.36    1562287049.05    1.68430685997    256    0.6811    174.3616    2.36540685997    5.14947916667    8
136    1562287047.86    1562287049.05    1.19199490547    4    1.1322    4.5288    2.32419490547    1.5    2
137    1562287048.0    1562287049.06    1.0617249012    16    0.8867    14.1872    1.9484249012    2.575    4
138    1562287048.68    1562287049.14    0.46164894104    64    0.0135    0.864    0.47514894104    4.09275793651    6
139    1562287049.14    1562287049.22    0.079686164856    64    0.0254    1.6256    0.105086164856    4.12698412698    6
140    1562287049.36    1562287049.36    -0.000481843948364    16    0.0296    0.4736    0.0291181560516    2.58333333333    4
141    1562287050.46    1562287050.46    0.00662684440613    64    0.6889    44.0896    0.695526844406    3.97966269841    6
142    1562287050.77    1562287050.77    0.000184059143066    16    0.8867    14.1872    0.886884059143    2.58333333333    4
143    1562287050.81    1562287050.81    0.000153064727783    4    0.0526    0.2104    0.0527530647278    1.5    2
144    1562287051.48    1562287051.48    0.000288009643555    16    0.0099    0.1584    0.0101880096436    2.575    4
145    1562287051.78    1562287051.78    0.000226020812988    64    0.0131    0.8384    0.013326020813    3.97966269841    6
146    1562287053.54    1562287054.31    0.765692949295    256    0.0057    1.4592    0.771392949295    5.02239583333    7
147    1562287054.81    1562287055.76    0.946340084076    256    0.0198    5.0688    0.966140084076    5.02239583333    7
148    1562287054.92    1562287055.76    0.836580991745    4    0.6477    2.5908    1.48428099174    1.5    2
149    1562287055.23    1562287055.76    0.533910989761    16    0.8867    14.1872    1.42061098976    2.575    4
150    1562287055.58    1562287056.94    1.36625003815    256    0.6811    174.3616    2.04735003815    5.08538602941    8
151    1562287056.46    1562287058.09    1.62541103363    256    0.0198    5.0688    1.64521103363    5.02239583333    7
152    1562287058.08    1562287058.17    0.093465089798    64    0.0135    0.864    0.106965089798    4.19742063492    6
153    1562287058.35    1562287059.37    1.02083301544    256    0.6811    174.3616    1.70193301544    5.02239583333    7
154    1562287059.1    1562287059.44    0.339354991913    64    0.0056    0.3584    0.344954991913    4.19742063492    6
155    1562287059.37    1562287059.52    0.147272109985    64    0.0135    0.864    0.160772109985    4.19990079365    6
156    1562287059.72    1562287060.74    1.01413989067    256    0.8087    207.0272    1.82283989067    5.14947916667    8
157    1562287059.99    1562287061.83    1.83793616295    256    0.4475    114.56    2.28543616295    5.02239583333    7
158    1562287061.55    1562287061.83    0.285207033157    4    0.0284    0.1136    0.313607033157    1.5    2
159    1562287062.28    1562287063.3    1.02145409584    256    0.0198    5.0688    1.04125409584    5.14947916667    8
160    1562287062.53    1562287064.37    1.83787608147    256    0.0057    1.4592    1.84357608147    5.02239583333    7
161    1562287063.3    1562287064.37    1.07208299637    16    0.03    0.48    1.10208299637    2.68333333333    4
162    1562287063.45    1562287064.46    1.00350189209    64    0.0254    1.6256    1.02890189209    4.1056547619    6
163    1562287064.13    1562287065.57    1.43503808975    256    0.6811    174.3616    2.11613808975    5.05088848039    8
164    1562287064.46    1562287065.57    1.11094284058    4    1.1322    4.5288    2.24314284058    1.5    2
165    1562287064.92    1562287065.57    0.646846055984    4    1.1322    4.5288    1.77904605598    1.5    2
166    1562287066.24    1562287066.24    0.000186920166016    64    0.1865    11.936    0.186686920166    4.03075396825    6
167    1562287066.83    1562287066.83    0.000192880630493    16    0.7709    12.3344    0.77109288063    2.575    4
168    1562287067.08    1562287067.08    0.000123977661133    4    1.1322    4.5288    1.13232397766    1.5    2
169    1562287067.74    1562287068.75    1.00868487358    256    0.0057    1.4592    1.01438487358    5.02239583333    7
170    1562287067.88    1562287068.75    0.870443105698    16    0.0296    0.4736    0.900043105698    2.68333333333    4
171    1562287068.06    1562287068.75    0.689335107803    4    0.0059    0.0236    0.695235107803    1.5    2
172    1562287068.95    1562287068.95    8.01086425781e-05    4    0.0284    0.1136    0.0284801086426    1.5    2
173    1562287069.0    1562287069.0    7.20024108887e-05    16    0.03    0.48    0.0300720024109    2.575    4
174    1562287069.31    1562287070.14    0.83006310463    256    0.4475    114.56    1.27756310463    5.02239583333    7
175    1562287070.39    1562287070.39    4.60147857666e-05    4    0.5984    2.3936    0.598446014786    1.5    2
176    1562287070.52    1562287070.52    0.000189781188965    16    0.0432    0.6912    0.043389781189    2.575    4
177    1562287070.69    1562287070.69    0.000205039978027    16    0.4263    6.8208    0.426505039978    2.575    4
178    1562287070.7    1562287070.7    4.10079956055e-05    16    0.03    0.48    0.0300410079956    2.575    4
179    1562287070.81    1562287070.86    0.0577278137207    64    0.1865    11.936    0.244227813721    3.92162698413    6
180    1562287071.66    1562287071.66    0.000179767608643    64    0.6889    44.0896    0.689079767609    3.97966269841    6
181    1562287072.31    1562287072.31    4.60147857666e-05    4    0.0526    0.2104    0.0526460147858    1.5    2
182    1562287073.13    1562287073.13    0.00139999389648    16    0.8867    14.1872    0.888099993896    2.575    4
183    1562287073.42    1562287073.42    0.000101089477539    16    0.4263    6.8208    0.426401089478    2.58333333333    4
184    1562287073.77    1562287074.82    1.04750299454    256    0.8087    207.0272    1.85620299454    4.93746936275    8
185    1562287073.92    1562287074.82    0.89547085762    4    0.0284    0.1136    0.92387085762    1.5    2
186    1562287074.46    1562287074.82    0.359464168549    16    0.0296    0.4736    0.389064168549    2.58333333333    4
187    1562287075.77    1562287075.77    4.10079956055e-05    16    0.8867    14.1872    0.886741007996    2.575    4
188    1562287076.24    1562287076.24    0.000167846679688    4    0.0526    0.2104    0.0527678466797    1.5    2
189    1562287076.84    1562287076.84    -0.000177145004272    4    1.1322    4.5288    1.132022855    1.5    2
190    1562287077.04    1562287077.99    0.946115970612    256    0.4475    114.56    1.39361597061    4.94892769608    7
191    1562287078.14    1562287078.14    5.00679016113e-05    16    0.8867    14.1872    0.886750067902    2.64166666667    4
192    1562287078.29    1562287078.34    0.0459170341492    64    0.6889    44.0896    0.734817034149    3.97420634921    6
193    1562287079.27    1562287080.32    1.056650877    256    0.7774    199.0144    1.834050877    5.02239583333    7
194    1562287079.81    1562287080.33    0.52170586586    16    0.0099    0.1584    0.53160586586    2.68333333333    4
195    1562287080.03    1562287081.42    1.39906001091    256    0.7774    199.0144    2.17646001091    5.17227328431    8
196    1562287080.4    1562287081.43    1.03070497513    4    0.6477    2.5908    1.67840497513    1.5    2
197    1562287080.65    1562287082.51    1.86644101143    256    0.4475    114.56    2.31394101143    5.17490808824    8
198    1562287080.79    1562287083.62    2.83036780357    256    0.7774    199.0144    3.60776780357    5.10398284314    8
199    1562287081.52    1562287083.63    2.1079249382    16    0.4263    6.8208    2.5342249382    2.58333333333    4

dispatched jobs are: 200 out of 200
average queue time is: 0.773727083206
fso links are used for 0 times
overall utilization is 0.06979067858331589
average response time is 1.15030508321
average weighted response time is 2.105059632385684
average slowdown is 3.101929271694022
cpu_request: 16856, cpu_run: 16856
ssd_request: 8852, ssd_run: 0
gpu_request: 8673, gpu_run: 0
cpu aspl: 3.28309091241
cpu diameter: 4.845
job x: 0.0
job y: 0.0
job z: 0.0
