#timestep  occupied-CPU  total-CPU  utilization  queuingjobs
1    0    1024    0.0    1
2    256    1024    0.25    0
3    0    1024    0.0    0
4    0    1024    0.0    0
5    64    1024    0.0625    0
6    0    1024    0.0    1
7    0    1024    0.0    1
8    0    1024    0.0    1
9    0    1024    0.0    0
10    0    1024    0.0    0
11    0    1024    0.0    1
12    0    1024    0.0    2
13    0    1024    0.0    0
14    0    1024    0.0    0
15    4    1024    0.00390625    0
16    0    1024    0.0    1
17    0    1024    0.0    0
18    0    1024    0.0    0
19    0    1024    0.0    1
20    256    1024    0.25    3
21    256    1024    0.25    2
22    68    1024    0.06640625    0
23    0    1024    0.0    0
24    0    1024    0.0    0
25    0    1024    0.0    1
26    256    1024    0.25    3
27    320    1024    0.3125    3
28    320    1024    0.3125    2
29    256    1024    0.25    3
30    64    1024    0.0625    0
31    0    1024    0.0    0
32    16    1024    0.015625    0
33    0    1024    0.0    0
34    0    1024    0.0    0
35    0    1024    0.0    0
36    16    1024    0.015625    0
37    0    1024    0.0    0
38    0    1024    0.0    0
39    0    1024    0.0    0
40    0    1024    0.0    0
41    0    1024    0.0    0
42    0    1024    0.0    0
43    0    1024    0.0    0
44    0    1024    0.0    0
45    64    1024    0.0625    0
46    0    1024    0.0    0
47    16    1024    0.015625    0
48    0    1024    0.0    1
49    64    1024    0.0625    0
50    0    1024    0.0    0
51    0    1024    0.0    0
52    0    1024    0.0    0
53    0    1024    0.0    0
54    0    1024    0.0    2
55    260    1024    0.25390625    0
56    0    1024    0.0    0
57    0    1024    0.0    0
58    0    1024    0.0    1
59    256    1024    0.25    0
60    0    1024    0.0    0
61    32    1024    0.03125    0
62    0    1024    0.0    0
63    0    1024    0.0    0
64    0    1024    0.0    0
65    4    1024    0.00390625    1
66    0    1024    0.0    0
67    0    1024    0.0    0
68    0    1024    0.0    0
69    0    1024    0.0    0
70    0    1024    0.0    2
71    40    1024    0.0390625    3
72    260    1024    0.25390625    0
73    4    1024    0.00390625    0
74    0    1024    0.0    0
75    0    1024    0.0    1
76    0    1024    0.0    0
77    0    1024    0.0    0
78    0    1024    0.0    0
79    64    1024    0.0625    0
80    0    1024    0.0    0
81    0    1024    0.0    0
82    0    1024    0.0    0
83    0    1024    0.0    1
84    256    1024    0.25    0
85    0    1024    0.0    0
86    0    1024    0.0    2
87    272    1024    0.265625    0
88    0    1024    0.0    1
89    0    1024    0.0    2
90    0    1024    0.0    0
91    0    1024    0.0    2

average cpu utilization is: 0.0401785714286
average ssd utilization is: 0.34364268544
average gpu utilization is: 0.341163719093
average utilization is: 0.241661658654
average queuing jobs are: 0.494505494505
maximum queuing jobs are: 3


#job_number  submit  dispatch  queue  cpu#  runtime  weight  response(turnaround)  cpu_aspl  cpu_diameter
0    1562285886.58    1562285890.96    4.3812789917    256    0.7774    199.0144    5.1586789917    4.97454044118    7
1    1562285891.14    1562285891.14    0.000195980072021    16    0.7709    12.3344    0.771095980072    2.7    4
2    1562285893.74    1562285893.75    0.0045599937439    64    0.6889    44.0896    0.693459993744    3.85615079365    6
3    1562285894.05    1562285894.05    -0.000569105148315    16    0.03    0.48    0.0294308948517    2.58333333333    4
4    1562285894.32    1562285894.32    4.00543212891e-05    4    0.0526    0.2104    0.0526400543213    1.5    2
5    1562285894.44    1562285895.44    1.005204916    256    0.6811    174.3616    1.686304916    5.06767769608    7
6    1562285896.24    1562285896.24    0.00307488441467    64    0.6889    44.0896    0.691974884415    3.85615079365    6
7    1562285896.3    1562285896.33    0.0353949069977    64    0.0131    0.8384    0.0484949069977    3.93998015873    6
8    1562285896.57    1562285897.55    0.97349691391    256    0.0057    1.4592    0.97919691391    5.06767769608    7
9    1562285900.5    1562285901.54    1.04113411903    256    0.0057    1.4592    1.04683411903    4.97454044118    7
10    1562285901.2    1562285901.54    0.337461948395    4    0.6477    2.5908    0.985161948395    1.5    2
11    1562285903.59    1562285903.59    0.000178098678589    16    0.03    0.48    0.0301780986786    2.58333333333    4
12    1562285903.83    1562285903.83    0.000169038772583    16    0.4263    6.8208    0.426469038773    2.58333333333    4
13    1562285904.09    1562285904.09    4.38690185547e-05    4    0.6477    2.5908    0.647743869019    1.5    2
14    1562285905.4    1562285906.1    0.697169065475    256    0.0198    5.0688    0.716969065475    4.97454044118    7
15    1562285907.13    1562285907.13    0.000198125839233    64    0.1865    11.936    0.186698125839    3.85615079365    6
16    1562285908.65    1562285909.63    0.977025032043    256    0.8087    207.0272    1.78572503204    4.97454044118    7
17    1562285909.09    1562285910.7    1.60810804367    256    0.7774    199.0144    2.38550804367    5.17285539216    8
18    1562285909.38    1562285911.86    2.48574995995    256    0.0057    1.4592    2.49144995995    4.97454044118    7
19    1562285909.63    1562285911.87    2.23628282547    4    1.1322    4.5288    3.36848282547    1.5    2
20    1562285911.37    1562285911.95    0.580492019653    64    0.4242    27.1488    1.00469201965    3.95287698413    6
21    1562285913.33    1562285913.33    -0.00397896766663    4    0.6477    2.5908    0.643721032333    1.5    2
22    1562285913.4    1562285913.4    0.000123977661133    4    0.0059    0.0236    0.00602397766113    1.5    2
23    1562285914.47    1562285914.47    2.38418579102e-05    16    0.0099    0.1584    0.00992384185791    2.58333333333    4
24    1562285914.7    1562285915.63    0.927641868591    256    0.8087    207.0272    1.73634186859    4.97454044118    7
25    1562285915.43    1562285916.8    1.37676906586    256    0.6811    174.3616    2.05786906586    5.17285539216    8
26    1562285915.96    1562285916.81    0.853585958481    16    0.0099    0.1584    0.863485958481    2.58333333333    4
27    1562285916.26    1562285916.88    0.62362909317    64    0.4299    27.5136    1.05352909317    4.08978174603    6
28    1562285916.34    1562285918.09    1.74426913261    256    0.4475    114.56    2.19176913261    5.00291053922    8
29    1562285916.8    1562285918.16    1.36210989952    64    0.4242    27.1488    1.78630989952    3.97867063492    6
30    1562285917.23    1562285919.37    2.13660097122    256    0.6811    174.3616    2.81770097122    5.26007965686    8
31    1562285918.16    1562285919.37    1.20526385307    4    0.0059    0.0236    1.21116385307    1.5    2
32    1562285918.57    1562285919.44    0.8741979599    64    0.0247    1.5808    0.8988979599    3.96279761905    6
33    1562285919.22    1562285919.45    0.223140954971    4    0.6477    2.5908    0.870840954971    1.5    2
34    1562285919.44    1562285919.45    0.0106539726257    16    0.7709    12.3344    0.781553972626    2.58333333333    4
35    1562285919.45    1562285919.53    0.0760071277618    64    0.9639    61.6896    1.03990712776    4.21875    6
36    1562285922.01    1562285922.01    8.29696655273e-05    16    0.7709    12.3344    0.770982969666    2.58333333333    4
37    1562285922.26    1562285922.26    0.000155925750732    16    0.0296    0.4736    0.0297559257507    2.58333333333    4
38    1562285923.71    1562285923.71    0.000176191329956    4    0.0526    0.2104    0.05277619133    1.5    2
39    1562285923.78    1562285923.78    0.00013279914856    4    0.0834    0.3336    0.0835327991486    1.5    2
40    1562285923.84    1562285923.88    0.0411159992218    64    0.1865    11.936    0.227615999222    3.90625    6
41    1562285925.1    1562285925.1    3.21865081787e-05    64    0.0056    0.3584    0.00563218650818    3.85615079365    6
42    1562285926.23    1562285926.23    9.89437103271e-05    16    0.8867    14.1872    0.88679894371    2.58333333333    4
43    1562285926.82    1562285926.82    0.000160932540894    4    0.0834    0.3336    0.0835609325409    1.5    2
44    1562285930.53    1562285930.53    0.000185012817383    64    0.0247    1.5808    0.0248850128174    3.85615079365    6
45    1562285931.73    1562285931.73    0.00017786026001    64    0.0247    1.5808    0.02487786026    3.85615079365    6
46    1562285933.53    1562285933.53    0.000233888626099    64    0.0247    1.5808    0.0249338886261    3.85615079365    6
47    1562285933.84    1562285933.84    2.78949737549e-05    4    0.0059    0.0236    0.00592789497375    1.5    2
48    1562285934.73    1562285934.73    0.000218868255615    16    0.0432    0.6912    0.0434188682556    2.58333333333    4
49    1562285935.47    1562285935.47    0.000196933746338    64    0.9575    61.28    0.957696933746    3.85615079365    6
50    1562285936.87    1562285936.87    0.000226020812988    16    0.8867    14.1872    0.886926020813    2.58333333333    4
51    1562285938.7    1562285938.7    0.00356507301331    64    0.0247    1.5808    0.0282650730133    3.85615079365    6
52    1562285938.94    1562285938.94    0.000144004821777    64    0.0247    1.5808    0.0248440048218    3.85615079365    6
53    1562285939.28    1562285939.28    0.000205993652344    64    0.9575    61.28    0.957705993652    3.85615079365    6
54    1562285939.8    1562285939.8    7.5101852417e-05    16    0.0296    0.4736    0.0296751018524    2.58333333333    4
55    1562285939.99    1562285939.99    2.50339508057e-05    4    0.6477    2.5908    0.647725033951    1.5    2
56    1562285940.15    1562285940.15    0.000168085098267    4    0.0834    0.3336    0.0835680850983    1.5    2
57    1562285940.42    1562285940.42    3.2901763916e-05    64    0.0131    0.8384    0.0131329017639    3.85615079365    6
58    1562285941.99    1562285941.99    2.19345092773e-05    64    0.4242    27.1488    0.424221934509    3.85615079365    6
59    1562285943.05    1562285943.05    0.000188112258911    4    0.0059    0.0236    0.00608811225891    1.5    2
60    1562285944.56    1562285945.57    1.00517511368    256    0.6811    174.3616    1.68627511368    4.97454044118    7
61    1562285944.93    1562285945.58    0.649993896484    16    0.0432    0.6912    0.693193896484    2.7    4
62    1562285945.57    1562285945.58    0.00520396232605    4    0.5984    2.3936    0.603603962326    1.5    2
63    1562285947.22    1562285947.21    -0.00844502449036    4    0.0059    0.0236    -0.00254502449036    1.5    2
64    1562285948.68    1562285949.61    0.928920030594    256    0.6811    174.3616    1.61002003059    4.97454044118    7
65    1562285950.34    1562285950.34    3.00407409668e-05    4    0.0059    0.0236    0.00593004074097    1.5    2
66    1562285951.9    1562285951.9    5.81741333008e-05    16    0.4263    6.8208    0.426358174133    2.58333333333    4
67    1562285951.91    1562285951.91    6.60419464111e-05    16    0.4263    6.8208    0.426366041946    2.58333333333    4
68    1562285952.96    1562285952.96    0.000197887420654    64    0.0056    0.3584    0.00579788742065    3.85615079365    6
69    1562285954.46    1562285954.46    4.6968460083e-05    4    0.0059    0.0236    0.00594696846008    1.5    2
70    1562285955.57    1562285955.57    5.29289245605e-05    4    1.1322    4.5288    1.13225292892    1.5    2
71    1562285955.84    1562285956.79    0.94757604599    256    0.6811    174.3616    1.62867604599    5.06191789216    7
72    1562285956.71    1562285956.8    0.0898969173431    16    0.0432    0.6912    0.133096917343    2.68333333333    4
73    1562285957.15    1562285957.13    -0.0108368396759    4    0.0284    0.1136    0.0175631603241    1.5    2
74    1562285958.87    1562285958.88    0.00528407096863    64    0.0247    1.5808    0.0299840709686    3.85615079365    6
75    1562285959.61    1562285959.61    3.60012054443e-05    4    0.0059    0.0236    0.00593600120544    1.5    2
76    1562285960.15    1562285960.19    0.0361390113831    64    0.0247    1.5808    0.0608390113831    3.85615079365    6
77    1562285960.63    1562285960.64    0.0167598724365    64    0.9575    61.28    0.974259872437    3.85615079365    6
78    1562285960.74    1562285961.8    1.0558950901    256    0.8087    207.0272    1.8645950901    5.06767769608    7
79    1562285961.24    1562285963.13    1.89399814606    256    0.8087    207.0272    2.70269814606    5.08952205882    8
80    1562285962.33    1562285963.14    0.805733203888    16    0.03    0.48    0.835733203888    2.58333333333    4
81    1562285962.62    1562285963.14    0.523579120636    4    0.0284    0.1136    0.551979120636    1.5    2
82    1562285963.11    1562285963.14    0.025153875351    4    1.1322    4.5288    1.15735387535    1.5    2
83    1562285964.04    1562285964.04    -0.00144791603088    4    0.0284    0.1136    0.0269520839691    1.5    2
84    1562285964.55    1562285964.55    2.78949737549e-05    4    0.6477    2.5908    0.647727894974    1.5    2
85    1562285966.65    1562285967.55    0.897873878479    256    0.0198    5.0688    0.917673878479    4.97454044118    7
86    1562285969.68    1562285969.68    0.000158071517944    64    0.1865    11.936    0.186658071518    3.85615079365    6
87    1562285970.08    1562285970.07    -0.00199818611145    64    0.9575    61.28    0.955501813889    3.85615079365    6
88    1562285974.49    1562285974.49    0.000184059143066    64    0.0247    1.5808    0.0248840591431    3.85615079365    6
89    1562285974.71    1562285975.62    0.905700206757    256    0.7774    199.0144    1.68310020676    4.97454044118    7
90    1562285977.75    1562285977.75    8.20159912109e-05    64    0.0056    0.3584    0.00568201599121    3.85615079365    6
91    1562285977.95    1562285978.92    0.974837064743    256    0.8087    207.0272    1.78353706474    4.97454044118    7
92    1562285978.26    1562285979.0    0.739278078079    64    0.0254    1.6256    0.764678078079    4.39583333333    6
93    1562285978.65    1562285979.0    0.35288310051    16    0.0432    0.6912    0.39608310051    2.56666666667    4
94    1562285978.92    1562285979.01    0.0881071090698    16    0.7709    12.3344    0.85900710907    2.575    4
95    1562285979.8    1562285980.92    1.12488889694    256    0.0198    5.0688    1.14468889694    4.97454044118    7
96    1562285980.92    1562285981.96    1.04271006584    256    0.0057    1.4592    1.04841006584    5.17285539216    8
97    1562285981.12    1562285981.97    0.848176002502    4    0.0526    0.2104    0.900776002502    1.5    2
98    1562285983.16    1562285984.18    1.02262091637    256    0.8087    207.0272    1.83132091637    4.97454044118    7
99    1562285983.6    1562285984.26    0.651476860046    64    0.0056    0.3584    0.657076860046    4.39583333333    6

dispatched jobs are: 100 out of 100
average queue time is: 0.444404497147
fso links are used for 0 times
overall utilization is 0.03813272817484165
average response time is 0.798704497147
average weighted response time is 1.9200455518247723
average slowdown is 2.6043751861803868
cpu_request: 8236, cpu_run: 8236
ssd_request: 4343, ssd_run: 0
gpu_request: 4326, gpu_run: 0
cpu aspl: 3.26099995623
cpu diameter: 4.81
job x: 0.0
job y: 0.0
job z: 0.0
