#timestep  occupied-CPU  total-CPU  utilization  queuingjobs
1    4    1024    0.00390625    1
2    0    1024    0.0    1
3    0    1024    0.0    4
4    32    1024    0.03125    3
5    0    1024    0.0    5
6    320    1024    0.3125    2
7    0    1024    0.0    4
8    0    1024    0.0    0
9    0    1024    0.0    0
10    4    1024    0.00390625    0
11    0    1024    0.0    1
12    0    1024    0.0    2
13    0    1024    0.0    3
14    336    1024    0.328125    1
15    0    1024    0.0    6
16    0    1024    0.0    2
17    64    1024    0.0625    0
18    16    1024    0.015625    0
19    16    1024    0.015625    0
20    0    1024    0.0    2
21    256    1024    0.25    3
22    296    1024    0.2890625    0
23    0    1024    0.0    6
24    0    1024    0.0    9
25    32    1024    0.03125    7
26    320    1024    0.3125    11
27    0    1024    0.0    9
28    256    1024    0.25    8
29    276    1024    0.26953125    6
30    0    1024    0.0    8
31    12    1024    0.01171875    0
32    64    1024    0.0625    0
33    20    1024    0.01953125    0
34    64    1024    0.0625    0
35    4    1024    0.00390625    0
36    64    1024    0.0625    0
37    0    1024    0.0    0
38    0    1024    0.0    0
39    4    1024    0.00390625    5
40    320    1024    0.3125    8
41    256    1024    0.25    11
42    195    1024    0.1904296875    11
43    64    1024    0.0625    6
44    0    1024    0.0    9
45    16    1024    0.015625    10
46    4    1024    0.00390625    12
47    272    1024    0.265625    9
48    0    1024    0.0    12
49    320    1024    0.3125    0
50    0    1024    0.0    4
51    0    1024    0.0    7
52    280    1024    0.2734375    7
53    0    1024    0.0    10
54    0    1024    0.0    3
55    256    1024    0.25    4
56    0    1024    0.0    5
57    272    1024    0.265625    7
58    32    1024    0.03125    0
59    0    1024    0.0    3
60    20    1024    0.01953125    1
61    256    1024    0.25    0
62    0    1024    0.0    2
63    512    1024    0.5    0
64    0    1024    0.0    3
65    256    1024    0.25    6
66    0    1024    0.0    9
67    0    1024    0.0    9
68    64    1024    0.0625    10
69    272    1024    0.265625    8
70    260    1024    0.25390625    6
71    320    1024    0.3125    6
72    0    1024    0.0    7
73    248    1024    0.2421875    4
74    4    1024    0.00390625    3
75    256    1024    0.25    4
76    0    1024    0.0    8
77    0    1024    0.0    10
78    256    1024    0.25    11
79    0    1024    0.0    13
80    310    1024    0.302734375    8
81    0    1024    0.0    12
82    38    1024    0.037109375    11
83    264    1024    0.2578125    8
84    256    1024    0.25    8
85    307    1024    0.2998046875    4
86    4    1024    0.00390625    6
87    0    1024    0.0    7
88    272    1024    0.265625    5
89    260    1024    0.25390625    2
90    280    1024    0.2734375    4
91    256    1024    0.25    4
92    0    1024    0.0    7
93    32    1024    0.03125    1
94    0    1024    0.0    4
95    0    1024    0.0    9
96    214    1024    0.208984375    8
97    112    1024    0.109375    0
98    64    1024    0.0625    1
99    0    1024    0.0    5
100    64    1024    0.0625    0
101    64    1024    0.0625    1
102    0    1024    0.0    0
103    0    1024    0.0    2
104    4    1024    0.00390625    0
105    92    1024    0.08984375    0
106    64    1024    0.0625    0
107    0    1024    0.0    1
108    128    1024    0.125    0
109    0    1024    0.0    0
110    4    1024    0.00390625    0
111    0    1024    0.0    2
112    0    1024    0.0    4
113    259    1024    0.2529296875    5
114    256    1024    0.25    6
115    0    1024    0.0    6
116    128    1024    0.125    6
117    0    1024    0.0    8
118    128    1024    0.125    2
119    256    1024    0.25    0
120    0    1024    0.0    3
121    96    1024    0.09375    1
122    0    1024    0.0    4
123    32    1024    0.03125    2
124    260    1024    0.25390625    1
125    4    1024    0.00390625    0
126    0    1024    0.0    0

average cpu utilization is: 0.0928431919643
average ssd utilization is: 0.100190662202
average gpu utilization is: 0.100554935516
average utilization is: 0.0978629298942
average queuing jobs are: 4.24603174603
maximum queuing jobs are: 13


#job_number  submit  dispatch  queue  cpu#  runtime  weight  response(turnaround)  cpu_aspl  cpu_diameter
0    1562288869.43    1562288873.48    4.05752396584    4    0.0522    0.2088    4.10972396584    1.5    2
1    1562288873.67    1562288873.67    0.000211000442505    64    0.0055    0.352    0.0057110004425    3.90376984127    6
2    1562288873.74    1562288873.74    7.58171081543e-05    4    0.5956    2.3824    0.595675817108    1.5    2
3    1562288873.97    1562288873.97    3.21865081787e-05    4    0.0522    0.2088    0.0522321865082    1.5    2
4    1562288874.5    1562288875.73    1.22732901573    256    0.8    204.8    2.02732901573    4.98943014706    7
5    1562288875.0    1562288875.73    0.730082035065    4    0.5956    2.3824    1.32568203506    1.5    2
6    1562288875.42    1562288875.73    0.313883066177    4    0.5956    2.3824    0.909483066177    1.5    2
7    1562288875.54    1562288876.92    1.38393592834    256    0.7528    192.7168    2.13673592834    5.14837622549    8
8    1562288875.86    1562288876.93    1.0732460022    16    0.0098    0.1568    1.0830460022    2.56666666667    4
9    1562288876.18    1562288878.33    2.14355707169    256    0.6189    158.4384    2.76245707169    5.24889705882    8
10    1562288877.05    1562288878.34    1.28158307076    16    0.0098    0.1568    1.29138307076    2.56666666667    4
11    1562288877.56    1562288878.42    0.863941907883    64    0.0234    1.4976    0.887341907883    4.08382936508    6
12    1562288877.57    1562288878.43    0.859034061432    16    0.0285    0.456    0.887534061432    2.56666666667    4
13    1562288877.71    1562288878.52    0.810604095459    64    0.0125    0.8    0.823104095459    4.15674603175    6
14    1562288878.0    1562288878.6    0.607722043991    64    0.9446    60.4544    1.55232204399    4.20138888889    6
15    1562288878.01    1562288878.68    0.672024965286    64    0.0234    1.4976    0.695424965286    4.12301587302    6
16    1562288878.33    1562288880.03    1.69845104218    256    0.0177    4.5312    1.71615104218    5.17392769608    8
17    1562288878.69    1562288880.11    1.42769002914    64    0.4167    26.6688    1.84439002914    3.98214285714    6
18    1562288878.96    1562288880.12    1.16279506683    16    0.0098    0.1568    1.17259506683    2.58333333333    4
19    1562288879.58    1562288880.13    0.547706842422    16    0.0098    0.1568    0.557506842422    2.58333333333    4
20    1562288882.23    1562288882.23    0.000171899795532    64    0.4167    26.6688    0.416871899796    3.90376984127    6
21    1562288882.25    1562288882.25    1.81198120117e-05    16    0.0297    0.4752    0.029718119812    2.58333333333    4
22    1562288882.32    1562288882.32    3.31401824951e-05    4    1.1283    4.5132    1.12833314018    1.5    2
23    1562288882.93    1562288882.93    0.000184059143066    64    0.0055    0.352    0.00568405914307    3.90376984127    6
24    1562288883.23    1562288883.22    -0.00442290306091    64    0.0055    0.352    0.00107709693909    3.90376984127    6
25    1562288883.72    1562288883.72    4.29153442383e-05    16    0.0285    0.456    0.0285429153442    2.56666666667    4
26    1562288883.95    1562288883.95    0.000216007232666    16    0.0285    0.456    0.0287160072327    2.56666666667    4
27    1562288884.43    1562288885.27    0.84798002243    256    0.6189    158.4384    1.46688002243    4.98943014706    7
28    1562288885.04    1562288885.27    0.233572006226    4    0.0832    0.3328    0.316772006226    1.5    2
29    1562288885.27    1562288885.28    0.00268793106079    4    0.0522    0.2088    0.0548879310608    1.5    2
30    1562288885.58    1562288885.58    3.50475311279e-05    4    0.0522    0.2088    0.0522350475311    1.5    2
31    1562288885.9    1562288886.97    1.07229995728    256    0.7528    192.7168    1.82509995728    5.19993872549    8
32    1562288886.24    1562288886.97    0.733891963959    16    0.7616    12.1856    1.49549196396    2.56666666667    4
33    1562288886.41    1562288886.98    0.56812787056    4    0.0832    0.3328    0.65132787056    1.5    2
34    1562288886.97    1562288887.05    0.0850131511688    64    0.9446    60.4544    1.02961315117    3.9568452381    6
35    1562288887.29    1562288888.52    1.22670507431    256    0.0177    4.5312    1.24440507431    5.19329044118    8
36    1562288887.68    1562288888.52    0.841053962708    16    0.0297    0.4752    0.870753962708    2.56666666667    4
37    1562288887.73    1562288888.62    0.880822896957    64    0.4167    26.6688    1.29752289696    3.94345238095    6
38    1562288887.96    1562288888.62    0.660691022873    4    0.6452    2.5808    1.30589102287    1.5    2
39    1562288888.02    1562288888.62    0.607257127762    16    0.8805    14.088    1.48775712776    2.58333333333    4
40    1562288888.27    1562288888.63    0.352787971497    16    0.0429    0.6864    0.395687971497    2.58333333333    4
41    1562288889.12    1562288889.12    8.10623168945e-05    16    0.0297    0.4752    0.0297810623169    2.58333333333    4
42    1562288889.27    1562288890.38    1.11323904991    256    0.0177    4.5312    1.13093904991    4.93740808824    7
43    1562288889.51    1562288890.39    0.876458883286    16    0.0297    0.4752    0.906158883286    2.56666666667    4
44    1562288890.43    1562288890.49    0.0579221248627    64    0.6779    43.3856    0.735822124863    3.93551587302    6
45    1562288890.62    1562288890.62    0.000148057937622    4    0.0284    0.1136    0.0285480579376    1.5    2
46    1562288890.87    1562288890.88    0.00320386886597    64    0.0055    0.352    0.00870386886597    3.90674603175    6
47    1562288891.23    1562288891.23    0.000205993652344    16    0.0297    0.4752    0.0299059936523    2.56666666667    4
48    1562288891.59    1562288891.59    2.21729278564e-05    16    0.8805    14.088    0.880522172928    2.56666666667    4
49    1562288891.6    1562288891.6    4.41074371338e-05    4    0.0284    0.1136    0.0284441074371    1.5    2
50    1562288891.95    1562288891.95    -0.000307083129883    16    0.0098    0.1568    0.00949291687012    2.58333333333    4
51    1562288892.33    1562288892.33    0.000226020812988    16    0.7616    12.1856    0.761826020813    2.58333333333    4
52    1562288893.35    1562288893.35    0.000216960906982    64    0.0125    0.8    0.012716960907    3.90376984127    6
53    1562288893.49    1562288894.67    1.17741703987    256    0.7528    192.7168    1.93021703987    4.98943014706    7
54    1562288894.03    1562288895.86    1.83314800262    256    0.8    204.8    2.63314800262    5.19993872549    8
55    1562288894.67    1562288895.87    1.19643211365    4    0.0522    0.2088    1.24863211365    1.5    2
56    1562288895.02    1562288895.94    0.923310041428    64    0.0055    0.352    0.928810041428    4.03621031746    6
57    1562288895.39    1562288895.95    0.558793067932    16    0.7616    12.1856    1.32039306793    2.56666666667    4
58    1562288895.57    1562288895.95    0.383082151413    4    1.1283    4.5132    1.51138215141    1.5    2
59    1562288895.81    1562288895.96    0.146460056305    16    0.4243    6.7888    0.570760056305    2.58333333333    4
60    1562288895.97    1562288895.97    3.91006469727e-05    4    0.5956    2.3824    0.595639100647    1.5    2
61    1562288896.33    1562288897.59    1.25836205482    256    0.4221    108.0576    1.68046205482    5.26335784314    8
62    1562288896.55    1562288897.59    1.04187393188    4    0.0284    0.1136    1.07027393188    1.5    2
63    1562288896.57    1562288898.79    2.21264004707    256    0.4221    108.0576    2.63474004707    5.05845588235    8
64    1562288896.68    1562288898.79    2.11034083366    16    0.7616    12.1856    2.87194083366    2.56666666667    4
65    1562288897.03    1562288898.8    1.76998281479    16    0.8805    14.088    2.65048281479    2.63333333333    4
66    1562288897.3    1562288898.8    1.50968003273    16    0.0297    0.4752    1.53938003273    2.65    4
67    1562288897.59    1562288900.08    2.49058818817    256    0.8    204.8    3.29058818817    5.29574142157    8
68    1562288897.67    1562288900.16    2.48685908318    64    0.6779    43.3856    3.16475908318    4.05406746032    6
69    1562288898.04    1562288901.38    3.3363969326    256    0.0177    4.5312    3.3540969326    5.0818627451    8
70    1562288898.34    1562288901.38    3.04441404343    4    0.0059    0.0236    3.05031404343    1.5    2
71    1562288898.35    1562288901.38    3.0291519165    4    0.0284    0.1136    3.0575519165    1.5    2
72    1562288898.54    1562288902.49    3.94274187088    256    0.4221    108.0576    4.36484187088    5.05196078431    8
73    1562288899.16    1562288902.49    3.3301358223    4    0.0284    0.1136    3.3585358223    1.5    2
74    1562288899.58    1562288902.49    2.90881514549    16    0.0297    0.4752    2.93851514549    2.65    4
75    1562288899.69    1562288903.72    4.03129792213    256    0.6189    158.4384    4.65019792213    5.11084558824    8
76    1562288899.97    1562288903.72    3.75248289108    4    0.6452    2.5808    4.39768289108    1.5    2
77    1562288900.16    1562288903.73    3.56897711754    16    0.8805    14.088    4.44947711754    2.58333333333    4
78    1562288900.38    1562288903.73    3.35551714897    16    0.0285    0.456    3.38401714897    2.48333333333    4
79    1562288900.54    1562288904.96    4.42373394966    256    0.0057    1.4592    4.42943394966    5.23946078431    8
80    1562288900.92    1562288904.97    4.0496430397    16    0.0297    0.4752    4.0793430397    2.58333333333    4
81    1562288902.49    1562288904.97    2.48677706718    4    0.6452    2.5808    3.13197706718    1.5    2
82    1562288902.82    1562288904.98    2.15683698654    4    0.5956    2.3824    2.75243698654    1.5    2
83    1562288903.56    1562288904.98    1.417345047    16    0.0098    0.1568    1.427145047    2.56666666667    4
84    1562288903.77    1562288904.98    1.21078491211    4    1.1283    4.5132    2.33908491211    1.5    2
85    1562288904.12    1562288904.99    0.871160984039    16    0.4243    6.7888    1.29546098404    2.56666666667    4
86    1562288904.22    1562288904.99    0.766144990921    4    1.1283    4.5132    1.89444499092    1.5    2
87    1562288905.0    1562288905.0    0.000437021255493    16    0.0297    0.4752    0.0301370212555    2.58333333333    4
88    1562288905.55    1562288905.55    1.59740447998e-05    4    0.6452    2.5808    0.645215974045    1.5    2
89    1562288905.71    1562288905.75    0.0399510860443    64    0.0055    0.352    0.0454510860443    3.87896825397    6
90    1562288906.79    1562288906.79    0.000235080718994    64    0.4167    26.6688    0.416935080719    3.90376984127    6
91    1562288907.39    1562288907.39    5.3882598877e-05    4    0.0522    0.2088    0.0522538825989    1.5    2
92    1562288907.47    1562288907.46    -0.00203990936279    4    1.1283    4.5132    1.12626009064    1.5    2
93    1562288907.73    1562288907.73    4.10079956055e-05    16    0.8805    14.088    0.880541007996    2.58333333333    4
94    1562288908.05    1562288908.05    0.000195026397705    16    0.0098    0.1568    0.00999502639771    2.58333333333    4
95    1562288908.69    1562288908.69    -0.000296115875244    4    0.0284    0.1136    0.0281038841248    1.5    2
96    1562288908.82    1562288908.86    0.0421631336212    64    0.6779    43.3856    0.720063133621    3.90376984127    6
97    1562288908.9    1562288908.9    0.000138998031616    4    0.0284    0.1136    0.0285389980316    1.5    2
98    1562288909.46    1562288909.46    0.000170946121216    64    0.4167    26.6688    0.416870946121    4.07738095238    6
99    1562288909.55    1562288909.55    2.00271606445e-05    4    0.5956    2.3824    0.595620027161    1.5    2
100    1562288910.12    1562288910.12    -0.00525403022766    16    0.0429    0.6864    0.0376459697723    2.58333333333    4
101    1562288910.35    1562288910.35    -0.00180602073669    64    0.0055    0.352    0.00369397926331    3.90376984127    6
102    1562288911.06    1562288911.06    3.19480895996e-05    64    0.9446    60.4544    0.94463194809    3.90376984127    6
103    1562288911.71    1562288911.71    3.09944152832e-05    16    0.0285    0.456    0.0285309944153    2.58333333333    4
104    1562288912.08    1562288912.08    0.000165939331055    16    0.0098    0.1568    0.00996593933105    2.56666666667    4
105    1562288912.62    1562288912.62    -0.000653028488159    16    0.4243    6.7888    0.423646971512    2.56666666667    4
106    1562288913.05    1562288913.09    0.0361170768738    64    0.0234    1.4976    0.0595170768738    3.9191468254    6
107    1562288913.34    1562288913.34    0.000181913375854    16    0.4243    6.7888    0.424481913376    2.56666666667    4
108    1562288913.36    1562288913.36    -0.000247955322266    4    0.0832    0.3328    0.0829520446777    1.5    2
109    1562288913.39    1562288913.39    2.98023223877e-05    4    1.1283    4.5132    1.12832980232    1.5    2
110    1562288913.45    1562288914.63    1.18212485313    256    0.8    204.8    1.98212485313    4.96963848039    7
111    1562288913.58    1562288914.71    1.13090896606    64    0.6779    43.3856    1.80880896606    4.01686507937    6
112    1562288913.76    1562288914.79    1.03773713112    64    0.1855    11.872    1.22323713112    3.96626984127    6
113    1562288914.15    1562288916.08    1.92744803429    256    0.8    204.8    2.72744803429    5.37074142157    8
114    1562288914.21    1562288916.09    1.87134408951    16    0.0429    0.6864    1.91424408951    2.56666666667    4
115    1562288914.63    1562288917.36    2.72982192039    256    0.0177    4.5312    2.74752192039    5.21648284314    8
116    1562288914.79    1562288917.36    2.5689291954    4    0.0059    0.0236    2.5748291954    1.5    2
117    1562288914.96    1562288917.36    2.40358614922    4    0.0522    0.2088    2.45578614922    1.5    2
118    1562288915.0    1562288917.49    2.4884428978    64    0.4167    26.6688    2.9051428978    3.99305555556    6
119    1562288915.22    1562288917.5    2.27913808823    16    0.4243    6.7888    2.70343808823    2.56666666667    4
120    1562288915.25    1562288917.59    2.34159493446    64    0.0125    0.8    2.35409493446    3.93303571429    6
121    1562288915.43    1562288917.6    2.16827011108    4    0.0284    0.1136    2.19667011108    1.5    2
122    1562288916.01    1562288917.67    1.66589903831    64    0.9446    60.4544    2.61049903831    3.77976190476    6
123    1562288916.08    1562288917.74    1.66461610794    64    0.1855    11.872    1.85011610794    3.93303571429    6
124    1562288916.1    1562288918.97    2.87933206558    256    0.0057    1.4592    2.88503206558    5.26305147059    8
125    1562288916.14    1562288918.98    2.83920907974    4    0.0284    0.1136    2.86760907974    1.5    2
126    1562288916.89    1562288919.08    2.19377398491    64    0.0055    0.352    2.19927398491    3.87896825397    6
127    1562288917.0    1562288920.35    3.35135507584    256    0.0177    4.5312    3.36905507584    4.99996936275    8
128    1562288917.29    1562288920.35    3.06453704834    16    0.0429    0.6864    3.10743704834    2.58333333333    4
129    1562288918.39    1562288920.36    1.97151088715    16    0.7616    12.1856    2.73311088715    2.58333333333    4
130    1562288918.8    1562288921.6    2.80327606201    256    0.0177    4.5312    2.82097606201    5.25600490196    8
131    1562288919.05    1562288921.6    2.55675697327    4    0.0832    0.3328    2.63995697327    1.5    2
132    1562288919.08    1562288921.6    2.52414298058    4    1.1283    4.5132    3.65244298058    1.5    2
133    1562288919.17    1562288922.79    3.62832021713    256    0.7528    192.7168    4.38112021713    5.18259803922    8
134    1562288919.46    1562288922.8    3.33728599548    16    0.0285    0.456    3.36578599548    2.68333333333    4
135    1562288919.67    1562288922.81    3.1403028965    16    0.4243    6.7888    3.5646028965    2.7    4
136    1562288920.1    1562288922.88    2.78294682503    64    0.0234    1.4976    2.80634682503    3.90773809524    6
137    1562288920.35    1562288922.88    2.53715491295    4    0.0522    0.2088    2.58935491295    1.5    2
138    1562288920.45    1562288922.97    2.51895189285    64    0.6779    43.3856    3.19685189285    4.19791666667    6
139    1562288920.75    1562288924.23    3.48503398895    256    0.6189    158.4384    4.10393398895    4.95337009804    8
140    1562288921.04    1562288924.23    3.19754505157    4    0.6452    2.5808    3.84274505157    1.5    2
141    1562288921.13    1562288924.24    3.11256790161    16    0.7616    12.1856    3.87416790161    2.58333333333    4
142    1562288921.64    1562288924.24    2.60323500633    4    0.0059    0.0236    2.60913500633    1.5    2
143    1562288921.76    1562288924.31    2.55155491829    64    0.0234    1.4976    2.57495491829    3.97767857143    6
144    1562288921.9    1562288924.39    2.49085998535    64    0.6779    43.3856    3.16875998535    4.15575396825    6
145    1562288922.0    1562288924.4    2.39655280113    16    0.4243    6.7888    2.82085280113    2.58333333333    4
146    1562288922.7    1562288924.4    1.69876003265    4    0.0522    0.2088    1.75096003265    1.5    2
147    1562288923.24    1562288924.48    1.23862290382    64    0.6779    43.3856    1.91652290382    4.03422619048    6
148    1562288923.43    1562288924.55    1.12252807617    64    0.6779    43.3856    1.80042807617    4.32589285714    6
149    1562288923.65    1562288924.62    0.975354909897    64    0.6779    43.3856    1.6532549099    4.26091269841    6
150    1562288924.06    1562288924.62    0.560384988785    4    0.0284    0.1136    0.588784988785    1.5    2
151    1562288924.3    1562288924.7    0.397135972977    64    0.6779    43.3856    1.07503597298    4.39087301587    6
152    1562288924.39    1562288924.7    0.318302869797    4    0.0059    0.0236    0.324202869797    1.5    2
153    1562288924.46    1562288924.79    0.321534872055    64    0.9446    60.4544    1.26613487206    4.56597222222    8
154    1562288925.43    1562288925.43    3.981590271e-05    16    0.0098    0.1568    0.00983981590271    2.58333333333    4
155    1562288925.48    1562288926.71    1.22899508476    256    0.0177    4.5312    1.24669508476    4.99371936275    7
156    1562288925.61    1562288928.02    2.41732978821    256    0.6189    158.4384    3.03622978821    4.99181985294    8
157    1562288925.75    1562288928.03    2.27733898163    16    0.8805    14.088    3.15783898163    2.58333333333    4
158    1562288926.23    1562288928.03    1.79492402077    4    0.5956    2.3824    2.39052402077    1.5    2
159    1562288926.62    1562288928.03    1.41248893738    4    0.5956    2.3824    2.00808893738    1.5    2
160    1562288926.75    1562288929.35    2.59873986244    256    0.6189    158.4384    3.21763986244    5.35974264706    8
161    1562288926.87    1562288929.43    2.56134915352    64    0.0055    0.352    2.56684915352    3.90525793651    6
162    1562288927.17    1562288929.43    2.25696611404    16    0.0285    0.456    2.28546611404    2.58333333333    4
163    1562288927.55    1562288929.44    1.88866710663    16    0.7616    12.1856    2.65026710663    2.63333333333    4
164    1562288927.64    1562288929.44    1.80702900887    16    0.7616    12.1856    2.56862900887    2.56666666667    4
165    1562288927.86    1562288929.44    1.58738207817    4    0.0832    0.3328    1.67058207817    1.5    2
166    1562288928.23    1562288929.45    1.21255207062    4    0.0059    0.0236    1.21845207062    1.5    2
167    1562288928.28    1562288929.45    1.16794490814    16    0.0285    0.456    1.19644490814    2.58333333333    4
168    1562288928.46    1562288929.53    1.06766080856    64    0.0055    0.352    1.07316080856    3.93402777778    6
169    1562288929.28    1562288930.76    1.47574901581    256    0.7528    192.7168    2.22854901581    5.26865808824    8
170    1562288929.35    1562288930.76    1.40635204315    4    0.6452    2.5808    2.05155204315    1.5    2
171    1562288929.55    1562288931.91    2.35591816902    256    0.0057    1.4592    2.36161816902    5.1046875    8
172    1562288930.68    1562288931.92    1.2350461483    16    0.0285    0.456    1.2635461483    2.56666666667    4
173    1562288930.83    1562288933.25    2.41384196281    256    0.7528    192.7168    3.16664196281    5.09200367647    8
174    1562288931.17    1562288933.25    2.07933211327    16    0.8805    14.088    2.95983211327    2.56666666667    4
175    1562288931.6    1562288934.51    2.91543602943    256    0.0057    1.4592    2.92113602943    4.99454656863    8
176    1562288932.06    1562288934.52    2.4610710144    16    0.7616    12.1856    3.2226710144    2.56666666667    4
177    1562288932.3    1562288934.6    2.29717707634    64    0.0234    1.4976    2.32057707634    4.01636904762    6
178    1562288932.83    1562288934.67    1.84132599831    64    0.0234    1.4976    1.86472599831    3.89682539683    6
179    1562288932.97    1562288934.68    1.71149396896    16    0.0098    0.1568    1.72129396896    2.58333333333    4
180    1562288933.21    1562288934.76    1.55380702019    64    0.0234    1.4976    1.57720702019    3.87946428571    6
181    1562288933.55    1562288934.76    1.20662498474    4    0.0059    0.0236    1.21252498474    1.5    2
182    1562288933.99    1562288934.76    0.772775888443    16    0.8805    14.088    1.65327588844    2.58333333333    4
183    1562288934.43    1562288934.77    0.345010042191    16    0.0285    0.456    0.373510042191    2.56666666667    4
184    1562288934.51    1562288934.77    0.259891033173    4    0.0059    0.0236    0.265791033173    1.5    2
185    1562288935.18    1562288936.38    1.20324087143    256    0.0177    4.5312    1.22094087143    4.98556985294    7
186    1562288935.59    1562288936.46    0.863054037094    64    0.1855    11.872    1.04855403709    4.04563492063    6
187    1562288935.8    1562288936.46    0.665322780609    16    0.7616    12.1856    1.42692278061    2.58333333333    4
188    1562288936.18    1562288936.46    0.286568880081    4    0.0832    0.3328    0.369768880081    1.5    2
189    1562288936.38    1562288936.46    0.0846319198608    4    0.6452    2.5808    0.729831919861    1.5    2
190    1562288936.82    1562288937.96    1.14782190323    256    0.7528    192.7168    1.90062190323    4.99617034314    7
191    1562288937.41    1562288938.04    0.628012895584    64    0.0234    1.4976    0.651412895584    4.11656746032    6
192    1562288938.41    1562288939.6    1.18987202644    256    0.8    204.8    1.98987202644    5.11773897059    8
193    1562288938.66    1562288939.67    1.01182198524    64    0.4167    26.6688    1.42852198524    3.88244047619    6
194    1562288939.6    1562288939.75    0.150264024734    64    0.9446    60.4544    1.09486402473    4.15128968254    6
195    1562288939.75    1562288939.82    0.0711159706116    64    0.9446    60.4544    1.01571597061    4.18253968254    6
196    1562288939.99    1562288939.99    0.00763487815857    64    0.4167    26.6688    0.424334878159    4.29216269841    6
197    1562288940.27    1562288940.27    0.000191211700439    64    0.4167    26.6688    0.4168912117    3.88244047619    6
198    1562288940.65    1562288940.65    0.000191926956177    64    0.4167    26.6688    0.416891926956    4.00744047619    6
199    1562288941.08    1562288942.26    1.18063402176    256    0.7528    192.7168    1.93343402176    4.96072303922    7
200    1562288941.29    1562288943.53    2.23986792564    256    0.0177    4.5312    2.25756792564    5.06706495098    8
201    1562288941.41    1562288944.73    3.32083201408    256    0.4221    108.0576    3.74293201408    4.96072303922    7
202    1562288941.91    1562288944.8    2.89216995239    64    0.9446    60.4544    3.83676995239    4.00744047619    6
203    1562288942.26    1562288944.87    2.61575102806    64    0.1855    11.872    2.80125102806    4.13938492063    6
204    1562288942.41    1562288946.19    3.78518509865    256    0.7528    192.7168    4.53798509865    5.17925857843    8
205    1562288942.5    1562288946.27    3.77486085892    64    0.0234    1.4976    3.79826085892    3.90376984127    6
206    1562288943.0    1562288946.28    3.28215503693    16    0.0429    0.6864    3.32505503693    2.58333333333    4
207    1562288943.07    1562288946.28    3.20446705818    4    0.0832    0.3328    3.28766705818    1.5    2
208    1562288943.44    1562288946.28    2.8427438736    16    0.7616    12.1856    3.6043438736    2.68333333333    4
209    1562288944.54    1562288947.59    3.05481791496    256    0.8    204.8    3.85481791496    5.19604779412    8
210    1562288944.86    1562288947.6    2.74186611176    16    0.0429    0.6864    2.78476611176    2.56666666667    4
211    1562288945.07    1562288947.6    2.52609205246    4    0.0284    0.1136    2.55449205246    1.5    2
212    1562288945.57    1562288947.6    2.02895903587    4    1.1283    4.5132    3.15725903587    1.5    2
213    1562288945.72    1562288947.68    1.95717978477    64    0.1855    11.872    2.14267978477    3.93700396825    6
214    1562288946.18    1562288948.89    2.71090888977    256    0.7528    192.7168    3.46370888977    5.07362132353    8
215    1562288946.37    1562288948.9    2.52576994896    16    0.0098    0.1568    2.53556994896    2.63333333333    4
216    1562288946.56    1562288948.97    2.41273999214    64    0.1855    11.872    2.59823999214    4.2619047619    6
217    1562288947.03    1562288948.98    1.94942808151    16    0.7616    12.1856    2.71102808151    2.63333333333    4
218    1562288947.59    1562288949.06    1.46613502502    64    0.1855    11.872    1.65163502502    4.1691468254    6
219    1562288947.77    1562288950.33    2.56585407257    256    0.7528    192.7168    3.31865407257    5.21421568627    8
220    1562288948.18    1562288950.41    2.23014307022    64    0.0234    1.4976    2.25354307022    3.87996031746    6
221    1562288948.58    1562288950.49    1.90661811829    64    0.0125    0.8    1.91911811829    4.08035714286    6
222    1562288948.89    1562288950.56    1.67570519447    64    0.0234    1.4976    1.69910519447    3.87996031746    6
223    1562288949.17    1562288950.57    1.40127086639    16    0.0297    0.4752    1.43097086639    2.58333333333    4
224    1562288949.53    1562288950.57    1.04039812088    4    1.1283    4.5132    2.16869812088    1.5    2
225    1562288950.01    1562288951.79    1.77362418175    256    0.0057    1.4592    1.77932418175    5.17288602941    8
226    1562288950.33    1562288951.79    1.45724010468    4    1.1283    4.5132    2.58554010468    1.5    2
227    1562288950.43    1562288951.87    1.44110918045    64    0.0125    0.8    1.45360918045    4.03273809524    6
228    1562288951.02    1562288952.97    1.95473980904    256    0.8    204.8    2.75473980904    4.99776348039    8
229    1562288951.48    1562288953.05    1.56549906731    64    0.0234    1.4976    1.58889906731    4.14831349206    6
230    1562288952.18    1562288954.26    2.08692216873    256    0.4221    108.0576    2.50902216873    5.03440563725    8
231    1562288952.9    1562288954.34    1.44571995735    64    0.6779    43.3856    2.12361995735    3.88194444444    6
232    1562288953.1    1562288954.35    1.24548482895    16    0.0098    0.1568    1.25528482895    2.58333333333    4
233    1562288953.2    1562288954.42    1.22913193703    64    0.1855    11.872    1.41463193703    4.22916666667    6
234    1562288953.51    1562288954.43    0.912825107574    4    0.0284    0.1136    0.941225107574    1.5    2
235    1562288953.67    1562288954.5    0.827086925507    64    0.0125    0.8    0.839586925507    4.3244047619    6
236    1562288954.04    1562288955.8    1.75871396065    256    0.7528    192.7168    2.51151396065    5.29601715686    9
237    1562288954.25    1562288956.95    2.7052719593    256    0.0177    4.5312    2.7229719593    4.98691789216    8
238    1562288954.34    1562288958.25    3.90411996841    256    0.4221    108.0576    4.32621996841    5.08195465686    8
239    1562288954.5    1562288958.32    3.82306790352    64    0.0055    0.352    3.82856790352    3.90376984127    6
240    1562288954.58    1562288958.32    3.74376487732    4    0.5956    2.3824    4.33936487732    1.5    2
241    1562288954.69    1562288958.41    3.72029590607    64    0.0234    1.4976    3.74369590607    4.19890873016    6
242    1562288954.85    1562288958.41    3.56629800797    16    0.8805    14.088    4.44679800797    2.56666666667    4
243    1562288955.03    1562288958.41    3.38270998001    4    0.0284    0.1136    3.41110998001    1.5    2
244    1562288955.27    1562288958.49    3.22426795959    64    0.0125    0.8    3.23676795959    4.20138888889    6
245    1562288955.4    1562288958.5    3.10337400436    16    0.8805    14.088    3.98387400436    2.58333333333    4
246    1562288955.78    1562288958.58    2.79905581474    64    0.6779    43.3856    3.47695581474    3.95833333333    6
247    1562288956.56    1562288959.85    3.28502607346    256    0.6189    158.4384    3.90392607346    5.19846813725    8
248    1562288956.86    1562288959.85    2.991574049    4    0.0522    0.2088    3.043774049    1.5    2
249    1562288957.38    1562288959.92    2.54584717751    64    0.6779    43.3856    3.22374717751    3.95882936508    6
250    1562288957.52    1562288959.99    2.47622704506    64    0.0234    1.4976    2.49962704506    4.15625    6
251    1562288957.96    1562288960.07    2.11122488976    64    0.6779    43.3856    2.78912488976    4.3060515873    6
252    1562288958.25    1562288961.25    2.9998049736    256    0.7528    192.7168    3.7526049736    5.29831495098    8
253    1562288958.48    1562288961.25    2.77161622047    4    0.0284    0.1136    2.80001622047    1.5    2
254    1562288958.54    1562288961.25    2.71248197556    4    0.6452    2.5808    3.35768197556    1.5    2
255    1562288958.75    1562288961.25    2.50094103813    4    0.5956    2.3824    3.09654103813    1.5    2
256    1562288959.03    1562288961.25    2.22138404846    16    0.0098    0.1568    2.23118404846    2.58333333333    4
257    1562288959.31    1562288962.45    3.13856601715    256    0.8    204.8    3.93856601715    5.11829044118    8
258    1562288959.71    1562288962.45    2.74286794662    4    0.0284    0.1136    2.77126794662    1.5    2
259    1562288959.85    1562288962.45    2.60722994804    16    0.0285    0.456    2.63572994804    2.65    4
260    1562288960.36    1562288963.77    3.40859007835    256    0.8    204.8    4.20859007835    5.06819852941    8
261    1562288960.47    1562288963.77    3.29958701134    4    0.0284    0.1136    3.32798701134    1.5    2
262    1562288960.77    1562288963.77    2.99891710281    4    0.5956    2.3824    3.59451710281    1.5    2
263    1562288961.41    1562288963.77    2.36607408524    16    0.0429    0.6864    2.40897408524    2.58333333333    4
264    1562288961.77    1562288963.85    2.07270598412    64    0.0055    0.352    2.07820598412    4.29861111111    6
265    1562288962.25    1562288963.85    1.59548091888    4    0.0522    0.2088    1.64768091888    1.5    2
266    1562288962.83    1562288963.85    1.0155069828    4    1.1283    4.5132    2.1438069828    1.5    2
267    1562288962.96    1562288965.08    2.11754393578    256    0.8    204.8    2.91754393578    5.07156862745    8
268    1562288963.26    1562288966.24    2.98287820816    256    0.8    204.8    3.78287820816    5.04047181373    8
269    1562288963.59    1562288966.32    2.73250508308    64    0.0055    0.352    2.73800508308    3.99801587302    6
270    1562288963.77    1562288966.33    2.55924701691    16    0.7616    12.1856    3.32084701691    2.58333333333    4
271    1562288963.89    1562288966.33    2.44177103043    16    0.0297    0.4752    2.47147103043    2.58333333333    4
272    1562288964.57    1562288966.34    1.76653194427    16    0.0285    0.456    1.79503194427    2.7    4
273    1562288965.08    1562288966.34    1.2632060051    4    0.0284    0.1136    1.2916060051    1.5    2
274    1562288965.71    1562288967.6    1.89039206505    256    0.6189    158.4384    2.50929206505    5.20367647059    8
275    1562288966.24    1562288967.6    1.36163687706    4    0.0284    0.1136    1.39003687706    1.5    2
276    1562288966.32    1562288967.6    1.28488612175    4    1.1283    4.5132    2.41318612175    1.5    2
277    1562288966.51    1562288967.68    1.17395997047    64    0.0125    0.8    1.18645997047    4.04662698413    6
278    1562288967.02    1562288968.89    1.86956310272    256    0.6189    158.4384    2.48846310272    4.95049019608    8
279    1562288967.3    1562288968.97    1.67094516754    64    0.1855    11.872    1.85644516754    3.89682539683    6
280    1562288968.58    1562288968.97    0.394767045975    4    0.0522    0.2088    0.446967045975    1.5    2
281    1562288968.87    1562288970.12    1.24700498581    256    0.7528    192.7168    1.99980498581    5.24053308824    8
282    1562288968.97    1562288970.13    1.1582300663    16    0.0429    0.6864    1.2011300663    2.56666666667    4
283    1562288968.98    1562288971.34    2.36552405357    256    0.6189    158.4384    2.98442405357    5.07809436275    8
284    1562288969.1    1562288971.41    2.3117120266    64    0.6779    43.3856    2.9896120266    4.04811507937    6
285    1562288969.55    1562288971.41    1.86758208275    4    0.5956    2.3824    2.46318208275    1.5    2
286    1562288969.83    1562288971.42    1.58897805214    16    0.8805    14.088    2.46947805214    2.71666666667    4
287    1562288970.63    1562288971.42    0.790537118912    4    0.0284    0.1136    0.818937118912    1.5    2
288    1562288970.79    1562288971.49    0.699648857117    64    0.6779    43.3856    1.37754885712    4.26537698413    6
289    1562288970.97    1562288971.5    0.531188011169    16    0.7616    12.1856    1.29278801117    2.56666666667    4
290    1562288971.41    1562288971.57    0.156276941299    64    0.0125    0.8    0.168776941299    4.46875    6
291    1562288971.67    1562288971.67    2.121925354e-05    4    0.0522    0.2088    0.0522212192535    1.5    2
292    1562288971.75    1562288971.79    0.0473008155823    64    0.0055    0.352    0.0528008155823    4.46875    6
293    1562288971.93    1562288971.93    4.60147857666e-05    16    0.7616    12.1856    0.761646014786    2.75    4
294    1562288972.29    1562288973.45    1.16801810265    256    0.6189    158.4384    1.78691810265    5.0484375    7
295    1562288972.71    1562288974.7    1.9969420433    256    0.8    204.8    2.7969420433    5.18492647059    8
296    1562288973.04    1562288974.71    1.67250609398    16    0.4243    6.7888    2.09680609398    2.56666666667    4
297    1562288973.3    1562288974.72    1.41668391228    16    0.0285    0.456    1.44518391228    2.58333333333    4
298    1562288973.68    1562288975.89    2.20872282982    256    0.0057    1.4592    2.21442282982    5.09022671569    8
299    1562288973.83    1562288975.9    2.06714487076    16    0.8805    14.088    2.94764487076    2.56666666667    4
300    1562288974.05    1562288975.91    1.85309290886    16    0.0098    0.1568    1.86289290886    2.58333333333    4
301    1562288974.18    1562288975.98    1.80248403549    64    0.4167    26.6688    2.21918403549    3.89682539683    6
302    1562288974.37    1562288976.05    1.68022084236    64    0.0125    0.8    1.69272084236    3.93799603175    6
303    1562288974.68    1562288976.13    1.45268988609    64    0.4167    26.6688    1.86938988609    3.92162698413    6
304    1562288974.71    1562288976.14    1.42606902122    16    0.8805    14.088    2.30656902122    2.58333333333    4
305    1562288974.95    1562288976.14    1.18796992302    4    0.0832    0.3328    1.27116992302    1.5    2
306    1562288975.78    1562288976.21    0.437903881073    64    0.0234    1.4976    0.461303881073    4.07341269841    6
307    1562288976.13    1562288976.22    0.0898220539093    16    0.4243    6.7888    0.514122053909    2.68333333333    4
308    1562288976.21    1562288976.22    0.00736308097839    4    0.0522    0.2088    0.0595630809784    1.5    2
309    1562288976.25    1562288976.25    0.000447988510132    4    0.0832    0.3328    0.0836479885101    1.5    2
310    1562288976.46    1562288976.45    -0.00515794754028    4    0.0284    0.1136    0.0232420524597    1.5    2
311    1562288976.51    1562288976.51    -0.00163793563843    16    0.0098    0.1568    0.00816206436157    2.58333333333    4
312    1562288976.82    1562288976.83    0.0130541324615    64    0.9446    60.4544    0.957654132462    3.89682539683    6
313    1562288977.54    1562288978.69    1.15844011307    256    0.7528    192.7168    1.91124011307    4.98216911765    7
314    1562288977.69    1562288978.76    1.07527303696    64    0.0055    0.352    1.08077303696    3.89682539683    6
315    1562288978.05    1562288978.76    0.708970069885    4    0.0284    0.1136    0.737370069885    1.5    2
316    1562288978.36    1562288978.76    0.40504693985    4    0.0284    0.1136    0.43344693985    1.5    2
317    1562288978.59    1562288978.76    0.1754758358    4    0.6452    2.5808    0.8206758358    1.5    2
318    1562288978.96    1562288978.97    0.0191099643707    64    0.9446    60.4544    0.963709964371    3.89682539683    6
319    1562288978.98    1562288978.98    0.0002281665802    16    0.0429    0.6864    0.0431281665802    2.6    4
320    1562288979.11    1562288979.11    0.000144004821777    16    0.0285    0.456    0.0286440048218    2.6    4
321    1562288979.19    1562288979.17    -0.0241601467133    4    0.0284    0.1136    0.00423985328674    1.5    2
322    1562288979.95    1562288980.0    0.0538458824158    64    0.6779    43.3856    0.731745882416    3.90376984127    6
323    1562288980.0    1562288980.0    0.00149607658386    4    0.0284    0.1136    0.0298960765839    1.5    2
324    1562288980.44    1562288980.44    2.8133392334e-05    4    0.0522    0.2088    0.0522281333923    1.5    2
325    1562288980.62    1562288980.62    0.000282049179077    16    0.0297    0.4752    0.0299820491791    2.58333333333    4
326    1562288981.55    1562288981.55    0.000195026397705    64    0.0125    0.8    0.0126950263977    3.90376984127    6
327    1562288981.64    1562288981.64    -0.000277042388916    16    0.0285    0.456    0.0282229576111    2.56666666667    4
328    1562288982.53    1562288983.12    0.588670015335    256    0.0177    4.5312    0.606370015335    4.98943014706    7
329    1562288982.66    1562288983.12    0.458369016647    16    0.0098    0.1568    0.468169016647    2.63333333333    4
330    1562288983.04    1562288983.13    0.085284948349    16    0.0297    0.4752    0.114984948349    2.55833333333    4
331    1562288983.12    1562288983.13    0.0119299888611    16    0.0297    0.4752    0.0416299888611    2.56666666667    4
332    1562288983.62    1562288983.62    0.000166177749634    64    0.0125    0.8    0.0126661777496    3.90376984127    6
333    1562288983.74    1562288983.73    -0.00820398330688    4    1.1283    4.5132    1.12009601669    1.5    2
334    1562288984.06    1562288984.06    0.000230073928833    16    0.7616    12.1856    0.761830073929    2.58333333333    4
335    1562288984.21    1562288984.21    5.10215759277e-05    4    0.0832    0.3328    0.0832510215759    1.5    2
336    1562288984.24    1562288984.24    -0.00378894805908    16    0.0297    0.4752    0.0259110519409    2.58333333333    4
337    1562288984.43    1562288984.43    0.000181913375854    4    0.5956    2.3824    0.595781913376    1.5    2
338    1562288984.56    1562288984.62    0.0609359741211    64    0.1855    11.872    0.246435974121    3.85367063492    6
339    1562288984.62    1562288984.62    0.00110483169556    4    1.1283    4.5132    1.1294048317    1.5    2
340    1562288984.72    1562288984.72    1.69277191162e-05    16    0.0285    0.456    0.0285169277191    2.63333333333    4
341    1562288984.81    1562288984.8    -0.00378203392029    4    0.0059    0.0236    0.00211796607971    1.5    2
342    1562288985.12    1562288985.15    0.0235369205475    64    0.0234    1.4976    0.0469369205475    3.90376984127    6
343    1562288985.31    1562288985.31    0.000223159790039    16    0.0297    0.4752    0.02992315979    2.56666666667    4
344    1562288985.53    1562288985.53    0.000203132629395    64    0.6779    43.3856    0.678103132629    3.90376984127    6
345    1562288986.78    1562288987.75    0.96654510498    256    0.0057    1.4592    0.97224510498    4.98943014706    7
346    1562288987.47    1562288987.83    0.362435102463    64    0.4167    26.6688    0.779135102463    4.08779761905    6
347    1562288987.83    1562288987.91    0.0731570720673    64    0.4167    26.6688    0.489857072067    3.90376984127    6
348    1562288988.26    1562288988.3    0.0367298126221    64    0.0055    0.352    0.0422298126221    4.06696428571    6
349    1562288988.55    1562288988.55    3.50475311279e-05    64    0.1855    11.872    0.185535047531    3.90376984127    6
350    1562288988.76    1562288988.76    4.60147857666e-05    4    0.0832    0.3328    0.0832460147858    1.5    2
351    1562288988.86    1562288988.91    0.0465919971466    64    0.1855    11.872    0.232091997147    3.87896825397    6
352    1562288989.07    1562288989.07    0.000147104263306    16    0.0098    0.1568    0.00994710426331    2.56666666667    4
353    1562288989.18    1562288989.18    4.50611114502e-05    4    0.0059    0.0236    0.00594506111145    1.5    2
354    1562288989.41    1562288989.41    0.000231981277466    64    0.0234    1.4976    0.0236319812775    3.90376984127    6
355    1562288990.12    1562288990.12    2.59876251221e-05    4    0.0832    0.3328    0.0832259876251    1.5    2
356    1562288990.79    1562288991.4    0.618119955063    256    0.0057    1.4592    0.623819955063    4.98943014706    7
357    1562288991.26    1562288991.41    0.147269964218    16    0.0285    0.456    0.175769964218    2.63333333333    4
358    1562288991.55    1562288991.55    0.000391960144043    64    0.4167    26.6688    0.417091960144    3.90376984127    6
359    1562288991.86    1562288992.84    0.974482059479    256    0.8    204.8    1.77448205948    5.08079044118    8
360    1562288991.98    1562288992.91    0.932433843613    64    0.1855    11.872    1.11793384361    3.90376984127    6
361    1562288992.23    1562288992.91    0.679432153702    4    0.5956    2.3824    1.2750321537    1.5    2
362    1562288992.54    1562288992.91    0.370439052582    4    0.0832    0.3328    0.453639052582    1.5    2
363    1562288992.84    1562288994.15    1.31059098244    256    0.8    204.8    2.11059098244    5.21363357843    8
364    1562288992.91    1562288995.31    2.39736795425    256    0.0057    1.4592    2.40306795425    5.00223651961    8
365    1562288993.0    1562288995.31    2.31156396866    16    0.0297    0.4752    2.34126396866    2.58333333333    4
366    1562288993.16    1562288996.55    3.38270378113    256    0.0057    1.4592    3.38840378113    5.19154411765    8
367    1562288993.31    1562288996.63    3.31639909744    64    0.4167    26.6688    3.73309909744    3.90376984127    6
368    1562288994.15    1562288996.7    2.55301499367    64    0.1855    11.872    2.73851499367    4.07738095238    6
369    1562288994.54    1562288997.9    3.3598408699    256    0.0177    4.5312    3.3775408699    5.00533088235    8
370    1562288994.84    1562288997.98    3.14216899872    64    0.0234    1.4976    3.16556899872    3.90376984127    6
371    1562288995.65    1562288997.99    2.33628892899    4    0.0832    0.3328    2.41948892899    1.5    2
372    1562288996.53    1562288998.07    1.53633093834    64    0.9446    60.4544    2.48093093834    3.89682539683    6
373    1562288996.59    1562288998.07    1.48297190666    16    0.0429    0.6864    1.52587190666    2.56666666667    4
374    1562288996.88    1562288998.08    1.1942679882    16    0.4243    6.7888    1.6185679882    2.58333333333    4
375    1562288997.09    1562288998.16    1.0677819252    64    0.9446    60.4544    2.0123819252    3.87946428571    6
376    1562288997.87    1562288998.23    0.364949941635    64    0.1855    11.872    0.550449941635    3.99751984127    6
377    1562288998.08    1562288999.37    1.28838300705    256    0.7528    192.7168    2.04118300705    5.20477941176    8
378    1562288998.63    1562288999.44    0.812067985535    64    0.0055    0.352    0.817567985535    3.90376984127    6
379    1562288999.1    1562288999.52    0.416704893112    64    0.0125    0.8    0.429204893112    4.22023809524    6
380    1562289000.43    1562289001.34    0.911587953568    256    0.6189    158.4384    1.53048795357    4.98943014706    7
381    1562289001.03    1562289001.42    0.384408950806    64    0.0125    0.8    0.396908950806    4.08779761905    6
382    1562289001.2    1562289001.49    0.28767991066    64    0.4167    26.6688    0.70437991066    4.10367063492    6
383    1562289001.66    1562289001.66    3.00407409668e-05    16    0.7616    12.1856    0.761630040741    2.63333333333    4
384    1562289001.76    1562289001.76    3.00407409668e-05    16    0.4243    6.7888    0.424330040741    2.61666666667    4
385    1562289001.98    1562289002.03    0.0543229579926    64    0.1855    11.872    0.239822957993    4.02876984127    6
386    1562289002.02    1562289003.33    1.31558799744    256    0.0057    1.4592    1.32128799744    4.98943014706    7
387    1562289002.44    1562289003.33    0.897657871246    4    0.0284    0.1136    0.926057871246    1.5    2
388    1562289002.91    1562289003.42    0.514878034592    64    0.0055    0.352    0.520378034592    4.10912698413    6
389    1562289003.21    1562289003.43    0.217922925949    16    0.0297    0.4752    0.247622925949    2.56666666667    4
390    1562289003.58    1562289003.58    0.000236034393311    16    0.8805    14.088    0.880736034393    2.56666666667    4
391    1562289003.89    1562289003.89    3.2901763916e-05    16    0.8805    14.088    0.880532901764    2.58333333333    4
392    1562289004.09    1562289005.18    1.08890104294    256    0.8    204.8    1.88890104294    4.93740808824    7
393    1562289004.47    1562289005.26    0.791035175323    64    0.0055    0.352    0.796535175323    4.03373015873    6
394    1562289004.59    1562289005.26    0.673635005951    16    0.0297    0.4752    0.703335005951    2.58333333333    4
395    1562289005.14    1562289005.27    0.125890016556    4    0.5956    2.3824    0.721490016556    1.5    2
396    1562289005.35    1562289005.4    0.0439388751984    64    0.6779    43.3856    0.721838875198    4.06051587302    6
397    1562289005.64    1562289005.64    0.000174045562744    4    0.5956    2.3824    0.595774045563    1.5    2
398    1562289005.99    1562289006.0    0.0108189582825    64    0.0234    1.4976    0.0342189582825    4.05009920635    6
399    1562289006.15    1562289006.15    -0.0035560131073    4    0.5956    2.3824    0.592043986893    1.5    2

dispatched jobs are: 400 out of 400
average queue time is: 1.33522739589
fso links are used for 0 times
overall utilization is 0.08600136023929356
average response time is 1.67777039589
average weighted response time is 2.53926511325896
average slowdown is 3.613384730445664
cpu_request: 28540, cpu_run: 28540
ssd_request: 13306, ssd_run: 0
gpu_request: 14398, gpu_run: 0
cpu aspl: 3.19352514443
cpu diameter: 4.7725
job x: 0.0
job y: 0.0
job z: 0.0
