#timestep  occupied-CPU  total-CPU  utilization  queuingjobs
1    4    1024    0.00390625    0
2    0    1024    0.0    1
3    0    1024    0.0    5
4    0    1024    0.0    3
5    182    1024    0.177734375    5
6    374    1024    0.365234375    1
7    0    1024    0.0    4
8    0    1024    0.0    0
9    0    1024    0.0    0
10    4    1024    0.00390625    0
11    16    1024    0.015625    0
12    0    1024    0.0    3
13    0    1024    0.0    3
14    336    1024    0.328125    3
15    84    1024    0.08203125    0
16    0    1024    0.0    2
17    64    1024    0.0625    0
18    16    1024    0.015625    0
19    16    1024    0.015625    0
20    0    1024    0.0    2
21    256    1024    0.25    4
22    280    1024    0.2734375    1
23    0    1024    0.0    7
24    0    1024    0.0    9
25    32    1024    0.03125    8
26    320    1024    0.3125    11
27    0    1024    0.0    9
28    256    1024    0.25    8
29    276    1024    0.26953125    6
30    0    1024    0.0    9
31    12    1024    0.01171875    0
32    64    1024    0.0625    0
33    20    1024    0.01953125    0
34    64    1024    0.0625    0
35    4    1024    0.00390625    0
36    64    1024    0.0625    0
37    0    1024    0.0    0
38    0    1024    0.0    0
39    4    1024    0.00390625    4
40    320    1024    0.3125    6
41    256    1024    0.25    11
42    119    1024    0.1162109375    7
43    30    1024    0.029296875    6
44    0    1024    0.0    8
45    16    1024    0.015625    10
46    4    1024    0.00390625    11
47    336    1024    0.328125    8
48    256    1024    0.25    10
49    256    1024    0.25    0
50    0    1024    0.0    4
51    0    1024    0.0    8
52    280    1024    0.2734375    8
53    288    1024    0.28125    3
54    0    1024    0.0    5
55    0    1024    0.0    5
56    0    1024    0.0    7
57    272    1024    0.265625    8
58    32    1024    0.03125    0
59    0    1024    0.0    5
60    16    1024    0.015625    2
61    256    1024    0.25    1
62    256    1024    0.25    3
63    192    1024    0.1875    0
64    0    1024    0.0    4
65    256    1024    0.25    7
66    0    1024    0.0    9
67    320    1024    0.3125    9
68    256    1024    0.25    11
69    0    1024    0.0    11
70    212    1024    0.20703125    8
71    272    1024    0.265625    6
72    256    1024    0.25    7
73    4    1024    0.00390625    6
74    4    1024    0.00390625    6
75    256    1024    0.25    7
76    320    1024    0.3125    7
77    256    1024    0.25    10
78    0    1024    0.0    14
79    0    1024    0.0    18
80    70    1024    0.068359375    13
81    384    1024    0.375    12
82    264    1024    0.2578125    9
83    0    1024    0.0    14
84    0    1024    0.0    13
85    221    1024    0.2158203125    8
86    256    1024    0.25    11
87    272    1024    0.265625    6
88    260    1024    0.25390625    7
89    269    1024    0.2626953125    6
90    272    1024    0.265625    8
91    0    1024    0.0    12
92    48    1024    0.046875    5
93    256    1024    0.25    7
94    272    1024    0.265625    8
95    16    1024    0.015625    9
96    80    1024    0.078125    0
97    0    1024    0.0    4
98    320    1024    0.3125    0
99    64    1024    0.0625    0
100    0    1024    0.0    0
101    0    1024    0.0    2
102    0    1024    0.0    0
103    92    1024    0.08984375    0
104    68    1024    0.06640625    0
105    0    1024    0.0    1
106    128    1024    0.125    0
107    0    1024    0.0    1
108    0    1024    0.0    0
109    0    1024    0.0    2
110    0    1024    0.0    4
111    260    1024    0.25390625    5
112    256    1024    0.25    6
113    0    1024    0.0    5
114    128    1024    0.125    6
115    0    1024    0.0    9
116    128    1024    0.125    3
117    256    1024    0.25    0
118    0    1024    0.0    3
119    287    1024    0.2802734375    2
120    32    1024    0.03125    1
121    11    1024    0.0107421875    5
122    4    1024    0.00390625    0
123    0    1024    0.0    0

average cpu utilization is: 0.105746633638
average ssd utilization is: 0.106365917175
average gpu utilization is: 0.107032837907
average utilization is: 0.10638179624
average queuing jobs are: 4.80487804878
maximum queuing jobs are: 18


#job_number  submit  dispatch  queue  cpu#  runtime  weight  response(turnaround)  cpu_aspl  cpu_diameter
0    1562289036.36    1562289040.62    4.26668810844    4    0.0526    0.2104    4.31928810844    1.5    2
1    1562289040.82    1562289040.82    0.000203132629395    64    0.0056    0.3584    0.00580313262939    3.90674603175    6
2    1562289040.89    1562289040.89    -0.000385046005249    4    0.5984    2.3936    0.598014953995    1.5    2
3    1562289041.12    1562289041.12    0.000137090682983    4    0.0526    0.2104    0.052737090683    1.5    2
4    1562289041.66    1562289042.9    1.23834490776    256    0.8087    207.0272    2.04704490776    4.96427696078    7
5    1562289042.0    1562289042.9    0.900746107101    4    0.5984    2.3936    1.4991461071    1.5    2
6    1562289042.17    1562289042.9    0.727880001068    4    0.5984    2.3936    1.32628000107    1.5    2
7    1562289042.57    1562289044.13    1.56052088737    256    0.7774    199.0144    2.33792088737    5.29776348039    8
8    1562289042.85    1562289044.14    1.28673791885    16    0.0099    0.1584    1.29663791885    2.58333333333    4
9    1562289043.16    1562289045.59    2.43041300774    256    0.6811    174.3616    3.11151300774    5.19779411765    8
10    1562289044.13    1562289045.6    1.46740412712    16    0.0099    0.1584    1.47730412712    2.58333333333    4
11    1562289044.47    1562289045.67    1.19822907448    64    0.0254    1.6256    1.22362907448    4.13343253968    6
12    1562289044.59    1562289045.67    1.08287882805    16    0.0296    0.4736    1.11247882805    2.58333333333    4
13    1562289044.88    1562289045.75    0.86600112915    64    0.0135    0.864    0.87950112915    4.1314484127    6
14    1562289045.25    1562289045.83    0.576026916504    64    0.9639    61.6896    1.5399269165    4.28075396825    6
15    1562289045.36    1562289045.9    0.547955989838    64    0.0254    1.6256    0.573355989838    4.19642857143    6
16    1562289045.67    1562289047.2    1.53252100945    256    0.0198    5.0688    1.55232100945    5.16507352941    8
17    1562289046.08    1562289047.29    1.21072816849    64    0.4242    27.1488    1.63492816849    3.90674603175    6
18    1562289046.29    1562289047.29    1.00274991989    16    0.0099    0.1584    1.01264991989    2.58333333333    4
19    1562289046.85    1562289047.3    0.451718091965    16    0.0099    0.1584    0.461618091965    2.58333333333    4
20    1562289049.45    1562289049.5    0.0521450042725    64    0.4242    27.1488    0.476345004272    3.90674603175    6
21    1562289049.5    1562289049.5    0.00589108467102    16    0.03    0.48    0.035891084671    2.58333333333    4
22    1562289049.57    1562289049.57    3.91006469727e-05    4    1.1322    4.5288    1.13223910065    1.5    2
23    1562289050.12    1562289050.19    0.069356918335    64    0.0056    0.3584    0.074956918335    3.90674603175    6
24    1562289050.37    1562289050.4    0.0291330814362    64    0.0056    0.3584    0.0347330814362    3.90674603175    6
25    1562289050.87    1562289050.87    3.81469726562e-05    16    0.0296    0.4736    0.0296381469727    2.58333333333    4
26    1562289051.09    1562289051.09    0.00020694732666    16    0.0296    0.4736    0.0298069473267    2.58333333333    4
27    1562289051.44    1562289052.34    0.896510839462    256    0.6811    174.3616    1.57761083946    4.96427696078    7
28    1562289051.79    1562289052.34    0.550169944763    4    0.0834    0.3336    0.633569944763    1.5    2
29    1562289052.11    1562289052.34    0.226977825165    4    0.0526    0.2104    0.279577825165    1.5    2
30    1562289052.42    1562289052.42    -0.00411677360535    4    0.0526    0.2104    0.0484832263947    1.5    2
31    1562289052.75    1562289053.77    1.02062296867    256    0.7774    199.0144    1.79802296867    5.16709558824    8
32    1562289053.11    1562289053.78    0.669831991196    16    0.7709    12.3344    1.4407319912    2.58333333333    4
33    1562289053.16    1562289053.78    0.611840009689    4    0.0834    0.3336    0.695240009689    1.5    2
34    1562289053.59    1562289053.85    0.26300907135    64    0.9639    61.6896    1.22690907135    4.08978174603    6
35    1562289053.85    1562289055.07    1.2262339592    256    0.0198    5.0688    1.2460339592    5.3746629902    8
36    1562289054.18    1562289055.08    0.905029058456    16    0.03    0.48    0.935029058456    2.58333333333    4
37    1562289054.27    1562289055.16    0.883035182953    64    0.4299    27.5136    1.31293518295    4.08829365079    6
38    1562289054.46    1562289055.16    0.702436208725    4    0.6477    2.5908    1.35013620872    1.5    2
39    1562289054.55    1562289055.16    0.610201835632    16    0.8867    14.1872    1.49690183563    2.65    4
40    1562289054.71    1562289055.17    0.456347942352    16    0.0432    0.6912    0.499547942352    2.58333333333    4
41    1562289055.54    1562289055.54    0.000197887420654    16    0.03    0.48    0.0301978874207    2.58333333333    4
42    1562289055.66    1562289056.79    1.13488698006    256    0.0198    5.0688    1.15468698006    4.98642769608    7
43    1562289055.91    1562289056.8    0.886912107468    16    0.03    0.48    0.916912107468    2.65    4
44    1562289056.81    1562289056.89    0.0757410526276    64    0.6958    44.5312    0.771541052628    4.08630952381    6
45    1562289057.0    1562289056.99    -0.00458192825317    4    0.0284    0.1136    0.0238180717468    1.5    2
46    1562289057.24    1562289057.24    0.000236034393311    64    0.0056    0.3584    0.00583603439331    3.92609126984    6
47    1562289057.6    1562289057.6    0.000255107879639    16    0.03    0.48    0.0302551078796    2.58333333333    4
48    1562289057.97    1562289057.96    -0.00161981582642    16    0.8867    14.1872    0.885080184174    2.58333333333    4
49    1562289057.98    1562289057.98    1.59740447998e-05    4    0.0284    0.1136    0.0284159740448    1.5    2
50    1562289058.32    1562289058.32    0.000190019607544    16    0.0099    0.1584    0.0100900196075    2.58333333333    4
51    1562289058.7    1562289058.7    -0.000355958938599    16    0.7709    12.3344    0.770544041061    2.58333333333    4
52    1562289059.71    1562289059.71    3.38554382324e-05    64    0.0131    0.8384    0.0131338554382    3.90674603175    6
53    1562289060.02    1562289060.89    0.864925861359    256    0.7774    199.0144    1.64232586136    4.96427696078    7
54    1562289060.58    1562289062.06    1.48092579842    256    0.8087    207.0272    2.28962579842    5.16709558824    8
55    1562289060.82    1562289062.06    1.24479198456    4    0.0526    0.2104    1.29739198456    1.5    2
56    1562289061.26    1562289062.13    0.87416601181    64    0.0056    0.3584    0.87976601181    4.01388888889    6
57    1562289061.55    1562289062.14    0.584758996964    16    0.7709    12.3344    1.35565899696    2.58333333333    4
58    1562289061.74    1562289062.14    0.394146203995    4    1.1322    4.5288    1.52634620399    1.5    2
59    1562289062.06    1562289062.14    0.0839829444885    16    0.4263    6.8208    0.510282944489    2.58333333333    4
60    1562289062.23    1562289062.22    -0.00388789176941    4    0.5984    2.3936    0.594512108231    1.5    2
61    1562289062.62    1562289063.81    1.19148015976    256    0.4475    114.56    1.63898015976    5.14378063725    8
62    1562289062.83    1562289063.81    0.978462934494    4    0.0284    0.1136    1.00686293449    1.5    2
63    1562289062.88    1562289065.15    2.27679896355    256    0.4475    114.56    2.72429896355    5.04319852941    8
64    1562289063.01    1562289065.17    2.15406608582    16    0.7709    12.3344    2.92496608582    2.58333333333    4
65    1562289063.15    1562289065.17    2.02013993263    16    0.8867    14.1872    2.90683993263    2.58333333333    4
66    1562289063.55    1562289065.18    1.62944984436    16    0.03    0.48    1.65944984436    2.61666666667    4
67    1562289063.77    1562289066.46    2.68955802917    256    0.8087    207.0272    3.49825802917    5.35150122549    8
68    1562289063.81    1562289066.53    2.71991705894    64    0.6958    44.5312    3.41571705894    4.10466269841    6
69    1562289064.27    1562289067.78    3.51348900795    256    0.0198    5.0688    3.53328900795    5.08952205882    8
70    1562289064.68    1562289067.78    3.10192990303    4    0.0059    0.0236    3.10782990303    1.5    2
71    1562289064.76    1562289067.78    3.02598381042    4    0.0284    0.1136    3.05438381042    1.5    2
72    1562289064.9    1562289068.84    3.94322896004    256    0.4475    114.56    4.39072896004    5.31381740196    8
73    1562289065.4    1562289068.85    3.44831299782    4    0.0284    0.1136    3.47671299782    1.5    2
74    1562289065.82    1562289068.85    3.02821683884    16    0.03    0.48    3.05821683884    2.68333333333    4
75    1562289065.96    1562289070.02    4.06461310387    256    0.6811    174.3616    4.74571310387    5.0974877451    8
76    1562289066.11    1562289070.02    3.90942692757    4    0.6477    2.5908    4.55712692757    1.5    2
77    1562289066.46    1562289070.03    3.57186317444    16    0.8867    14.1872    4.45856317444    2.63333333333    4
78    1562289066.72    1562289070.04    3.31805682182    16    0.0296    0.4736    3.34765682182    2.58333333333    4
79    1562289066.87    1562289071.22    4.35841798782    256    0.0057    1.4592    4.36411798782    5.08265931373    8
80    1562289067.25    1562289071.23    3.98393893242    16    0.03    0.48    4.01393893242    2.66666666667    4
81    1562289068.57    1562289071.23    2.66477799416    4    0.6477    2.5908    3.31247799416    1.5    2
82    1562289068.91    1562289071.23    2.31757903099    4    0.5984    2.3936    2.91597903099    1.5    2
83    1562289069.52    1562289071.24    1.71643209457    16    0.0099    0.1584    1.72633209457    2.58333333333    4
84    1562289069.9    1562289071.24    1.33564186096    4    1.1322    4.5288    2.46784186096    1.5    2
85    1562289070.15    1562289071.24    1.0917198658    16    0.4263    6.8208    1.5180198658    2.58333333333    4
86    1562289070.27    1562289071.25    0.973726034164    4    1.1322    4.5288    2.10592603416    1.5    2
87    1562289071.08    1562289071.25    0.170236110687    16    0.03    0.48    0.200236110687    2.58333333333    4
88    1562289071.64    1562289071.64    2.8133392334e-05    4    0.6477    2.5908    0.647728133392    1.5    2
89    1562289071.84    1562289071.84    0.00518798828125    64    0.0056    0.3584    0.0107879882813    3.95188492063    6
90    1562289072.92    1562289072.92    -0.000918865203857    64    0.4242    27.1488    0.423281134796    3.90674603175    6
91    1562289073.52    1562289073.52    8.10623168945e-05    4    0.0526    0.2104    0.0526810623169    1.5    2
92    1562289073.58    1562289073.58    1.8835067749e-05    4    1.1322    4.5288    1.13221883507    1.5    2
93    1562289073.83    1562289073.83    2.59876251221e-05    16    0.8867    14.1872    0.886725987625    2.58333333333    4
94    1562289074.16    1562289074.16    0.00019097328186    16    0.0099    0.1584    0.0100909732819    2.58333333333    4
95    1562289074.8    1562289074.8    -0.00122904777527    4    0.0284    0.1136    0.0271709522247    1.5    2
96    1562289074.98    1562289074.98    1.71661376953e-05    64    0.6889    44.0896    0.688917166138    3.90674603175    6
97    1562289075.06    1562289075.06    -0.0061240196228    4    0.0284    0.1136    0.0222759803772    1.5    2
98    1562289075.62    1562289075.63    0.000218152999878    64    0.4242    27.1488    0.424418153    3.97172619048    6
99    1562289075.72    1562289075.72    -0.00591993331909    4    0.5984    2.3936    0.592480066681    1.5    2
100    1562289076.29    1562289076.29    -0.00167298316956    16    0.0432    0.6912    0.0415270168304    2.58333333333    4
101    1562289076.48    1562289076.51    0.0258119106293    64    0.0056    0.3584    0.0314119106293    3.90674603175    6
102    1562289077.16    1562289077.18    0.0161879062653    64    0.9575    61.28    0.973687906265    3.90674603175    6
103    1562289077.81    1562289077.81    0.000172138214111    16    0.0296    0.4736    0.0297721382141    2.58333333333    4
104    1562289078.18    1562289078.18    0.000187158584595    16    0.0099    0.1584    0.0100871585846    2.58333333333    4
105    1562289078.72    1562289078.72    0.000158071517944    16    0.4263    6.8208    0.426458071518    2.58333333333    4
106    1562289079.15    1562289079.17    0.0135259628296    64    0.0247    1.5808    0.0382259628296    3.95188492063    6
107    1562289079.43    1562289079.43    0.000184059143066    16    0.4263    6.8208    0.426484059143    2.58333333333    4
108    1562289079.46    1562289079.46    1.71661376953e-05    4    0.0834    0.3336    0.0834171661377    1.5    2
109    1562289079.49    1562289079.49    2.38418579102e-05    4    1.1322    4.5288    1.13222384186    1.5    2
110    1562289079.58    1562289080.69    1.10898804665    256    0.8087    207.0272    1.91768804665    4.98351715686    7
111    1562289079.74    1562289080.75    1.01587796211    64    0.6889    44.0896    1.70477796211    3.97073412698    6
112    1562289079.94    1562289080.83    0.88781619072    64    0.1872    11.9808    1.07501619072    4.30654761905    6
113    1562289080.27    1562289082.06    1.79379701614    256    0.8087    207.0272    2.60249701614    5.33841911765    8
114    1562289080.47    1562289082.07    1.59810805321    16    0.0432    0.6912    1.64130805321    2.58333333333    4
115    1562289080.95    1562289083.21    2.26286220551    256    0.0198    5.0688    2.28266220551    5.00052083333    7
116    1562289081.17    1562289083.21    2.04593205452    4    0.0059    0.0236    2.05183205452    1.5    2
117    1562289081.29    1562289083.21    1.920596838    4    0.0526    0.2104    1.973196838    1.5    2
118    1562289081.36    1562289083.29    1.93357396126    64    0.4299    27.5136    2.36347396126    4.14831349206    6
119    1562289081.56    1562289083.3    1.73768091202    16    0.4263    6.8208    2.16398091202    2.65    4
120    1562289081.6    1562289083.37    1.76627016068    64    0.0131    0.8384    1.77937016068    3.95188492063    6
121    1562289081.64    1562289083.37    1.72320914268    4    0.0284    0.1136    1.75160914268    1.5    2
122    1562289082.06    1562289083.45    1.38816595078    64    0.9575    61.28    2.34566595078    4.00595238095    6
123    1562289082.12    1562289083.52    1.39909601212    64    0.1865    11.936    1.58559601212    3.95188492063    6
124    1562289082.13    1562289084.66    2.53385806084    256    0.0057    1.4592    2.53955806084    5.23440563725    8
125    1562289082.21    1562289084.67    2.46107292175    4    0.0284    0.1136    2.48947292175    1.5    2
126    1562289082.83    1562289084.75    1.9183409214    64    0.0056    0.3584    1.9239409214    3.95188492063    6
127    1562289082.93    1562289086.01    3.08615517616    256    0.0198    5.0688    3.10595517616    4.94914215686    7
128    1562289083.05    1562289086.02    2.97203803062    16    0.0432    0.6912    3.01523803062    2.58333333333    4
129    1562289084.13    1562289086.03    1.8928861618    16    0.7709    12.3344    2.6637861618    2.63333333333    4
130    1562289084.66    1562289087.26    2.60210895538    256    0.0198    5.0688    2.62190895538    5.23700980392    8
131    1562289085.06    1562289087.27    2.20844984055    4    0.0834    0.3336    2.29184984055    1.5    2
132    1562289085.22    1562289087.27    2.04349589348    4    1.1322    4.5288    3.17569589348    1.5    2
133    1562289085.37    1562289088.49    3.12092804909    256    0.7774    199.0144    3.89832804909    5.11890318627    8
134    1562289085.56    1562289088.5    2.94069814682    16    0.0296    0.4736    2.97029814682    2.68333333333    4
135    1562289085.84    1562289088.51    2.66250801086    16    0.4263    6.8208    3.08880801086    2.65    4
136    1562289086.04    1562289088.58    2.5420460701    64    0.0254    1.6256    2.5674460701    4.2683531746    6
137    1562289086.31    1562289088.58    2.26837491989    4    0.0526    0.2104    2.32097491989    1.5    2
138    1562289086.47    1562289088.65    2.18253803253    64    0.6889    44.0896    2.87143803253    4.0496031746    6
139    1562289086.66    1562289089.87    3.21370387077    256    0.6811    174.3616    3.89480387077    5.27291666667    8
140    1562289086.92    1562289089.88    2.95544600487    4    0.6477    2.5908    3.60314600487    1.5    2
141    1562289087.08    1562289089.88    2.80710291862    16    0.7709    12.3344    3.57800291862    2.60833333333    4
142    1562289087.59    1562289089.89    2.29710292816    4    0.0059    0.0236    2.30300292816    1.5    2
143    1562289087.65    1562289089.97    2.31532812119    64    0.0247    1.5808    2.34002812119    3.93601190476    6
144    1562289087.87    1562289090.06    2.18683099747    64    0.6889    44.0896    2.87573099747    4.01041666667    6
145    1562289088.0    1562289090.07    2.07054805756    16    0.4263    6.8208    2.49684805756    2.58333333333    4
146    1562289088.44    1562289090.07    1.63288092613    4    0.0526    0.2104    1.68548092613    1.5    2
147    1562289088.99    1562289090.15    1.15918016434    64    0.6958    44.5312    1.85498016434    4.1875    6
148    1562289089.15    1562289090.22    1.07230710983    64    0.6958    44.5312    1.76810710983    4.20982142857    6
149    1562289089.36    1562289090.29    0.925882101059    64    0.6958    44.5312    1.62168210106    4.21676587302    6
150    1562289089.77    1562289090.29    0.522398233414    4    0.0284    0.1136    0.550798233414    1.5    2
151    1562289090.0    1562289090.36    0.35778093338    64    0.6958    44.5312    1.05358093338    4.26091269841    6
152    1562289090.1    1562289090.36    0.260286808014    4    0.0059    0.0236    0.266186808014    1.5    2
153    1562289090.2    1562289090.44    0.244663000107    64    0.9639    61.6896    1.20856300011    4.42013888889    6
154    1562289091.16    1562289091.16    0.000218868255615    16    0.0099    0.1584    0.0101188682556    2.58333333333    4
155    1562289091.3    1562289092.38    1.07423901558    256    0.0198    5.0688    1.09403901558    4.97374387255    8
156    1562289091.43    1562289093.59    2.15974712372    256    0.6811    174.3616    2.84084712372    5.27987132353    8
157    1562289091.54    1562289093.59    2.05236291885    16    0.8867    14.1872    2.93906291885    2.58333333333    4
158    1562289091.92    1562289093.59    1.67706012726    4    0.5984    2.3936    2.27546012726    1.5    2
159    1562289092.25    1562289093.6    1.34339690208    4    0.5984    2.3936    1.94179690208    1.5    2
160    1562289092.38    1562289094.84    2.46182489395    256    0.6811    174.3616    3.14292489395    5.21666666667    8
161    1562289092.5    1562289094.91    2.41485786438    64    0.0056    0.3584    2.42045786438    4.17658730159    6
162    1562289092.89    1562289094.92    2.03206300735    16    0.0296    0.4736    2.06166300735    2.58333333333    4
163    1562289093.07    1562289094.92    1.85394001007    16    0.7709    12.3344    2.62484001007    2.63333333333    4
164    1562289093.31    1562289094.93    1.61649799347    16    0.7709    12.3344    2.38739799347    2.58333333333    4
165    1562289093.59    1562289094.93    1.34360814095    4    0.0834    0.3336    1.42700814095    1.5    2
166    1562289094.03    1562289094.93    0.901225090027    4    0.0059    0.0236    0.907125090027    1.5    2
167    1562289094.07    1562289094.94    0.866187095642    16    0.0296    0.4736    0.895787095642    2.73333333333    4
168    1562289094.13    1562289095.02    0.893217086792    64    0.0056    0.3584    0.898817086792    4.28373015873    6
169    1562289094.81    1562289096.21    1.40030193329    256    0.7774    199.0144    2.17770193329    5.16023284314    8
170    1562289094.84    1562289096.21    1.36865401268    4    0.6477    2.5908    2.01635401268    1.5    2
171    1562289095.02    1562289097.43    2.40415596962    256    0.0057    1.4592    2.40985596962    5.17555147059    8
172    1562289096.0    1562289097.44    1.43207383156    16    0.0296    0.4736    1.46167383156    2.58333333333    4
173    1562289096.12    1562289098.65    2.52931404114    256    0.7774    199.0144    3.30671404114    5.2481004902    8
174    1562289096.39    1562289098.66    2.26706600189    16    0.8867    14.1872    3.15376600189    2.58333333333    4
175    1562289096.83    1562289099.84    3.00029397011    256    0.0057    1.4592    3.00599397011    5.20631127451    8
176    1562289097.42    1562289099.84    2.42000794411    16    0.7709    12.3344    3.19090794411    2.58333333333    4
177    1562289097.47    1562289099.93    2.45299100876    64    0.0254    1.6256    2.47839100876    4.12103174603    6
178    1562289098.22    1562289100.0    1.7820520401    64    0.0254    1.6256    1.8074520401    4.12996031746    6
179    1562289098.52    1562289100.01    1.48331093788    16    0.0099    0.1584    1.49321093788    2.58333333333    4
180    1562289098.62    1562289100.08    1.46457600594    64    0.0254    1.6256    1.48997600594    4.09573412698    6
181    1562289098.87    1562289100.09    1.215498209    4    0.0059    0.0236    1.221398209    1.5    2
182    1562289099.35    1562289100.09    0.743120908737    16    0.8867    14.1872    1.62982090874    2.58333333333    4
183    1562289099.82    1562289100.1    0.282801151276    16    0.0296    0.4736    0.312401151276    2.58333333333    4
184    1562289099.84    1562289100.1    0.25919508934    4    0.0059    0.0236    0.26509508934    1.5    2
185    1562289100.47    1562289101.66    1.19237399101    256    0.0198    5.0688    1.21217399101    4.99154411765    7
186    1562289100.98    1562289101.75    0.763990879059    64    0.1865    11.936    0.950490879059    3.97073412698    6
187    1562289101.15    1562289101.75    0.598080873489    16    0.7709    12.3344    1.36898087349    2.58333333333    4
188    1562289101.41    1562289101.75    0.346585988998    4    0.0834    0.3336    0.429985988998    1.5    2
189    1562289101.57    1562289101.75    0.185568094254    4    0.6477    2.5908    0.833268094254    1.5    2
190    1562289101.94    1562289103.0    1.06412005424    256    0.7774    199.0144    1.84152005424    4.93878676471    7
191    1562289102.48    1562289103.07    0.588048934937    64    0.0247    1.5808    0.612748934937    3.94097222222    6
192    1562289103.47    1562289104.57    1.10101008415    256    0.8087    207.0272    1.90971008415    4.9837622549    8
193    1562289103.74    1562289104.65    0.917304992676    64    0.4242    27.1488    1.34150499268    3.95188492063    6
194    1562289104.57    1562289104.72    0.144025087357    64    0.9639    61.6896    1.10792508736    4.22371031746    6
195    1562289104.65    1562289104.79    0.139989852905    64    0.9639    61.6896    1.10388985291    4.33581349206    6
196    1562289104.89    1562289104.89    0.00029993057251    64    0.4299    27.5136    0.430199930573    4.26091269841    6
197    1562289105.18    1562289105.21    0.0289461612701    64    0.4242    27.1488    0.45314616127    3.95188492063    6
198    1562289105.55    1562289105.57    0.0266268253326    64    0.4242    27.1488    0.450826825333    3.90674603175    6
199    1562289106.02    1562289107.07    1.05256581306    256    0.7774    199.0144    1.82996581306    5.0415747549    7
200    1562289106.21    1562289108.31    2.10073304176    256    0.0198    5.0688    2.12053304176    4.94528186275    8
201    1562289106.35    1562289109.5    3.15094995499    256    0.4475    114.56    3.59844995499    5.0415747549    7
202    1562289106.73    1562289109.57    2.84614396095    64    0.9575    61.28    3.80364396095    3.90674603175    6
203    1562289106.99    1562289109.64    2.65556502342    64    0.1872    11.9808    2.84276502342    4.08630952381    6
204    1562289107.19    1562289110.86    3.67387986183    256    0.789    201.984    4.46287986183    5.43860294118    8
205    1562289107.4    1562289110.94    3.54513907433    64    0.0247    1.5808    3.56983907433    3.90674603175    6
206    1562289107.76    1562289110.95    3.18575692177    16    0.0432    0.6912    3.22895692177    2.58333333333    4
207    1562289107.87    1562289110.95    3.07641792297    4    0.0834    0.3336    3.15981792297    1.5    2
208    1562289107.99    1562289110.95    2.96559596062    16    0.7709    12.3344    3.73649596062    2.58333333333    4
209    1562289108.92    1562289112.19    3.26940202713    256    0.8087    207.0272    4.07810202713    5.21675857843    8
210    1562289109.35    1562289112.2    2.85707211494    16    0.0432    0.6912    2.90027211494    2.58333333333    4
211    1562289109.5    1562289112.21    2.70170688629    4    0.0284    0.1136    2.73010688629    1.5    2
212    1562289109.96    1562289112.21    2.25014901161    4    1.1322    4.5288    3.38234901161    1.5    2
213    1562289110.17    1562289112.3    2.13391208649    64    0.1872    11.9808    2.32111208649    4.12152777778    6
214    1562289110.55    1562289113.56    3.00669193268    256    0.7774    199.0144    3.78409193268    5.11446078431    8
215    1562289110.86    1562289113.56    2.70139598846    16    0.0099    0.1584    2.71129598846    2.58333333333    4
216    1562289111.02    1562289113.64    2.62014102936    64    0.1872    11.9808    2.80734102936    4.19642857143    6
217    1562289111.61    1562289113.65    2.0356760025    16    0.7709    12.3344    2.8065760025    2.58333333333    4
218    1562289111.85    1562289113.72    1.86641407013    64    0.1865    11.936    2.05291407013    4.06299603175    6
219    1562289112.09    1562289114.89    2.80352592468    256    0.7774    199.0144    3.58092592468    5.24093137255    8
220    1562289112.43    1562289114.97    2.53468799591    64    0.0247    1.5808    2.55938799591    3.90674603175    6
221    1562289112.91    1562289115.04    2.1333758831    64    0.0135    0.864    2.1468758831    4.15823412698    6
222    1562289113.35    1562289115.13    1.77853083611    64    0.0247    1.5808    1.80323083611    3.90674603175    6
223    1562289113.56    1562289115.13    1.57132101059    16    0.03    0.48    1.60132101059    2.58333333333    4
224    1562289113.77    1562289115.13    1.36137413979    4    1.1322    4.5288    2.49357413979    1.5    2
225    1562289114.3    1562289116.36    2.05731916428    256    0.0057    1.4592    2.06301916428    5.09757965686    8
226    1562289114.43    1562289116.36    1.92415904999    4    1.1322    4.5288    3.05635904999    1.5    2
227    1562289114.48    1562289116.43    1.95009589195    64    0.0135    0.864    1.96359589195    4.13194444444    6
228    1562289114.97    1562289117.64    2.66875100136    256    0.8087    207.0272    3.47745100136    5.01295955882    8
229    1562289115.44    1562289117.7    2.26448607445    64    0.0247    1.5808    2.28918607445    4.01388888889    6
230    1562289116.14    1562289118.93    2.79197001457    256    0.4475    114.56    3.23947001457    5.16850490196    8
231    1562289116.82    1562289119.01    2.18291091919    64    0.6889    44.0896    2.87181091919    3.9191468254    6
232    1562289117.1    1562289119.01    1.90806007385    16    0.0099    0.1584    1.91796007385    2.65    4
233    1562289117.21    1562289119.09    1.87935614586    64    0.1872    11.9808    2.06655614586    4.10962301587    6
234    1562289117.53    1562289119.09    1.55718779564    4    0.0284    0.1136    1.58558779564    1.5    2
235    1562289117.64    1562289119.17    1.53583312035    64    0.0135    0.864    1.54933312035    4.23759920635    6
236    1562289118.24    1562289120.3    2.06358790398    256    0.7774    199.0144    2.84098790398    5.23838848039    8
237    1562289118.46    1562289121.47    3.00229692459    256    0.0198    5.0688    3.02209692459    4.97193627451    8
238    1562289118.68    1562289122.65    3.97139501572    256    0.4475    114.56    4.41889501572    4.98229166667    8
239    1562289118.93    1562289122.72    3.7890188694    64    0.0056    0.3584    3.7946188694    3.90674603175    6
240    1562289119.01    1562289122.72    3.71437191963    4    0.5984    2.3936    4.31277191963    1.5    2
241    1562289119.13    1562289122.8    3.67225694656    64    0.0254    1.6256    3.69765694656    4.33035714286    6
242    1562289119.3    1562289122.81    3.51129698753    16    0.8867    14.1872    4.39799698753    2.58333333333    4
243    1562289119.39    1562289122.81    3.41918897629    4    0.0284    0.1136    3.44758897629    1.5    2
244    1562289119.61    1562289122.89    3.27556490898    64    0.0135    0.864    3.28906490898    4.17609126984    6
245    1562289119.76    1562289122.89    3.13364815712    16    0.8867    14.1872    4.02034815712    2.55833333333    4
246    1562289119.82    1562289122.97    3.15659594536    64    0.6958    44.5312    3.85239594536    4.1939484127    6
247    1562289120.58    1562289124.2    3.6132581234    256    0.6811    174.3616    4.2943581234    5.18278186275    8
248    1562289120.95    1562289124.2    3.25000095367    4    0.0526    0.2104    3.30260095367    1.5    2
249    1562289121.27    1562289124.27    3.00539183617    64    0.6889    44.0896    3.69429183617    3.96031746032    6
250    1562289121.35    1562289124.34    2.99615192413    64    0.0254    1.6256    3.02155192413    4.08829365079    6
251    1562289121.52    1562289124.42    2.89271807671    64    0.6958    44.5312    3.58851807671    4.41765873016    6
252    1562289121.64    1562289125.65    4.00747895241    256    0.7774    199.0144    4.78487895241    5.15560661765    8
253    1562289122.31    1562289125.65    3.34414887428    4    0.0284    0.1136    3.37254887428    1.5    2
254    1562289122.4    1562289125.65    3.25355386734    4    0.6477    2.5908    3.90125386734    1.5    2
255    1562289122.6    1562289125.65    3.05344510078    4    0.5984    2.3936    3.65184510078    1.5    2
256    1562289122.8    1562289125.66    2.85656499863    16    0.0099    0.1584    2.86646499863    2.56666666667    4
257    1562289122.97    1562289126.93    3.95738792419    256    0.8087    207.0272    4.76608792419    5.18897058824    8
258    1562289123.2    1562289126.93    3.73817110062    4    0.0284    0.1136    3.76657110062    1.5    2
259    1562289123.32    1562289126.94    3.61502599716    16    0.0296    0.4736    3.64462599716    2.56666666667    4
260    1562289123.73    1562289128.09    4.35696601868    256    0.8087    207.0272    5.16566601868    5.18406862745    8
261    1562289123.8    1562289128.09    4.28991508484    4    0.0284    0.1136    4.31831508484    1.5    2
262    1562289124.2    1562289128.09    3.88932609558    4    0.5984    2.3936    4.48772609558    1.5    2
263    1562289124.84    1562289128.1    3.26361584663    16    0.0432    0.6912    3.30681584663    2.53333333333    4
264    1562289125.09    1562289128.18    3.08476209641    64    0.0056    0.3584    3.09036209641    4.29811507937    6
265    1562289125.55    1562289128.18    2.62688803673    4    0.0526    0.2104    2.67948803673    1.5    2
266    1562289126.02    1562289128.18    2.16240692139    4    1.1322    4.5288    3.29460692139    1.5    2
267    1562289126.25    1562289129.41    3.15916395187    256    0.8087    207.0272    3.96786395187    5.15505514706    8
268    1562289126.31    1562289130.58    4.26757192612    256    0.8087    207.0272    5.07627192612    5.06617647059    8
269    1562289126.7    1562289130.64    3.94160699844    64    0.0056    0.3584    3.94720699844    4.15079365079    6
270    1562289126.91    1562289130.65    3.73587918282    16    0.7709    12.3344    4.50677918282    2.66666666667    4
271    1562289127.28    1562289130.65    3.37518405914    16    0.03    0.48    3.40518405914    2.65    4
272    1562289127.96    1562289130.66    2.69829893112    16    0.0296    0.4736    2.72789893112    2.65    4
273    1562289128.47    1562289130.66    2.18547391891    4    0.0284    0.1136    2.21387391891    1.5    2
274    1562289128.99    1562289131.81    2.82695698738    256    0.6811    174.3616    3.50805698738    5.09044117647    8
275    1562289129.34    1562289131.81    2.47585010529    4    0.0284    0.1136    2.50425010529    1.5    2
276    1562289129.41    1562289131.82    2.40795207024    4    1.1322    4.5288    3.54015207024    1.5    2
277    1562289129.57    1562289131.89    2.31731104851    64    0.0131    0.8384    2.33041104851    4.01736111111    6
278    1562289129.99    1562289133.09    3.10732007027    256    0.6811    174.3616    3.78842007027    5.11580882353    8
279    1562289130.25    1562289133.16    2.91106510162    64    0.1865    11.936    3.09756510162    4.03323412698    6
280    1562289131.41    1562289133.16    1.75180006027    4    0.0526    0.2104    1.80440006027    1.5    2
281    1562289131.79    1562289134.37    2.58106994629    256    0.7774    199.0144    3.35846994629    5.31185661765    8
282    1562289131.89    1562289134.38    2.48637604713    16    0.0432    0.6912    2.52957604713    2.58333333333    4
283    1562289131.92    1562289135.6    3.67946887016    256    0.6811    174.3616    4.36056887016    4.99356617647    8
284    1562289132.1    1562289135.68    3.5744509697    64    0.6889    44.0896    4.2633509697    3.97371031746    6
285    1562289132.56    1562289135.68    3.11580395699    4    0.5984    2.3936    3.71420395699    1.5    2
286    1562289132.96    1562289135.69    2.72372317314    16    0.8867    14.1872    3.61042317314    2.6    4
287    1562289133.44    1562289135.69    2.24442410469    4    0.0284    0.1136    2.27282410469    1.5    2
288    1562289133.59    1562289135.76    2.16873216629    64    0.6958    44.5312    2.86453216629    4.375    6
289    1562289133.81    1562289135.77    1.96201896667    16    0.7709    12.3344    2.73291896667    2.58333333333    4
290    1562289134.37    1562289135.84    1.47136878967    64    0.0135    0.864    1.48486878967    4.37847222222    6
291    1562289134.8    1562289135.84    1.04053497314    4    0.0526    0.2104    1.09313497314    1.5    2
292    1562289134.99    1562289135.92    0.927535057068    64    0.0056    0.3584    0.933135057068    4.31001984127    6
293    1562289135.18    1562289135.92    0.743844032288    16    0.7709    12.3344    1.51474403229    2.53333333333    4
294    1562289135.6    1562289137.2    1.59590506554    256    0.7162    183.3472    2.31210506554    5.45235906863    10
295    1562289135.92    1562289138.42    2.50197196007    256    0.8087    207.0272    3.31067196007    4.97432598039    8
296    1562289136.09    1562289138.43    2.34229683876    16    0.4263    6.8208    2.76859683876    2.63333333333    4
297    1562289136.29    1562289138.43    2.14181494713    16    0.0296    0.4736    2.17141494713    2.58333333333    4
298    1562289136.55    1562289139.62    3.06472110748    256    0.0057    1.4592    3.07042110748    5.22518382353    8
299    1562289136.6    1562289139.62    3.02768611908    16    0.8867    14.1872    3.91438611908    2.58333333333    4
300    1562289137.18    1562289139.63    2.44727492332    16    0.0099    0.1584    2.45717492332    2.63333333333    4
301    1562289137.51    1562289139.72    2.20464515686    64    0.4242    27.1488    2.62884515686    4.05307539683    6
302    1562289137.85    1562289139.78    1.9342110157    64    0.0131    0.8384    1.9473110157    3.99702380952    6
303    1562289138.02    1562289139.86    1.8380510807    64    0.4299    27.5136    2.2679510807    4.10168650794    6
304    1562289138.05    1562289139.87    1.81901311874    16    0.8867    14.1872    2.70571311874    2.58333333333    4
305    1562289138.3    1562289139.87    1.57137489319    4    0.0834    0.3336    1.65477489319    1.5    2
306    1562289139.02    1562289139.94    0.920049905777    64    0.0247    1.5808    0.944749905777    4.06200396825    6
307    1562289139.48    1562289139.95    0.469205856323    16    0.4263    6.8208    0.895505856323    2.625    4
308    1562289139.61    1562289139.95    0.339071989059    4    0.0526    0.2104    0.391671989059    1.5    2
309    1562289139.65    1562289139.95    0.300454139709    4    0.0834    0.3336    0.383854139709    1.5    2
310    1562289139.86    1562289139.95    0.0867390632629    4    0.0284    0.1136    0.115139063263    1.5    2
311    1562289139.94    1562289139.96    0.014760017395    16    0.0099    0.1584    0.024660017395    2.68333333333    4
312    1562289140.25    1562289140.25    0.000241994857788    64    0.9575    61.28    0.957741994858    3.93998015873    6
313    1562289141.01    1562289142.11    1.10726094246    256    0.7774    199.0144    1.88466094246    4.946875    7
314    1562289141.21    1562289142.19    0.975682973862    64    0.0056    0.3584    0.981282973862    4.12996031746    6
315    1562289141.68    1562289142.19    0.508739948273    4    0.0284    0.1136    0.537139948273    1.5    2
316    1562289141.98    1562289142.19    0.213333845139    4    0.0284    0.1136    0.241733845139    1.5    2
317    1562289142.11    1562289142.19    0.0748901367188    4    0.6477    2.5908    0.722590136719    1.5    2
318    1562289142.5    1562289142.5    0.000221967697144    64    0.9639    61.6896    0.964121967697    4.12996031746    6
319    1562289142.53    1562289142.53    0.000210046768188    16    0.0432    0.6912    0.0434100467682    2.65    4
320    1562289142.66    1562289142.66    0.000157117843628    16    0.0296    0.4736    0.0297571178436    2.65    4
321    1562289142.71    1562289142.71    -0.0016930103302    4    0.0284    0.1136    0.0267069896698    1.5    2
322    1562289143.5    1562289143.52    0.0155370235443    64    0.6889    44.0896    0.704437023544    3.90674603175    6
323    1562289143.55    1562289143.55    7.79628753662e-05    4    0.0284    0.1136    0.0284779628754    1.5    2
324    1562289143.99    1562289143.99    3.79085540771e-05    4    0.0526    0.2104    0.0526379085541    1.5    2
325    1562289144.17    1562289144.17    4.6968460083e-05    16    0.03    0.48    0.0300469684601    2.58333333333    4
326    1562289145.09    1562289145.09    0.000190019607544    64    0.0131    0.8384    0.0132900196075    3.90674603175    6
327    1562289145.19    1562289145.19    0.000221014022827    16    0.0296    0.4736    0.0298210140228    2.58333333333    4
328    1562289145.72    1562289146.6    0.881983041763    256    0.0198    5.0688    0.901783041763    4.96427696078    7
329    1562289145.92    1562289146.6    0.683474779129    16    0.0099    0.1584    0.693374779129    2.58333333333    4
330    1562289146.1    1562289146.61    0.511389017105    16    0.03    0.48    0.541389017105    2.58333333333    4
331    1562289146.41    1562289146.61    0.207496881485    16    0.03    0.48    0.237496881485    2.61666666667    4
332    1562289146.91    1562289146.91    3.09944152832e-05    64    0.0131    0.8384    0.0131309944153    3.90674603175    6
333    1562289147.03    1562289147.02    -0.0076539516449    4    1.1322    4.5288    1.12454604836    1.5    2
334    1562289147.35    1562289147.35    0.000209808349609    16    0.7709    12.3344    0.77110980835    2.58333333333    4
335    1562289147.5    1562289147.5    2.00271606445e-05    4    0.0834    0.3336    0.0834200271606    1.5    2
336    1562289147.54    1562289147.54    4.19616699219e-05    16    0.03    0.48    0.0300419616699    2.58333333333    4
337    1562289147.72    1562289147.72    3.81469726562e-05    4    0.5984    2.3936    0.598438146973    1.5    2
338    1562289147.92    1562289147.92    0.000180959701538    64    0.1865    11.936    0.186680959702    3.96428571429    6
339    1562289147.93    1562289147.93    -0.00410199165344    4    1.1322    4.5288    1.12809800835    1.5    2
340    1562289148.03    1562289148.03    -0.00170302391052    16    0.0296    0.4736    0.0278969760895    2.58333333333    4
341    1562289148.11    1562289148.11    3.60012054443e-05    4    0.0059    0.0236    0.00593600120544    1.5    2
342    1562289148.41    1562289148.45    0.0347509384155    64    0.0247    1.5808    0.0594509384155    3.90674603175    6
343    1562289148.6    1562289148.6    0.000113010406494    16    0.03    0.48    0.0301130104065    2.58333333333    4
344    1562289148.77    1562289148.83    0.0570430755615    64    0.6889    44.0896    0.745943075562    3.90674603175    6
345    1562289150.03    1562289150.92    0.885658979416    256    0.0057    1.4592    0.891358979416    4.96427696078    7
346    1562289150.73    1562289151.0    0.266689062119    64    0.4299    27.5136    0.696589062119    4.11656746032    6
347    1562289151.11    1562289151.11    0.000149965286255    64    0.4242    27.1488    0.424349965286    3.90674603175    6
348    1562289151.55    1562289151.58    0.0252549648285    64    0.0056    0.3584    0.0308549648285    3.97172619048    6
349    1562289151.85    1562289151.85    0.000195980072021    64    0.1865    11.936    0.186695980072    3.90674603175    6
350    1562289152.06    1562289152.06    3.60012054443e-05    4    0.0834    0.3336    0.0834360012054    1.5    2
351    1562289152.2    1562289152.2    5.19752502441e-05    64    0.1865    11.936    0.18655197525    3.95188492063    6
352    1562289152.4    1562289152.4    0.000288963317871    16    0.0099    0.1584    0.0101889633179    2.58333333333    4
353    1562289152.51    1562289152.51    -0.00332498550415    4    0.0059    0.0236    0.00257501449585    1.5    2
354    1562289152.75    1562289152.75    6.60419464111e-05    64    0.0247    1.5808    0.0247660419464    3.90674603175    6
355    1562289153.46    1562289153.46    -0.000818014144897    4    0.0834    0.3336    0.0825819858551    1.5    2
356    1562289153.83    1562289154.77    0.933771848679    256    0.0057    1.4592    0.939471848679    4.96427696078    7
357    1562289154.32    1562289154.77    0.454809904099    16    0.0296    0.4736    0.484409904099    2.58333333333    4
358    1562289154.77    1562289154.85    0.0834929943085    64    0.4242    27.1488    0.507692994308    4.06398809524    6
359    1562289154.94    1562289156.02    1.08464407921    256    0.8087    207.0272    1.89334407921    4.96427696078    7
360    1562289155.06    1562289156.1    1.04049301147    64    0.1872    11.9808    1.22769301147    4.11656746032    6
361    1562289155.28    1562289156.1    0.818389892578    4    0.5984    2.3936    1.41678989258    1.5    2
362    1562289155.49    1562289156.1    0.61009812355    4    0.0834    0.3336    0.69349812355    1.5    2
363    1562289155.85    1562289157.32    1.46544003487    256    0.8087    207.0272    2.27414003487    5.18719362745    8
364    1562289156.02    1562289158.49    2.46652793884    256    0.0057    1.4592    2.47222793884    4.96427696078    7
365    1562289156.1    1562289158.49    2.39729213715    16    0.03    0.48    2.42729213715    2.58333333333    4
366    1562289156.26    1562289159.63    3.37596201897    256    0.0057    1.4592    3.38166201897    5.3009497549    8
367    1562289156.29    1562289159.72    3.43341708183    64    0.4242    27.1488    3.85761708183    3.90674603175    6
368    1562289157.32    1562289159.79    2.47033810616    64    0.1865    11.936    2.65683810616    3.97172619048    6
369    1562289157.73    1562289161.02    3.29529094696    256    0.0198    5.0688    3.31509094696    5.0446997549    8
370    1562289158.14    1562289161.1    2.95248103142    64    0.0247    1.5808    2.97718103142    3.90674603175    6
371    1562289159.09    1562289161.1    2.01047706604    4    0.0834    0.3336    2.09387706604    1.5    2
372    1562289159.63    1562289161.17    1.53973603249    64    0.9575    61.28    2.49723603249    3.98859126984    6
373    1562289159.68    1562289161.18    1.50108289719    16    0.0432    0.6912    1.54428289719    2.58333333333    4
374    1562289159.88    1562289161.19    1.30614209175    16    0.4263    6.8208    1.73244209175    2.65    4
375    1562289160.15    1562289161.27    1.1243789196    64    0.9575    61.28    2.0818789196    3.90079365079    6
376    1562289160.75    1562289161.35    0.591726064682    64    0.1865    11.936    0.778226064682    3.93551587302    6
377    1562289161.01    1562289162.59    1.5870718956    256    0.7774    199.0144    2.3644718956    5.13936887255    8
378    1562289161.51    1562289162.66    1.15108799934    64    0.0056    0.3584    1.15668799934    3.90674603175    6
379    1562289162.04    1562289162.74    0.700367927551    64    0.0131    0.8384    0.713467927551    3.98859126984    6
380    1562289163.19    1562289164.34    1.15207219124    256    0.6811    174.3616    1.83317219124    4.96277573529    8
381    1562289163.64    1562289164.42    0.776721000671    64    0.0131    0.8384    0.789821000671    4.0818452381    6
382    1562289163.96    1562289164.5    0.544414043427    64    0.4299    27.5136    0.974314043427    4.19444444444    6
383    1562289164.43    1562289164.51    0.072261095047    16    0.7709    12.3344    0.843161095047    2.58333333333    4
384    1562289164.53    1562289164.52    -0.00250005722046    16    0.4263    6.8208    0.42379994278    2.58333333333    4
385    1562289164.75    1562289164.78    0.0353670120239    64    0.1872    11.9808    0.222567012024    4.37003968254    6
386    1562289164.79    1562289166.04    1.24373793602    256    0.0057    1.4592    1.24943793602    5.27251838235    8
387    1562289165.18    1562289166.04    0.861045122147    4    0.0284    0.1136    0.889445122147    1.5    2
388    1562289165.38    1562289166.11    0.731384992599    64    0.0056    0.3584    0.736984992599    4.14732142857    6
389    1562289165.47    1562289166.12    0.650747060776    16    0.03    0.48    0.680747060776    2.58333333333    4
390    1562289165.95    1562289166.13    0.173798799515    16    0.8867    14.1872    1.06049879951    2.58333333333    4
391    1562289166.26    1562289166.26    -0.00348281860352    16    0.8867    14.1872    0.883217181396    2.58333333333    4
392    1562289166.38    1562289167.53    1.14163899422    256    0.8087    207.0272    1.95033899422    4.97913602941    7
393    1562289166.8    1562289167.6    0.795516967773    64    0.0056    0.3584    0.801116967773    3.97073412698    6
394    1562289166.91    1562289167.6    0.694985151291    16    0.03    0.48    0.724985151291    2.58333333333    4
395    1562289167.26    1562289167.6    0.341538906097    4    0.5984    2.3936    0.939938906097    1.5    2
396    1562289167.48    1562289167.68    0.208472967148    64    0.6889    44.0896    0.897372967148    3.97073412698    6
397    1562289167.77    1562289167.76    -0.0036768913269    4    0.5984    2.3936    0.594723108673    1.5    2
398    1562289168.13    1562289168.13    -0.00058388710022    64    0.0254    1.6256    0.0248161128998    4.26537698413    6
399    1562289168.28    1562289168.28    0.00020694732666    4    0.5984    2.3936    0.598606947327    1.5    2

dispatched jobs are: 400 out of 400
average queue time is: 1.48504792929
fso links are used for 0 times
overall utilization is 0.09257480116564724
average response time is 1.83417392929
average weighted response time is 2.7917765299271706
average slowdown is 3.852573437891708
cpu_request: 28540, cpu_run: 28540
ssd_request: 13306, ssd_run: 0
gpu_request: 14398, gpu_run: 0
cpu aspl: 3.20906076754
cpu diameter: 4.77
job x: 0.0
job y: 0.0
job z: 0.0
