#timestep  occupied-CPU  total-CPU  utilization  queuingjobs
1    0    1024    0.0    1
2    96    1024    0.09375    1
3    256    1024    0.25    4
4    109    1024    0.1064453125    8
5    0    1024    0.0    11
6    0    1024    0.0    14
7    324    1024    0.31640625    11
8    167    1024    0.1630859375    15
9    24    1024    0.0234375    9
10    128    1024    0.125    0
11    64    1024    0.0625    0
12    0    1024    0.0    3
13    256    1024    0.25    7
14    292    1024    0.28515625    5
15    0    1024    0.0    10
16    0    1024    0.0    15
17    0    1024    0.0    20
18    60    1024    0.05859375    15
19    272    1024    0.265625    16
20    360    1024    0.3515625    13
21    0    1024    0.0    18
22    0    1024    0.0    21
23    0    1024    0.0    22
24    320    1024    0.3125    22
25    256    1024    0.25    27
26    0    1024    0.0    29
27    0    1024    0.0    31
28    256    1024    0.25    35
29    256    1024    0.25    39
30    271    1024    0.2646484375    40
31    24    1024    0.0234375    36
32    0    1024    0.0    40
33    0    1024    0.0    44
34    0    1024    0.0    46
35    272    1024    0.265625    44
36    256    1024    0.25    50
37    180    1024    0.17578125    44
38    0    1024    0.0    52
39    0    1024    0.0    57
40    32    1024    0.03125    52
41    267    1024    0.2607421875    50
42    0    1024    0.0    56
43    78    1024    0.076171875    55
44    0    1024    0.0    59
45    152    1024    0.1484375    45
46    0    1024    0.0    52
47    0    1024    0.0    55
48    8    1024    0.0078125    56
49    4    1024    0.00390625    60
50    64    1024    0.0625    63
51    272    1024    0.265625    62
52    0    1024    0.0    68
53    68    1024    0.06640625    68
54    0    1024    0.0    74
55    256    1024    0.25    78
56    120    1024    0.1171875    82
57    0    1024    0.0    86
58    1    1024    0.0009765625    87
59    0    1024    0.0    91
60    0    1024    0.0    92
61    0    1024    0.0    95
62    256    1024    0.25    99
63    0    1024    0.0    100
64    256    1024    0.25    96
65    160    1024    0.15625    98
66    320    1024    0.3125    100
67    0    1024    0.0    107
68    0    1024    0.0    111
69    256    1024    0.25    114
70    256    1024    0.25    117
71    320    1024    0.3125    118
72    158    1024    0.154296875    121
73    0    1024    0.0    121
74    194    1024    0.189453125    120
75    260    1024    0.25390625    119
76    272    1024    0.265625    123
77    260    1024    0.25390625    121
78    0    1024    0.0    124
79    20    1024    0.01953125    120
80    0    1024    0.0    125
81    276    1024    0.26953125    122
82    256    1024    0.25    125
83    4    1024    0.00390625    127
84    16    1024    0.015625    125
85    0    1024    0.0    129
86    384    1024    0.375    130
87    0    1024    0.0    134
88    163    1024    0.1591796875    135
89    48    1024    0.046875    134
90    0    1024    0.0    136
91    16    1024    0.015625    131
92    4    1024    0.00390625    132
93    256    1024    0.25    137
94    272    1024    0.265625    140
95    336    1024    0.328125    143
96    0    1024    0.0    146
97    256    1024    0.25    147
98    256    1024    0.25    148
99    80    1024    0.078125    150
100    256    1024    0.25    152
101    0    1024    0.0    153
102    32    1024    0.03125    149
103    412    1024    0.40234375    133
104    0    1024    0.0    136
105    146    1024    0.142578125    132
106    128    1024    0.125    131
107    0    1024    0.0    134
108    0    1024    0.0    133
109    150    1024    0.146484375    128
110    256    1024    0.25    132
111    256    1024    0.25    134
112    256    1024    0.25    135
113    0    1024    0.0    140
114    0    1024    0.0    139
115    0    1024    0.0    138
116    256    1024    0.25    142
117    4    1024    0.00390625    144
118    0    1024    0.0    146
119    272    1024    0.265625    144
120    16    1024    0.015625    146
121    0    1024    0.0    148
122    256    1024    0.25    149
123    0    1024    0.0    151
124    340    1024    0.33203125    150
125    0    1024    0.0    155
126    0    1024    0.0    160
127    256    1024    0.25    163
128    256    1024    0.25    168
129    256    1024    0.25    171
130    96    1024    0.09375    169
131    0    1024    0.0    171
132    217    1024    0.2119140625    170
133    400    1024    0.390625    161
134    0    1024    0.0    167
135    0    1024    0.0    166
136    226    1024    0.220703125    167
137    256    1024    0.25    172
138    64    1024    0.0625    175
139    0    1024    0.0    179
140    0    1024    0.0    180
141    0    1024    0.0    179
142    0    1024    0.0    181
143    320    1024    0.3125    182
144    276    1024    0.26953125    181
145    288    1024    0.28125    183
146    0    1024    0.0    188
147    0    1024    0.0    186
148    0    1024    0.0    185
149    4    1024    0.00390625    180
150    0    1024    0.0    179
151    256    1024    0.25    177
152    72    1024    0.0703125    175
153    0    1024    0.0    172
154    33    1024    0.0322265625    167
155    4    1024    0.00390625    163
156    0    1024    0.0    157
157    0    1024    0.0    156
158    113    1024    0.1103515625    155
159    0    1024    0.0    152
160    0    1024    0.0    151
161    0    1024    0.0    149
162    8    1024    0.0078125    130
163    0    1024    0.0    124
164    16    1024    0.015625    117
165    4    1024    0.00390625    113
166    0    1024    0.0    111
167    0    1024    0.0    110
168    0    1024    0.0    108
169    0    1024    0.0    106
170    3    1024    0.0029296875    102
171    0    1024    0.0    100
172    209    1024    0.2041015625    95
173    328    1024    0.3203125    87
174    68    1024    0.06640625    79
175    256    1024    0.25    76
176    256    1024    0.25    75
177    348    1024    0.33984375    69
178    54    1024    0.052734375    65
179    0    1024    0.0    64
180    0    1024    0.0    63
181    0    1024    0.0    62
182    0    1024    0.0    57
183    37    1024    0.0361328125    56
184    178    1024    0.173828125    53
185    0    1024    0.0    51
186    64    1024    0.0625    44
187    69    1024    0.0673828125    40
188    0    1024    0.0    37
189    236    1024    0.23046875    34
190    199    1024    0.1943359375    30
191    266    1024    0.259765625    26
192    0    1024    0.0    25
193    0    1024    0.0    23
194    0    1024    0.0    22
195    0    1024    0.0    19
196    20    1024    0.01953125    9
197    178    1024    0.173828125    8
198    336    1024    0.328125    3
199    272    1024    0.265625    0
200    0    1024    0.0    0

average cpu utilization is: 0.103837890625
average ssd utilization is: 0.07798828125
average gpu utilization is: 0.0776025390625
average utilization is: 0.0864762369792
average queuing jobs are: 96.45
maximum queuing jobs are: 188


#job_number  submit  dispatch  queue  cpu#  runtime  weight  response(turnaround)  cpu_aspl  cpu_diameter
0    1562293508.63    1562293512.81    4.18755412102    64    0.0247    1.5808    4.21225412102    3.8878968254    6
1    1562293513.13    1562293513.13    0.000118970870972    16    0.7709    12.3344    0.771018970871    2.58333333333    4
2    1562293513.23    1562293513.24    0.0123660564423    64    0.1865    11.936    0.198866056442    3.94146825397    6
3    1562293513.36    1562293513.36    -0.00160980224609    64    0.9575    61.28    0.955890197754    3.91220238095    6
4    1562293513.37    1562293513.37    4.19616699219e-05    16    0.8867    14.1872    0.88674196167    2.65    4
5    1562293513.63    1562293514.69    1.05793690681    256    0.6811    174.3616    1.73903690681    5.01351102941    7
6    1562293514.32    1562293515.98    1.6557071209    256    0.0198    5.0688    1.6755071209    5.18737745098    8
7    1562293514.35    1562293515.98    1.62920689583    4    0.5984    2.3936    2.22760689583    1.5    2
8    1562293514.69    1562293517.36    2.66677594185    256    0.0057    1.4592    2.67247594185    5.19552696078    8
9    1562293514.96    1562293518.71    3.75245308876    256    0.4475    114.56    4.19995308876    5.02953431373    8
10    1562293515.11    1562293518.72    3.6077170372    4    0.0059    0.0236    3.6136170372    1.5    2
11    1562293515.35    1562293518.72    3.37334799767    16    0.4263    6.8208    3.79964799767    2.58333333333    4
12    1562293515.64    1562293518.72    3.08025097847    4    0.0526    0.2104    3.13285097847    1.5    2
13    1562293515.73    1562293518.8    3.07221007347    64    0.0131    0.8384    3.08531007347    4.05208333333    6
14    1562293515.9    1562293518.8    2.90474700928    4    0.0526    0.2104    2.95734700928    1.5    2
15    1562293516.12    1562293518.8    2.68434095383    4    1.1322    4.5288    3.81654095383    1.5    2
16    1562293516.86    1562293518.88    2.02112412453    64    0.6958    44.5312    2.71692412453    4.23611111111    6
17    1562293516.95    1562293520.2    3.24722695351    256    0.0057    1.4592    3.25292695351    5.16911764706    8
18    1562293517.01    1562293520.2    3.19186806679    4    1.1322    4.5288    4.32406806679    1.5    2
19    1562293517.37    1562293520.2    2.8340909481    4    0.0059    0.0236    2.8399909481    1.5    2
20    1562293517.46    1562293520.3    2.84010505676    64    0.0135    0.864    2.85360505676    4.1185515873    6
21    1562293517.71    1562293520.31    2.59229397774    16    0.0099    0.1584    2.60219397774    2.58333333333    4
22    1562293517.98    1562293520.4    2.42434382439    64    0.1872    11.9808    2.61154382439    4.10763888889    6
23    1562293518.31    1562293520.41    2.10453891754    16    0.03    0.48    2.13453891754    2.58333333333    4
24    1562293518.36    1562293520.5    2.14058303833    64    0.1865    11.936    2.32708303833    3.92063492063    6
25    1562293518.66    1562293520.5    1.84106302261    4    1.1322    4.5288    2.97326302261    1.5    2
26    1562293518.83    1562293520.5    1.67221093178    4    0.0284    0.1136    1.70061093178    1.5    2
27    1562293519.17    1562293520.51    1.33944797516    16    0.7709    12.3344    2.11034797516    2.48333333333    4
28    1562293519.21    1562293520.51    1.29398322105    4    0.6477    2.5908    1.94168322105    1.5    2
29    1562293519.38    1562293521.84    2.45920300484    256    0.0198    5.0688    2.47900300484    5.13400735294    8
30    1562293519.45    1562293521.85    2.40012001991    4    0.0059    0.0236    2.40602001991    1.5    2
31    1562293519.86    1562293521.93    2.07608103752    64    0.4242    27.1488    2.50028103752    3.89087301587    6
32    1562293520.4    1562293521.94    1.53437304497    16    0.4263    6.8208    1.96067304497    2.58333333333    4
33    1562293520.71    1562293521.94    1.23585009575    16    0.8867    14.1872    2.12255009575    2.58333333333    4
34    1562293520.83    1562293522.03    1.1986579895    64    0.0056    0.3584    1.2042579895    3.96428571429    6
35    1562293520.86    1562293522.04    1.17205095291    16    0.03    0.48    1.20205095291    2.48333333333    4
36    1562293521.17    1562293522.04    0.869253873825    16    0.8867    14.1872    1.75595387383    2.56666666667    4
37    1562293521.25    1562293522.04    0.797152042389    4    0.0284    0.1136    0.825552042389    1.5    2
38    1562293521.51    1562293522.05    0.538443088531    16    0.03    0.48    0.568443088531    2.58333333333    4
39    1562293521.64    1562293522.05    0.404854059219    4    0.0834    0.3336    0.488254059219    1.5    2
40    1562293521.91    1562293522.12    0.21873497963    64    0.0056    0.3584    0.22433497963    3.98363095238    6
41    1562293522.03    1562293522.13    0.102025032043    16    0.7709    12.3344    0.872925032043    2.48333333333    4
42    1562293522.75    1562293522.75    -0.000790119171143    16    0.0432    0.6912    0.0424098808289    2.58333333333    4
43    1562293522.93    1562293522.93    -0.00161504745483    16    0.0432    0.6912    0.0415849525452    2.58333333333    4
44    1562293523.11    1562293523.11    0.000173091888428    64    0.9575    61.28    0.957673091888    3.8878968254    6
45    1562293523.9    1562293525.0    1.09423303604    256    0.6811    174.3616    1.77533303604    5.02616421569    7
46    1562293524.11    1562293526.18    2.0682349205    256    0.7774    199.0144    2.8456349205    5.15508578431    8
47    1562293524.32    1562293526.18    1.86700701714    16    0.8867    14.1872    2.75370701714    2.58333333333    4
48    1562293524.62    1562293526.19    1.56870913506    16    0.03    0.48    1.59870913506    2.58333333333    4
49    1562293524.84    1562293526.26    1.42091202736    64    0.0056    0.3584    1.42651202736    3.97867063492    6
50    1562293525.0    1562293526.26    1.26481199265    4    0.0059    0.0236    1.27071199265    1.5    2
51    1562293525.29    1562293526.27    0.977501869202    16    0.8867    14.1872    1.8642018692    2.66666666667    4
52    1562293525.41    1562293526.27    0.859190225601    4    0.5984    2.3936    1.4575902256    1.5    2
53    1562293525.56    1562293527.55    1.99187397957    256    0.7774    199.0144    2.76927397957    5.14708946078    8
54    1562293525.88    1562293527.56    1.67768001556    16    0.4263    6.8208    2.10398001556    2.58333333333    4
55    1562293526.18    1562293528.78    2.60028815269    256    0.8087    207.0272    3.40898815269    5.16945465686    8
56    1562293526.41    1562293530.1    3.68718385696    256    0.4475    114.56    4.13468385696    5.24420955882    8
57    1562293526.59    1562293530.11    3.51717495918    16    0.8867    14.1872    4.40387495918    2.58333333333    4
58    1562293526.78    1562293530.11    3.33323311806    16    0.4263    6.8208    3.75953311806    2.68333333333    4
59    1562293526.96    1562293530.11    3.15052390099    4    0.0284    0.1136    3.17892390099    1.5    2
60    1562293527.0    1562293530.11    3.11124300957    4    0.5984    2.3936    3.70964300957    1.5    2
61    1562293527.37    1562293530.12    2.75085282326    16    0.0296    0.4736    2.78045282326    2.64166666667    4
62    1562293527.49    1562293530.13    2.63789200783    16    0.0296    0.4736    2.66749200783    2.65    4
63    1562293528.16    1562293530.13    1.96929907799    16    0.4263    6.8208    2.39559907799    2.63333333333    4
64    1562293528.23    1562293530.14    1.90683507919    16    0.0432    0.6912    1.95003507919    2.68333333333    4
65    1562293528.35    1562293531.36    3.01171803474    256    0.6811    174.3616    3.69281803474    5.25643382353    8
66    1562293528.38    1562293531.37    2.98513889313    16    0.8867    14.1872    3.87183889313    2.58333333333    4
67    1562293528.41    1562293532.57    4.15554618835    256    0.6811    174.3616    4.83664618835    5.24552696078    8
68    1562293528.56    1562293532.64    4.08633708954    64    0.0135    0.864    4.09983708954    4.09375    6
69    1562293528.58    1562293532.65    4.06627988815    16    0.4263    6.8208    4.49257988815    2.68333333333    4
70    1562293528.92    1562293532.65    3.73751711845    16    0.7709    12.3344    4.50841711845    2.475    4
71    1562293529.22    1562293532.73    3.51278400421    64    0.6889    44.0896    4.20168400421    4.0193452381    6
72    1562293529.35    1562293532.73    3.38420510292    4    0.0284    0.1136    3.41260510292    1.5    2
73    1562293529.46    1562293532.73    3.27692604065    4    0.0526    0.2104    3.32952604065    1.5    2
74    1562293529.55    1562293532.73    3.18902587891    4    0.0526    0.2104    3.24162587891    1.5    2
75    1562293529.6    1562293533.94    4.33814501762    256    0.8087    207.0272    5.14684501762    5.16050857843    8
76    1562293529.93    1562293535.1    5.16627907753    256    0.0057    1.4592    5.17197907753    5.02481617647    8
77    1562293530.1    1562293535.18    5.07791996002    64    0.0056    0.3584    5.08351996002    4.08630952381    6
78    1562293530.13    1562293535.26    5.12941503525    64    0.0056    0.3584    5.13501503525    3.94146825397    6
79    1562293530.57    1562293535.26    4.68681693077    16    0.0296    0.4736    4.71641693077    2.58333333333    4
80    1562293531.17    1562293535.34    4.1721470356    64    0.0131    0.8384    4.1852470356    3.91220238095    6
81    1562293531.33    1562293536.57    5.24842905998    256    0.7774    199.0144    6.02582905998    4.95796568627    8
82    1562293531.73    1562293536.58    4.85491704941    16    0.03    0.48    4.88491704941    2.48333333333    4
83    1562293531.98    1562293536.66    4.67923593521    64    0.6889    44.0896    5.36813593521    4.0505952381    6
84    1562293532.07    1562293537.97    5.90549707413    256    0.4475    114.56    6.35299707413    5.14047181373    8
85    1562293532.08    1562293537.98    5.89467287064    4    0.5984    2.3936    6.49307287064    1.5    2
86    1562293532.26    1562293537.98    5.7218310833    4    0.0834    0.3336    5.8052310833    1.5    2
87    1562293532.38    1562293539.22    6.8438000679    256    0.4475    114.56    7.2913000679    5.11473651961    8
88    1562293532.81    1562293539.22    6.41490602493    4    0.0834    0.3336    6.49830602493    1.5    2
89    1562293533.01    1562293539.23    6.21566581726    16    0.0099    0.1584    6.22556581726    2.48333333333    4
90    1562293533.08    1562293540.51    7.43202805519    256    0.7774    199.0144    8.20942805519    5.30318627451    8
91    1562293533.41    1562293541.68    8.26658177376    256    0.6811    174.3616    8.94768177376    5.16161151961    8
92    1562293533.45    1562293542.95    9.50038695335    256    0.6811    174.3616    10.1814869534    5.15575980392    8
93    1562293533.94    1562293542.95    9.01242399216    16    0.4263    6.8208    9.43872399216    2.65    4
94    1562293534.33    1562293544.14    9.80673217773    256    0.0057    1.4592    9.81243217773    5.06531862745    8
95    1562293534.44    1562293544.14    9.69984102249    4    1.1322    4.5288    10.8320410225    1.5    2
96    1562293534.76    1562293544.14    9.38232803345    16    0.7709    12.3344    10.1532280334    2.68333333333    4
97    1562293534.93    1562293544.15    9.22493195534    16    0.0296    0.4736    9.25453195534    2.65    4
98    1562293535.09    1562293544.15    9.05799818039    4    0.0834    0.3336    9.14139818039    1.5    2
99    1562293535.16    1562293544.15    8.99314403534    4    0.5984    2.3936    9.59154403534    1.5    2
100    1562293535.45    1562293545.48    10.0335719585    256    0.8087    207.0272    10.8422719585    5.03164828431    7
101    1562293535.75    1562293545.49    9.73817896843    16    0.0099    0.1584    9.74807896843    2.58333333333    4
102    1562293536.09    1562293546.75    10.656621933    256    0.0057    1.4592    10.662321933    5.25894607843    8
103    1562293536.4    1562293546.82    10.4278850555    64    0.0247    1.5808    10.4525850555    4.02827380952    6
104    1562293536.62    1562293546.83    10.206496954    4    0.0284    0.1136    10.234896954    1.5    2
105    1562293536.85    1562293546.83    9.98088884354    16    0.4263    6.8208    10.4071888435    2.48333333333    4
106    1562293537.09    1562293548.11    11.0258598328    256    0.6811    174.3616    11.7069598328    5.08262867647    7
107    1562293537.21    1562293548.12    10.908853054    16    0.03    0.48    10.938853054    2.58333333333    4
108    1562293537.4    1562293548.12    10.726831913    16    0.7709    12.3344    11.497731913    2.48333333333    4
109    1562293537.54    1562293548.12    10.5818660259    4    0.0284    0.1136    10.6102660259    1.5    2
110    1562293537.64    1562293548.12    10.4839839935    4    0.0059    0.0236    10.4898839935    1.5    2
111    1562293537.98    1562293548.13    10.1526720524    16    0.0099    0.1584    10.1625720524    2.68333333333    4
112    1562293538.1    1562293549.34    11.2459421158    256    0.8087    207.0272    12.0546421158    5.2409620098    8
113    1562293538.22    1562293550.51    12.2884089947    256    0.0057    1.4592    12.2941089947    5.34031862745    8
114    1562293538.44    1562293550.6    12.1576390266    64    0.9575    61.28    13.1151390266    4.0505952381    6
115    1562293538.72    1562293550.6    11.8744390011    4    0.0284    0.1136    11.9028390011    1.5    2
116    1562293539.13    1562293550.6    11.4722800255    16    0.8867    14.1872    12.3589800255    2.58333333333    4
117    1562293539.46    1562293550.61    11.1500711441    16    0.4263    6.8208    11.5763711441    2.48333333333    4
118    1562293539.69    1562293550.61    10.9184670448    4    0.6477    2.5908    11.5661670448    1.5    2
119    1562293539.87    1562293550.67    10.8082139492    64    0.1865    11.936    10.9947139492    4.03869047619    6
120    1562293540.03    1562293550.68    10.6503970623    4    0.0059    0.0236    10.6562970623    1.5    2
121    1562293540.16    1562293550.68    10.5249481201    16    0.0296    0.4736    10.5545481201    2.58333333333    4
122    1562293540.38    1562293550.69    10.3049409389    16    0.8867    14.1872    11.1916409389    2.58333333333    4
123    1562293540.89    1562293551.86    10.9692590237    256    0.6811    174.3616    11.6503590237    5.08318014706    8
124    1562293541.0    1562293551.95    10.949753046    64    0.0254    1.6256    10.975153046    4.11259920635    6
125    1562293541.16    1562293553.12    11.9546999931    256    0.0198    5.0688    11.9744999931    5.35242034314    8
126    1562293541.3    1562293553.12    11.821367979    4    0.6477    2.5908    12.469067979    1.5    2
127    1562293541.41    1562293553.13    11.7109360695    16    0.0296    0.4736    11.7405360695    2.48333333333    4
128    1562293541.66    1562293553.2    11.5460009575    64    0.4299    27.5136    11.9759009575    4.11706349206    6
129    1562293541.86    1562293553.21    11.3457429409    4    0.0834    0.3336    11.4291429409    1.5    2
130    1562293542.14    1562293553.28    11.1356050968    64    0.0247    1.5808    11.1603050968    4.00992063492    6
131    1562293542.71    1562293553.28    10.5640177727    4    0.0059    0.0236    10.5699177727    1.5    2
132    1562293542.95    1562293553.28    10.3366839886    16    0.8867    14.1872    11.2233839886    2.48333333333    4
133    1562293543.39    1562293553.29    9.9011259079    16    0.7709    12.3344    10.6720259079    2.58333333333    4
134    1562293543.98    1562293553.38    9.3908560276    64    0.4242    27.1488    9.8150560276    3.98115079365    6
135    1562293544.14    1562293554.62    10.4820611477    256    0.8087    207.0272    11.2907611477    5.16495098039    8
136    1562293544.64    1562293554.62    9.97860002518    4    0.0059    0.0236    9.98450002518    1.5    2
137    1562293544.76    1562293554.62    9.85851597786    4    1.1322    4.5288    10.9907159779    1.5    2
138    1562293545.11    1562293554.7    9.59005308151    64    0.0131    0.8384    9.60315308151    4.04365079365    6
139    1562293545.48    1562293554.8    9.31981396675    64    0.1872    11.9808    9.50701396675    4.09573412698    6
140    1562293545.76    1562293554.81    9.04942703247    16    0.0432    0.6912    9.09262703247    2.58333333333    4
141    1562293546.0    1562293554.89    8.89303207397    64    0.0056    0.3584    8.89863207397    4.12698412698    6
142    1562293546.15    1562293554.97    8.82532596588    64    0.0056    0.3584    8.83092596588    4.1314484127    6
143    1562293546.3    1562293556.21    9.90935301781    256    0.0198    5.0688    9.92915301781    5.36047794118    8
144    1562293546.48    1562293556.22    9.74383306503    16    0.8867    14.1872    10.630533065    2.65    4
145    1562293546.54    1562293556.3    9.75737595558    64    0.9575    61.28    10.7148759556    4.02232142857    6
146    1562293546.75    1562293556.37    9.62389779091    64    0.0247    1.5808    9.64859779091    4.02777777778    6
147    1562293547.0    1562293556.38    9.38353300095    16    0.4263    6.8208    9.80983300095    2.58333333333    4
148    1562293547.24    1562293556.38    9.14416694641    16    0.7709    12.3344    9.91506694641    2.48333333333    4
149    1562293547.37    1562293557.6    10.2314279079    256    0.4475    114.56    10.6789279079    5.12775735294    8
150    1562293547.46    1562293557.6    10.1386229992    4    0.0284    0.1136    10.1670229992    1.5    2
151    1562293547.65    1562293557.6    9.94751596451    4    0.0526    0.2104    10.0001159645    1.5    2
152    1562293547.87    1562293558.82    10.9565351009    256    0.4475    114.56    11.4040351009    5.0625    8
153    1562293548.04    1562293558.9    10.8660149574    64    0.9575    61.28    11.8235149574    4.05853174603    6
154    1562293548.38    1562293558.91    10.5255739689    4    0.6477    2.5908    11.1732739689    1.5    2
155    1562293548.57    1562293558.91    10.3384029865    4    0.5984    2.3936    10.9368029865    1.5    2
156    1562293548.83    1562293558.91    10.0846750736    16    0.4263    6.8208    10.5109750736    2.68333333333    4
157    1562293548.91    1562293558.91    10.002600193    4    0.0059    0.0236    10.008500193    1.5    2
158    1562293549.04    1562293558.92    9.87334489822    4    0.5984    2.3936    10.4717448982    1.5    2
159    1562293549.25    1562293558.92    9.6774930954    16    0.03    0.48    9.7074930954    2.63333333333    4
160    1562293549.43    1562293558.92    9.49047994614    4    0.0526    0.2104    9.54307994614    1.5    2
161    1562293549.73    1562293559.0    9.27625179291    64    0.1872    11.9808    9.46345179291    4.1746031746    6
162    1562293549.78    1562293559.0    9.22225522995    4    0.5984    2.3936    9.82065522995    1.5    2
163    1562293550.08    1562293559.0    8.92095398903    4    0.0526    0.2104    8.97355398903    1.5    2
164    1562293550.44    1562293559.01    8.57516598701    16    0.0099    0.1584    8.58506598701    2.60833333333    4
165    1562293550.59    1562293559.1    8.50302386284    64    0.0135    0.864    8.51652386284    4.25793650794    6
166    1562293550.69    1562293559.1    8.41012907028    4    0.5984    2.3936    9.00852907028    1.5    2
167    1562293550.87    1562293559.1    8.23503804207    4    0.6477    2.5908    8.88273804207    1.5    2
168    1562293550.91    1562293559.18    8.27183699608    64    0.4299    27.5136    8.70173699608    4.23561507937    6
169    1562293551.07    1562293560.47    9.40056300163    256    0.8087    207.0272    10.2092630016    5.21256127451    9
170    1562293551.29    1562293560.48    9.18601989746    16    0.0432    0.6912    9.22921989746    2.58333333333    4
171    1562293551.51    1562293561.71    10.1904609203    256    0.7774    199.0144    10.9678609203    5.09629289216    8
172    1562293551.57    1562293561.71    10.1403570175    16    0.0099    0.1584    10.1502570175    2.58333333333    4
173    1562293551.8    1562293562.9    11.0981221199    256    0.0198    5.0688    11.1179221199    5.26075367647    8
174    1562293551.86    1562293562.98    11.1151008606    64    0.0254    1.6256    11.1405008606    4.14682539683    6
175    1562293551.99    1562293562.98    10.9937119484    16    0.4263    6.8208    11.4200119484    2.58333333333    4
176    1562293552.02    1562293562.98    10.9634869099    4    1.1322    4.5288    12.0956869099    1.5    2
177    1562293552.09    1562293564.23    12.140059948    256    0.0198    5.0688    12.159859948    5.10888480392    7
178    1562293552.26    1562293564.32    12.059221983    64    0.9575    61.28    13.016721983    3.97966269841    6
179    1562293552.49    1562293565.5    13.0071940422    256    0.7774    199.0144    13.7845940422    5.01522671569    7
180    1562293552.55    1562293565.5    12.9448568821    4    0.0834    0.3336    13.0282568821    1.5    2
181    1562293552.9    1562293565.5    12.6009159088    16    0.7709    12.3344    13.3718159088    2.6    4
182    1562293553.2    1562293565.51    12.3013620377    4    0.0059    0.0236    12.3072620377    1.5    2
183    1562293553.34    1562293565.51    12.169907093    4    0.0834    0.3336    12.253307093    1.5    2
184    1562293553.48    1562293566.77    13.2933118343    256    0.8087    207.0272    14.1020118343    5.09889705882    8
185    1562293553.63    1562293566.77    13.1384000778    4    1.1322    4.5288    14.2706000778    1.5    2
186    1562293553.8    1562293566.83    13.0313019753    64    0.0254    1.6256    13.0567019753    4.13839285714    6
187    1562293554.07    1562293566.91    12.8390479088    64    0.4299    27.5136    13.2689479088    4.37053571429    6
188    1562293554.56    1562293566.98    12.4191551208    64    0.9639    61.6896    13.3830551208    4.13839285714    6
189    1562293554.62    1562293568.39    13.7692730427    256    0.0198    5.0688    13.7890730427    5.25582107843    8
190    1562293554.76    1562293569.61    14.8445961475    256    0.4475    114.56    15.2920961475    5.32490808824    8
191    1562293554.89    1562293570.86    15.9714128971    256    0.0198    5.0688    15.9912128971    5.10395220588    8
192    1562293554.94    1562293570.95    16.0056390762    64    0.1865    11.936    16.1921390762    4.07986111111    6
193    1562293555.09    1562293570.96    15.8755440712    16    0.8867    14.1872    16.7622440712    2.58333333333    4
194    1562293555.43    1562293572.19    16.7590968609    256    0.8087    207.0272    17.5677968609    4.99506740196    8
195    1562293555.49    1562293572.2    16.7065031528    16    0.03    0.48    16.7365031528    2.58333333333    4
196    1562293555.88    1562293572.29    16.4185500145    64    0.4242    27.1488    16.8427500145    4.02976190476    6
197    1562293556.01    1562293573.55    17.5430450439    256    0.4475    114.56    17.9905450439    5.09353553922    8
198    1562293556.21    1562293573.56    17.341602087    4    0.0834    0.3336    17.425002087    1.5    2
199    1562293556.37    1562293574.71    18.3407559395    256    0.4475    114.56    18.7882559395    4.99506740196    8
200    1562293556.46    1562293575.91    19.4483718872    256    0.0198    5.0688    19.4681718872    5.01096813725    8
201    1562293556.61    1562293577.18    20.571657896    256    0.7774    199.0144    21.349057896    4.99935661765    8
202    1562293556.86    1562293577.18    20.3247859478    4    0.0059    0.0236    20.3306859478    1.5    2
203    1562293557.03    1562293577.26    20.2312030792    64    0.0056    0.3584    20.2368030792    3.92509920635    6
204    1562293557.47    1562293577.34    19.8764400482    64    0.9575    61.28    20.8339400482    4.04811507937    6
205    1562293557.6    1562293577.35    19.7515559196    16    0.8867    14.1872    20.6382559196    2.56666666667    4
206    1562293557.63    1562293577.35    19.7202711105    16    0.0296    0.4736    19.7498711105    2.58333333333    4
207    1562293557.87    1562293577.36    19.4942960739    16    0.0432    0.6912    19.5374960739    2.68333333333    4
208    1562293558.03    1562293578.75    20.7169790268    256    0.8087    207.0272    21.5256790268    5.41041666667    8
209    1562293558.07    1562293578.76    20.6857709885    16    0.03    0.48    20.7157709885    2.58333333333    4
210    1562293558.36    1562293578.76    20.4029390812    16    0.0296    0.4736    20.4325390812    2.48333333333    4
211    1562293558.46    1562293578.76    20.3019790649    4    0.0834    0.3336    20.3853790649    1.5    2
212    1562293558.81    1562293578.77    19.9571177959    16    0.0099    0.1584    19.9670177959    2.58333333333    4
213    1562293558.9    1562293578.77    19.8630678654    4    0.0284    0.1136    19.8914678654    1.5    2
214    1562293559.54    1562293579.98    20.4396271706    256    0.4475    114.56    20.8871271706    5.29215686275    8
215    1562293559.7    1562293579.98    20.2846958637    16    0.03    0.48    20.3146958637    2.58333333333    4
216    1562293559.72    1562293581.16    21.4421260357    256    0.4475    114.56    21.8896260357    5.22876838235    8
217    1562293559.85    1562293581.24    21.3964369297    64    0.6958    44.5312    22.0922369297    4.11607142857    6
218    1562293560.02    1562293582.61    22.5943009853    256    0.7774    199.0144    23.3717009853    5.16810661765    8
219    1562293560.39    1562293582.69    22.2908411026    64    0.0131    0.8384    22.3039411026    3.8878968254    6
220    1562293560.47    1562293583.96    23.48706007    256    0.8087    207.0272    24.29576007    5.07371323529    8
221    1562293560.53    1562293583.96    23.4333908558    4    0.0526    0.2104    23.4859908558    1.5    2
222    1562293561.05    1562293583.96    22.9163959026    4    0.0526    0.2104    22.9689959026    1.5    2
223    1562293561.27    1562293583.97    22.7024819851    16    0.0296    0.4736    22.7320819851    2.58333333333    4
224    1562293561.36    1562293585.36    23.9969098568    256    0.4475    114.56    24.4444098568    5.08946078431    8
225    1562293561.46    1562293585.36    23.8982110023    4    0.0059    0.0236    23.9041110023    1.5    2
226    1562293561.66    1562293586.55    24.8902528286    256    0.8087    207.0272    25.6989528286    5.01798406863    8
227    1562293561.96    1562293586.55    24.5910189152    4    0.0834    0.3336    24.6744189152    1.5    2
228    1562293562.36    1562293586.62    24.2538161278    64    0.6889    44.0896    24.9427161278    3.93452380952    6
229    1562293562.57    1562293587.84    25.2737109661    256    0.0198    5.0688    25.2935109661    5.38440563725    8
230    1562293562.68    1562293587.85    25.1695489883    16    0.8867    14.1872    26.0562489883    2.48333333333    4
231    1562293562.97    1562293587.95    24.9711761475    64    0.0254    1.6256    24.9965761475    4.10466269841    6
232    1562293563.12    1562293587.95    24.8322570324    16    0.0432    0.6912    24.8754570324    2.58333333333    4
233    1562293563.17    1562293587.96    24.7866280079    16    0.0432    0.6912    24.8298280079    2.58333333333    4
234    1562293563.33    1562293588.03    24.7029769421    64    0.0056    0.3584    24.7085769421    4.03968253968    6
235    1562293563.42    1562293589.19    25.7777078152    256    0.6811    174.3616    26.4588078152    4.98958333333    8
236    1562293563.53    1562293589.2    25.6653699875    16    0.4263    6.8208    26.0916699875    2.48333333333    4
237    1562293563.9    1562293589.2    25.3049089909    4    0.6477    2.5908    25.9526089909    1.5    2
238    1562293564.04    1562293589.27    25.2317240238    64    0.9575    61.28    26.1892240238    4.0505952381    6
239    1562293564.27    1562293589.28    25.003816843    16    0.0099    0.1584    25.013716843    2.60833333333    4
240    1562293564.5    1562293589.35    24.8534209728    64    0.4299    27.5136    25.2833209728    4.22123015873    6
241    1562293564.68    1562293589.36    24.6730980873    16    0.7709    12.3344    25.4439980873    2.60833333333    4
242    1562293564.89    1562293589.36    24.4722490311    16    0.7709    12.3344    25.2431490311    2.68333333333    4
243    1562293565.19    1562293589.37    24.1807909012    16    0.8867    14.1872    25.0674909012    2.64166666667    4
244    1562293565.47    1562293590.59    25.1253988743    256    0.4475    114.56    25.5728988743    5.40291053922    9
245    1562293565.78    1562293590.6    24.8206319809    16    0.0432    0.6912    24.8638319809    2.58333333333    4
246    1562293565.95    1562293590.6    24.6503341198    16    0.0432    0.6912    24.6935341198    2.48333333333    4
247    1562293566.06    1562293590.68    24.6119179726    64    0.0056    0.3584    24.6175179726    3.90079365079    6
248    1562293566.28    1562293590.68    24.3953111172    4    1.1322    4.5288    25.5275111172    1.5    2
249    1562293566.34    1562293591.86    25.5130281448    256    0.8087    207.0272    26.3217281448    5.25674019608    8
250    1562293566.42    1562293591.86    25.4480571747    16    0.0099    0.1584    25.4579571747    2.65    4
251    1562293566.75    1562293591.87    25.1137728691    16    0.4263    6.8208    25.5400728691    2.63333333333    4
252    1562293567.0    1562293592.98    25.9786641598    256    0.4475    114.56    26.4261641598    5.21115196078    8
253    1562293567.32    1562293592.99    25.6624081135    4    1.1322    4.5288    26.7946081135    1.5    2
254    1562293567.4    1562293592.99    25.5867109299    16    0.0296    0.4736    25.6163109299    2.58333333333    4
255    1562293567.59    1562293593.06    25.4726641178    64    0.0131    0.8384    25.4857641178    4.00892857143    6
256    1562293567.85    1562293593.15    25.3024041653    64    0.0254    1.6256    25.3278041653    4.18849206349    6
257    1562293567.97    1562293593.22    25.2582199574    64    0.0056    0.3584    25.2638199574    4.00892857143    6
258    1562293567.99    1562293594.34    26.3472220898    256    0.7774    199.0144    27.1246220898    5.28737745098    8
259    1562293568.05    1562293594.35    26.3030409813    16    0.8867    14.1872    27.1897409813    2.56666666667    4
260    1562293568.39    1562293594.42    26.0351829529    64    0.0056    0.3584    26.0407829529    3.97916666667    6
261    1562293568.44    1562293594.51    26.0707540512    64    0.0135    0.864    26.0842540512    4.20783730159    6
262    1562293568.61    1562293594.52    25.9084990025    16    0.03    0.48    25.9384990025    2.58333333333    4
263    1562293568.88    1562293594.52    25.6362478733    4    1.1322    4.5288    26.7684478733    1.5    2
264    1562293569.06    1562293595.8    26.7404649258    256    0.0057    1.4592    26.7461649258    5.28039215686    8
265    1562293569.31    1562293596.99    27.6836390495    256    0.6811    174.3616    28.3647390495    5.14708946078    8
266    1562293569.57    1562293596.99    27.4244301319    4    0.5984    2.3936    28.0228301319    1.5    2
267    1562293569.61    1562293597.0    27.3931849003    16    0.0099    0.1584    27.4030849003    2.58333333333    4
268    1562293569.95    1562293597.01    27.0603749752    16    0.4263    6.8208    27.4866749752    2.7    4
269    1562293570.06    1562293597.08    27.023401022    64    0.1865    11.936    27.209901022    4.04761904762    6
270    1562293570.13    1562293598.37    28.2357759476    256    0.6811    174.3616    28.9168759476    5.12055759804    8
271    1562293570.19    1562293598.45    28.2652649879    64    0.6958    44.5312    28.9610649879    4.1066468254    6
272    1562293570.6    1562293598.45    27.8566830158    4    0.6477    2.5908    28.5043830158    1.5    2
273    1562293570.75    1562293598.45    27.7026979923    4    0.0284    0.1136    27.7310979923    1.5    2
274    1562293570.86    1562293598.45    27.5890710354    4    0.0526    0.2104    27.6416710354    1.5    2
275    1562293571.12    1562293598.45    27.3327288628    4    1.1322    4.5288    28.4649288628    1.5    2
276    1562293571.79    1562293598.45    26.6637480259    4    0.0284    0.1136    26.6921480259    1.5    2
277    1562293571.88    1562293599.69    27.8077778816    256    0.6811    174.3616    28.4888778816    5.27331495098    8
278    1562293571.97    1562293599.69    27.7252540588    16    0.7709    12.3344    28.4961540588    2.58333333333    4
279    1562293572.02    1562293599.69    27.6691408157    4    0.0526    0.2104    27.7217408157    1.5    2
280    1562293572.58    1562293599.7    27.1228289604    16    0.0432    0.6912    27.1660289604    2.58333333333    4
281    1562293572.73    1562293599.77    27.0392999649    64    0.0056    0.3584    27.0448999649    4.13194444444    6
282    1562293573.02    1562293599.77    26.7480449677    16    0.8867    14.1872    27.6347449677    2.68333333333    4
283    1562293573.11    1562293601.06    27.9523189068    256    0.0198    5.0688    27.9721189068    5.11593137255    8
284    1562293573.43    1562293602.43    29.0011060238    256    0.6811    174.3616    29.6822060238    5.24390318627    8
285    1562293573.55    1562293602.44    28.8866140842    16    0.0296    0.4736    28.9162140842    2.58333333333    4
286    1562293573.64    1562293602.44    28.8054008484    16    0.0432    0.6912    28.8486008484    2.58333333333    4
287    1562293573.79    1562293602.52    28.7271080017    64    0.6958    44.5312    29.4229080017    4.22966269841    6
288    1562293574.02    1562293602.62    28.5967860222    64    0.1865    11.936    28.7832860222    4.01984126984    6
289    1562293574.23    1562293603.99    29.759814024    256    0.8087    207.0272    30.568514024    5.19929534314    8
290    1562293574.71    1562293604.07    29.3582408428    64    0.4299    27.5136    29.7881408428    4.09623015873    6
291    1562293575.17    1562293604.17    28.9999649525    64    0.0135    0.864    29.0134649525    4.10813492063    6
292    1562293575.64    1562293605.64    29.9995348454    256    0.0198    5.0688    30.0193348454    5.3015625    8
293    1562293575.72    1562293605.64    29.9268200397    4    0.0059    0.0236    29.9327200397    1.5    2
294    1562293575.91    1562293605.64    29.7384529114    4    0.0284    0.1136    29.7668529114    1.5    2
295    1562293576.28    1562293605.73    29.4507269859    64    0.0135    0.864    29.4642269859    4.16021825397    6
296    1562293576.48    1562293605.81    29.3325400352    64    0.0247    1.5808    29.3572400352    3.99057539683    6
297    1562293576.57    1562293607.11    30.5321519375    256    0.7774    199.0144    31.3095519375    5.00958946078    7
298    1562293576.83    1562293607.18    30.3561599255    64    0.4242    27.1488    30.7803599255    3.91865079365    6
299    1562293576.9    1562293607.19    30.2912619114    16    0.0296    0.4736    30.3208619114    2.6    4
300    1562293577.16    1562293607.26    30.1012611389    64    0.0254    1.6256    30.1266611389    4.15079365079    6
301    1562293577.32    1562293607.27    29.9493041039    16    0.4263    6.8208    30.3756041039    2.6    4
302    1562293577.33    1562293607.27    29.9384319782    4    0.5984    2.3936    30.5368319782    1.5    2
303    1562293577.81    1562293607.28    29.4695358276    16    0.0099    0.1584    29.4794358276    2.625    4
304    1562293577.93    1562293607.36    29.4277019501    64    0.4299    27.5136    29.8576019501    4.16418650794    6
305    1562293577.98    1562293607.36    29.3834910393    16    0.8867    14.1872    30.2701910393    2.68333333333    4
306    1562293578.12    1562293608.58    30.463449955    256    0.0057    1.4592    30.469149955    5.32117034314    8
307    1562293578.33    1562293608.58    30.2526271343    4    0.0834    0.3336    30.3360271343    1.5    2
308    1562293579.33    1562293608.58    29.2477779388    4    1.1322    4.5288    30.3799779388    1.5    2
309    1562293579.42    1562293609.71    30.2914700508    256    0.6811    174.3616    30.9725700508    5.32628676471    8
310    1562293579.67    1562293610.96    31.2911131382    256    0.4475    114.56    31.7386131382    5.1831495098    8
311    1562293579.98    1562293610.97    30.9944040775    16    0.8867    14.1872    31.8811040775    2.55833333333    4
312    1562293580.17    1562293612.2    32.0289130211    256    0.8087    207.0272    32.8376130211    5.1040747549    8
313    1562293580.44    1562293612.27    31.8343498707    64    0.0131    0.8384    31.8474498707    4.03720238095    6
314    1562293580.93    1562293612.28    31.3538050652    16    0.4263    6.8208    31.7801050652    2.61666666667    4
315    1562293581.16    1562293612.29    31.1240611076    16    0.0296    0.4736    31.1536611076    2.68333333333    4
316    1562293581.24    1562293612.29    31.05042696    16    0.0099    0.1584    31.06032696    2.48333333333    4
317    1562293581.46    1562293612.37    30.9100630283    64    0.6889    44.0896    31.5989630283    4.03621031746    6
318    1562293581.61    1562293613.61    32.0054728985    256    0.7774    199.0144    32.7828728985    5.28422181373    8
319    1562293581.63    1562293613.62    31.9826409817    4    0.5984    2.3936    32.5810409817    1.5    2
320    1562293581.75    1562293613.62    31.8661510944    4    0.0834    0.3336    31.9495510944    1.5    2
321    1562293581.79    1562293614.81    33.0185799599    256    0.7774    199.0144    33.7959799599    5.11452205882    8
322    1562293582.23    1562293614.81    32.5829849243    16    0.4263    6.8208    33.0092849243    2.63333333333    4
323    1562293582.53    1562293614.81    32.2843561172    4    0.0526    0.2104    32.3369561172    1.5    2
324    1562293582.6    1562293616.04    33.4370901585    256    0.0198    5.0688    33.4568901585    5.15557598039    8
325    1562293582.85    1562293616.05    33.1984930038    16    0.4263    6.8208    33.6247930038    2.58333333333    4
326    1562293583.05    1562293616.13    33.0746541023    64    0.6889    44.0896    33.7635541023    3.90178571429    6
327    1562293583.23    1562293617.3    34.0651359558    256    0.7774    199.0144    34.8425359558    4.98973651961    8
328    1562293583.36    1562293617.3    33.936866045    4    0.0526    0.2104    33.989466045    1.5    2
329    1562293583.45    1562293618.69    35.2431559563    256    0.0198    5.0688    35.2629559563    4.96632965686    8
330    1562293583.65    1562293618.69    35.0459480286    4    0.0059    0.0236    35.0518480286    1.5    2
331    1562293583.96    1562293618.69    34.7347209454    4    0.5984    2.3936    35.3331209454    1.5    2
332    1562293584.15    1562293618.78    34.629529953    64    0.6889    44.0896    35.318429953    3.99702380952    6
333    1562293584.25    1562293618.78    34.531870842    16    0.0296    0.4736    34.561470842    2.58333333333    4
334    1562293584.45    1562293618.79    34.3437788486    16    0.8867    14.1872    35.2304788486    2.56666666667    4
335    1562293584.53    1562293618.79    34.2589080334    16    0.7709    12.3344    35.0298080334    2.58333333333    4
336    1562293584.65    1562293620.02    35.3710439205    256    0.6811    174.3616    36.0521439205    5.01770833333    8
337    1562293584.7    1562293620.03    35.3257350922    16    0.03    0.48    35.3557350922    2.48333333333    4
338    1562293584.78    1562293620.1    35.3258061409    64    0.6958    44.5312    36.0216061409    4.10763888889    6
339    1562293585.07    1562293620.1    35.0298230648    4    0.0059    0.0236    35.0357230648    1.5    2
340    1562293585.25    1562293620.11    34.8556480408    4    0.0834    0.3336    34.9390480408    1.5    2
341    1562293585.44    1562293620.11    34.6623470783    4    0.5984    2.3936    35.2607470783    1.5    2
342    1562293585.7    1562293620.11    34.4146459103    16    0.8867    14.1872    35.3013459103    2.58333333333    4
343    1562293585.95    1562293620.12    34.1683888435    16    0.03    0.48    34.1983888435    2.65    4
344    1562293586.21    1562293620.12    33.9064230919    4    0.0284    0.1136    33.9348230919    1.5    2
345    1562293586.55    1562293620.12    33.571652174    4    0.0284    0.1136    33.600052174    1.5    2
346    1562293586.79    1562293620.12    33.3303799629    4    0.0059    0.0236    33.3362799629    1.5    2
347    1562293586.95    1562293620.12    33.1658461094    4    0.0059    0.0236    33.1717461094    1.5    2
348    1562293587.22    1562293620.2    32.9850311279    64    0.0254    1.6256    33.0104311279    4.13492063492    6
349    1562293587.36    1562293620.28    32.91690588    64    0.4242    27.1488    33.34110588    4.02182539683    6
350    1562293587.73    1562293620.28    32.5556001663    4    0.5984    2.3936    33.1540001663    1.5    2
351    1562293587.84    1562293620.28    32.4441399574    4    0.0834    0.3336    32.5275399574    1.5    2
352    1562293587.95    1562293620.36    32.4154679775    64    0.1872    11.9808    32.6026679775    4.17658730159    6
353    1562293588.64    1562293620.37    31.7295939922    16    0.03    0.48    31.7595939922    2.68333333333    4
354    1562293588.77    1562293620.37    31.6056621075    16    0.0099    0.1584    31.6155621075    2.66666666667    4
355    1562293588.98    1562293620.38    31.3964738846    4    0.0526    0.2104    31.4490738846    1.5    2
356    1562293589.07    1562293620.38    31.3035478592    4    0.6477    2.5908    31.9512478592    1.5    2
357    1562293589.19    1562293621.63    32.4350399971    256    0.6811    174.3616    33.1161399971    5.25193014706    10
358    1562293589.35    1562293621.64    32.2849149704    16    0.03    0.48    32.3149149704    2.58333333333    4
359    1562293589.45    1562293621.72    32.2701079845    64    0.0056    0.3584    32.2757079845    3.90029761905    6
360    1562293589.59    1562293621.72    32.1377570629    16    0.0099    0.1584    32.1476570629    2.58333333333    4
361    1562293589.64    1562293621.73    32.0876808167    16    0.03    0.48    32.1176808167    2.58333333333    4
362    1562293589.91    1562293621.81    31.8981800079    64    0.0247    1.5808    31.9228800079    3.90029761905    6
363    1562293589.95    1562293621.81    31.8553309441    4    0.0284    0.1136    31.8837309441    1.5    2
364    1562293590.03    1562293621.81    31.7793700695    16    0.4263    6.8208    32.2056700695    2.58333333333    4
365    1562293590.37    1562293621.81    31.4448609352    4    0.6477    2.5908    32.0925609352    1.5    2
366    1562293590.87    1562293621.81    30.9476108551    4    0.5984    2.3936    31.5460108551    1.5    2
367    1562293590.99    1562293621.89    30.9002318382    64    0.4299    27.5136    31.3301318382    4.18253968254    6
368    1562293591.05    1562293621.9    30.8509538174    16    0.0432    0.6912    30.8941538174    2.58333333333    4
369    1562293591.12    1562293623.18    32.057101965    256    0.4475    114.56    32.504601965    5.08360906863    8
370    1562293591.47    1562293623.25    31.7787389755    64    0.0254    1.6256    31.8041389755    4.10863095238    6
371    1562293591.82    1562293623.33    31.5133180618    64    0.6958    44.5312    32.2091180618    4.2251984127    6
372    1562293591.86    1562293623.33    31.4762170315    4    0.0284    0.1136    31.5046170315    1.5    2
373    1562293592.01    1562293623.41    31.4056639671    64    0.9639    61.6896    32.3695639671    4.15476190476    6
374    1562293592.07    1562293624.7    32.6243648529    256    0.8087    207.0272    33.4330648529    5.26246936275    9
375    1562293592.7    1562293624.76    32.0615010262    64    0.0131    0.8384    32.0746010262    4.06299603175    6
376    1562293593.12    1562293624.77    31.6468398571    4    0.0526    0.2104    31.6994398571    1.5    2
377    1562293593.27    1562293625.94    32.6725280285    256    0.0057    1.4592    32.6782280285    5.2103247549    8
378    1562293593.44    1562293625.94    32.5017888546    4    1.1322    4.5288    33.6339888546    1.5    2
379    1562293593.48    1562293626.02    32.5431449413    64    0.6889    44.0896    33.2320449413    3.94146825397    6
380    1562293593.77    1562293626.03    32.2549948692    16    0.03    0.48    32.2849948692    2.48333333333    4
381    1562293594.17    1562293626.03    31.8557698727    4    0.6477    2.5908    32.5034698727    1.5    2
382    1562293594.65    1562293626.1    31.451020956    64    0.6889    44.0896    32.139920956    3.97817460317    6
383    1562293595.12    1562293626.1    30.9801111221    4    0.6477    2.5908    31.6278111221    1.5    2
384    1562293595.45    1562293626.1    30.6554300785    4    0.0284    0.1136    30.6838300785    1.5    2
385    1562293595.65    1562293626.18    30.5243840218    64    0.6889    44.0896    31.2132840218    3.97172619048    6
386    1562293595.72    1562293626.18    30.463668108    4    0.5984    2.3936    31.062068108    1.5    2
387    1562293595.95    1562293627.44    31.4957919121    256    0.7774    199.0144    32.2731919121    5.0625    8
388    1562293596.25    1562293628.67    32.419729948    256    0.4475    114.56    32.867229948    5.24666053922    8
389    1562293596.38    1562293629.77    33.3916289806    256    0.4475    114.56    33.8391289806    5.22601102941    8
390    1562293596.56    1562293631.08    34.5154960155    256    0.0198    5.0688    34.5352960155    5.05321691176    8
391    1562293597.29    1562293631.08    33.7907099724    4    0.0284    0.1136    33.8191099724    1.5    2
392    1562293597.6    1562293631.09    33.4874269962    16    0.8867    14.1872    34.3741269962    2.54166666667    4
393    1562293598.04    1562293631.18    33.1337609291    64    0.0247    1.5808    33.1584609291    4.03273809524    6
394    1562293598.37    1562293631.18    32.8066909313    4    0.5984    2.3936    33.4050909313    1.5    2
395    1562293598.45    1562293631.25    32.8064410686    64    0.4242    27.1488    33.2306410686    4.00942460317    6
396    1562293598.45    1562293631.32    32.8712639809    64    0.0247    1.5808    32.8959639809    3.91666666667    6
397    1562293598.51    1562293631.33    32.8179979324    16    0.0099    0.1584    32.8278979324    2.58333333333    4
398    1562293598.92    1562293632.55    33.6331858635    256    0.0057    1.4592    33.6388858635    5.1206495098    8
399    1562293599.06    1562293632.56    33.4998779297    4    0.0059    0.0236    33.5057779297    1.5    2
400    1562293599.18    1562293632.56    33.3869390488    16    0.0432    0.6912    33.4301390488    2.58333333333    4
401    1562293599.23    1562293633.75    34.5234138966    256    0.7774    199.0144    35.3008138966    5.31495098039    8
402    1562293599.36    1562293634.88    35.5241761208    256    0.0198    5.0688    35.5439761208    5.24074754902    8
403    1562293599.47    1562293634.88    35.4105119705    4    0.5984    2.3936    36.0089119705    1.5    2
404    1562293599.63    1562293636.1    36.4743700027    256    0.0057    1.4592    36.4800700027    5.19724264706    8
405    1562293599.8    1562293636.18    36.3809790611    64    0.0056    0.3584    36.3865790611    3.99851190476    6
406    1562293600.05    1562293637.41    37.3581039906    256    0.0198    5.0688    37.3779039906    4.97000612745    8
407    1562293600.38    1562293637.41    37.0334560871    16    0.0296    0.4736    37.0630560871    2.58333333333    4
408    1562293600.82    1562293637.42    36.6005940437    16    0.4263    6.8208    37.0268940437    2.58333333333    4
409    1562293601.04    1562293637.42    36.3793280125    4    1.1322    4.5288    37.5115280125    1.5    2
410    1562293601.34    1562293637.43    36.0872061253    16    0.7709    12.3344    36.8581061253    2.61666666667    4
411    1562293601.56    1562293637.43    35.865530014    4    1.1322    4.5288    36.997730014    1.5    2
412    1562293601.65    1562293637.51    35.8648121357    64    0.0056    0.3584    35.8704121357    4.26587301587    6
413    1562293601.79    1562293637.52    35.7313878536    16    0.0296    0.4736    35.7609878536    2.58333333333    4
414    1562293602.1    1562293637.52    35.4263010025    4    1.1322    4.5288    36.5585010025    1.5    2
415    1562293602.43    1562293637.6    35.167388916    64    0.0056    0.3584    35.172988916    3.8943452381    6
416    1562293602.58    1562293637.61    35.0252969265    16    0.7709    12.3344    35.7961969265    2.58333333333    4
417    1562293602.62    1562293637.61    34.9919941425    4    1.1322    4.5288    36.1241941425    1.5    2
418    1562293602.66    1562293638.85    36.1862580776    256    0.0198    5.0688    36.2060580776    5.10477941176    7
419    1562293602.96    1562293640.01    37.0521059036    256    0.7774    199.0144    37.8295059036    5.1509497549    8
420    1562293603.12    1562293640.08    36.9567050934    64    0.1865    11.936    37.1432050934    3.94841269841    6
421    1562293603.58    1562293640.15    36.5677690506    64    0.0056    0.3584    36.5733690506    4.0744047619    6
422    1562293603.71    1562293641.44    37.7255339622    256    0.0198    5.0688    37.7453339622    5.33961397059    8
423    1562293603.97    1562293642.61    38.6349310875    256    0.4475    114.56    39.0824310875    5.06078431373    8
424    1562293604.07    1562293642.61    38.5416710377    16    0.0296    0.4736    38.5712710377    2.58333333333    4
425    1562293604.57    1562293642.62    38.053440094    16    0.8867    14.1872    38.940140094    2.54166666667    4
426    1562293604.8    1562293642.7    37.9008970261    64    0.6958    44.5312    38.5966970261    4.16765873016    6
427    1562293605.33    1562293642.7    37.369161129    4    0.0284    0.1136    37.397561129    1.5    2
428    1562293605.64    1562293642.7    37.0603420734    4    0.6477    2.5908    37.7080420734    1.5    2
429    1562293605.71    1562293643.98    38.2651069164    256    0.7774    199.0144    39.0425069164    5.37313112745    8
430    1562293605.73    1562293645.22    39.4934089184    256    0.8087    207.0272    40.3021089184    4.97631740196    7
431    1562293606.33    1562293646.44    40.1118290424    256    0.8087    207.0272    40.9205290424    5.11446078431    8
432    1562293606.8    1562293647.74    40.9388771057    256    0.8087    207.0272    41.7475771057    4.93143382353    7
433    1562293607.67    1562293648.93    41.2582139969    256    0.0198    5.0688    41.2780139969    5.10186887255    8
434    1562293607.76    1562293649.01    41.247647047    64    0.0056    0.3584    41.253247047    3.8878968254    6
435    1562293607.93    1562293649.02    41.0809400082    16    0.0099    0.1584    41.0908400082    2.58333333333    4
436    1562293608.02    1562293649.1    41.0795469284    64    0.4242    27.1488    41.5037469284    3.91121031746    6
437    1562293608.46    1562293649.1    40.6428608894    16    0.8867    14.1872    41.5295608894    2.58333333333    4
438    1562293608.68    1562293649.11    40.428730011    16    0.0099    0.1584    40.438630011    2.58333333333    4
439    1562293608.84    1562293649.11    40.2756869793    4    0.0284    0.1136    40.3040869793    1.5    2
440    1562293609.13    1562293649.11    39.9886050224    4    0.6477    2.5908    40.6363050224    1.5    2
441    1562293609.63    1562293649.12    39.483371973    4    0.5984    2.3936    40.081771973    1.5    2
442    1562293609.71    1562293649.12    39.4119899273    16    0.03    0.48    39.4419899273    2.58333333333    4
443    1562293609.89    1562293650.36    40.4738900661    256    0.8087    207.0272    41.2825900661    5.05177696078    8
444    1562293609.96    1562293650.44    40.4785678387    64    0.0056    0.3584    40.4841678387    4.10515873016    6
445    1562293610.09    1562293650.44    40.3563170433    4    0.0526    0.2104    40.4089170433    1.5    2
446    1562293610.12    1562293650.44    40.328029871    4    0.0059    0.0236    40.333929871    1.5    2
447    1562293610.5    1562293650.44    39.9431130886    4    0.0526    0.2104    39.9957130886    1.5    2
448    1562293610.55    1562293650.45    39.8977971077    4    0.0284    0.1136    39.9261971077    1.5    2
449    1562293610.92    1562293650.53    39.610159874    64    0.4299    27.5136    40.040059874    4.2693452381    6
450    1562293611.07    1562293651.76    40.6983809471    256    0.6811    174.3616    41.3794809471    5.34310661765    8
451    1562293611.18    1562293651.77    40.5892910957    4    0.0834    0.3336    40.6726910957    1.5    2
452    1562293611.42    1562293651.84    40.4137370586    64    0.0056    0.3584    40.4193370586    3.98561507937    6
453    1562293611.5    1562293651.84    40.3394880295    4    0.5984    2.3936    40.9378880295    1.5    2
454    1562293611.59    1562293651.92    40.3249650002    64    0.0056    0.3584    40.3305650002    4.31746031746    6
455    1562293611.83    1562293651.92    40.0927929878    16    0.8867    14.1872    40.9794929878    2.58333333333    4
456    1562293611.99    1562293652.0    40.0036108494    64    0.0247    1.5808    40.0283108494    3.98561507937    6
457    1562293612.27    1562293652.0    39.7292618752    16    0.7709    12.3344    40.5001618752    2.68333333333    4
458    1562293612.36    1562293652.01    39.6473519802    16    0.0099    0.1584    39.6572519802    2.66666666667    4
459    1562293612.53    1562293652.01    39.4877800941    16    0.8867    14.1872    40.3744800941    2.63333333333    4
460    1562293612.91    1562293652.02    39.1113860607    16    0.8867    14.1872    39.9980860607    2.68333333333    4
461    1562293613.05    1562293652.11    39.061704874    64    0.9639    61.6896    40.025604874    4.22619047619    6
462    1562293613.18    1562293652.11    38.9256808758    4    1.1322    4.5288    40.0578808758    1.5    2
463    1562293613.3    1562293652.18    38.8890218735    64    0.0056    0.3584    38.8946218735    4.29563492063    6
464    1562293613.55    1562293652.19    38.6403520107    4    0.0284    0.1136    38.6687520107    1.5    2
465    1562293614.22    1562293652.19    37.9753861427    16    0.0099    0.1584    37.9852861427    2.68333333333    4
466    1562293614.35    1562293652.2    37.8485729694    4    0.0526    0.2104    37.9011729694    1.5    2
467    1562293614.41    1562293652.21    37.8012030125    16    0.0432    0.6912    37.8444030125    2.69166666667    4
468    1562293614.81    1562293652.21    37.4071829319    16    0.7709    12.3344    38.1780829319    2.65    4
469    1562293615.01    1562293653.5    38.4937460423    256    0.789    201.984    39.2827460423    5.45202205882    8
470    1562293615.25    1562293653.51    38.2582700253    16    0.4263    6.8208    38.6845700253    2.58333333333    4
471    1562293615.47    1562293654.61    39.1330258846    256    0.8087    207.0272    39.9417258846    5.24142156863    8
472    1562293615.59    1562293655.73    40.1361119747    256    0.8087    207.0272    40.9448119747    5.22285539216    8
473    1562293615.63    1562293655.8    40.1790251732    64    0.0247    1.5808    40.2037251732    3.9816468254    6
474    1562293615.77    1562293655.81    40.0434141159    16    0.0099    0.1584    40.0533141159    2.58333333333    4
475    1562293616.04    1562293657.04    40.9945948124    256    0.0198    5.0688    41.0143948124    5.21709558824    8
476    1562293616.42    1562293657.12    40.6980600357    64    0.0131    0.8384    40.7111600357    3.97767857143    6
477    1562293616.99    1562293657.12    40.1319799423    4    0.0526    0.2104    40.1845799423    1.5    2
478    1562293617.3    1562293657.12    39.8234949112    4    0.0284    0.1136    39.8518949112    1.5    2
479    1562293617.41    1562293657.2    39.7894330025    64    0.9575    61.28    40.7469330025    4.02529761905    6
480    1562293617.61    1562293657.27    39.6575069427    64    0.0131    0.8384    39.6706069427    3.8878968254    6
481    1562293617.92    1562293658.55    40.638463974    256    0.4475    114.56    41.085963974    5.09580269608    8
482    1562293618.63    1562293658.56    39.9296109676    4    0.0834    0.3336    40.0130109676    1.5    2
483    1562293618.78    1562293658.62    39.8399069309    64    0.1865    11.936    40.0264069309    3.97668650794    6
484    1562293619.19    1562293658.62    39.4298238754    4    0.0284    0.1136    39.4582238754    1.5    2
485    1562293619.6    1562293659.87    40.2734670639    256    0.0209    5.3504    40.2943670639    5.48382352941    9
486    1562293619.83    1562293659.95    40.1183030605    64    0.6889    44.0896    40.8072030605    3.94146825397    6
487    1562293620.28    1562293660.02    39.737279892    64    0.0247    1.5808    39.761979892    3.90575396825    6
488    1562293620.35    1562293660.02    39.6746709347    4    0.0284    0.1136    39.7030709347    1.5    2
489    1562293620.45    1562293661.22    40.7775290012    256    0.0057    1.4592    40.7832290012    5.07132352941    8
490    1562293620.81    1562293662.3    41.4895019531    256    0.6811    174.3616    42.1706019531    5.04629289216    8
491    1562293621.13    1562293662.37    41.2443959713    64    0.6889    44.0896    41.9332959713    3.95089285714    6
492    1562293621.34    1562293662.45    41.1102631092    64    0.1865    11.936    41.2967631092    4.05406746032    6
493    1562293621.69    1562293663.56    41.8707811832    256    0.8087    207.0272    42.6794811832    5.29990808824    8
494    1562293621.72    1562293663.56    41.8419561386    4    0.5984    2.3936    42.4403561386    1.5    2
495    1562293621.89    1562293663.57    41.6711220741    16    0.0296    0.4736    41.7007220741    2.68333333333    4
496    1562293621.97    1562293663.57    41.6027388573    16    0.0432    0.6912    41.6459388573    2.56666666667    4
497    1562293622.08    1562293663.58    41.4992890358    16    0.4263    6.8208    41.9255890358    2.58333333333    4
498    1562293622.25    1562293664.8    42.5545270443    256    0.8087    207.0272    43.3632270443    5.13838848039    8
499    1562293622.32    1562293664.81    42.4877729416    16    0.7709    12.3344    43.2586729416    2.58333333333    4
500    1562293622.51    1562293664.81    42.3035600185    16    0.7709    12.3344    43.0744600185    2.58333333333    4
501    1562293623.03    1562293664.89    41.8676660061    64    0.0135    0.864    41.8811660061    4.12152777778    6
502    1562293623.18    1562293664.9    41.718198061    16    0.0099    0.1584    41.728098061    2.7    4
503    1562293623.33    1562293664.9    41.5684130192    4    0.5984    2.3936    42.1668130192    1.5    2
504    1562293623.61    1562293666.11    42.5050218105    256    0.8087    207.0272    43.3137218105    5.24757965686    8
505    1562293623.81    1562293666.11    42.2998738289    4    0.5984    2.3936    42.8982738289    1.5    2
506    1562293623.9    1562293666.12    42.2193191051    16    0.7709    12.3344    42.9902191051    2.58333333333    4
507    1562293624.03    1562293666.12    42.0915958881    16    0.4263    6.8208    42.5178958881    2.48333333333    4
508    1562293625.17    1562293666.12    40.958272934    4    0.0284    0.1136    40.986672934    1.5    2
509    1562293625.7    1562293666.13    40.4224770069    4    0.6477    2.5908    41.0701770069    1.5    2
510    1562293625.94    1562293666.21    40.2677350044    64    0.4242    27.1488    40.6919350044    3.97321428571    6
511    1562293626.08    1562293666.28    40.2030711174    64    0.1872    11.9808    40.3902711174    4.20238095238    6
512    1562293626.36    1562293666.28    39.9244170189    4    0.0284    0.1136    39.9528170189    1.5    2
513    1562293626.5    1562293667.49    40.9948999882    256    0.0058    1.4848    41.0006999882    5.46691176471    9
514    1562293626.69    1562293667.49    40.8073239326    4    0.0834    0.3336    40.8907239326    1.5    2
515    1562293626.81    1562293668.63    41.8228049278    256    0.0057    1.4592    41.8285049278    5.29540441176    8
516    1562293627.01    1562293668.64    41.6265370846    16    0.0099    0.1584    41.6364370846    2.58333333333    4
517    1562293627.08    1562293668.64    41.5574350357    4    1.1322    4.5288    42.6896350357    1.5    2
518    1562293627.36    1562293668.64    41.279253006    16    0.7709    12.3344    42.050153006    2.58333333333    4
519    1562293627.74    1562293668.65    40.9013810158    4    0.5984    2.3936    41.4997810158    1.5    2
520    1562293628.52    1562293669.73    41.2145898342    256    0.7774    199.0144    41.9919898342    5.02107843137    7
521    1562293628.67    1562293670.82    42.1579189301    256    0.0198    5.0688    42.1777189301    5.15205269608    8
522    1562293628.89    1562293671.88    42.9843630791    256    0.0198    5.0688    43.0041630791    5.15603553922    8
523    1562293629.23    1562293671.96    42.7260751724    64    0.1865    11.936    42.9125751724    3.9880952381    6
524    1562293629.95    1562293671.96    42.0110480785    4    0.0059    0.0236    42.0169480785    1.5    2
525    1562293630.14    1562293672.98    42.8430709839    256    0.7774    199.0144    43.6204709839    5.02104779412    7
526    1562293630.25    1562293672.99    42.7304079533    4    0.5984    2.3936    43.3288079533    1.5    2
527    1562293630.64    1562293672.99    42.343501091    4    0.0526    0.2104    42.396101091    1.5    2
528    1562293631.05    1562293674.17    43.1153628826    256    0.6811    174.3616    43.7964628826    5.02944240196    8
529    1562293631.08    1562293674.17    43.0920610428    16    0.8867    14.1872    43.9787610428    2.63333333333    4
530    1562293631.24    1562293674.17    42.9342570305    4    1.1322    4.5288    44.0664570305    1.5    2
531    1562293631.28    1562293674.17    42.8985610008    4    0.0284    0.1136    42.9269610008    1.5    2
532    1562293631.38    1562293674.26    42.8790040016    64    0.9575    61.28    43.8365040016    4.03670634921    6
533    1562293631.7    1562293675.4    43.6981780529    256    0.0198    5.0688    43.7179780529    5.28725490196    8
534    1562293631.77    1562293675.4    43.6311750412    4    1.1322    4.5288    44.7633750412    1.5    2
535    1562293631.83    1562293675.48    43.6547348499    64    0.6958    44.5312    44.3505348499    4.15972222222    6
536    1562293631.98    1562293675.49    43.50654006    16    0.0099    0.1584    43.51644006    2.58333333333    4
537    1562293632.54    1562293676.63    44.0927250385    256    0.7774    199.0144    44.8701250385    5.07634803922    8
538    1562293633.14    1562293676.7    43.561342001    64    0.1865    11.936    43.747842001    4.00148809524    6
539    1562293633.57    1562293676.77    43.2021989822    64    0.0254    1.6256    43.2275989822    4.19642857143    6
540    1562293633.76    1562293676.77    43.0171251297    4    0.0059    0.0236    43.0230251297    1.5    2
541    1562293633.85    1562293676.77    42.9257390499    4    0.0284    0.1136    42.9541390499    1.5    2
542    1562293634.03    1562293676.85    42.820540905    64    0.4299    27.5136    43.250440905    4.15972222222    6
543    1562293634.28    1562293677.98    43.7031979561    256    0.4475    114.56    44.1506979561    5.32199754902    8
544    1562293634.54    1562293679.04    44.5012309551    256    0.7774    199.0144    45.2786309551    5.11256127451    8
545    1562293634.63    1562293680.13    45.4999420643    256    0.0057    1.4592    45.5056420643    5.25168504902    8
546    1562293634.83    1562293680.14    45.3081159592    16    0.7709    12.3344    46.0790159592    2.58333333333    4
547    1562293635.29    1562293680.14    44.8527269363    16    0.0296    0.4736    44.8823269363    2.58333333333    4
548    1562293635.73    1562293681.24    45.5163149834    256    0.0057    1.4592    45.5220149834    5.02821691176    7
549    1562293635.85    1562293682.42    46.5741400719    256    0.8087    207.0272    47.3828400719    5.10805759804    8
550    1562293636.05    1562293682.42    46.3697981834    4    0.0834    0.3336    46.4531981834    1.5    2
551    1562293636.1    1562293683.51    47.4107060432    256    0.0057    1.4592    47.4164060432    5.19549632353    8
552    1562293636.71    1562293683.51    46.8025920391    4    0.0834    0.3336    46.8859920391    1.5    2
553    1562293637.1    1562293683.52    46.4187259674    16    0.7709    12.3344    47.1896259674    2.63333333333    4
554    1562293637.3    1562293683.6    46.3054850101    64    0.0056    0.3584    46.3110850101    4.18799603175    6
555    1562293637.41    1562293683.61    46.197783947    16    0.0432    0.6912    46.240983947    2.58333333333    4
556    1562293637.51    1562293683.61    46.1001121998    16    0.8867    14.1872    46.9868121998    2.58333333333    4
557    1562293637.6    1562293683.61    46.0143949986    4    1.1322    4.5288    47.1465949986    1.5    2
558    1562293637.87    1562293683.69    45.817168951    64    0.1865    11.936    46.003668951    4.00992063492    6
559    1562293638.13    1562293683.69    45.5628960133    4    1.1322    4.5288    46.6950960133    1.5    2
560    1562293638.2    1562293683.69    45.4913339615    4    0.0284    0.1136    45.5197339615    1.5    2
561    1562293638.27    1562293683.7    45.4285519123    16    0.7709    12.3344    46.1994519123    2.58333333333    4
562    1562293638.36    1562293683.7    45.342069149    4    0.5984    2.3936    45.940469149    1.5    2
563    1562293638.48    1562293683.7    45.2167301178    4    0.0526    0.2104    45.2693301178    1.5    2
564    1562293638.67    1562293683.7    45.0293838978    4    0.0284    0.1136    45.0577838978    1.5    2
565    1562293639.36    1562293683.78    44.4225258827    64    0.0056    0.3584    44.4281258827    3.98313492063    6
566    1562293639.57    1562293683.86    44.2902219296    64    0.0247    1.5808    44.3149219296    3.93898809524    6
567    1562293639.96    1562293683.87    43.9031960964    4    0.6477    2.5908    44.5508960964    1.5    2
568    1562293640.01    1562293683.87    43.8585197926    4    0.0284    0.1136    43.8869197926    1.5    2
569    1562293640.55    1562293683.87    43.3137328625    4    0.0284    0.1136    43.3421328625    1.5    2
570    1562293640.69    1562293685.1    44.4049260616    256    0.4475    114.56    44.8524260616    5.07965686275    8
571    1562293640.8    1562293685.1    44.3038749695    16    0.03    0.48    44.3338749695    2.58333333333    4
572    1562293641.34    1562293685.11    43.7679951191    4    0.0526    0.2104    43.8205951191    1.5    2
573    1562293641.44    1562293685.11    43.6734480858    16    0.4263    6.8208    44.0997480858    2.56666666667    4
574    1562293641.97    1562293685.11    43.1422479153    4    0.0059    0.0236    43.1481479153    1.5    2
575    1562293642.26    1562293685.19    42.9330470562    64    0.1872    11.9808    43.1202470562    4.18154761905    6
576    1562293642.34    1562293686.37    44.0288710594    256    0.0198    5.0688    44.0486710594    5.25640318627    8
577    1562293642.53    1562293686.38    43.8475670815    16    0.4263    6.8208    44.2738670815    2.56666666667    4
578    1562293642.61    1562293686.38    43.7746989727    16    0.0099    0.1584    43.7845989727    2.58333333333    4
579    1562293642.96    1562293686.39    43.430218935    16    0.0099    0.1584    43.440118935    2.48333333333    4
580    1562293643.08    1562293686.39    43.3171319962    16    0.8867    14.1872    44.2038319962    2.56666666667    4
581    1562293643.18    1562293686.4    43.2161409855    16    0.0099    0.1584    43.2260409855    2.48333333333    4
582    1562293643.66    1562293686.41    42.7458598614    16    0.03    0.48    42.7758598614    2.58333333333    4
583    1562293643.81    1562293687.6    43.7943270206    256    0.0057    1.4592    43.8000270206    5.09767156863    8
584    1562293643.98    1562293687.68    43.702931881    64    0.0247    1.5808    43.727631881    4.00148809524    6
585    1562293644.09    1562293687.68    43.5936770439    4    1.1322    4.5288    44.7258770439    1.5    2
586    1562293644.33    1562293687.68    43.3581581116    16    0.0432    0.6912    43.4013581116    2.48333333333    4
587    1562293644.6    1562293688.91    44.3049530983    256    0.0198    5.0688    44.3247530983    5.08385416667    7
588    1562293644.71    1562293688.92    44.2057511806    16    0.0099    0.1584    44.2156511806    2.58333333333    4
589    1562293644.79    1562293690.06    45.2628312111    256    0.6811    174.3616    45.9439312111    5.11706495098    8
590    1562293645.2    1562293691.14    45.9364111423    256    0.4475    114.56    46.3839111423    5.11776960784    8
591    1562293645.37    1562293691.15    45.7748858929    16    0.4263    6.8208    46.2011858929    2.65    4
592    1562293645.64    1562293692.3    46.6609141827    256    0.4475    114.56    47.1084141827    5.03514093137    8
593    1562293645.86    1562293692.37    46.5100209713    64    0.4242    27.1488    46.9342209713    4.07936507937    6
594    1562293646.03    1562293693.55    47.5171740055    256    0.4475    114.56    47.9646740055    5.08918504902    8
595    1562293646.11    1562293693.56    47.4523420334    16    0.0099    0.1584    47.4622420334    2.58333333333    4
596    1562293646.44    1562293693.64    47.1989810467    64    0.0131    0.8384    47.2120810467    3.90476190476    6
597    1562293646.62    1562293693.64    47.0236070156    16    0.8867    14.1872    47.9103070156    2.58333333333    4
598    1562293646.9    1562293694.87    47.9705860615    256    0.0198    5.0688    47.9903860615    5.30790441176    8
599    1562293647.23    1562293694.96    47.7274639606    64    0.6958    44.5312    48.4232639606    4.19990079365    6
600    1562293647.74    1562293695.99    48.2486970425    256    0.7774    199.0144    49.0260970425    5.01994485294    7
601    1562293647.87    1562293695.99    48.1270461082    16    0.0432    0.6912    48.1702461082    2.58333333333    4
602    1562293648.09    1562293696.08    47.9823191166    64    0.0247    1.5808    48.0070191166    4.06051587302    6
603    1562293648.14    1562293696.08    47.9408419132    4    0.0059    0.0236    47.9467419132    1.5    2
604    1562293648.32    1562293696.08    47.7580289841    16    0.0296    0.4736    47.7876289841    2.65    4
605    1562293648.82    1562293697.18    48.3589692116    256    0.789    201.984    49.1479692116    5.44298406863    9
606    1562293648.96    1562293697.24    48.2763659954    64    0.9575    61.28    49.2338659954    3.96825396825    6
607    1562293649.03    1562293697.3    48.2661778927    64    0.4299    27.5136    48.6960778927    4.13591269841    6
608    1562293649.15    1562293697.31    48.1523809433    16    0.0432    0.6912    48.1955809433    2.65    4
609    1562293649.29    1562293697.31    48.0172748566    4    0.5984    2.3936    48.6156748566    1.5    2
610    1562293649.47    1562293697.38    47.9163408279    64    0.0135    0.864    47.9298408279    4.20833333333    6
611    1562293649.63    1562293697.38    47.7577519417    4    0.6477    2.5908    48.4054519417    1.5    2
612    1562293649.82    1562293697.38    47.5688438416    4    1.1322    4.5288    48.7010438416    1.5    2
613    1562293650.0    1562293698.67    48.6678190231    256    0.0058    1.4848    48.6736190231    5.59552696078    9
614    1562293650.21    1562293698.67    48.4655299187    16    0.0099    0.1584    48.4754299187    2.58333333333    4
615    1562293650.37    1562293698.68    48.314966917    16    0.0099    0.1584    48.324866917    2.61666666667    4
616    1562293650.53    1562293698.69    48.160848856    16    0.03    0.48    48.190848856    2.48333333333    4
617    1562293650.59    1562293698.69    48.097602129    4    0.0526    0.2104    48.150202129    1.5    2
618    1562293650.8    1562293698.69    47.8862059116    4    0.0284    0.1136    47.9146059116    1.5    2
619    1562293651.14    1562293698.69    47.5458528996    4    0.5984    2.3936    48.1442528996    1.5    2
620    1562293651.37    1562293698.77    47.4074420929    64    0.9575    61.28    48.3649420929    3.80505952381    6
621    1562293651.76    1562293699.87    48.102766037    256    0.7774    199.0144    48.880166037    5.00802696078    8
622    1562293651.84    1562293699.94    48.1041529179    64    0.0247    1.5808    48.1288529179    4.03521825397    6
623    1562293651.88    1562293699.94    48.0612380505    4    0.0284    0.1136    48.0896380505    1.5    2
624    1562293651.96    1562293701.11    49.1471328735    256    0.7774    199.0144    49.9245328735    5.19154411765    8
625    1562293652.0    1562293702.21    50.2061390877    256    0.6811    174.3616    50.8872390877    4.95291053922    7
626    1562293652.01    1562293702.21    50.2017469406    4    1.1322    4.5288    51.3339469406    1.5    2
627    1562293652.18    1562293702.28    50.0975000858    64    0.4242    27.1488    50.5217000858    3.93501984127    6
628    1562293652.26    1562293702.28    50.02039814    4    0.6477    2.5908    50.66809814    1.5    2
629    1562293652.3    1562293702.28    49.9840731621    16    0.7709    12.3344    50.7549731621    2.68333333333    4
630    1562293652.44    1562293702.28    49.8468060493    4    1.1322    4.5288    50.9790060493    1.5    2
631    1562293652.49    1562293703.53    51.0473208427    256    0.0057    1.4592    51.0530208427    5.27015931373    8
632    1562293652.53    1562293703.54    51.007363081    4    0.0834    0.3336    51.090763081    1.5    2
633    1562293652.8    1562293703.61    50.8166379929    64    0.0131    0.8384    50.8297379929    3.88839285714    6
634    1562293653.21    1562293703.69    50.4790809155    64    0.4242    27.1488    50.9032809155    3.98462301587    6
635    1562293653.5    1562293703.77    50.2673180103    64    0.4242    27.1488    50.6915180103    3.90575396825    6
636    1562293654.31    1562293704.87    50.5622868538    256    0.8087    207.0272    51.3709868538    4.99813112745    8
637    1562293654.89    1562293705.94    51.044107914    256    0.6811    174.3616    51.725207914    4.97696078431    8
638    1562293655.13    1562293707.05    51.9188120365    256    0.6811    174.3616    52.5999120365    4.99246323529    8
639    1562293655.71    1562293707.13    51.41345191    64    0.4242    27.1488    51.83765191    3.8878968254    6
640    1562293655.8    1562293707.13    51.3277711868    16    0.0099    0.1584    51.3376711868    2.58333333333    4
641    1562293655.84    1562293707.21    51.3714189529    64    0.0056    0.3584    51.3770189529    4.19047619048    6
642    1562293655.93    1562293707.21    51.2840960026    4    0.0834    0.3336    51.3674960026    1.5    2
643    1562293655.98    1562293708.42    52.4353981018    256    0.8114    207.7184    53.2467981018    5.60091911765    9
644    1562293656.19    1562293709.45    53.2581369877    256    0.6811    174.3616    53.9392369877    5.16446078431    8
645    1562293656.42    1562293709.46    53.0368430614    16    0.7709    12.3344    53.8077430614    2.58333333333    4
646    1562293656.54    1562293709.47    52.9243209362    16    0.03    0.48    52.9543209362    2.65    4
647    1562293656.71    1562293710.56    53.8483548164    256    0.8087    207.0272    54.6570548164    5.07858455882    8
648    1562293656.89    1562293710.64    53.7484769821    64    0.4242    27.1488    54.1726769821    3.8878968254    6
649    1562293656.97    1562293711.76    54.7941188812    256    0.0198    5.0688    54.8139188812    5.32830882353    8
650    1562293657.07    1562293711.84    54.7715609074    64    0.0131    0.8384    54.7846609074    3.8878968254    6
651    1562293657.2    1562293711.92    54.7232971191    64    0.9575    61.28    55.6807971191    3.96478174603    6
652    1562293657.29    1562293711.99    54.7016820908    64    0.0056    0.3584    54.7072820908    3.8878968254    6
653    1562293657.33    1562293712.0    54.6702859402    16    0.03    0.48    54.7002859402    2.55833333333    4
654    1562293657.46    1562293712.0    54.5448451042    4    0.0526    0.2104    54.5974451042    1.5    2
655    1562293657.57    1562293712.0    54.4333639145    4    0.0284    0.1136    54.4617639145    1.5    2
656    1562293657.84    1562293713.13    55.2924818993    256    0.4475    114.56    55.7399818993    5.07071078431    8
657    1562293658.19    1562293713.21    55.0207622051    64    0.9575    61.28    55.9782622051    3.96478174603    6
658    1562293658.26    1562293713.21    54.9482119083    16    0.4263    6.8208    55.3745119083    2.48333333333    4
659    1562293658.55    1562293713.28    54.7238690853    64    0.6889    44.0896    55.4127690853    4.06051587302    6
660    1562293658.83    1562293714.48    55.6472899914    256    0.0198    5.0688    55.6670899914    5.41360294118    8
661    1562293659.03    1562293714.48    55.4433410168    4    0.0284    0.1136    55.4717410168    1.5    2
662    1562293659.09    1562293714.48    55.3891329765    4    0.0059    0.0236    55.3950329765    1.5    2
663    1562293659.39    1562293715.63    56.2382149696    256    0.8087    207.0272    57.0469149696    5.18572303922    8
664    1562293659.55    1562293715.64    56.0844740868    16    0.0432    0.6912    56.1276740868    2.63333333333    4
665    1562293659.88    1562293715.64    55.7630040646    4    0.5984    2.3936    56.3614040646    1.5    2
666    1562293660.31    1562293716.79    56.4796731472    256    0.8087    207.0272    57.2883731472    5.16534926471    8
667    1562293660.52    1562293716.79    56.2759840488    4    0.0284    0.1136    56.3043840488    1.5    2
668    1562293660.94    1562293716.79    55.8535261154    4    0.0526    0.2104    55.9061261154    1.5    2
669    1562293661.36    1562293716.87    55.5111439228    64    0.0056    0.3584    55.5167439228    4.0    6
670    1562293661.77    1562293718.09    56.3193860054    256    0.6811    174.3616    57.0004860054    5.22864583333    8
671    1562293662.14    1562293718.15    56.0180170536    64    0.4242    27.1488    56.4422170536    3.94841269841    6
672    1562293662.3    1562293718.16    55.8578920364    16    0.8867    14.1872    56.7445920364    2.58333333333    4
673    1562293662.45    1562293718.22    55.773195982    64    0.0056    0.3584    55.778795982    4.00595238095    6
674    1562293662.59    1562293719.42    56.8278989792    256    0.0057    1.4592    56.8335989792    5.24920343137    8
675    1562293663.07    1562293720.57    57.5007190704    256    0.0198    5.0688    57.5205190704    4.98642769608    8
676    1562293663.1    1562293720.57    57.4758419991    4    0.0526    0.2104    57.5284419991    1.5    2
677    1562293663.16    1562293721.73    58.5731861591    256    0.0198    5.0688    58.5929861591    5.10003063725    8
678    1562293663.57    1562293722.77    59.2016918659    256    0.0057    1.4592    59.2073918659    4.98477328431    8
679    1562293664.39    1562293722.85    58.464993    64    0.9575    61.28    59.422493    4.02331349206    6
680    1562293664.45    1562293722.86    58.4093561172    16    0.0432    0.6912    58.4525561172    2.58333333333    4
681    1562293664.5    1562293723.9    59.3927519321    256    0.4475    114.56    59.8402519321    5.03134191176    8
682    1562293664.55    1562293723.91    59.3580210209    16    0.0432    0.6912    59.4012210209    2.58333333333    4
683    1562293664.65    1562293723.98    59.3332118988    64    0.0056    0.3584    59.3388118988    3.99206349206    6
684    1562293664.92    1562293724.06    59.1400089264    64    0.4242    27.1488    59.5642089264    4.07936507937    6
685    1562293664.95    1562293724.07    59.1230847836    16    0.8867    14.1872    60.0097847836    2.58333333333    4
686    1562293665.34    1562293724.14    58.7969498634    64    0.0131    0.8384    58.8100498634    4.0064484127    6
687    1562293665.44    1562293724.22    58.7813601494    64    0.6958    44.5312    59.4771601494    4.38095238095    6
688    1562293665.54    1562293724.22    58.6817150116    4    0.0059    0.0236    58.6876150116    1.5    2
689    1562293665.6    1562293724.22    58.6182129383    4    1.1322    4.5288    59.7504129383    1.5    2
690    1562293665.82    1562293724.3    58.4796159267    64    0.0254    1.6256    58.5050159267    4.26488095238    6
691    1562293665.9    1562293725.5    59.5968418121    256    0.4475    114.56    60.0443418121    5.37591911765    8
692    1562293666.21    1562293726.52    60.3140821457    256    0.7774    199.0144    61.0914821457    5.1078125    8
693    1562293666.52    1562293726.59    60.0722751617    64    0.9575    61.28    61.0297751617    4.02380952381    6
694    1562293666.68    1562293726.59    59.9107589722    4    0.0059    0.0236    59.9166589722    1.5    2
695    1562293666.74    1562293726.6    59.857047081    16    0.0296    0.4736    59.886647081    2.60833333333    4
696    1562293666.85    1562293726.61    59.7522070408    16    0.7709    12.3344    60.5231070408    2.7    4
697    1562293666.93    1562293727.87    60.9378600121    256    0.8087    207.0272    61.7465600121    5.19191176471    8
698    1562293666.99    1562293727.88    60.8895020485    16    0.7709    12.3344    61.6604020485    2.58333333333    4
699    1562293667.42    1562293727.88    60.4566149712    16    0.0296    0.4736    60.4862149712    2.48333333333    4

dispatched jobs are: 700 out of 700
average queue time is: 29.7990731345
fso links are used for 0 times
overall utilization is 0.1077216026541
average response time is 30.1644994202
average weighted response time is 31.46548181332215
average slowdown is 44.67958722286594
cpu_request: 56296, cpu_run: 56296
ssd_request: 26518, ssd_run: 0
gpu_request: 27175, gpu_run: 0
cpu aspl: 3.2427254506
cpu diameter: 4.86285714286
job x: 0.0
job y: 0.0
job z: 0.0
