#timestep  occupied-CPU  total-CPU  utilization  queuingjobs
1    0    1024    0.0    1
2    80    1024    0.078125    1
3    0    1024    0.0    5
4    256    1024    0.25    8
5    0    1024    0.0    10
6    0    1024    0.0    13
7    129    1024    0.1259765625    18
8    0    1024    0.0    22
9    299    1024    0.2919921875    15
10    0    1024    0.0    20
11    53    1024    0.0517578125    19
12    4    1024    0.00390625    15
13    186    1024    0.181640625    2
14    0    1024    0.0    6
15    256    1024    0.25    10
16    0    1024    0.0    13
17    292    1024    0.28515625    10
18    0    1024    0.0    15
19    272    1024    0.265625    18
20    0    1024    0.0    24
21    256    1024    0.25    24
22    0    1024    0.0    28
23    307    1024    0.2998046875    23
24    0    1024    0.0    26
25    272    1024    0.265625    27
26    0    1024    0.0    30
27    352    1024    0.34375    26
28    0    1024    0.0    31
29    256    1024    0.25    34
30    0    1024    0.0    38
31    0    1024    0.0    37
32    320    1024    0.3125    39
33    0    1024    0.0    43
34    260    1024    0.25390625    44
35    0    1024    0.0    47
36    172    1024    0.16796875    47
37    0    1024    0.0    49
38    0    1024    0.0    51
39    0    1024    0.0    54
40    0    1024    0.0    57
41    272    1024    0.265625    59
42    0    1024    0.0    63
43    244    1024    0.23828125    65
44    4    1024    0.00390625    67
45    197    1024    0.1923828125    71
46    0    1024    0.0    77
47    0    1024    0.0    76
48    272    1024    0.265625    74
49    0    1024    0.0    77
50    0    1024    0.0    81
51    0    1024    0.0    83
52    0    1024    0.0    86
53    96    1024    0.09375    83
54    269    1024    0.2626953125    86
55    0    1024    0.0    89
56    93    1024    0.0908203125    84
57    0    1024    0.0    87
58    58    1024    0.056640625    85
59    112    1024    0.109375    83
60    0    1024    0.0    88
61    256    1024    0.25    88
62    0    1024    0.0    91
63    424    1024    0.4140625    79
64    213    1024    0.2080078125    83
65    82    1024    0.080078125    87
66    0    1024    0.0    91
67    241    1024    0.2353515625    93
68    0    1024    0.0    98
69    233    1024    0.2275390625    99
70    0    1024    0.0    103
71    4    1024    0.00390625    103
72    64    1024    0.0625    104
73    0    1024    0.0    107
74    214    1024    0.208984375    105
75    0    1024    0.0    108
76    324    1024    0.31640625    108
77    0    1024    0.0    114
78    211    1024    0.2060546875    117
79    0    1024    0.0    118
80    0    1024    0.0    121
81    80    1024    0.078125    122
82    0    1024    0.0    127
83    256    1024    0.25    126
84    0    1024    0.0    130
85    0    1024    0.0    132
86    256    1024    0.25    136
87    0    1024    0.0    141
88    0    1024    0.0    144
89    336    1024    0.328125    141
90    0    1024    0.0    145
91    256    1024    0.25    143
92    0    1024    0.0    147
93    202    1024    0.197265625    150
94    0    1024    0.0    153
95    0    1024    0.0    157
96    256    1024    0.25    157
97    256    1024    0.25    157
98    0    1024    0.0    160
99    0    1024    0.0    161
100    320    1024    0.3125    162
101    235    1024    0.2294921875    164
102    0    1024    0.0    168
103    174    1024    0.169921875    171
104    0    1024    0.0    172
105    395    1024    0.3857421875    166
106    194    1024    0.189453125    171
107    0    1024    0.0    175
108    177    1024    0.1728515625    174
109    0    1024    0.0    177
110    256    1024    0.25    178
111    0    1024    0.0    181
112    28    1024    0.02734375    177
113    0    1024    0.0    180
114    30    1024    0.029296875    179
115    0    1024    0.0    185
116    0    1024    0.0    189
117    301    1024    0.2939453125    187
118    0    1024    0.0    190
119    328    1024    0.3203125    187
120    0    1024    0.0    191
121    178    1024    0.173828125    188
122    0    1024    0.0    193
123    25    1024    0.0244140625    194
124    0    1024    0.0    197
125    210    1024    0.205078125    195
126    128    1024    0.125    197
127    0    1024    0.0    199
128    172    1024    0.16796875    200
129    0    1024    0.0    203
130    0    1024    0.0    204
131    320    1024    0.3125    204
132    207    1024    0.2021484375    202
133    0    1024    0.0    203
134    166    1024    0.162109375    203
135    0    1024    0.0    209
136    216    1024    0.2109375    210
137    0    1024    0.0    212
138    16    1024    0.015625    212
139    0    1024    0.0    214
140    156    1024    0.15234375    214
141    0    1024    0.0    217
142    256    1024    0.25    217
143    0    1024    0.0    221
144    256    1024    0.25    222
145    0    1024    0.0    224
146    0    1024    0.0    226
147    256    1024    0.25    228
148    0    1024    0.0    231
149    100    1024    0.09765625    229
150    344    1024    0.3359375    226
151    296    1024    0.2890625    216
152    98    1024    0.095703125    219
153    0    1024    0.0    223
154    299    1024    0.2919921875    216
155    5    1024    0.0048828125    221
156    0    1024    0.0    224
157    162    1024    0.158203125    225
158    0    1024    0.0    228
159    256    1024    0.25    229
160    0    1024    0.0    233
161    208    1024    0.203125    227
162    36    1024    0.03515625    231
163    0    1024    0.0    234
164    69    1024    0.0673828125    237
165    0    1024    0.0    241
166    0    1024    0.0    244
167    256    1024    0.25    246
168    0    1024    0.0    247
169    84    1024    0.08203125    241
170    0    1024    0.0    247
171    0    1024    0.0    249
172    245    1024    0.2392578125    251
173    0    1024    0.0    255
174    0    1024    0.0    258
175    157    1024    0.1533203125    260
176    0    1024    0.0    263
177    113    1024    0.1103515625    254
178    0    1024    0.0    260
179    0    1024    0.0    260
180    167    1024    0.1630859375    264
181    0    1024    0.0    267
182    0    1024    0.0    270
183    191    1024    0.1865234375    270
184    0    1024    0.0    271
185    256    1024    0.25    270
186    0    1024    0.0    270
187    73    1024    0.0712890625    269
188    0    1024    0.0    269
189    0    1024    0.0    268
190    202    1024    0.197265625    267
191    0    1024    0.0    267
192    0    1024    0.0    257
193    261    1024    0.2548828125    250
194    256    1024    0.25    250
195    146    1024    0.142578125    231
196    42    1024    0.041015625    231
197    12    1024    0.01171875    231
198    0    1024    0.0    229
199    116    1024    0.11328125    228
200    256    1024    0.25    227
201    0    1024    0.0    225
202    178    1024    0.173828125    224
203    0    1024    0.0    219
204    0    1024    0.0    215
205    145    1024    0.1416015625    214
206    0    1024    0.0    211
207    0    1024    0.0    210
208    133    1024    0.1298828125    207
209    256    1024    0.25    206
210    0    1024    0.0    202
211    292    1024    0.28515625    196
212    0    1024    0.0    196
213    237    1024    0.2314453125    187
214    0    1024    0.0    187
215    0    1024    0.0    185
216    0    1024    0.0    180
217    0    1024    0.0    179
218    131    1024    0.1279296875    178
219    0    1024    0.0    178
220    0    1024    0.0    175
221    30    1024    0.029296875    172
222    256    1024    0.25    171
223    10    1024    0.009765625    167
224    68    1024    0.06640625    163
225    0    1024    0.0    163
226    91    1024    0.0888671875    157
227    0    1024    0.0    157
228    0    1024    0.0    156
229    128    1024    0.125    155
230    256    1024    0.25    154
231    0    1024    0.0    152
232    0    1024    0.0    151
233    0    1024    0.0    149
234    38    1024    0.037109375    142
235    31    1024    0.0302734375    130
236    0    1024    0.0    130
237    226    1024    0.220703125    124
238    0    1024    0.0    124
239    0    1024    0.0    117
240    4    1024    0.00390625    113
241    201    1024    0.1962890625    111
242    0    1024    0.0    111
243    0    1024    0.0    110
244    232    1024    0.2265625    108
245    0    1024    0.0    108
246    247    1024    0.2412109375    106
247    129    1024    0.1259765625    106
248    256    1024    0.25    105
249    0    1024    0.0    102
250    64    1024    0.0625    100
251    190    1024    0.185546875    95
252    256    1024    0.25    94
253    202    1024    0.197265625    87
254    84    1024    0.08203125    87
255    132    1024    0.12890625    86
256    0    1024    0.0    79
257    268    1024    0.26171875    76
258    7    1024    0.0068359375    76
259    256    1024    0.25    75
260    19    1024    0.0185546875    75
261    126    1024    0.123046875    69
262    256    1024    0.25    68
263    31    1024    0.0302734375    64
264    0    1024    0.0    64
265    0    1024    0.0    63
266    94    1024    0.091796875    62
267    0    1024    0.0    62
268    0    1024    0.0    57
269    175    1024    0.1708984375    56
270    256    1024    0.25    55
271    128    1024    0.125    53
272    0    1024    0.0    53
273    181    1024    0.1767578125    51
274    0    1024    0.0    51
275    0    1024    0.0    44
276    256    1024    0.25    43
277    139    1024    0.1357421875    40
278    75    1024    0.0732421875    40
279    0    1024    0.0    40
280    0    1024    0.0    37
281    149    1024    0.1455078125    34
282    256    1024    0.25    33
283    142    1024    0.138671875    30
284    0    1024    0.0    30
285    0    1024    0.0    26
286    0    1024    0.0    25
287    0    1024    0.0    23
288    0    1024    0.0    23
289    0    1024    0.0    22
290    0    1024    0.0    19
291    360    1024    0.3515625    9
292    260    1024    0.25390625    9
293    0    1024    0.0    9
294    146    1024    0.142578125    8
295    0    1024    0.0    8
296    176    1024    0.171875    3
297    106    1024    0.103515625    3
298    0    1024    0.0    3

average cpu utilization is: 0.0913446413591
average ssd utilization is: 0.100307387794
average gpu utilization is: 0.100294279572
average utilization is: 0.0973154362416
average queuing jobs are: 133.657718121
maximum queuing jobs are: 271


#job_number  submit  dispatch  queue  cpu#  runtime  weight  response(turnaround)  cpu_aspl  cpu_diameter
0    1562292547.19    1562292551.53    4.33874106407    64    0.0234    1.4976    4.36214106407    3.96626984127    6
1    1562292551.82    1562292551.82    0.000259876251221    16    0.7616    12.1856    0.761859876251    2.58333333333    4
2    1562292551.88    1562292551.92    0.0389349460602    64    0.1855    11.872    0.22443494606    3.92113095238    6
3    1562292552.0    1562292552.01    0.0150201320648    64    0.9446    60.4544    0.959620132065    4.00297619048    6
4    1562292552.01    1562292552.02    0.00574707984924    16    0.8805    14.088    0.886247079849    2.58333333333    4
5    1562292552.36    1562292554.38    2.02393913269    256    0.6189    158.4384    2.64283913269    5.09301470588    7
6    1562292553.05    1562292556.44    3.38561010361    256    0.0177    4.5312    3.40331010361    5.078125    7
7    1562292553.15    1562292556.44    3.29177594185    4    0.5956    2.3824    3.88737594185    1.5    2
8    1562292553.68    1562292558.25    4.56873583794    256    0.0057    1.4592    4.57443583794    5.078125    7
9    1562292553.97    1562292559.97    5.99221301079    256    0.4221    108.0576    6.41431301079    5.078125    7
10    1562292554.14    1562292559.97    5.82556080818    4    0.0059    0.0236    5.83146080818    1.5    2
11    1562292554.36    1562292559.97    5.61444401741    16    0.4243    6.7888    6.03874401741    2.48333333333    4
12    1562292554.79    1562292559.97    5.18159103394    4    0.0522    0.2088    5.23379103394    1.5    2
13    1562292555.02    1562292560.05    5.02914714813    64    0.0125    0.8    5.04164714813    4.27976190476    6
14    1562292555.24    1562292560.05    4.80248498917    4    0.0522    0.2088    4.85468498917    1.5    2
15    1562292555.61    1562292560.05    4.44090199471    4    1.1283    4.5132    5.56920199471    1.5    2
16    1562292556.44    1562292560.13    3.69046902657    64    0.6779    43.3856    4.36836902657    4.2306547619    6
17    1562292556.53    1562292562.69    6.1635351181    256    0.0057    1.4592    6.1692351181    5.10447303922    7
18    1562292556.73    1562292562.69    5.95853209496    4    1.1283    4.5132    7.08683209496    1.5    2
19    1562292557.1    1562292562.69    5.59280705452    4    0.0059    0.0236    5.59870705452    1.5    2
20    1562292557.23    1562292562.78    5.54362893105    64    0.0125    0.8    5.55612893105    4.0689484127    6
21    1562292557.48    1562292562.78    5.30153799057    16    0.0098    0.1568    5.31133799057    2.58333333333    4
22    1562292557.62    1562292562.87    5.24577188492    64    0.1855    11.872    5.43127188492    3.91716269841    6
23    1562292558.08    1562292562.87    4.79719614983    16    0.0297    0.4752    4.82689614983    2.58333333333    4
24    1562292558.17    1562292562.94    4.76957702637    64    0.1855    11.872    4.95507702637    4.01388888889    6
25    1562292558.3    1562292562.95    4.64614605904    4    1.1283    4.5132    5.77444605904    1.5    2
26    1562292558.63    1562292562.95    4.31155514717    4    0.0284    0.1136    4.33995514717    1.5    2
27    1562292559.25    1562292562.95    3.70527505875    16    0.7616    12.1856    4.46687505875    2.58333333333    4
28    1562292559.36    1562292562.95    3.59429502487    4    0.6452    2.5808    4.23949502487    1.5    2
29    1562292559.57    1562292564.45    4.88478398323    256    0.0177    4.5312    4.90248398323    4.96262254902    7
30    1562292559.73    1562292564.46    4.72602701187    4    0.0059    0.0236    4.73192701187    1.5    2
31    1562292560.12    1562292564.54    4.41494894028    64    0.4167    26.6688    4.83164894028    4.05158730159    6
32    1562292560.78    1562292564.55    3.76524591446    16    0.4243    6.7888    4.18954591446    2.58333333333    4
33    1562292561.26    1562292564.55    3.28946900368    16    0.8805    14.088    4.16996900368    2.58333333333    4
34    1562292561.47    1562292564.62    3.15359306335    64    0.0055    0.352    3.15909306335    4.01091269841    6
35    1562292561.52    1562292564.63    3.10534214973    16    0.0297    0.4752    3.13504214973    2.58333333333    4
36    1562292561.82    1562292564.64    2.82045888901    16    0.8805    14.088    3.70095888901    2.58333333333    4
37    1562292561.96    1562292564.64    2.6799287796    4    0.0284    0.1136    2.7083287796    1.5    2
38    1562292562.38    1562292564.64    2.26534104347    16    0.0297    0.4752    2.29504104347    2.63333333333    4
39    1562292562.47    1562292564.64    2.1725730896    4    0.0832    0.3328    2.2557730896    1.5    2
40    1562292562.78    1562292564.73    1.94920802116    64    0.0055    0.352    1.95470802116    4.00892857143    6
41    1562292562.87    1562292564.73    1.85887289047    16    0.7616    12.1856    2.62047289047    2.58333333333    4
42    1562292563.63    1562292564.74    1.10822582245    16    0.0429    0.6864    1.15112582245    2.58333333333    4
43    1562292563.84    1562292564.74    0.903414011002    16    0.0429    0.6864    0.946314011002    2.63333333333    4
44    1562292564.02    1562292564.83    0.811603069305    64    0.9446    60.4544    1.75620306931    4.12599206349    6
45    1562292564.68    1562292567.04    2.36050200462    256    0.6189    158.4384    2.97940200462    5.09736519608    7
46    1562292565.11    1562292569.05    3.93144202232    256    0.7528    192.7168    4.68424202232    5.078125    7
47    1562292565.44    1562292569.05    3.6100320816    16    0.8805    14.088    4.4905320816    2.68333333333    4
48    1562292565.7    1562292569.06    3.35890698433    16    0.0297    0.4752    3.38860698433    2.48333333333    4
49    1562292565.81    1562292569.13    3.3140540123    64    0.0055    0.352    3.3195540123    4.12599206349    6
50    1562292566.01    1562292569.13    3.12029099464    4    0.0059    0.0236    3.12619099464    1.5    2
51    1562292566.18    1562292569.13    2.95551896095    16    0.8805    14.088    3.83601896095    2.58333333333    4
52    1562292566.38    1562292569.13    2.75313806534    4    0.5956    2.3824    3.34873806534    1.5    2
53    1562292566.5    1562292571.37    4.86853504181    256    0.7528    192.7168    5.62133504181    5.10447303922    7
54    1562292566.99    1562292571.38    4.38956212997    16    0.4243    6.7888    4.81386212997    2.68333333333    4
55    1562292567.36    1562292573.63    6.27139616013    256    0.8    204.8    7.07139616013    5.078125    7
56    1562292567.65    1562292575.83    8.18232512474    256    0.4221    108.0576    8.60442512474    5.078125    7
57    1562292567.81    1562292575.84    8.02617001534    16    0.8805    14.088    8.90667001534    2.68333333333    4
58    1562292568.15    1562292575.84    7.69710302353    16    0.4243    6.7888    8.12140302353    2.48333333333    4
59    1562292568.52    1562292575.84    7.32635402679    4    0.0284    0.1136    7.35475402679    1.5    2
60    1562292568.65    1562292575.84    7.19030404091    4    0.5956    2.3824    7.78590404091    1.5    2
61    1562292568.97    1562292575.85    6.88089609146    16    0.0285    0.456    6.90939609146    2.68333333333    4
62    1562292569.1    1562292575.85    6.75533795357    16    0.0285    0.456    6.78383795357    2.68333333333    4
63    1562292569.85    1562292575.86    6.00788593292    16    0.4243    6.7888    6.43218593292    2.55833333333    4
64    1562292569.99    1562292575.87    5.87338614464    16    0.0429    0.6864    5.91628614464    2.65    4
65    1562292570.13    1562292577.95    7.82060599327    256    0.6189    158.4384    8.43950599327    5.078125    7
66    1562292570.27    1562292577.96    7.69047307968    16    0.8805    14.088    8.57097307968    2.68333333333    4
67    1562292570.41    1562292580.43    10.0108110905    256    0.6189    158.4384    10.6297110905    5.09368872549    7
68    1562292570.6    1562292580.51    9.90533304214    64    0.0125    0.8    9.91783304214    4.30257936508    6
69    1562292571.03    1562292580.51    9.48064804077    16    0.4243    6.7888    9.90494804077    2.68333333333    4
70    1562292571.37    1562292580.52    9.14712500572    16    0.7616    12.1856    9.90872500572    2.56666666667    4
71    1562292571.66    1562292580.6    8.94248604774    64    0.6779    43.3856    9.62038604774    4.08581349206    6
72    1562292571.83    1562292580.6    8.76761388779    4    0.0284    0.1136    8.79601388779    1.5    2
73    1562292572.15    1562292580.6    8.45320510864    4    0.0522    0.2088    8.50540510864    1.5    2
74    1562292572.26    1562292580.6    8.34921598434    4    0.0522    0.2088    8.40141598434    1.5    2
75    1562292572.49    1562292582.51    10.0264680386    256    0.8    204.8    10.8264680386    5.078125    7
76    1562292572.66    1562292584.72    12.0586931705    256    0.0057    1.4592    12.0643931705    5.078125    7
77    1562292572.75    1562292584.79    12.0469388962    64    0.0055    0.352    12.0524388962    4.30257936508    6
78    1562292572.84    1562292584.87    12.0278041363    64    0.0055    0.352    12.0333041363    3.96626984127    6
79    1562292573.63    1562292584.87    11.2388341427    16    0.0285    0.456    11.2673341427    2.58333333333    4
80    1562292574.38    1562292584.95    10.5714039803    64    0.0125    0.8    10.5839039803    4.01091269841    6
81    1562292574.5    1562292586.16    11.652793169    256    0.7528    192.7168    12.405593169    5.11001838235    7
82    1562292574.99    1562292586.17    11.1715559959    16    0.0297    0.4752    11.2012559959    2.58333333333    4
83    1562292575.23    1562292586.24    11.0122888088    64    0.6779    43.3856    11.6901888088    4.30902777778    6
84    1562292575.8    1562292588.86    13.0607590675    256    0.4221    108.0576    13.4828590675    5.078125    7
85    1562292575.83    1562292588.87    13.035091877    4    0.5956    2.3824    13.630691877    1.5    2
86    1562292576.17    1562292588.87    12.6949801445    4    0.0832    0.3328    12.7781801445    1.5    2
87    1562292576.33    1562292590.96    14.6291730404    256    0.4221    108.0576    15.0512730404    5.078125    7
88    1562292576.75    1562292590.96    14.2117578983    4    0.0832    0.3328    14.2949578983    1.5    2
89    1562292577.12    1562292590.96    13.8409349918    16    0.0098    0.1568    13.8507349918    2.48333333333    4
90    1562292577.3    1562292592.88    15.5730290413    256    0.7528    192.7168    16.3258290413    5.078125    7
91    1562292577.89    1562292594.9    17.0119419098    256    0.6189    158.4384    17.6308419098    5.09874387255    7
92    1562292577.95    1562292596.75    18.7983789444    256    0.6189    158.4384    19.4172789444    5.078125    7
93    1562292578.56    1562292596.75    18.1946220398    16    0.4243    6.7888    18.6189220398    2.68333333333    4
94    1562292578.93    1562292599.05    20.1251959801    256    0.0057    1.4592    20.1308959801    5.078125    7
95    1562292579.08    1562292599.05    19.9771399498    4    1.1283    4.5132    21.1054399498    1.5    2
96    1562292579.6    1562292599.07    19.4682490826    16    0.7616    12.1856    20.2298490826    2.48333333333    4
97    1562292579.92    1562292599.07    19.1497600079    16    0.0285    0.456    19.1782600079    2.58333333333    4
98    1562292580.17    1562292599.07    18.9004969597    4    0.0832    0.3328    18.9836969597    1.5    2
99    1562292580.43    1562292599.07    18.6483428478    4    0.5956    2.3824    19.2439428478    1.5    2
100    1562292580.75    1562292600.39    19.6474261284    256    0.8    204.8    20.4474261284    4.99509803922    7
101    1562292580.97    1562292600.4    19.4320092201    16    0.0098    0.1568    19.4418092201    2.58333333333    4
102    1562292581.22    1562292602.95    21.7247729301    256    0.0057    1.4592    21.7304729301    5.078125    7
103    1562292581.39    1562292603.02    21.6324930191    64    0.0234    1.4976    21.6558930191    4.30257936508    6
104    1562292581.79    1562292603.03    21.2340958118    4    0.0284    0.1136    21.2624958118    1.5    2
105    1562292582.01    1562292603.03    21.024009943    16    0.4243    6.7888    21.448309943    2.58333333333    4
106    1562292582.23    1562292604.33    22.0945160389    256    0.6189    158.4384    22.7134160389    5.10566789216    7
107    1562292582.49    1562292604.33    21.8478729725    16    0.0297    0.4752    21.8775729725    2.58333333333    4
108    1562292583.09    1562292604.34    21.2546870708    16    0.7616    12.1856    22.0162870708    2.58333333333    4
109    1562292583.34    1562292604.34    21.0021140575    4    0.0284    0.1136    21.0305140575    1.5    2
110    1562292583.49    1562292604.34    20.8547589779    4    0.0059    0.0236    20.8606589779    1.5    2
111    1562292584.02    1562292604.35    20.3245019913    16    0.0098    0.1568    20.3343019913    2.65    4
112    1562292584.28    1562292606.85    22.5757660866    256    0.8    204.8    23.3757660866    5.078125    7
113    1562292584.32    1562292609.12    24.8035991192    256    0.0057    1.4592    24.8092991192    5.078125    7
114    1562292584.72    1562292609.21    24.493224144    64    0.9446    60.4544    25.437824144    4.30257936508    6
115    1562292584.92    1562292609.21    24.284799099    4    0.0284    0.1136    24.313199099    1.5    2
116    1562292585.25    1562292609.21    23.9659349918    16    0.8805    14.088    24.8464349918    2.58333333333    4
117    1562292585.47    1562292609.22    23.7485790253    16    0.4243    6.7888    24.1728790253    2.65    4
118    1562292585.72    1562292609.22    23.4976680279    4    0.6452    2.5808    24.1428680279    1.5    2
119    1562292586.17    1562292609.3    23.1329901218    64    0.1855    11.872    23.3184901218    3.99305555556    6
120    1562292586.21    1562292609.3    23.0927040577    4    0.0059    0.0236    23.0986040577    1.5    2
121    1562292586.51    1562292609.3    22.7925739288    16    0.0285    0.456    22.8210739288    2.575    4
122    1562292586.91    1562292609.31    22.4055650234    16    0.8805    14.088    23.2860650234    2.58333333333    4
123    1562292587.41    1562292610.87    23.4611029625    256    0.6189    158.4384    24.0800029625    5.09785539216    7
124    1562292587.5    1562292610.95    23.4483430386    64    0.0234    1.4976    23.4717430386    4.02529761905    6
125    1562292587.81    1562292612.89    25.0841579437    256    0.0177    4.5312    25.1018579437    5.078125    7
126    1562292587.95    1562292612.9    24.9455420971    4    0.6452    2.5808    25.5907420971    1.5    2
127    1562292588.13    1562292612.9    24.7733108997    16    0.0285    0.456    24.8018108997    2.48333333333    4
128    1562292588.39    1562292612.98    24.5940330029    64    0.4167    26.6688    25.0107330029    4.14285714286    6
129    1562292588.82    1562292612.99    24.1660580635    4    0.0832    0.3328    24.2492580635    1.5    2
130    1562292588.99    1562292613.06    24.0741689205    64    0.0234    1.4976    24.0975689205    3.92609126984    6
131    1562292589.65    1562292613.07    23.4178879261    4    0.0059    0.0236    23.4237879261    1.5    2
132    1562292589.81    1562292613.07    23.2584791183    16    0.8805    14.088    24.1389791183    2.64166666667    4
133    1562292590.3    1562292613.08    22.779006958    16    0.7616    12.1856    23.540606958    2.66666666667    4
134    1562292590.96    1562292613.16    22.2049081326    64    0.4167    26.6688    22.6216081326    4.12748015873    6
135    1562292591.11    1562292614.94    23.8293409348    256    0.8    204.8    24.6293409348    5.08033088235    7
136    1562292591.69    1562292614.94    23.2525069714    4    0.0059    0.0236    23.2584069714    1.5    2
137    1562292591.99    1562292614.94    22.9502570629    4    1.1283    4.5132    24.0785570629    1.5    2
138    1562292592.62    1562292615.02    22.3987381458    64    0.0125    0.8    22.4112381458    4.1130952381    6
139    1562292593.11    1562292615.11    22.0049889088    64    0.1855    11.872    22.1904889088    4.2316468254    6
140    1562292593.59    1562292615.12    21.5255479813    16    0.0429    0.6864    21.5684479813    2.58333333333    4
141    1562292593.83    1562292615.19    21.3611459732    64    0.0055    0.352    21.3666459732    4.23363095238    6
142    1562292594.34    1562292615.28    20.9333379269    64    0.0055    0.352    20.9388379269    4.12996031746    6
143    1562292594.82    1562292616.56    21.7430300713    256    0.0177    4.5312    21.7607300713    5.50214460784    7
144    1562292594.9    1562292616.57    21.6688220501    16    0.8805    14.088    22.5493220501    2.65    4
145    1562292595.05    1562292616.65    21.6082830429    64    0.9446    60.4544    22.5528830429    4.02380952381    6
146    1562292595.43    1562292616.72    21.2877287865    64    0.0234    1.4976    21.3111287865    4.01884920635    6
147    1562292595.7    1562292616.73    21.0305571556    16    0.4243    6.7888    21.4548571556    2.58333333333    4
148    1562292595.92    1562292616.73    20.8171849251    16    0.7616    12.1856    21.5787849251    2.56666666667    4
149    1562292596.16    1562292618.95    22.7959680557    256    0.4221    108.0576    23.2180680557    5.078125    7
150    1562292596.49    1562292618.96    22.4652431011    4    0.0284    0.1136    22.4936431011    1.5    2
151    1562292596.73    1562292618.96    22.223429203    4    0.0522    0.2088    22.275629203    1.5    2
152    1562292596.89    1562292620.88    23.9933748245    256    0.4221    108.0576    24.4154748245    5.078125    7
153    1562292597.13    1562292620.95    23.8181171417    64    0.9446    60.4544    24.7627171417    4.30257936508    6
154    1562292597.49    1562292620.95    23.4589231014    4    0.6452    2.5808    24.1041231014    1.5    2
155    1562292597.71    1562292620.95    23.2464439869    4    0.5956    2.3824    23.8420439869    1.5    2
156    1562292598.01    1562292620.96    22.9525160789    16    0.4243    6.7888    23.3768160789    2.68333333333    4
157    1562292598.25    1562292620.96    22.7112710476    4    0.0059    0.0236    22.7171710476    1.5    2
158    1562292598.64    1562292620.96    22.3167681694    4    0.5956    2.3824    22.9123681694    1.5    2
159    1562292598.78    1562292620.97    22.1909811497    16    0.0297    0.4752    22.2206811497    2.68333333333    4
160    1562292599.04    1562292620.97    21.9304180145    4    0.0522    0.2088    21.9826180145    1.5    2
161    1562292599.24    1562292621.04    21.8046858311    64    0.1855    11.872    21.9901858311    4.19146825397    6
162    1562292599.34    1562292621.05    21.7029631138    4    0.5956    2.3824    22.2985631138    1.5    2
163    1562292599.62    1562292621.05    21.4271569252    4    0.0522    0.2088    21.4793569252    1.5    2
164    1562292599.82    1562292621.05    21.2307870388    16    0.0098    0.1568    21.2405870388    2.58333333333    4
165    1562292600.04    1562292621.13    21.086796999    64    0.0125    0.8    21.099296999    4.29910714286    6
166    1562292600.19    1562292621.13    20.9429719448    4    0.5956    2.3824    21.5385719448    1.5    2
167    1562292600.4    1562292621.13    20.7347822189    4    0.6452    2.5808    21.3799822189    1.33333333333    2
168    1562292600.51    1562292621.22    20.7100870609    64    0.4167    26.6688    21.1267870609    4.32142857143    6
169    1562292600.73    1562292625.06    24.3238959312    256    0.8    204.8    25.1238959312    5.078125    7
170    1562292601.04    1562292625.06    24.0242681503    16    0.0429    0.6864    24.0671681503    2.68333333333    4
171    1562292601.42    1562292627.26    25.8397130966    256    0.7528    192.7168    26.5925130966    5.10447303922    7
172    1562292601.55    1562292627.27    25.716766119    16    0.0098    0.1568    25.726566119    2.68333333333    4
173    1562292601.7    1562292629.34    27.6323800087    256    0.0177    4.5312    27.6500800087    5.078125    7
174    1562292601.87    1562292629.42    27.5474758148    64    0.0234    1.4976    27.5708758148    4.30257936508    6
175    1562292602.3    1562292629.42    27.1175699234    16    0.4243    6.7888    27.5418699234    2.58333333333    4
176    1562292602.4    1562292629.42    27.0181589127    4    1.1283    4.5132    28.1464589127    1.5    2
177    1562292602.51    1562292630.7    28.1895279884    256    0.0177    4.5312    28.2072279884    5.01590073529    7
178    1562292602.74    1562292630.78    28.0374000072    64    0.9446    60.4544    28.9820000072    4.02628968254    6
179    1562292602.95    1562292633.02    30.0790669918    256    0.7528    192.7168    30.8318669918    5.09249387255    7
180    1562292602.96    1562292633.03    30.0632150173    4    0.0832    0.3328    30.1464150173    1.5    2
181    1562292603.35    1562292633.03    29.6841590405    16    0.7616    12.1856    30.4457590405    2.48333333333    4
182    1562292603.88    1562292633.03    29.149998188    4    0.0059    0.0236    29.155898188    1.5    2
183    1562292604.32    1562292633.03    28.7128069401    4    0.0832    0.3328    28.7960069401    1.5    2
184    1562292604.51    1562292635.21    30.7016160488    256    0.8    204.8    31.5016160488    5.078125    7
185    1562292604.83    1562292635.22    30.3854079247    4    1.1283    4.5132    31.5137079247    1.5    2
186    1562292605.11    1562292635.29    30.17907691    64    0.0234    1.4976    30.20247691    4.05357142857    6
187    1562292605.51    1562292635.37    29.8558049202    64    0.4167    26.6688    30.2725049202    4.18353174603    6
188    1562292605.87    1562292635.44    29.5639760494    64    0.9446    60.4544    30.5085760494    4.05357142857    6
189    1562292606.08    1562292638.06    31.9746141434    256    0.0177    4.5312    31.9923141434    5.10557598039    7
190    1562292606.26    1562292639.49    33.2306759357    256    0.4221    108.0576    33.6527759357    5.078125    7
191    1562292606.66    1562292641.4    34.7410650253    256    0.0177    4.5312    34.7587650253    5.078125    7
192    1562292606.81    1562292641.47    34.6668019295    64    0.1855    11.872    34.8523019295    4.30257936508    6
193    1562292607.09    1562292641.48    34.3887810707    16    0.8805    14.088    35.2692810707    2.58333333333    4
194    1562292607.59    1562292642.96    35.3767352104    256    0.8    204.8    36.1767352104    4.98272058824    7
195    1562292607.71    1562292642.97    35.2593960762    16    0.0297    0.4752    35.2890960762    2.58333333333    4
196    1562292608.3    1562292643.04    34.7365088463    64    0.4167    26.6688    35.1532088463    4.06646825397    6
197    1562292608.72    1562292645.17    36.4445519447    256    0.4221    108.0576    36.8666519447    5.15275735294    7
198    1562292608.92    1562292645.17    36.2479791641    4    0.0832    0.3328    36.3311791641    1.5    2
199    1562292609.05    1562292647.0    37.9507141113    256    0.4221    108.0576    38.3728141113    5.078125    7
200    1562292609.12    1562292648.99    39.8705399036    256    0.0177    4.5312    39.8882399036    5.078125    7
201    1562292609.21    1562292650.45    41.2439551353    256    0.7528    192.7168    41.9967551353    5.08808210784    7
202    1562292609.54    1562292650.45    40.9103970528    4    0.0059    0.0236    40.9162970528    1.5    2
203    1562292609.59    1562292650.52    40.9354429245    64    0.0055    0.352    40.9409429245    4.05357142857    6
204    1562292609.96    1562292650.6    40.648152113    64    0.9446    60.4544    41.592752113    4.27579365079    6
205    1562292610.07    1562292650.61    40.5347640514    16    0.8805    14.088    41.4152640514    2.48333333333    4
206    1562292610.11    1562292650.61    40.5088789463    16    0.0285    0.456    40.5373789463    2.56666666667    4
207    1562292610.28    1562292650.62    40.34222579    16    0.0429    0.6864    40.38512579    2.63333333333    4
208    1562292610.53    1562292652.49    41.9538559914    256    0.8    204.8    42.7538559914    5.078125    7
209    1562292610.82    1562292652.49    41.673470974    16    0.0297    0.4752    41.703170974    2.68333333333    4
210    1562292611.19    1562292652.5    41.3111350536    16    0.0285    0.456    41.3396350536    2.48333333333    4
211    1562292611.53    1562292652.5    40.9687271118    4    0.0832    0.3328    41.0519271118    1.5    2
212    1562292611.95    1562292652.5    40.5473210812    16    0.0098    0.1568    40.5571210812    2.63333333333    4
213    1562292612.14    1562292652.5    40.3631231785    4    0.0284    0.1136    40.3915231785    1.5    2
214    1562292612.87    1562292654.85    41.9707930088    256    0.4221    108.0576    42.3928930088    5.08507965686    7
215    1562292613.07    1562292654.85    41.786055088    16    0.0297    0.4752    41.815755088    2.68333333333    4
216    1562292613.1    1562292656.63    43.5290961266    256    0.4221    108.0576    43.9511961266    5.078125    7
217    1562292613.46    1562292656.71    43.2490870953    64    0.6779    43.3856    43.9269870953    4.30257936508    6
218    1562292613.71    1562292658.3    44.5940079689    256    0.7528    192.7168    45.3468079689    5.078125    7
219    1562292613.96    1562292658.37    44.4089519978    64    0.0125    0.8    44.4214519978    4.30257936508    6
220    1562292614.2    1562292659.64    45.4363238811    256    0.8    204.8    46.2363238811    5.24402573529    7
221    1562292614.54    1562292659.64    45.1004359722    4    0.0522    0.2088    45.1526359722    1.5    2
222    1562292614.94    1562292659.64    44.704775095    4    0.0522    0.2088    44.756975095    1.5    2
223    1562292615.11    1562292659.65    44.5338010788    16    0.0285    0.456    44.5623010788    2.55833333333    4
224    1562292615.21    1562292660.97    45.7627658844    256    0.4221    108.0576    46.1848658844    5.07809436275    7
225    1562292615.36    1562292660.97    45.6194589138    4    0.0059    0.0236    45.6253589138    1.5    2
226    1562292615.56    1562292662.71    47.1492350101    256    0.8    204.8    47.9492350101    5.078125    7
227    1562292615.84    1562292662.71    46.8700089455    4    0.0832    0.3328    46.9532089455    1.5    2
228    1562292616.08    1562292662.77    46.6894898415    64    0.6779    43.3856    47.3673898415    4.05357142857    6
229    1562292616.39    1562292666.45    50.0558137894    256    0.0177    4.5312    50.0735137894    5.09791666667    7
230    1562292616.57    1562292666.46    49.8903038502    16    0.8805    14.088    50.7708038502    2.68333333333    4
231    1562292616.98    1562292666.55    49.565680027    64    0.0234    1.4976    49.589080027    4.0689484127    6
232    1562292617.3    1562292666.55    49.2570228577    16    0.0429    0.6864    49.2999228577    2.58333333333    4
233    1562292617.59    1562292666.56    48.969645977    16    0.0429    0.6864    49.012545977    2.58333333333    4
234    1562292617.76    1562292666.64    48.8819730282    64    0.0055    0.352    48.8874730282    4.04117063492    6
235    1562292617.97    1562292667.89    49.9129350185    256    0.6189    158.4384    50.5318350185    5.078125    7
236    1562292618.09    1562292667.89    49.8082089424    16    0.4243    6.7888    50.2325089424    2.68333333333    4
237    1562292618.6    1562292667.89    49.2908289433    4    0.6452    2.5808    49.9360289433    1.5    2
238    1562292618.94    1562292667.97    49.0271458626    64    0.9446    60.4544    49.9717458626    4.09722222222    6
239    1562292619.39    1562292667.98    48.588903904    16    0.0098    0.1568    48.598703904    2.58333333333    4
240    1562292619.69    1562292668.06    48.3657538891    64    0.4167    26.6688    48.7824538891    4.18303571429    6
241    1562292620.1    1562292668.06    47.9558770657    16    0.7616    12.1856    48.7174770657    2.58333333333    4
242    1562292620.3    1562292668.07    47.7635350227    16    0.7616    12.1856    48.5251350227    2.73333333333    4
243    1562292620.65    1562292668.07    47.4171061516    16    0.8805    14.088    48.2976061516    2.73333333333    4
244    1562292620.88    1562292671.31    50.4315648079    256    0.4221    108.0576    50.8536648079    5.078125    7
245    1562292621.15    1562292671.32    50.1655449867    16    0.0429    0.6864    50.2084449867    2.68333333333    4
246    1562292621.22    1562292671.32    50.102617979    16    0.0429    0.6864    50.145517979    2.48333333333    4
247    1562292621.28    1562292671.39    50.1109850407    64    0.0055    0.352    50.1164850407    4.12599206349    6
248    1562292621.48    1562292671.4    49.9207129478    4    1.1283    4.5132    51.0490129478    1.5    2
249    1562292621.72    1562292673.46    51.7346038818    256    0.8    204.8    52.5346038818    5.08838848039    7
250    1562292621.91    1562292673.46    51.5554161072    16    0.0098    0.1568    51.5652161072    2.68333333333    4
251    1562292622.35    1562292673.47    51.122328043    16    0.4243    6.7888    51.546628043    2.48333333333    4
252    1562292622.85    1562292675.69    52.8438129425    256    0.4221    108.0576    53.2659129425    5.078125    7
253    1562292623.15    1562292675.69    52.540997982    4    1.1283    4.5132    53.669297982    1.5    2
254    1562292623.41    1562292675.7    52.2854030132    16    0.0285    0.456    52.3139030132    2.48333333333    4
255    1562292623.71    1562292675.77    52.0568180084    64    0.0125    0.8    52.0693180084    4.14285714286    6
256    1562292624.02    1562292675.85    51.8347430229    64    0.0234    1.4976    51.8581430229    4.06051587302    6
257    1562292624.3    1562292675.93    51.6257019043    64    0.0055    0.352    51.6312019043    4.14285714286    6
258    1562292624.49    1562292677.85    53.3613510132    256    0.7528    192.7168    54.1141510132    5.09874387255    7
259    1562292624.61    1562292677.85    53.2490389347    16    0.8805    14.088    54.1295389347    2.68333333333    4
260    1562292625.06    1562292677.92    52.86840415    64    0.0055    0.352    52.87390415    4.06001984127    6
261    1562292625.16    1562292678.0    52.839384079    64    0.0125    0.8    52.851884079    4.27033730159    6
262    1562292625.54    1562292678.01    52.4670200348    16    0.0297    0.4752    52.4967200348    2.48333333333    4
263    1562292625.92    1562292678.01    52.0905811787    4    1.1283    4.5132    53.2188811787    1.5    2
264    1562292626.02    1562292680.19    54.1652328968    256    0.0057    1.4592    54.1709328968    5.08042279412    7
265    1562292626.1    1562292681.8    55.7036530972    256    0.6189    158.4384    56.3225530972    5.08507965686    7
266    1562292626.45    1562292681.8    55.3525621891    4    0.5956    2.3824    55.9481621891    1.5    2
267    1562292626.68    1562292681.81    55.1272950172    16    0.0098    0.1568    55.1370950172    2.48333333333    4
268    1562292626.94    1562292681.81    54.8790199757    16    0.4243    6.7888    55.3033199757    2.65    4
269    1562292627.26    1562292681.89    54.6264910698    64    0.1855    11.872    54.8119910698    4.16121031746    6
270    1562292627.48    1562292684.07    56.5855901241    256    0.6189    158.4384    57.2044901241    5.078125    7
271    1562292628.0    1562292684.15    56.1478741169    64    0.6779    43.3856    56.8257741169    4.30257936508    6
272    1562292628.28    1562292684.15    55.8705518246    4    0.6452    2.5808    56.5157518246    1.5    2
273    1562292628.47    1562292684.15    55.6841750145    4    0.0284    0.1136    55.7125750145    1.5    2
274    1562292628.62    1562292684.15    55.5285930634    4    0.0522    0.2088    55.5807930634    1.5    2
275    1562292629.05    1562292684.15    55.0973548889    4    1.1283    4.5132    56.2256548889    1.5    2
276    1562292629.66    1562292684.15    54.4957690239    4    0.0284    0.1136    54.5241690239    1.5    2
277    1562292629.86    1562292685.92    56.0622391701    256    0.6189    158.4384    56.6811391701    5.078125    7
278    1562292630.22    1562292685.93    55.7083489895    16    0.7616    12.1856    56.4699489895    2.68333333333    4
279    1562292630.3    1562292685.93    55.6251440048    4    0.0522    0.2088    55.6773440048    1.5    2
280    1562292630.82    1562292685.93    55.1152877808    16    0.0429    0.6864    55.1581877808    2.56666666667    4
281    1562292631.43    1562292686.01    54.5732550621    64    0.0055    0.352    54.5787550621    3.94444444444    6
282    1562292631.82    1562292686.01    54.1960558891    16    0.8805    14.088    55.0765558891    2.54166666667    4
283    1562292631.91    1562292688.62    56.7050151825    256    0.0177    4.5312    56.7227151825    5.09791666667    7
284    1562292632.56    1562292690.55    57.9924077988    256    0.6189    158.4384    58.6113077988    5.078125    7
285    1562292632.77    1562292690.56    57.7849121094    16    0.0285    0.456    57.8134121094    2.68333333333    4
286    1562292633.02    1562292690.56    57.537763834    16    0.0429    0.6864    57.580663834    2.48333333333    4
287    1562292633.25    1562292690.64    57.3909740448    64    0.6779    43.3856    58.0688740448    4.12599206349    6
288    1562292633.69    1562292690.71    57.0242750645    64    0.1855    11.872    57.2097750645    4.32589285714    6
289    1562292634.03    1562292693.96    59.9296181202    256    0.8    204.8    60.7296181202    5.078125    7
290    1562292634.52    1562292694.03    59.5114190578    64    0.4167    26.6688    59.9281190578    4.30257936508    6
291    1562292634.96    1562292694.11    59.1487338543    64    0.0125    0.8    59.1612338543    4.13541666667    6
292    1562292635.36    1562292696.44    61.0785970688    256    0.0177    4.5312    61.0962970688    5.078125    7
293    1562292635.37    1562292696.44    61.0649900436    4    0.0059    0.0236    61.0708900436    1.5    2
294    1562292635.41    1562292696.44    61.0259358883    4    0.0284    0.1136    61.0543358883    1.5    2
295    1562292635.79    1562292696.52    60.7378008366    64    0.0125    0.8    60.7503008366    4.14285714286    6
296    1562292636.05    1562292696.61    60.5550200939    64    0.0234    1.4976    60.5784200939    3.96626984127    6
297    1562292636.14    1562292697.94    61.8055131435    256    0.7528    192.7168    62.5583131435    5.078125    7
298    1562292636.28    1562292698.01    61.7306170464    64    0.4167    26.6688    62.1473170464    4.30257936508    6
299    1562292636.5    1562292698.02    61.5154380798    16    0.0285    0.456    61.5439380798    2.56666666667    4
300    1562292636.71    1562292698.09    61.3835330009    64    0.0234    1.4976    61.4069330009    3.96130952381    6
301    1562292636.89    1562292698.1    61.2124228477    16    0.4243    6.7888    61.6367228477    2.56666666667    4
302    1562292636.91    1562292698.1    61.1861269474    4    0.5956    2.3824    61.7817269474    1.5    2
303    1562292637.46    1562292698.11    60.6499950886    16    0.0098    0.1568    60.6597950886    2.68333333333    4
304    1562292638.01    1562292698.19    60.177106142    64    0.4167    26.6688    60.593806142    4.27728174603    6
305    1562292638.08    1562292698.19    60.1156420708    16    0.8805    14.088    60.9961420708    2.58333333333    4
306    1562292638.4    1562292701.14    62.7426309586    256    0.0057    1.4592    62.7483309586    5.078125    7
307    1562292638.93    1562292701.14    62.2087230682    4    0.0832    0.3328    62.2919230682    1.5    2
308    1562292640.0    1562292701.14    61.1395409107    4    1.1283    4.5132    62.2678409107    1.5    2
309    1562292640.09    1562292703.08    62.9903900623    256    0.6189    158.4384    63.6092900623    5.078125    7
310    1562292640.36    1562292704.96    64.5973250866    256    0.4221    108.0576    65.0194250866    5.078125    7
311    1562292640.52    1562292704.97    64.4490361214    16    0.8805    14.088    65.3295361214    2.68333333333    4
312    1562292640.71    1562292706.99    66.2834439278    256    0.8    204.8    67.0834439278    5.09791666667    7
313    1562292641.07    1562292707.06    65.9910218716    64    0.0125    0.8    66.0035218716    4.3005952381    6
314    1562292641.4    1562292707.07    65.672025919    16    0.4243    6.7888    66.096325919    2.65    4
315    1562292641.71    1562292707.07    65.3628151417    16    0.0285    0.456    65.3913151417    2.56666666667    4
316    1562292642.01    1562292707.08    65.0657160282    16    0.0098    0.1568    65.0755160282    2.65    4
317    1562292642.22    1562292707.16    64.9364819527    64    0.6779    43.3856    65.6143819527    4.3005952381    6
318    1562292642.37    1562292709.69    67.3152010441    256    0.7528    192.7168    68.0680010441    5.078125    7
319    1562292642.53    1562292709.69    67.1628260612    4    0.5956    2.3824    67.7584260612    1.5    2
320    1562292642.68    1562292709.69    67.0066699982    4    0.0832    0.3328    67.0898699982    1.5    2
321    1562292642.96    1562292711.83    68.8692889214    256    0.7528    192.7168    69.6220889214    5.10557598039    7
322    1562292643.71    1562292711.84    68.1268701553    16    0.4243    6.7888    68.5511701553    2.68333333333    4
323    1562292644.0    1562292711.84    67.8401119709    4    0.0522    0.2088    67.8923119709    1.5    2
324    1562292644.08    1562292713.92    69.8406729698    256    0.0177    4.5312    69.8583729698    5.078125    7
325    1562292644.49    1562292713.92    69.4327580929    16    0.4243    6.7888    69.8570580929    2.68333333333    4
326    1562292644.83    1562292714.01    69.1766989231    64    0.6779    43.3856    69.8545989231    4.06001984127    6
327    1562292645.17    1562292715.25    70.0844020844    256    0.7528    192.7168    70.8372020844    5.078125    7
328    1562292645.47    1562292715.25    69.7849171162    4    0.0522    0.2088    69.8371171162    1.5    2
329    1562292645.71    1562292717.52    71.8068029881    256    0.0177    4.5312    71.8245029881    5.078125    7
330    1562292645.91    1562292717.52    71.609359026    4    0.0059    0.0236    71.615259026    1.5    2
331    1562292646.44    1562292717.52    71.07918787    4    0.5956    2.3824    71.67478787    1.5    2
332    1562292646.76    1562292717.6    70.8431620598    64    0.6779    43.3856    71.5210620598    4.14285714286    6
333    1562292646.88    1562292717.61    70.7272620201    16    0.0285    0.456    70.7557620201    2.58333333333    4
334    1562292647.12    1562292717.62    70.4982509613    16    0.8805    14.088    71.3787509613    2.58333333333    4
335    1562292647.41    1562292717.62    70.2132890224    16    0.7616    12.1856    70.9748890224    2.68333333333    4
336    1562292647.56    1562292718.98    71.4210538864    256    0.6189    158.4384    72.0399538864    5.10566789216    7
337    1562292647.78    1562292718.98    71.2081930637    16    0.0297    0.4752    71.2378930637    2.58333333333    4
338    1562292648.05    1562292719.06    71.0136828423    64    0.6779    43.3856    71.6915828423    4.1121031746    6
339    1562292648.33    1562292719.06    70.7280459404    4    0.0059    0.0236    70.7339459404    1.5    2
340    1562292648.36    1562292719.06    70.6995930672    4    0.0832    0.3328    70.7827930672    1.5    2
341    1562292648.99    1562292719.06    70.0738070011    4    0.5956    2.3824    70.6694070011    1.5    2
342    1562292649.25    1562292719.07    69.8167469501    16    0.8805    14.088    70.6972469501    2.58333333333    4
343    1562292649.48    1562292719.08    69.5934691429    16    0.0297    0.4752    69.6231691429    2.63333333333    4
344    1562292649.72    1562292719.08    69.3588449955    4    0.0284    0.1136    69.3872449955    1.5    2
345    1562292650.18    1562292719.08    68.8948860168    4    0.0284    0.1136    68.9232860168    1.5    2
346    1562292650.45    1562292719.08    68.6306488514    4    0.0059    0.0236    68.6365488514    1.5    2
347    1562292650.58    1562292719.08    68.4981598854    4    0.0059    0.0236    68.5040598854    1.5    2
348    1562292650.83    1562292719.16    68.3360209465    64    0.0234    1.4976    68.3594209465    4.28174603175    6
349    1562292651.24    1562292719.24    68.0038721561    64    0.4167    26.6688    68.4205721561    4.08531746032    6
350    1562292651.51    1562292719.24    67.7359640598    4    0.5956    2.3824    68.3315640598    1.5    2
351    1562292651.55    1562292719.24    67.690805912    4    0.0832    0.3328    67.774005912    1.5    2
352    1562292651.8    1562292719.32    67.5150489807    64    0.1855    11.872    67.7005489807    4.26686507937    6
353    1562292652.49    1562292719.33    66.8414759636    16    0.0297    0.4752    66.8711759636    2.66666666667    4
354    1562292652.67    1562292719.33    66.6677298546    16    0.0098    0.1568    66.6775298546    2.68333333333    4
355    1562292652.97    1562292719.34    66.3686039448    4    0.0522    0.2088    66.4208039448    1.5    2
356    1562292653.33    1562292719.34    66.0061459541    4    0.6452    2.5808    66.6513459541    1.5    2
357    1562292653.6    1562292722.76    69.1600809097    256    0.6189    158.4384    69.7789809097    5.07919730392    7
358    1562292653.95    1562292722.76    68.8131198883    16    0.0297    0.4752    68.8428198883    2.68333333333    4
359    1562292654.16    1562292722.84    68.6806898117    64    0.0055    0.352    68.6861898117    4.06001984127    6
360    1562292654.3    1562292722.84    68.5426211357    16    0.0098    0.1568    68.5524211357    2.68333333333    4
361    1562292654.45    1562292722.85    68.3973739147    16    0.0297    0.4752    68.4270739147    2.48333333333    4
362    1562292654.85    1562292722.93    68.0873680115    64    0.0234    1.4976    68.1107680115    4.12152777778    6
363    1562292654.88    1562292722.93    68.0525770187    4    0.0284    0.1136    68.0809770187    1.5    2
364    1562292655.08    1562292722.94    67.8564209938    16    0.4243    6.7888    68.2807209938    2.48333333333    4
365    1562292655.51    1562292722.94    67.429090023    4    0.6452    2.5808    68.074290023    1.5    2
366    1562292656.25    1562292722.94    66.6956069469    4    0.5956    2.3824    67.2912069469    1.5    2
367    1562292656.5    1562292723.02    66.5133030415    64    0.4167    26.6688    66.9300030415    4.14831349206    6
368    1562292656.6    1562292723.02    66.4175679684    16    0.0429    0.6864    66.4604679684    2.68333333333    4
369    1562292656.71    1562292725.87    69.1676878929    256    0.4221    108.0576    69.5897878929    5.10220588235    7
370    1562292657.12    1562292725.95    68.8352320194    64    0.0234    1.4976    68.8586320194    4.3005952381    6
371    1562292657.34    1562292726.03    68.6948881149    64    0.6779    43.3856    69.3727881149    4.13541666667    6
372    1562292657.39    1562292726.03    68.6386189461    4    0.0284    0.1136    68.6670189461    1.5    2
373    1562292657.54    1562292726.11    68.571103096    64    0.9446    60.4544    69.515703096    4.22073412698    6
374    1562292657.6    1562292728.29    70.6891300678    256    0.8    204.8    71.4891300678    5.09479166667    7
375    1562292658.28    1562292728.37    70.0893859863    64    0.0125    0.8    70.1018859863    4.30257936508    6
376    1562292658.7    1562292728.37    69.6728858948    4    0.0522    0.2088    69.7250858948    1.5    2
377    1562292658.98    1562292730.81    71.8264329433    256    0.0057    1.4592    71.8321329433    5.078125    7
378    1562292659.17    1562292730.81    71.6403100491    4    1.1283    4.5132    72.7686100491    1.5    2
379    1562292659.33    1562292730.89    71.5526480675    64    0.6779    43.3856    72.2305480675    4.05357142857    6
380    1562292659.58    1562292730.89    71.3131899834    16    0.0297    0.4752    71.3428899834    2.58333333333    4
381    1562292660.14    1562292730.9    70.7547950745    4    0.6452    2.5808    71.3999950745    1.5    2
382    1562292660.59    1562292730.97    70.3741569519    64    0.6779    43.3856    71.0520569519    4.12003968254    6
383    1562292660.97    1562292730.97    69.9973080158    4    0.6452    2.5808    70.6425080158    1.5    2
384    1562292661.45    1562292730.97    69.5245039463    4    0.0284    0.1136    69.5529039463    1.5    2
385    1562292661.85    1562292731.05    69.1990420818    64    0.6779    43.3856    69.8769420818    4.04464285714    6
386    1562292662.0    1562292731.05    69.0542910099    4    0.5956    2.3824    69.6498910099    1.5    2
387    1562292662.37    1562292733.53    71.1657791138    256    0.7528    192.7168    71.9185791138    5.08330269608    7
388    1562292662.71    1562292735.92    73.2142410278    256    0.4221    108.0576    73.6363410278    5.078125    7
389    1562292662.9    1562292737.66    74.7596559525    256    0.4221    108.0576    75.1817559525    5.078125    7
390    1562292663.18    1562292739.46    76.2845649719    256    0.0177    4.5312    76.3022649719    5.078125    7
391    1562292664.01    1562292739.46    75.4516279697    4    0.0284    0.1136    75.4800279697    1.5    2
392    1562292664.38    1562292739.47    75.091037035    16    0.8805    14.088    75.971537035    2.48333333333    4
393    1562292664.91    1562292739.54    74.6356151104    64    0.0234    1.4976    74.6590151104    4.14285714286    6
394    1562292665.14    1562292739.55    74.4044160843    4    0.5956    2.3824    75.0000160843    1.5    2
395    1562292665.31    1562292739.62    74.307019949    64    0.4167    26.6688    74.723719949    3.9255952381    6
396    1562292665.44    1562292739.69    74.2449769974    64    0.0234    1.4976    74.2683769974    4.00396825397    6
397    1562292665.46    1562292739.69    74.2300679684    16    0.0098    0.1568    74.2398679684    2.58333333333    4
398    1562292666.03    1562292741.23    75.1999380589    256    0.0057    1.4592    75.2056380589    5.06020220588    7
399    1562292666.28    1562292741.23    74.947398901    4    0.0059    0.0236    74.953298901    1.5    2
400    1562292666.45    1562292741.24    74.792028904    16    0.0429    0.6864    74.834928904    2.48333333333    4
401    1562292666.49    1562292742.46    75.974807024    256    0.7528    192.7168    76.727607024    5.07068014706    7
402    1562292666.61    1562292744.82    78.2149121761    256    0.0177    4.5312    78.2326121761    5.078125    7
403    1562292666.74    1562292744.83    78.0841841698    4    0.5956    2.3824    78.6797841698    1.5    2
404    1562292667.15    1562292746.5    79.3505001068    256    0.0057    1.4592    79.3562001068    5.10557598039    7
405    1562292667.34    1562292746.58    79.2392208576    64    0.0055    0.352    79.2447208576    4.3005952381    6
406    1562292667.54    1562292748.72    81.1814301014    256    0.0177    4.5312    81.1991301014    5.078125    7
407    1562292667.89    1562292748.73    80.8398652077    16    0.0285    0.456    80.8683652077    2.68333333333    4
408    1562292668.42    1562292748.73    80.3138959408    16    0.4243    6.7888    80.7381959408    2.48333333333    4
409    1562292668.59    1562292748.73    80.1409089565    4    1.1283    4.5132    81.2692089565    1.5    2
410    1562292669.05    1562292748.74    79.6878621578    16    0.7616    12.1856    80.4494621578    2.63333333333    4
411    1562292669.2    1562292748.74    79.5371050835    4    1.1283    4.5132    80.6654050835    1.5    2
412    1562292669.41    1562292748.82    79.4011120796    64    0.0055    0.352    79.4066120796    4.22767857143    6
413    1562292669.46    1562292748.82    79.35688591    16    0.0285    0.456    79.38538591    2.58333333333    4
414    1562292669.77    1562292748.82    79.0526368618    4    1.1283    4.5132    80.1809368618    1.5    2
415    1562292670.02    1562292748.9    78.8780751228    64    0.0055    0.352    78.8835751228    4.01438492063    6
416    1562292670.18    1562292748.9    78.7262470722    16    0.7616    12.1856    79.4878470722    2.58333333333    4
417    1562292670.41    1562292748.9    78.4964029789    4    1.1283    4.5132    79.6247029789    1.5    2
418    1562292670.66    1562292750.4    79.7367551327    256    0.0177    4.5312    79.7544551327    4.99635416667    7
419    1562292671.09    1562292751.59    80.4925830364    256    0.7528    192.7168    81.2453830364    5.078125    7
420    1562292671.31    1562292751.66    80.3529169559    64    0.1855    11.872    80.5384169559    4.30257936508    6
421    1562292671.74    1562292751.74    79.998857975    64    0.0055    0.352    80.004357975    4.13541666667    6
422    1562292672.03    1562292754.19    82.155452013    256    0.0177    4.5312    82.173152013    5.08838848039    7
423    1562292672.27    1562292755.54    83.271791935    256    0.4221    108.0576    83.693891935    5.09188112745    7
424    1562292672.31    1562292755.54    83.2367999554    16    0.0285    0.456    83.2652999554    2.68333333333    4
425    1562292673.05    1562292755.55    82.4952728748    16    0.8805    14.088    83.3757728748    2.56666666667    4
426    1562292673.35    1562292755.62    82.2736420631    64    0.6779    43.3856    82.9515420631    3.94444444444    6
427    1562292673.9    1562292755.63    81.7230460644    4    0.0284    0.1136    81.7514460644    1.5    2
428    1562292674.14    1562292755.63    81.4892737865    4    0.6452    2.5808    82.1344737865    1.5    2
429    1562292674.37    1562292758.23    83.8622720242    256    0.7528    192.7168    84.6150720242    5.09871323529    7
430    1562292674.44    1562292760.26    85.8234591484    256    0.8    204.8    86.6234591484    5.078125    7
431    1562292675.0    1562292762.86    87.8657500744    256    0.8    204.8    88.6657500744    5.078125    7
432    1562292675.26    1562292764.9    89.6392149925    256    0.8    204.8    90.4392149925    5.00634191176    7
433    1562292676.24    1562292767.35    91.1111860275    256    0.0177    4.5312    91.1288860275    5.078125    7
434    1562292676.56    1562292767.43    90.877314806    64    0.0055    0.352    90.882814806    4.30257936508    6
435    1562292676.8    1562292767.44    90.6429638863    16    0.0098    0.1568    90.6527638863    2.58333333333    4
436    1562292676.87    1562292767.52    90.6510961056    64    0.4167    26.6688    91.0677961056    3.97569444444    6
437    1562292677.65    1562292767.53    89.8810989857    16    0.8805    14.088    90.7615989857    2.58333333333    4
438    1562292677.85    1562292767.53    89.6828360558    16    0.0098    0.1568    89.6926360558    2.58333333333    4
439    1562292677.92    1562292767.53    89.6095039845    4    0.0284    0.1136    89.6379039845    1.5    2
440    1562292678.28    1562292767.53    89.2531301975    4    0.6452    2.5808    89.8983301975    1.5    2
441    1562292678.82    1562292767.53    88.7147750854    4    0.5956    2.3824    89.3103750854    1.5    2
442    1562292679.02    1562292767.54    88.5236239433    16    0.0297    0.4752    88.5533239433    2.58333333333    4
443    1562292679.06    1562292769.08    90.0253620148    256    0.8    204.8    90.8253620148    5.06825980392    7
444    1562292679.14    1562292769.15    90.0155220032    64    0.0055    0.352    90.0210220032    4.08630952381    6
445    1562292679.43    1562292769.15    89.7201061249    4    0.0522    0.2088    89.7723061249    1.5    2
446    1562292679.64    1562292769.15    89.5172421932    4    0.0059    0.0236    89.5231421932    1.33333333333    2
447    1562292680.02    1562292769.15    89.1342020035    4    0.0522    0.2088    89.1864020035    1.5    2
448    1562292680.19    1562292769.15    88.9667668343    4    0.0284    0.1136    88.9951668343    1.5    2
449    1562292680.28    1562292769.24    88.9534630775    64    0.4167    26.6688    89.3701630775    4.11607142857    6
450    1562292680.47    1562292771.01    90.5435009003    256    0.6189    158.4384    91.1624009003    5.078125    7
451    1562292680.58    1562292771.02    90.4368062019    4    0.0832    0.3328    90.5200062019    1.5    2
452    1562292681.05    1562292771.08    90.0248889923    64    0.0055    0.352    90.0303889923    4.05357142857    6
453    1562292681.17    1562292771.08    89.9142069817    4    0.5956    2.3824    90.5098069817    1.5    2
454    1562292681.26    1562292771.17    89.9105820656    64    0.0055    0.352    89.9160820656    4.13045634921    6
455    1562292681.8    1562292771.17    89.370857954    16    0.8805    14.088    90.251357954    2.68333333333    4
456    1562292682.13    1562292771.25    89.1153059006    64    0.0234    1.4976    89.1387059006    4.06001984127    6
457    1562292682.52    1562292771.26    88.7345759869    16    0.7616    12.1856    89.4961759869    2.60833333333    4
458    1562292682.81    1562292771.26    88.4467611313    16    0.0098    0.1568    88.4565611313    2.68333333333    4
459    1562292683.18    1562292771.27    88.0909938812    16    0.8805    14.088    88.9714938812    2.68333333333    4
460    1562292683.87    1562292771.27    87.4027929306    16    0.8805    14.088    88.2832929306    2.58333333333    4
461    1562292684.07    1562292771.35    87.2800900936    64    0.9446    60.4544    88.2246900936    4.35367063492    6
462    1562292684.31    1562292771.36    87.0419330597    4    1.1283    4.5132    88.1702330597    1.5    2
463    1562292684.57    1562292771.43    86.8530042171    64    0.0055    0.352    86.8585042171    4.35962301587    6
464    1562292684.76    1562292771.43    86.6662898064    4    0.0284    0.1136    86.6946898064    1.5    2
465    1562292685.35    1562292771.43    86.0865149498    16    0.0098    0.1568    86.0963149498    2.68333333333    4
466    1562292685.6    1562292771.44    85.8338730335    4    0.0522    0.2088    85.8860730335    1.5    2
467    1562292685.61    1562292771.44    85.83512187    16    0.0429    0.6864    85.87802187    2.73333333333    4
468    1562292686.01    1562292771.45    85.4419000149    16    0.7616    12.1856    86.2035000149    2.65    4
469    1562292686.47    1562292774.56    88.0963099003    256    0.7528    192.7168    88.8491099003    5.0893995098    7
470    1562292686.97    1562292774.57    87.6049921513    16    0.4243    6.7888    88.0292921513    2.68333333333    4
471    1562292687.18    1562292776.61    89.4266738892    256    0.8    204.8    90.2266738892    5.078125    7
472    1562292687.4    1562292778.76    91.3586339951    256    0.8    204.8    92.1586339951    5.078125    7
473    1562292687.45    1562292778.83    91.3822250366    64    0.0234    1.4976    91.4056250366    4.30257936508    6
474    1562292687.64    1562292778.84    91.2027039528    16    0.0098    0.1568    91.2125039528    2.56666666667    4
475    1562292687.85    1562292780.81    92.9601790905    256    0.0177    4.5312    92.9778790905    5.08838848039    7
476    1562292688.43    1562292780.9    92.4670548439    64    0.0125    0.8    92.4795548439    4.3005952381    6
477    1562292689.17    1562292780.9    91.7281708717    4    0.0522    0.2088    91.7803708717    1.5    2
478    1562292689.47    1562292780.9    91.4284160137    4    0.0284    0.1136    91.4568160137    1.5    2
479    1562292690.0    1562292780.98    90.9729521275    64    0.9446    60.4544    91.9175521275    4.1056547619    6
480    1562292690.35    1562292781.05    90.7039408684    64    0.0125    0.8    90.7164408684    3.98363095238    6
481    1562292690.55    1562292782.27    91.7157390118    256    0.4221    108.0576    92.1378390118    5.12984068627    7
482    1562292691.35    1562292782.27    90.9176130295    4    0.0832    0.3328    91.0008130295    1.5    2
483    1562292691.68    1562292782.33    90.6561329365    64    0.1855    11.872    90.8416329365    3.9816468254    6
484    1562292692.14    1562292782.34    90.1976311207    4    0.0284    0.1136    90.2260311207    1.5    2
485    1562292692.7    1562292784.15    91.4407000542    256    0.0177    4.5312    91.4584000542    5.078125    7
486    1562292693.18    1562292784.23    91.043667078    64    0.6779    43.3856    91.721567078    4.30257936508    6
487    1562292693.86    1562292784.3    90.4393520355    64    0.0234    1.4976    90.4627520355    3.96626984127    6
488    1562292693.95    1562292784.3    90.3459041119    4    0.0284    0.1136    90.3743041119    1.5    2
489    1562292694.03    1562292785.58    91.5493910313    256    0.0057    1.4592    91.5550910313    5.15946691176    7
490    1562292694.48    1562292786.71    92.2233109474    256    0.6189    158.4384    92.8422109474    5.0902879902    7
491    1562292694.86    1562292786.78    91.9189260006    64    0.6779    43.3856    92.5968260006    4.30257936508    6
492    1562292695.13    1562292786.85    91.7150080204    64    0.1855    11.872    91.9005080204    4.12648809524    6
493    1562292695.64    1562292789.11    93.4674839973    256    0.8    204.8    94.2674839973    5.078125    7
494    1562292695.99    1562292789.12    93.1274530888    4    0.5956    2.3824    93.7230530888    1.5    2
495    1562292696.4    1562292789.12    92.7221808434    16    0.0285    0.456    92.7506808434    2.48333333333    4
496    1562292696.44    1562292789.13    92.6921257973    16    0.0429    0.6864    92.7350257973    2.65    4
497    1562292696.5    1562292789.13    92.631444931    16    0.4243    6.7888    93.055744931    2.56666666667    4
498    1562292696.82    1562292791.12    94.3006219864    256    0.8    204.8    95.1006219864    5.08624387255    7
499    1562292696.9    1562292791.13    94.2277491093    16    0.7616    12.1856    94.9893491093    2.68333333333    4
500    1562292697.2    1562292791.13    93.9364070892    16    0.7616    12.1856    94.6980070892    2.56666666667    4
501    1562292697.55    1562292791.2    93.6492669582    64    0.0125    0.8    93.6617669582    3.9503968254    6
502    1562292697.94    1562292791.21    93.2627189159    16    0.0098    0.1568    93.2725189159    2.68333333333    4
503    1562292698.09    1562292791.21    93.112582922    4    0.5956    2.3824    93.708182922    1.5    2
504    1562292698.48    1562292793.37    94.883660078    256    0.8    204.8    95.683660078    5.078125    7
505    1562292698.75    1562292793.37    94.6162159443    4    0.5956    2.3824    95.2118159443    1.5    2
506    1562292698.8    1562292793.38    94.5741090775    16    0.7616    12.1856    95.3357090775    2.48333333333    4
507    1562292698.88    1562292793.38    94.4994139671    16    0.4243    6.7888    94.9237139671    2.65    4
508    1562292699.9    1562292793.38    93.4821281433    4    0.0284    0.1136    93.5105281433    1.5    2
509    1562292700.7    1562292793.38    92.6813919544    4    0.6452    2.5808    93.3265919544    1.5    2
510    1562292701.14    1562292793.46    92.3226480484    64    0.4167    26.6688    92.7393480484    4.16319444444    6
511    1562292701.45    1562292793.53    92.0850739479    64    0.1855    11.872    92.2705739479    4.15823412698    6
512    1562292701.78    1562292793.54    91.7544701099    4    0.0284    0.1136    91.7828701099    1.5    2
513    1562292701.87    1562292795.8    93.9250040054    256    0.0057    1.4592    93.9307040054    5.078125    7
514    1562292702.12    1562292795.8    93.6819500923    4    0.0832    0.3328    93.7651500923    1.5    2
515    1562292702.36    1562292797.11    94.7547578812    256    0.0057    1.4592    94.7604578812    5.10557598039    7
516    1562292702.63    1562292797.12    94.4918420315    16    0.0098    0.1568    94.5016420315    2.68333333333    4
517    1562292702.65    1562292797.12    94.4679448605    4    1.1283    4.5132    95.5962448605    1.5    2
518    1562292703.08    1562292797.13    94.0524420738    16    0.7616    12.1856    94.8140420738    2.56666666667    4
519    1562292703.71    1562292797.13    93.4211678505    4    0.5956    2.3824    94.0167678505    1.5    2
520    1562292704.66    1562292798.31    93.6506938934    256    0.7528    192.7168    94.4034938934    4.94757965686    7
521    1562292704.8    1562292800.27    95.4704871178    256    0.0177    4.5312    95.4881871178    5.15242034314    7
522    1562292704.96    1562292801.7    96.738492012    256    0.0177    4.5312    96.756192012    5.078125    7
523    1562292705.64    1562292801.78    96.1356949806    64    0.1855    11.872    96.3211949806    4.30257936508    6
524    1562292706.56    1562292801.78    95.2211039066    4    0.0059    0.0236    95.2270039066    1.5    2
525    1562292706.86    1562292802.98    96.1122229099    256    0.7528    192.7168    96.8650229099    5.078125    7
526    1562292706.99    1562292802.98    95.9895539284    4    0.5956    2.3824    96.5851539284    1.5    2
527    1562292707.16    1562292802.98    95.8203690052    4    0.0522    0.2088    95.8725690052    1.5    2
528    1562292707.54    1562292805.42    97.8792078495    256    0.6189    158.4384    98.4981078495    5.10557598039    7
529    1562292707.71    1562292805.43    97.7239739895    16    0.8805    14.088    98.6044739895    2.68333333333    4
530    1562292707.87    1562292805.43    97.5591299534    4    1.1283    4.5132    98.6874299534    1.5    2
531    1562292708.0    1562292805.43    97.4302990437    4    0.0284    0.1136    97.4586990437    1.5    2
532    1562292708.3    1562292805.51    97.2064659595    64    0.9446    60.4544    98.1510659595    3.93948412698    6
533    1562292708.64    1562292807.34    98.6966860294    256    0.0177    4.5312    98.7143860294    5.08183210784    7
534    1562292709.08    1562292807.34    98.2590761185    4    1.1283    4.5132    99.3873761185    1.5    2
535    1562292709.36    1562292807.42    98.0620319843    64    0.6779    43.3856    98.7399319843    4.05357142857    6
536    1562292709.69    1562292807.42    97.7364411354    16    0.0098    0.1568    97.7462411354    2.58333333333    4
537    1562292710.17    1562292808.83    98.6529529095    256    0.7528    192.7168    99.4057529095    5.078125    7
538    1562292710.6    1562292808.9    98.2960150242    64    0.1855    11.872    98.4815150242    4.30257936508    6
539    1562292710.89    1562292808.97    98.070497036    64    0.0234    1.4976    98.093897036    4.13541666667    6
540    1562292711.46    1562292808.97    97.5034608841    4    0.0059    0.0236    97.5093608841    1.5    2
541    1562292711.58    1562292808.97    97.3891589642    4    0.0284    0.1136    97.4175589642    1.5    2
542    1562292711.83    1562292809.05    97.2169640064    64    0.4167    26.6688    97.6336640064    4.28373015873    6
543    1562292712.3    1562292811.22    98.917550087    256    0.4221    108.0576    99.339650087    5.078125    7
544    1562292712.42    1562292812.94    100.520228863    256    0.7528    192.7168    101.273028863    5.078125    7
545    1562292712.62    1562292815.21    102.592208862    256    0.0057    1.4592    102.597908862    5.078125    7
546    1562292712.79    1562292815.22    102.428971052    16    0.7616    12.1856    103.190571052    2.68333333333    4
547    1562292713.56    1562292815.23    101.666940928    16    0.0285    0.456    101.695440928    2.58333333333    4
548    1562292713.92    1562292816.53    102.606229782    256    0.0057    1.4592    102.611929782    5.078125    7
549    1562292714.0    1562292818.32    104.312653065    256    0.8    204.8    105.112653065    5.078125    7
550    1562292714.22    1562292818.32    104.101477146    4    0.0832    0.3328    104.184677146    1.5    2
551    1562292714.36    1562292820.44    106.081271887    256    0.0057    1.4592    106.086971887    5.0959252451    7
552    1562292714.93    1562292820.44    105.512928963    4    0.0832    0.3328    105.596128963    1.5    2
553    1562292715.06    1562292820.44    105.38211894    16    0.7616    12.1856    106.14371894    2.48333333333    4
554    1562292715.25    1562292820.53    105.273532152    64    0.0055    0.352    105.279032152    4.14285714286    6
555    1562292715.54    1562292820.53    104.990016937    16    0.0429    0.6864    105.032916937    2.58333333333    4
556    1562292716.02    1562292820.54    104.514067888    16    0.8805    14.088    105.394567888    2.58333333333    4
557    1562292716.3    1562292820.54    104.234695196    4    1.1283    4.5132    105.362995196    1.5    2
558    1562292716.72    1562292820.62    103.904033899    64    0.1855    11.872    104.089533899    3.94196428571    6
559    1562292717.06    1562292820.62    103.55826211    4    1.1283    4.5132    104.68656211    1.5    2
560    1562292717.52    1562292820.62    103.10295701    4    0.0284    0.1136    103.13135701    1.5    2
561    1562292717.58    1562292820.63    103.044639826    16    0.7616    12.1856    103.806239826    2.575    4
562    1562292717.62    1562292820.63    103.013443947    4    0.5956    2.3824    103.609043947    1.5    2
563    1562292717.71    1562292820.63    102.918262959    4    0.0522    0.2088    102.970462959    1.5    2
564    1562292717.91    1562292820.63    102.716917038    4    0.0284    0.1136    102.745317038    1.5    2
565    1562292718.49    1562292820.71    102.224125147    64    0.0055    0.352    102.229625147    4.02182539683    6
566    1562292718.59    1562292820.79    102.198873997    64    0.0234    1.4976    102.222273997    4.00347222222    6
567    1562292718.86    1562292820.79    101.931113958    4    0.6452    2.5808    102.576313958    1.5    2
568    1562292718.98    1562292820.79    101.812370062    4    0.0284    0.1136    101.840770062    1.5    2
569    1562292719.62    1562292820.79    101.168514013    4    0.0284    0.1136    101.196914013    1.33333333333    2
570    1562292719.8    1562292822.75    102.948704958    256    0.4221    108.0576    103.370804958    4.99500612745    7
571    1562292719.95    1562292822.76    102.80391407    16    0.0297    0.4752    102.83361407    2.58333333333    4
572    1562292720.25    1562292822.76    102.508973122    4    0.0522    0.2088    102.561173122    1.5    2
573    1562292720.37    1562292822.76    102.389106989    16    0.4243    6.7888    102.813406989    2.68333333333    4
574    1562292720.95    1562292822.76    101.811295986    4    0.0059    0.0236    101.817195986    1.5    2
575    1562292721.42    1562292822.84    101.417641878    64    0.1855    11.872    101.603141878    4.09523809524    6
576    1562292721.56    1562292825.5    103.939934015    256    0.0177    4.5312    103.957634015    5.078125    7
577    1562292721.75    1562292825.5    103.753412962    16    0.4243    6.7888    104.177712962    2.68333333333    4
578    1562292722.1    1562292825.51    103.414347172    16    0.0098    0.1568    103.424147172    2.48333333333    4
579    1562292722.45    1562292825.52    103.068315983    16    0.0098    0.1568    103.078115983    2.56666666667    4
580    1562292722.67    1562292825.52    102.849048853    16    0.8805    14.088    103.729548853    2.63333333333    4
581    1562292722.76    1562292825.53    102.77196002    16    0.0098    0.1568    102.78176002    2.58333333333    4
582    1562292723.25    1562292825.54    102.288425922    16    0.0297    0.4752    102.318125922    2.48333333333    4
583    1562292723.44    1562292826.7    103.268560886    256    0.0057    1.4592    103.274260886    5.07993259804    7
584    1562292723.56    1562292826.79    103.230164051    64    0.0234    1.4976    103.253564051    4.30257936508    6
585    1562292723.74    1562292826.79    103.042756081    4    1.1283    4.5132    104.171056081    1.5    2
586    1562292724.04    1562292826.79    102.748032093    16    0.0429    0.6864    102.790932093    2.58333333333    4
587    1562292724.2    1562292828.67    104.47775197    256    0.0177    4.5312    104.49545197    4.95670955882    7
588    1562292724.33    1562292828.68    104.345587015    16    0.0098    0.1568    104.355387015    2.68333333333    4
589    1562292724.54    1562292830.83    106.286467791    256    0.6189    158.4384    106.905367791    5.15364583333    7
590    1562292725.21    1562292832.64    107.429838896    256    0.4221    108.0576    107.851938896    5.078125    7
591    1562292725.41    1562292832.64    107.229572058    16    0.4243    6.7888    107.653872058    2.68333333333    4
592    1562292725.69    1562292834.51    108.812515974    256    0.4221    108.0576    109.234615974    5.078125    7
593    1562292725.87    1562292834.58    108.708752155    64    0.4167    26.6688    109.125452155    4.30257936508    6
594    1562292726.02    1562292838.49    112.468883991    256    0.4221    108.0576    112.890983991    5.078125    7
595    1562292726.11    1562292838.5    112.393557787    16    0.0098    0.1568    112.403357787    2.68333333333    4
596    1562292726.57    1562292838.58    112.012578964    64    0.0125    0.8    112.025078964    4.06001984127    6
597    1562292726.66    1562292838.59    111.927525997    16    0.8805    14.088    112.808025997    2.68333333333    4
598    1562292726.94    1562292840.15    113.214776993    256    0.0177    4.5312    113.232476993    5.078125    7
599    1562292727.09    1562292840.23    113.134847164    64    0.6779    43.3856    113.812747164    4.30257936508    6
600    1562292727.79    1562292841.39    113.604640961    256    0.7528    192.7168    114.357440961    5.078125    7
601    1562292727.83    1562292841.4    113.572614908    16    0.0429    0.6864    113.615514908    2.68333333333    4
602    1562292728.29    1562292841.48    113.18870616    64    0.0234    1.4976    113.21210616    4.06001984127    6
603    1562292728.37    1562292841.48    113.11282897    4    0.0059    0.0236    113.11872897    1.5    2
604    1562292728.46    1562292841.49    113.023931026    16    0.0285    0.456    113.052431026    2.63333333333    4
605    1562292728.98    1562292843.23    114.244517803    256    0.7528    192.7168    114.997317803    5.078125    7
606    1562292729.17    1562292843.31    114.134627104    64    0.9446    60.4544    115.079227104    4.30257936508    6
607    1562292729.56    1562292843.38    113.81854701    64    0.4167    26.6688    114.23524701    4.13541666667    6
608    1562292729.66    1562292843.38    113.723222971    16    0.0429    0.6864    113.766122971    2.58333333333    4
609    1562292730.08    1562292843.38    113.307768822    4    0.5956    2.3824    113.903368822    1.5    2
610    1562292730.73    1562292843.46    112.726114988    64    0.0125    0.8    112.738614988    4.32986111111    6
611    1562292730.88    1562292843.46    112.577315092    4    0.6452    2.5808    113.222515092    1.5    2
612    1562292731.05    1562292843.46    112.410082102    4    1.1283    4.5132    113.538382102    1.33333333333    2
613    1562292731.28    1562292846.92    115.643673897    256    0.0057    1.4592    115.649373897    5.078125    7
614    1562292731.57    1562292846.93    115.361223221    16    0.0098    0.1568    115.371023221    2.68333333333    4
615    1562292731.89    1562292846.94    115.04548502    16    0.0098    0.1568    115.05528502    2.58333333333    4
616    1562292732.19    1562292846.94    114.753461123    16    0.0297    0.4752    114.783161123    2.58333333333    4
617    1562292732.31    1562292846.95    114.639337063    4    0.0522    0.2088    114.691537063    1.5    2
618    1562292732.41    1562292846.95    114.53779912    4    0.0284    0.1136    114.56619912    1.5    2
619    1562292733.2    1562292846.95    113.745468855    4    0.5956    2.3824    114.341068855    1.5    2
620    1562292733.36    1562292847.03    113.666077852    64    0.9446    60.4544    114.610677852    3.85763888889    6
621    1562292733.53    1562292849.01    115.4833951    256    0.7528    192.7168    116.2361951    5.07742034314    7
622    1562292734.29    1562292849.09    114.792141914    64    0.0234    1.4976    114.815541914    4.27777777778    6
623    1562292734.48    1562292849.09    114.605561018    4    0.0284    0.1136    114.633961018    1.5    2
624    1562292734.64    1562292851.58    116.942922115    256    0.7528    192.7168    117.695722115    5.09136029412    7
625    1562292734.68    1562292853.6    118.921379089    256    0.6189    158.4384    119.540279089    5.07487745098    7
626    1562292735.13    1562292853.6    118.46923399    4    1.1283    4.5132    119.59753399    1.5    2
627    1562292735.5    1562292853.67    118.173597813    64    0.4167    26.6688    118.590297813    4.05357142857    6
628    1562292735.66    1562292853.67    118.012398005    4    0.6452    2.5808    118.657598005    1.5    2
629    1562292735.92    1562292853.68    117.757488012    16    0.7616    12.1856    118.519088012    2.60833333333    4
630    1562292736.03    1562292853.68    117.650490046    4    1.1283    4.5132    118.778790046    1.5    2
631    1562292736.4    1562292856.0    119.595577002    256    0.0057    1.4592    119.601277002    5.08795955882    7
632    1562292736.46    1562292856.0    119.541194916    4    0.0832    0.3328    119.624394916    1.5    2
633    1562292737.09    1562292856.08    118.99625802    64    0.0125    0.8    119.00875802    4.05357142857    6
634    1562292737.63    1562292856.17    118.539207935    64    0.4167    26.6688    118.955907935    3.96626984127    6
635    1562292738.01    1562292856.24    118.228332043    64    0.4167    26.6688    118.645032043    3.90773809524    6
636    1562292738.84    1562292858.38    119.532814026    256    0.8    204.8    120.332814026    5.08149509804    7
637    1562292739.46    1562292860.41    120.952342987    256    0.6189    158.4384    121.571242987    5.078125    7
638    1562292739.59    1562292862.95    123.36007905    256    0.6189    158.4384    123.97897905    5.078125    7
639    1562292740.05    1562292863.02    122.968892097    64    0.4167    26.6688    123.385592097    4.30257936508    6
640    1562292740.15    1562292863.03    122.878046036    16    0.0098    0.1568    122.887846036    2.56666666667    4
641    1562292740.34    1562292863.11    122.768890858    64    0.0055    0.352    122.774390858    3.96130952381    6
642    1562292740.45    1562292863.11    122.663516998    4    0.0832    0.3328    122.746716998    1.5    2
643    1562292740.76    1562292864.97    124.210303068    256    0.8    204.8    125.010303068    5.078125    7
644    1562292741.01    1562292866.97    125.961994886    256    0.6189    158.4384    126.580894886    5.078125    7
645    1562292741.17    1562292866.99    125.810533047    16    0.7616    12.1856    126.572133047    2.68333333333    4
646    1562292741.29    1562292866.99    125.699064016    16    0.0297    0.4752    125.728764016    2.48333333333    4
647    1562292741.55    1562292869.17    127.618345022    256    0.8    204.8    128.418345022    5.078125    7
648    1562292741.79    1562292869.24    127.441982985    64    0.4167    26.6688    127.858682985    4.30257936508    6
649    1562292742.03    1562292871.47    129.437268019    256    0.0177    4.5312    129.454968019    5.08838848039    7
650    1562292742.39    1562292871.55    129.160641193    64    0.0125    0.8    129.173141193    4.3005952381    6
651    1562292743.1    1562292871.63    128.525365829    64    0.9446    60.4544    129.469965829    3.96626984127    6
652    1562292743.36    1562292871.7    128.346696138    64    0.0055    0.352    128.352196138    3.90773809524    6
653    1562292743.5    1562292871.71    128.207884073    16    0.0297    0.4752    128.237584073    2.58333333333    4
654    1562292743.63    1562292871.71    128.076674938    4    0.0522    0.2088    128.128874938    1.5    2
655    1562292744.02    1562292871.71    127.687460899    4    0.0284    0.1136    127.715860899    1.5    2
656    1562292744.38    1562292873.62    129.235508204    256    0.4221    108.0576    129.657608204    5.14044117647    7
657    1562292744.82    1562292873.69    128.869946957    64    0.9446    60.4544    129.814546957    4.20486111111    6
658    1562292745.16    1562292873.7    128.540061951    16    0.4243    6.7888    128.964361951    2.68333333333    4
659    1562292745.26    1562292873.77    128.517143965    64    0.6779    43.3856    129.195043965    4.15277777778    6
660    1562292745.49    1562292878.07    132.579223156    256    0.0177    4.5312    132.596923156    5.10882352941    7
661    1562292745.8    1562292878.07    132.270511866    4    0.0284    0.1136    132.298911866    1.5    2
662    1562292746.19    1562292878.07    131.886980057    4    0.0059    0.0236    131.892880057    1.5    2
663    1562292746.5    1562292879.71    133.203894138    256    0.8    204.8    134.003894138    5.078125    7
664    1562292746.58    1562292879.71    133.134251833    16    0.0429    0.6864    133.177151833    2.68333333333    4
665    1562292746.91    1562292879.72    132.809761047    4    0.5956    2.3824    133.405361047    1.5    2
666    1562292747.41    1562292881.75    134.342789173    256    0.8    204.8    135.142789173    5.078125    7
667    1562292747.63    1562292881.76    134.125559092    4    0.0284    0.1136    134.153959092    1.5    2
668    1562292747.85    1562292881.76    133.909461021    4    0.0522    0.2088    133.961661021    1.5    2
669    1562292748.4    1562292881.83    133.434329033    64    0.0055    0.352    133.439829033    4.14285714286    6
670    1562292748.73    1562292884.61    135.887989998    256    0.6189    158.4384    136.506889998    5.078125    7
671    1562292749.12    1562292884.69    135.568695068    64    0.4167    26.6688    135.985395068    4.30257936508    6
672    1562292749.35    1562292884.7    135.346506119    16    0.8805    14.088    136.227006119    2.56666666667    4
673    1562292749.48    1562292884.77    135.286154985    64    0.0055    0.352    135.291654985    3.96130952381    6
674    1562292749.61    1562292886.57    136.965043068    256    0.0057    1.4592    136.970743068    5.078125    7
675    1562292750.08    1562292887.98    137.900194168    256    0.0177    4.5312    137.917894168    5.09368872549    7
676    1562292750.1    1562292887.98    137.88127017    4    0.0522    0.2088    137.93347017    1.5    2
677    1562292750.4    1562292889.86    139.465756893    256    0.0177    4.5312    139.483456893    5.06911764706    7
678    1562292750.82    1562292890.99    140.174770117    256    0.0057    1.4592    140.180470117    5.078125    7
679    1562292751.59    1562292891.07    139.488311052    64    0.9446    60.4544    140.432911052    4.30257936508    6
680    1562292751.66    1562292891.08    139.418714046    16    0.0429    0.6864    139.461614046    2.58333333333    4
681    1562292751.74    1562292892.27    140.531296968    256    0.4221    108.0576    140.953396968    5.078125    7
682    1562292751.91    1562292892.27    140.362199068    16    0.0429    0.6864    140.405099068    2.68333333333    4
683    1562292752.19    1562292892.34    140.142575979    64    0.0055    0.352    140.148075979    4.06001984127    6
684    1562292752.56    1562292892.41    139.850442886    64    0.4167    26.6688    140.267142886    4.30902777778    6
685    1562292752.77    1562292892.42    139.642249823    16    0.8805    14.088    140.522749823    2.48333333333    4
686    1562292753.07    1562292892.49    139.417623043    64    0.0125    0.8    139.430123043    4.14930555556    6
687    1562292753.37    1562292892.57    139.193833113    64    0.6779    43.3856    139.871733113    4.03521825397    6
688    1562292753.72    1562292892.57    138.847660065    4    0.0059    0.0236    138.853560065    1.5    2
689    1562292753.94    1562292892.57    138.630290031    4    1.1283    4.5132    139.758590031    1.5    2
690    1562292754.21    1562292892.64    138.430135012    64    0.0234    1.4976    138.453535012    4.28621031746    6
691    1562292754.31    1562292896.56    142.245007038    256    0.4221    108.0576    142.667107038    5.078125    7
692    1562292754.73    1562292898.49    143.754508018    256    0.7528    192.7168    144.507308018    5.078125    7
693    1562292755.28    1562292898.56    143.271789074    64    0.9446    60.4544    144.216389074    4.30257936508    6
694    1562292755.54    1562292898.56    143.020270109    4    0.0059    0.0236    143.026170109    1.5    2
695    1562292755.59    1562292898.56    142.969499111    16    0.0285    0.456    142.997999111    2.58333333333    4
696    1562292755.72    1562292898.57    142.845856905    16    0.7616    12.1856    143.607456905    2.68333333333    4
697    1562292755.85    1562292902.36    146.504439116    256    0.8    204.8    147.304439116    5.0959252451    7
698    1562292756.04    1562292902.37    146.329362869    16    0.7616    12.1856    147.090962869    2.68333333333    4
699    1562292756.58    1562292902.37    145.791126966    16    0.0285    0.456    145.819626966    2.48333333333    4

dispatched jobs are: 700 out of 700
average queue time is: 66.6485440247
fso links are used for 0 times
overall utilization is 0.0640809360062845
average response time is 67.0068064533
average weighted response time is 69.5020028722485
average slowdown is 101.85071523809555
cpu_request: 56296, cpu_run: 56296
ssd_request: 26518, ssd_run: 0
gpu_request: 27175, gpu_run: 0
cpu aspl: 3.24821670335
cpu diameter: 4.63571428571
job x: 0.0
job y: 0.0
job z: 0.0
