#timestep  occupied-CPU  total-CPU  utilization  queuingjobs
1    0    1024    0.0    1
2    256    1024    0.25    0
3    0    1024    0.0    0
4    0    1024    0.0    0
5    64    1024    0.0625    0
6    0    1024    0.0    1
7    64    1024    0.0625    1
8    0    1024    0.0    1
9    0    1024    0.0    0
10    0    1024    0.0    0
11    0    1024    0.0    1
12    4    1024    0.00390625    0
13    0    1024    0.0    0
14    0    1024    0.0    0
15    0    1024    0.0    0
16    0    1024    0.0    1
17    64    1024    0.0625    0
18    0    1024    0.0    0
19    0    1024    0.0    2
20    256    1024    0.25    3
21    256    1024    0.25    2
22    4    1024    0.00390625    0
23    4    1024    0.00390625    0
24    0    1024    0.0    0
25    0    1024    0.0    2
26    0    1024    0.0    4
27    0    1024    0.0    3
28    114    1024    0.111328125    3
29    84    1024    0.08203125    0
30    0    1024    0.0    0
31    16    1024    0.015625    0
32    0    1024    0.0    0
33    0    1024    0.0    0
34    0    1024    0.0    1
35    0    1024    0.0    0
36    0    1024    0.0    0
37    0    1024    0.0    0
38    0    1024    0.0    0
39    0    1024    0.0    0
40    0    1024    0.0    0
41    0    1024    0.0    0
42    0    1024    0.0    0
43    0    1024    0.0    0
44    0    1024    0.0    0
45    64    1024    0.0625    0
46    16    1024    0.015625    0
47    0    1024    0.0    0
48    64    1024    0.0625    0
49    4    1024    0.00390625    0
50    0    1024    0.0    0
51    64    1024    0.0625    0
52    0    1024    0.0    0
53    0    1024    0.0    0
54    0    1024    0.0    2
55    0    1024    0.0    0
56    0    1024    0.0    0
57    0    1024    0.0    0
58    0    1024    0.0    1
59    0    1024    0.0    0
60    0    1024    0.0    0
61    32    1024    0.03125    0
62    0    1024    0.0    0
63    0    1024    0.0    0
64    0    1024    0.0    0
65    4    1024    0.00390625    1
66    256    1024    0.25    0
67    0    1024    0.0    0
68    0    1024    0.0    0
69    0    1024    0.0    0
70    64    1024    0.0625    2
71    256    1024    0.25    3
72    260    1024    0.25390625    0
73    4    1024    0.00390625    0
74    0    1024    0.0    0
75    0    1024    0.0    1
76    0    1024    0.0    0
77    0    1024    0.0    0
78    64    1024    0.0625    0
79    0    1024    0.0    0
80    0    1024    0.0    0
81    0    1024    0.0    0
82    0    1024    0.0    0
83    0    1024    0.0    1
84    256    1024    0.25    0
85    0    1024    0.0    0
86    0    1024    0.0    2
87    272    1024    0.265625    0
88    0    1024    0.0    1
89    0    1024    0.0    2
90    0    1024    0.0    0
91    0    1024    0.0    2

average cpu utilization is: 0.030756353022
average ssd utilization is: 0.277719350962
average gpu utilization is: 0.277493990385
average utilization is: 0.195323231456
average queuing jobs are: 0.483516483516
maximum queuing jobs are: 4


#job_number  submit  dispatch  queue  cpu#  runtime  weight  response(turnaround)  cpu_aspl  cpu_diameter
0    1562250274.86    1562250279.11    4.25585794449    256    0.7528    192.7168    5.00865794449    5.07665441176    8
1    1562250279.33    1562250279.33    -0.00366687774658    16    0.7616    12.1856    0.757933122253    2.65    4
2    1562250281.94    1562250281.94    0.000143051147461    64    0.6779    43.3856    0.678043051147    3.89632936508    6
3    1562250282.25    1562250282.25    4.38690185547e-05    16    0.0297    0.4752    0.0297438690186    2.65    4
4    1562250282.51    1562250282.51    0.000115156173706    4    0.0522    0.2088    0.0523151561737    1.5    2
5    1562250282.62    1562250283.59    0.97202205658    256    0.6189    158.4384    1.59092205658    5.05799632353    8
6    1562250284.42    1562250284.42    0.000213861465454    64    0.6779    43.3856    0.678113861465    3.89632936508    6
7    1562250284.52    1562250284.52    0.00201892852783    64    0.0125    0.8    0.0145189285278    4.04464285714    6
8    1562250284.71    1562250285.65    0.942831039429    256    0.0057    1.4592    0.948531039429    5.05799632353    8
9    1562250288.67    1562250289.58    0.905695915222    256    0.0057    1.4592    0.911395915222    5.07665441176    8
10    1562250289.06    1562250289.58    0.521075963974    4    0.6452    2.5808    1.16627596397    1.5    2
11    1562250291.45    1562250291.45    -0.000648975372314    16    0.0297    0.4752    0.0290510246277    2.54166666667    4
12    1562250291.69    1562250291.69    0.000154972076416    16    0.4243    6.7888    0.424454972076    2.54166666667    4
13    1562250291.95    1562250291.95    4.60147857666e-05    4    0.6452    2.5808    0.645246014786    1.5    2
14    1562250293.03    1562250293.88    0.845201015472    256    0.0177    4.5312    0.862901015472    5.07665441176    8
15    1562250294.76    1562250294.76    2.31266021729e-05    64    0.1855    11.872    0.185523126602    3.89632936508    6
16    1562250296.56    1562250297.29    0.728958845139    256    0.8    204.8    1.52895884514    5.07665441176    8
17    1562250296.92    1562250298.51    1.5934419632    256    0.7528    192.7168    2.3462419632    5.10324754902    8
18    1562250297.18    1562250299.56    2.37909197807    256    0.0057    1.4592    2.38479197807    5.07665441176    8
19    1562250297.75    1562250299.56    1.81286692619    4    1.1283    4.5132    2.94116692619    1.5    2
20    1562250299.21    1562250299.64    0.433576822281    64    0.4167    26.6688    0.850276822281    4.06547619048    6
21    1562250301.17    1562250301.16    -0.00438809394836    4    0.6452    2.5808    0.640811906052    1.33333333333    2
22    1562250301.23    1562250301.23    -0.000535011291504    4    0.0059    0.0236    0.0053649887085    1.5    2
23    1562250302.3    1562250302.3    0.000180959701538    16    0.0098    0.1568    0.00998095970154    2.54166666667    4
24    1562250302.48    1562250303.44    0.958737134933    256    0.8    204.8    1.75873713493    5.07665441176    8
25    1562250303.21    1562250304.67    1.45981407166    256    0.6189    158.4384    2.07871407166    5.10324754902    8
26    1562250303.67    1562250304.68    1.00454497337    16    0.0098    0.1568    1.01434497337    2.54166666667    4
27    1562250304.21    1562250304.76    0.549816846848    64    0.4167    26.6688    0.966516846848    4.05555555556    6
28    1562250304.24    1562250305.9    1.65773415565    256    0.4221    108.0576    2.07983415565    5.14889705882    8
29    1562250304.67    1562250305.97    1.29767203331    64    0.4167    26.6688    1.71437203331    4.00595238095    6
30    1562250305.11    1562250307.2    2.09650182724    256    0.6189    158.4384    2.71540182724    5.24427083333    8
31    1562250306.07    1562250307.21    1.13724589348    4    0.0059    0.0236    1.14314589348    1.33333333333    2
32    1562250306.43    1562250307.29    0.854423999786    64    0.0234    1.4976    0.877823999786    3.98611111111    6
33    1562250307.09    1562250307.29    0.193141222    4    0.6452    2.5808    0.838341222    1.33333333333    2
34    1562250307.29    1562250307.29    0.00663495063782    16    0.7616    12.1856    0.768234950638    2.575    4
35    1562250307.29    1562250307.37    0.078057050705    64    0.9446    60.4544    1.0226570507    3.88095238095    6
36    1562250309.84    1562250309.84    0.000194072723389    16    0.7616    12.1856    0.761794072723    2.54166666667    4
37    1562250310.1    1562250310.1    4.60147857666e-05    16    0.0285    0.456    0.0285460147858    2.58333333333    4
38    1562250311.56    1562250311.56    3.2901763916e-05    4    0.0522    0.2088    0.0522329017639    1.33333333333    2
39    1562250311.63    1562250311.63    2.38418579102e-05    4    0.0832    0.3328    0.0832238418579    1.33333333333    2
40    1562250311.72    1562250311.74    0.0200500488281    64    0.1855    11.872    0.205550048828    3.87152777778    6
41    1562250312.97    1562250312.98    0.0118720531464    64    0.0055    0.352    0.0173720531464    3.89632936508    6
42    1562250314.1    1562250314.1    3.00407409668e-05    16    0.8805    14.088    0.880530040741    2.54166666667    4
43    1562250314.7    1562250314.7    7.70092010498e-05    4    0.0832    0.3328    0.083277009201    1.5    2
44    1562250318.41    1562250318.41    0.000165939331055    64    0.0234    1.4976    0.0235659393311    3.89632936508    6
45    1562250319.6    1562250319.6    0.000200986862183    64    0.0234    1.4976    0.0236009868622    3.89632936508    6
46    1562250321.4    1562250321.4    0.000180006027222    64    0.0234    1.4976    0.0235800060272    3.89632936508    6
47    1562250321.71    1562250321.71    -0.000277996063232    4    0.0059    0.0236    0.00562200393677    1.33333333333    2
48    1562250322.6    1562250322.6    0.000236034393311    16    0.0429    0.6864    0.0431360343933    2.54166666667    4
49    1562250323.36    1562250323.36    7.00950622559e-05    64    0.9446    60.4544    0.944670095062    3.89632936508    6
50    1562250324.75    1562250324.75    5.31673431396e-05    16    0.8805    14.088    0.880553167343    2.54166666667    4
51    1562250326.58    1562250326.58    1.50203704834e-05    64    0.0234    1.4976    0.0234150203705    3.89632936508    6
52    1562250326.83    1562250326.83    2.78949737549e-05    64    0.0234    1.4976    0.0234278949738    3.89632936508    6
53    1562250327.18    1562250327.18    3.09944152832e-05    64    0.9446    60.4544    0.944630994415    3.89632936508    6
54    1562250327.7    1562250327.7    0.000216007232666    16    0.0285    0.456    0.0287160072327    2.65    4
55    1562250327.89    1562250327.89    1.28746032715e-05    4    0.6452    2.5808    0.645212874603    1.5    2
56    1562250328.04    1562250328.04    3.38554382324e-05    4    0.0832    0.3328    0.0832338554382    1.5    2
57    1562250328.32    1562250328.32    0.000174999237061    64    0.0125    0.8    0.0126749992371    3.89632936508    6
58    1562250329.89    1562250329.89    7.58171081543e-05    64    0.4167    26.6688    0.416775817108    3.89632936508    6
59    1562250330.95    1562250330.95    3.50475311279e-05    4    0.0059    0.0236    0.00593504753113    1.33333333333    2
60    1562250332.58    1562250333.4    0.826534032822    256    0.6189    158.4384    1.44543403282    5.07665441176    8
61    1562250333.11    1562250333.41    0.295636177063    16    0.0429    0.6864    0.338536177063    2.65    4
62    1562250333.74    1562250333.74    1.50203704834e-05    4    0.5956    2.3824    0.59561502037    1.5    2
63    1562250335.35    1562250335.35    5.69820404053e-05    4    0.0059    0.0236    0.00595698204041    1.33333333333    2
64    1562250337.09    1562250337.72    0.622756004333    256    0.6189    158.4384    1.24165600433    5.07665441176    8
65    1562250338.76    1562250338.76    8.70227813721e-05    4    0.0059    0.0236    0.00598702278137    1.33333333333    2
66    1562250340.32    1562250340.32    3.91006469727e-05    16    0.4243    6.7888    0.424339100647    2.54166666667    4
67    1562250340.33    1562250340.33    2.19345092773e-05    16    0.4243    6.7888    0.424321934509    2.58333333333    4
68    1562250341.39    1562250341.39    0.00123190879822    64    0.0055    0.352    0.00673190879822    3.89632936508    6
69    1562250342.88    1562250342.88    2.31266021729e-05    4    0.0059    0.0236    0.00592312660217    1.33333333333    2
70    1562250344.0    1562250344.0    -0.00197505950928    4    1.1283    4.5132    1.12632494049    1.33333333333    2
71    1562250344.26    1562250345.34    1.08587503433    256    0.6189    158.4384    1.70477503433    5.00275735294    7
72    1562250345.1    1562250345.35    0.244841098785    16    0.0429    0.6864    0.287741098785    2.63333333333    4
73    1562250345.53    1562250345.53    -0.00139117240906    4    0.0284    0.1136    0.0270088275909    1.5    2
74    1562250347.27    1562250347.27    0.00019097328186    64    0.0234    1.4976    0.0235909732819    3.89632936508    6
75    1562250348.02    1562250348.02    0.000169038772583    4    0.0059    0.0236    0.00606903877258    1.33333333333    2
76    1562250348.59    1562250348.59    0.00571393966675    64    0.0234    1.4976    0.0291139396667    3.89632936508    6
77    1562250349.09    1562250349.09    -0.000689029693604    64    0.9446    60.4544    0.943910970306    3.89632936508    6
78    1562250349.3    1562250350.45    1.15215015411    256    0.8    204.8    1.95215015411    5.05799632353    8
79    1562250349.88    1562250351.67    1.78459000587    256    0.8    204.8    2.58459000587    5.00238970588    8
80    1562250350.87    1562250351.67    0.80408000946    16    0.0297    0.4752    0.83378000946    2.65    4
81    1562250351.08    1562250351.67    0.599698066711    4    0.0284    0.1136    0.628098066711    1.5    2
82    1562250351.28    1562250351.68    0.397042036057    4    1.1283    4.5132    1.52534203606    1.5    2
83    1562250352.21    1562250352.21    4.6968460083e-05    4    0.0284    0.1136    0.0284469684601    1.5    2
84    1562250352.72    1562250352.72    1.69277191162e-05    4    0.6452    2.5808    0.645216927719    1.33333333333    2
85    1562250354.74    1562250355.62    0.877063035965    256    0.0177    4.5312    0.894763035965    5.07665441176    8
86    1562250357.79    1562250357.78    -0.00424313545227    64    0.1855    11.872    0.181256864548    3.89632936508    6
87    1562250358.18    1562250358.18    0.000200033187866    64    0.9446    60.4544    0.944800033188    3.89632936508    6
88    1562250362.59    1562250362.59    3.60012054443e-05    64    0.0234    1.4976    0.0234360012054    3.89632936508    6
89    1562250362.94    1562250363.78    0.843268156052    256    0.7528    192.7168    1.59606815605    5.07665441176    8
90    1562250365.97    1562250365.97    0.000176906585693    64    0.0055    0.352    0.00567690658569    3.89632936508    6
91    1562250366.15    1562250367.11    0.961127996445    256    0.8    204.8    1.76112799644    5.07665441176    8
92    1562250366.47    1562250367.18    0.713649988174    64    0.0234    1.4976    0.737049988174    4.00595238095    6
93    1562250366.88    1562250367.19    0.304975986481    16    0.0429    0.6864    0.347875986481    2.65    4
94    1562250367.11    1562250367.2    0.0845398902893    16    0.7616    12.1856    0.846139890289    2.61666666667    4
95    1562250367.99    1562250369.06    1.06990098953    256    0.0177    4.5312    1.08760098953    5.07665441176    8
96    1562250369.06    1562250370.12    1.06782793999    256    0.0057    1.4592    1.07352793999    5.10324754902    8
97    1562250369.31    1562250370.13    0.816534042358    4    0.0522    0.2088    0.868734042358    1.33333333333    2
98    1562250371.45    1562250372.27    0.815296888351    256    0.8    204.8    1.61529688835    5.07665441176    8
99    1562250371.81    1562250372.34    0.527508020401    64    0.0055    0.352    0.533008020401    4.00595238095    6

dispatched jobs are: 100 out of 100
average queue time is: 0.426068453789
fso links are used for 0 times
overall utilization is 0.036804376174639435
average response time is 0.772676453789
average weighted response time is 1.8337677260528902
average slowdown is 2.5719019378404258
cpu_request: 8236, cpu_run: 8236
ssd_request: 4343, ssd_run: 0
gpu_request: 4326, gpu_run: 0
cpu aspl: 3.24556926937
cpu diameter: 4.97
job x: 0.0
job y: 0.0
job z: 0.0
