#timestep  occupied-CPU  total-CPU  utilization  queuingjobs
1    0    1024    0.0    1
2    0    1024    0.0    2
3    280    1024    0.2734375    1
4    320    1024    0.3125    2
5    0    1024    0.0    6
6    0    1024    0.0    9
7    0    1024    0.0    11
8    272    1024    0.265625    11
9    264    1024    0.2578125    12
10    0    1024    0.0    17
11    72    1024    0.0703125    14
12    292    1024    0.28515625    12
13    20    1024    0.01953125    8
14    0    1024    0.0    7
15    32    1024    0.03125    3
16    260    1024    0.25390625    2
17    0    1024    0.0    4
18    0    1024    0.0    4
19    4    1024    0.00390625    0
20    12    1024    0.01171875    0
21    24    1024    0.0234375    0
22    24    1024    0.0234375    0
23    0    1024    0.0    3
24    256    1024    0.25    2
25    8    1024    0.0078125    1
26    320    1024    0.3125    1
27    4    1024    0.00390625    3
28    0    1024    0.0    6
29    0    1024    0.0    8
30    4    1024    0.00390625    6
31    408    1024    0.3984375    0
32    0    1024    0.0    5
33    16    1024    0.015625    4
34    49    1024    0.0478515625    0
35    32    1024    0.03125    2
36    324    1024    0.31640625    0
37    128    1024    0.125    4
38    256    1024    0.25    2
39    0    1024    0.0    5
40    0    1024    0.0    6
41    324    1024    0.31640625    0
42    16    1024    0.015625    1
43    288    1024    0.28125    0
44    0    1024    0.0    4
45    0    1024    0.0    6
46    12    1024    0.01171875    0
47    0    1024    0.0    5
48    256    1024    0.25    8
49    64    1024    0.0625    10
50    0    1024    0.0    10
51    0    1024    0.0    15
52    0    1024    0.0    16
53    256    1024    0.25    19
54    2    1024    0.001953125    23
55    96    1024    0.09375    21
56    64    1024    0.0625    25
57    336    1024    0.328125    25
58    77    1024    0.0751953125    24
59    0    1024    0.0    27
60    64    1024    0.0625    28
61    24    1024    0.0234375    27
62    0    1024    0.0    32
63    0    1024    0.0    30
64    223    1024    0.2177734375    32
65    256    1024    0.25    34
66    0    1024    0.0    35
67    256    1024    0.25    36
68    0    1024    0.0    39
69    260    1024    0.25390625    40
70    324    1024    0.31640625    41
71    0    1024    0.0    45
72    0    1024    0.0    45
73    0    1024    0.0    47
74    243    1024    0.2373046875    40
75    68    1024    0.06640625    41
76    256    1024    0.25    43
77    64    1024    0.0625    42
78    328    1024    0.3203125    36
79    276    1024    0.26953125    32
80    256    1024    0.25    31
81    256    1024    0.25    33
82    256    1024    0.25    34
83    0    1024    0.0    38
84    0    1024    0.0    36
85    0    1024    0.0    30
86    256    1024    0.25    27
87    284    1024    0.27734375    18
88    272    1024    0.265625    19
89    0    1024    0.0    23
90    0    1024    0.0    25
91    15    1024    0.0146484375    26
92    256    1024    0.25    26
93    16    1024    0.015625    24
94    388    1024    0.37890625    20
95    0    1024    0.0    24
96    0    1024    0.0    24
97    0    1024    0.0    24
98    0    1024    0.0    27
99    256    1024    0.25    28
100    256    1024    0.25    26
101    0    1024    0.0    26
102    0    1024    0.0    26
103    312    1024    0.3046875    21
104    256    1024    0.25    25
105    276    1024    0.26953125    25
106    272    1024    0.265625    25
107    0    1024    0.0    29
108    0    1024    0.0    31
109    320    1024    0.3125    34
110    260    1024    0.25390625    35
111    144    1024    0.140625    34
112    0    1024    0.0    36
113    1    1024    0.0009765625    36
114    0    1024    0.0    38
115    264    1024    0.2578125    39
116    420    1024    0.41015625    33
117    0    1024    0.0    37
118    0    1024    0.0    40
119    0    1024    0.0    41
120    7    1024    0.0068359375    34
121    336    1024    0.328125    28
122    0    1024    0.0    32
123    75    1024    0.0732421875    35
124    0    1024    0.0    39
125    0    1024    0.0    39
126    310    1024    0.302734375    38
127    356    1024    0.34765625    37
128    20    1024    0.01953125    36
129    256    1024    0.25    37
130    0    1024    0.0    39
131    154    1024    0.150390625    38
132    256    1024    0.25    41
133    0    1024    0.0    41
134    256    1024    0.25    40
135    36    1024    0.03515625    36
136    256    1024    0.25    33
137    0    1024    0.0    32
138    160    1024    0.15625    31
139    0    1024    0.0    23
140    4    1024    0.00390625    18
141    256    1024    0.25    17
142    154    1024    0.150390625    10
143    256    1024    0.25    9
144    128    1024    0.125    4
145    57    1024    0.0556640625    2
146    0    1024    0.0    0

average cpu utilization is: 0.111963559503
average ssd utilization is: 0.087348833476
average gpu utilization is: 0.0868137307363
average utilization is: 0.0953753745719
average queuing jobs are: 21.3082191781
maximum queuing jobs are: 47


#job_number  submit  dispatch  queue  cpu#  runtime  weight  response(turnaround)  cpu_aspl  cpu_diameter
0    1562290453.84    1562290457.97    4.12557315826    4    0.0526    0.2104    4.17817315826    1.5    2
1    1562290458.26    1562290458.26    9.10758972168e-05    64    0.0131    0.8384    0.0131910758972    3.91121031746    6
2    1562290458.49    1562290458.49    0.000311851501465    64    0.1865    11.936    0.186811851501    3.91121031746    6
3    1562290458.67    1562290458.67    3.48091125488e-05    16    0.0099    0.1584    0.00993480911255    2.58333333333    4
4    1562290458.83    1562290459.83    1.00752496719    256    0.4475    114.56    1.45502496719    5.04246323529    7
5    1562290458.98    1562290459.84    0.861125946045    16    0.7709    12.3344    1.63202594604    2.58333333333    4
6    1562290459.37    1562290459.84    0.473920822144    4    0.6477    2.5908    1.12162082214    1.5    2
7    1562290459.62    1562290459.91    0.293498039246    64    0.0056    0.3584    0.299098039246    4.0376984127    6
8    1562290459.91    1562290459.91    0.000598907470703    4    0.6477    2.5908    0.648298907471    1.5    2
9    1562290460.01    1562290461.12    1.1028239727    256    0.8087    207.0272    1.9115239727    5.16636029412    8
10    1562290460.51    1562290461.19    0.682809114456    64    0.4242    27.1488    1.10700911446    3.91121031746    6
11    1562290460.77    1562290462.45    1.67953586578    256    0.0198    5.0688    1.69933586578    5.3668504902    8
12    1562290460.99    1562290462.53    1.53624296188    64    0.1865    11.936    1.72274296188    3.91121031746    6
13    1562290461.35    1562290463.93    2.58001613617    256    0.0057    1.4592    2.58571613617    5.09598651961    7
14    1562290461.63    1562290465.18    3.55008292198    256    0.4475    114.56    3.99758292198    5.13057598039    8
15    1562290462.1    1562290465.19    3.08097600937    16    0.0296    0.4736    3.11057600937    2.58333333333    4
16    1562290462.27    1562290465.19    2.92543005943    16    0.0099    0.1584    2.93533005943    2.48333333333    4
17    1562290462.68    1562290465.2    2.515417099    16    0.7709    12.3344    3.286317099    2.6    4
18    1562290462.76    1562290465.2    2.43943405151    16    0.0296    0.4736    2.46903405151    2.58333333333    4
19    1562290463.08    1562290466.44    3.35452890396    256    0.4475    114.56    3.80202890396    5.18979779412    8
20    1562290463.38    1562290466.44    3.05766010284    4    0.5984    2.3936    3.65606010284    1.5    2
21    1562290463.4    1562290466.44    3.03785800934    4    1.1322    4.5288    4.17005800934    1.5    2
22    1562290463.6    1562290467.72    4.12451410294    256    0.6811    174.3616    4.80561410294    5.09666053922    8
23    1562290464.1    1562290467.73    3.62442493439    4    1.1322    4.5288    4.75662493439    1.5    2
24    1562290464.44    1562290467.73    3.28228592873    4    1.1322    4.5288    4.41448592873    1.5    2
25    1562290464.63    1562290467.8    3.16715216637    64    0.9575    61.28    4.12465216637    4.04563492063    6
26    1562290464.71    1562290467.8    3.08667802811    4    0.6477    2.5908    3.73437802811    1.5    2
27    1562290464.89    1562290467.8    2.90912890434    4    0.0834    0.3336    2.99252890434    1.5    2
28    1562290465.16    1562290467.8    2.64240598679    4    0.0526    0.2104    2.69500598679    1.5    2
29    1562290465.49    1562290467.88    2.38840317726    64    0.1872    11.9808    2.57560317726    4.24454365079    6
30    1562290465.63    1562290467.95    2.31860494614    64    0.4299    27.5136    2.74850494614    4.37152777778    6
31    1562290465.66    1562290469.18    3.52425098419    256    0.8114    207.7184    4.33565098419    5.45879289216    9
32    1562290466.53    1562290469.26    2.72842502594    64    0.4242    27.1488    3.15262502594    3.98115079365    6
33    1562290466.61    1562290469.27    2.65663814545    16    0.7709    12.3344    3.42753814545    2.65    4
34    1562290466.99    1562290469.27    2.28129482269    16    0.7709    12.3344    3.05219482269    2.65    4
35    1562290467.09    1562290469.36    2.26665401459    64    0.0254    1.6256    2.29205401459    4.1875    6
36    1562290467.15    1562290469.36    2.2088727951    16    0.0296    0.4736    2.2384727951    2.7    4
37    1562290467.53    1562290469.36    1.8336648941    4    1.1322    4.5288    2.9658648941    1.5    2
38    1562290467.72    1562290470.6    2.87366008759    256    0.0198    5.0688    2.89346008759    5.15337009804    8
39    1562290467.87    1562290470.6    2.72698497772    4    0.5984    2.3936    3.32538497772    1.5    2
40    1562290467.99    1562290470.68    2.68467020988    64    0.0131    0.8384    2.69777020988    3.97668650794    6
41    1562290468.07    1562290470.76    2.68244791031    64    0.0131    0.8384    2.69554791031    3.91964285714    6
42    1562290468.18    1562290470.76    2.57643294334    4    0.0284    0.1136    2.60483294334    1.5    2
43    1562290468.4    1562290470.76    2.35733699799    4    0.0834    0.3336    2.44073699799    1.5    2
44    1562290468.43    1562290470.76    2.3299779892    4    0.0284    0.1136    2.3583779892    1.5    2
45    1562290468.87    1562290470.76    1.89286780357    16    0.8867    14.1872    2.77956780357    2.58333333333    4
46    1562290469.18    1562290470.77    1.58669805527    16    0.0099    0.1584    1.59659805527    2.63333333333    4
47    1562290469.22    1562290470.86    1.63566589355    64    0.0131    0.8384    1.64876589355    3.94295634921    6
48    1562290469.26    1562290470.87    1.60329699516    16    0.0432    0.6912    1.64649699516    2.58333333333    4
49    1562290469.73    1562290470.87    1.1347091198    4    0.0284    0.1136    1.1631091198    1.5    2
50    1562290470.24    1562290470.87    0.629352092743    4    0.0834    0.3336    0.712752092743    1.5    2
51    1562290470.42    1562290470.87    0.453295946121    16    0.03    0.48    0.483295946121    2.48333333333    4
52    1562290470.59    1562290472.16    1.56469893456    256    0.6811    174.3616    2.24579893456    5.18069852941    8
53    1562290470.63    1562290472.16    1.52925109863    4    0.5984    2.3936    2.12765109863    1.5    2
54    1562290470.68    1562290472.22    1.5474319458    64    0.0056    0.3584    1.5530319458    4.17361111111    6
55    1562290470.96    1562290472.3    1.34786105156    64    0.1865    11.936    1.53436105156    4.07589285714    6
56    1562290471.17    1562290472.37    1.20123887062    64    0.0254    1.6256    1.22663887062    4.17361111111    6
57    1562290471.41    1562290472.38    0.974633932114    16    0.8867    14.1872    1.86133393211    2.65    4
58    1562290471.61    1562290472.39    0.778301954269    16    0.0432    0.6912    0.821501954269    2.63333333333    4
59    1562290472.16    1562290472.47    0.316889047623    64    0.4299    27.5136    0.746789047623    4.2619047619    6
60    1562290472.28    1562290472.48    0.196755886078    16    0.8867    14.1872    1.08345588608    2.58333333333    4
61    1562290472.58    1562290472.58    2.00271606445e-05    4    0.0526    0.2104    0.0526200271606    1.5    2
62    1562290472.84    1562290474.0    1.16327214241    256    0.6811    174.3616    1.84437214241    5.30940563725    8
63    1562290472.94    1562290474.0    1.06903910637    4    0.0284    0.1136    1.09743910637    1.5    2
64    1562290473.0    1562290474.01    1.00313591957    4    0.5984    2.3936    1.60153591957    1.5    2
65    1562290473.55    1562290474.01    0.464262962341    16    0.0432    0.6912    0.507462962341    2.58333333333    4
66    1562290473.73    1562290474.01    0.28458404541    4    0.0284    0.1136    0.31298404541    1.5    2
67    1562290474.0    1562290475.23    1.22799897194    256    0.0057    1.4592    1.23369897194    5.15646446078    8
68    1562290474.12    1562290475.32    1.19997096062    64    0.0247    1.5808    1.22467096062    4.03025793651    6
69    1562290474.37    1562290475.32    0.952208042145    16    0.0432    0.6912    0.995408042145    2.58333333333    4
70    1562290475.06    1562290476.45    1.39091992378    256    0.0198    5.0688    1.41071992378    4.96783088235    7
71    1562290475.35    1562290476.46    1.11478495598    16    0.0099    0.1584    1.12468495598    2.58333333333    4
72    1562290475.7    1562290476.46    0.764250040054    4    1.1322    4.5288    1.89645004005    1.5    2
73    1562290476.15    1562290476.46    0.313895940781    4    0.0526    0.2104    0.366495940781    1.5    2
74    1562290477.22    1562290477.22    2.50339508057e-05    64    0.0247    1.5808    0.0247250339508    3.91121031746    6
75    1562290477.63    1562290477.63    -0.00747680664062    4    1.1322    4.5288    1.12472319336    1.5    2
76    1562290477.67    1562290477.67    1.4066696167e-05    4    1.1322    4.5288    1.1322140667    1.5    2
77    1562290477.95    1562290477.95    0.000180006027222    64    0.0247    1.5808    0.0248800060272    3.91865079365    6
78    1562290477.96    1562290477.96    7.86781311035e-06    4    0.0834    0.3336    0.0834078678131    1.5    2
79    1562290478.21    1562290478.21    -0.00138115882874    4    0.5984    2.3936    0.597018841171    1.5    2
80    1562290478.33    1562290478.33    -0.000584125518799    16    0.0099    0.1584    0.0093158744812    2.58333333333    4
81    1562290478.65    1562290478.65    0.000776052474976    64    0.1865    11.936    0.187276052475    3.9623015873    6
82    1562290478.75    1562290478.75    2.21729278564e-05    4    0.6477    2.5908    0.647722172928    1.5    2
83    1562290479.04    1562290479.04    3.19480895996e-05    4    0.6477    2.5908    0.64773194809    1.5    2
84    1562290479.37    1562290479.37    0.000185012817383    16    0.8867    14.1872    0.886885012817    2.58333333333    4
85    1562290479.65    1562290479.65    5.31673431396e-05    4    0.5984    2.3936    0.598453167343    1.5    2
86    1562290479.75    1562290479.75    4.60147857666e-05    16    0.8867    14.1872    0.886746014786    2.58333333333    4
87    1562290479.78    1562290479.78    -0.000335931777954    16    0.03    0.48    0.029664068222    2.58333333333    4
88    1562290480.06    1562290480.06    3.69548797607e-05    4    0.5984    2.3936    0.59843695488    1.5    2
89    1562290480.23    1562290480.28    0.0518958568573    64    0.0247    1.5808    0.0765958568573    4.00446428571    6
90    1562290480.31    1562290480.31    0.000205039978027    4    0.6477    2.5908    0.647905039978    1.5    2
91    1562290480.67    1562290481.81    1.14035320282    256    0.8087    207.0272    1.94905320282    5.02555147059    7
92    1562290480.98    1562290481.88    0.906794071198    64    0.0056    0.3584    0.912394071198    4.03373015873    6
93    1562290481.12    1562290481.89    0.770370006561    16    0.0296    0.4736    0.799970006561    2.65    4
94    1562290481.99    1562290482.03    0.0432639122009    64    0.4242    27.1488    0.467463912201    4.03373015873    6
95    1562290482.03    1562290483.2    1.16594099998    256    0.0057    1.4592    1.17164099998    5.12484681373    8
96    1562290482.46    1562290483.2    0.735171079636    4    0.0834    0.3336    0.818571079636    1.5    2
97    1562290482.73    1562290483.2    0.470703840256    4    0.6477    2.5908    1.11840384026    1.5    2
98    1562290483.03    1562290483.28    0.252439975739    64    0.0247    1.5808    0.277139975739    4.05307539683    6
99    1562290483.2    1562290483.28    0.0834221839905    4    1.1322    4.5288    1.21562218399    1.5    2
100    1562290483.32    1562290484.44    1.12372899055    256    0.7774    199.0144    1.90112899055    5.10879289216    8
101    1562290483.85    1562290484.51    0.661410808563    64    0.9575    61.28    1.61891080856    4.04613095238    6
102    1562290484.35    1562290485.69    1.33607196808    256    0.0198    5.0688    1.35587196808    5.13829656863    8
103    1562290484.94    1562290485.77    0.826179027557    64    0.0135    0.864    0.839679027557    4.10763888889    6
104    1562290485.09    1562290485.77    0.679612874985    4    0.0284    0.1136    0.708012874985    1.5    2
105    1562290485.2    1562290485.77    0.575716018677    4    0.6477    2.5908    1.22341601868    1.5    2
106    1562290485.4    1562290485.78    0.37741112709    16    0.03    0.48    0.40741112709    2.575    4
107    1562290485.5    1562290485.86    0.355614900589    64    0.0056    0.3584    0.361214900589    3.87996031746    6
108    1562290485.69    1562290487.04    1.35172891617    256    0.7774    199.0144    2.12912891617    5.08109681373    7
109    1562290485.73    1562290488.19    2.46024394035    256    0.0057    1.4592    2.46594394035    5.27288602941    8
110    1562290485.88    1562290488.19    2.30829596519    4    0.0059    0.0236    2.31419596519    1.5    2
111    1562290486.42    1562290488.19    1.7655749321    4    0.6477    2.5908    2.4132749321    1.5    2
112    1562290486.47    1562290488.19    1.71814107895    4    1.1322    4.5288    2.85034107895    1.5    2
113    1562290486.89    1562290488.2    1.31054115295    16    0.0432    0.6912    1.35374115295    2.48333333333    4
114    1562290487.04    1562290488.2    1.16453886032    16    0.4263    6.8208    1.59083886032    2.58333333333    4
115    1562290487.57    1562290489.48    1.90508294106    256    0.8087    207.0272    2.71378294106    4.96534926471    8
116    1562290487.85    1562290489.49    1.6340239048    16    0.4263    6.8208    2.0603239048    2.58333333333    4
117    1562290488.25    1562290489.49    1.23145103455    4    1.1322    4.5288    2.36365103455    1.5    2
118    1562290488.75    1562290489.55    0.800468921661    64    0.6958    44.5312    1.49626892166    4.18303571429    6
119    1562290489.08    1562290489.63    0.549936056137    64    0.6958    44.5312    1.24573605614    4.11259920635    6
120    1562290489.16    1562290489.71    0.55175280571    64    0.0254    1.6256    0.57715280571    4.12202380952    6
121    1562290489.34    1562290489.71    0.370517015457    4    1.1322    4.5288    1.50271701546    1.5    2
122    1562290489.43    1562290489.79    0.364267110825    64    0.0056    0.3584    0.369867110825    4.19246031746    6
123    1562290489.63    1562290489.8    0.164070129395    16    0.7709    12.3344    0.934970129395    2.58333333333    4
124    1562290490.21    1562290490.21    1.78813934326e-05    4    0.0834    0.3336    0.0834178813934    1.5    2
125    1562290490.27    1562290491.51    1.24183487892    256    0.0057    1.4592    1.24753487892    5.36409313725    9
126    1562290490.28    1562290491.51    1.23402309418    16    0.7709    12.3344    2.00492309418    2.58333333333    4
127    1562290490.62    1562290491.59    0.970973968506    64    0.4242    27.1488    1.39517396851    3.94146825397    6
128    1562290490.81    1562290491.6    0.78328704834    16    0.8867    14.1872    1.66998704834    2.65    4
129    1562290491.0    1562290492.78    1.78750801086    256    0.6811    174.3616    2.46860801086    5.00018382353    8
130    1562290491.51    1562290492.85    1.34060192108    64    0.4242    27.1488    1.76480192108    4.0808531746    6
131    1562290491.98    1562290492.85    0.87103509903    16    0.4263    6.8208    1.29733509903    2.58333333333    4
132    1562290492.3    1562290492.92    0.624063968658    64    0.1872    11.9808    0.811263968658    4.30952380952    6
133    1562290493.07    1562290493.07    2.69412994385e-05    4    0.0059    0.0236    0.00592694129944    1.5    2
134    1562290493.26    1562290493.32    0.0654189586639    64    0.0056    0.3584    0.0710189586639    4.30952380952    6
135    1562290493.41    1562290493.41    -0.000565052032471    4    0.0526    0.2104    0.0520349479675    1.5    2
136    1562290493.44    1562290493.44    4.00543212891e-05    16    0.03    0.48    0.0300400543213    2.58333333333    4
137    1562290493.58    1562290493.58    0.000247001647949    64    0.6889    44.0896    0.689147001648    3.91121031746    6
138    1562290493.75    1562290493.75    0.000176906585693    16    0.8867    14.1872    0.886876906586    2.58333333333    4
139    1562290493.84    1562290493.84    0.000290870666504    16    0.7709    12.3344    0.771190870667    2.58333333333    4
140    1562290494.19    1562290495.37    1.17513895035    256    0.4475    114.56    1.62263895035    5.03875612745    8
141    1562290494.5    1562290495.43    0.929908037186    64    0.0247    1.5808    0.954608037186    3.91121031746    6
142    1562290494.92    1562290495.44    0.517812013626    16    0.03    0.48    0.547812013626    2.58333333333    4
143    1562290495.06    1562290495.51    0.44948887825    64    0.4242    27.1488    0.87368887825    4.08234126984    6
144    1562290495.33    1562290495.51    0.18798494339    4    0.5984    2.3936    0.78638494339    1.5    2
145    1562290495.62    1562290495.62    5.19752502441e-05    16    0.8867    14.1872    0.88675197525    2.58333333333    4
146    1562290495.83    1562290495.89    0.0572609901428    64    0.9639    61.6896    1.02116099014    4.34176587302    6
147    1562290495.92    1562290495.92    4.31537628174e-05    4    0.0284    0.1136    0.0284431537628    1.5    2
148    1562290496.02    1562290496.03    0.0178060531616    64    0.9575    61.28    0.975306053162    3.91865079365    6
149    1562290496.32    1562290497.51    1.19122600555    256    0.4475    114.56    1.63872600555    5.07233455882    8
150    1562290496.4    1562290497.6    1.19584512711    64    0.0254    1.6256    1.22124512711    4.08779761905    6
151    1562290496.53    1562290497.61    1.08037686348    16    0.0432    0.6912    1.12357686348    2.58333333333    4
152    1562290496.63    1562290497.61    0.978960037231    4    0.0834    0.3336    1.06236003723    1.5    2
153    1562290496.86    1562290497.72    0.852961063385    64    0.6958    44.5312    1.54876106339    4.28323412698    6
154    1562290497.6    1562290499.01    1.40849804878    256    0.6811    174.3616    2.08959804878    5.29856004902    8
155    1562290497.88    1562290499.01    1.12968802452    16    0.03    0.48    1.15968802452    2.58333333333    4
156    1562290498.17    1562290499.02    0.846665859222    16    0.8867    14.1872    1.73336585922    2.58333333333    4
157    1562290498.61    1562290499.02    0.415352106094    4    0.5984    2.3936    1.01375210609    1.5    2
158    1562290498.73    1562290499.1    0.367112874985    64    0.0254    1.6256    0.392512874985    4.18799603175    6
159    1562290499.01    1562290500.39    1.37855291367    256    0.8087    207.0272    2.18725291367    5.20098039216    8
160    1562290499.07    1562290500.39    1.32276296616    16    0.03    0.48    1.35276296616    2.58333333333    4
161    1562290499.28    1562290500.39    1.11230611801    4    0.0834    0.3336    1.19570611801    1.5    2
162    1562290499.63    1562290500.49    0.858676195145    64    0.4299    27.5136    1.28857619514    4.18551587302    6
163    1562290499.7    1562290500.5    0.795226812363    16    0.0296    0.4736    0.824826812363    2.58333333333    4
164    1562290499.94    1562290500.5    0.567274808884    16    0.0099    0.1584    0.577174808884    2.63333333333    4
165    1562290499.99    1562290500.5    0.513092041016    4    0.6477    2.5908    1.16079204102    1.5    2
166    1562290500.28    1562290500.6    0.319458961487    64    0.9639    61.6896    1.28335896149    4.26884920635    6
167    1562290500.59    1562290500.6    0.0188579559326    4    0.0059    0.0236    0.0247579559326    1.5    2
168    1562290500.64    1562290500.64    -0.00217413902283    4    0.0059    0.0236    0.00372586097717    1.5    2
169    1562290501.27    1562290501.27    -0.000242948532104    16    0.7709    12.3344    0.770657051468    2.58333333333    4
170    1562290501.48    1562290501.48    0.00023889541626    64    0.1865    11.936    0.186738895416    3.9558531746    6
171    1562290501.58    1562290502.71    1.12918186188    256    0.7774    199.0144    1.90658186188    5.02515318627    8
172    1562290502.15    1562290502.72    0.56730890274    16    0.03    0.48    0.59730890274    2.58333333333    4
173    1562290502.3    1562290502.72    0.412551164627    4    0.0059    0.0236    0.418451164627    1.5    2
174    1562290502.55    1562290502.72    0.165471076965    16    0.7709    12.3344    0.936371076965    2.65    4
175    1562290503.01    1562290503.01    1.62124633789e-05    16    0.4263    6.8208    0.426316212463    2.58333333333    4
176    1562290503.15    1562290503.15    3.40938568115e-05    4    0.0834    0.3336    0.0834340938568    1.5    2
177    1562290503.44    1562290504.48    1.0401070118    256    0.0198    5.0688    1.0599070118    5.14598651961    8
178    1562290503.48    1562290505.65    2.17080187798    256    0.0057    1.4592    2.17650187798    5.18275122549    8
179    1562290503.53    1562290505.66    2.12518119812    16    0.0099    0.1584    2.13508119812    2.58333333333    4
180    1562290503.78    1562290505.66    1.87829113007    4    0.0526    0.2104    1.93089113007    1.5    2
181    1562290504.32    1562290505.66    1.33529806137    4    1.1322    4.5288    2.46749806137    1.5    2
182    1562290504.75    1562290505.66    0.912274122238    4    0.6477    2.5908    1.55997412224    1.5    2
183    1562290505.29    1562290505.66    0.375241041183    4    0.6477    2.5908    1.02294104118    1.5    2
184    1562290506.15    1562290506.15    0.000185966491699    64    0.0131    0.8384    0.0132859664917    3.84821428571    6
185    1562290506.41    1562290507.54    1.13557696342    256    0.7774    199.0144    1.91297696342    5.04246323529    7
186    1562290506.75    1562290508.7    1.94544506073    256    0.0057    1.4592    1.95114506073    5.23771446078    8
187    1562290507.02    1562290508.78    1.75575089455    64    0.6889    44.0896    2.44465089455    3.91121031746    6
188    1562290507.23    1562290509.93    2.69877099991    256    0.0057    1.4592    2.70447099991    5.09598651961    7
189    1562290507.26    1562290510.01    2.75273895264    64    0.4242    27.1488    3.17693895264    3.91121031746    6
190    1562290507.62    1562290511.16    3.54082608223    256    0.0057    1.4592    3.54652608223    5.09598651961    7
191    1562290508.14    1562290512.33    4.18970298767    256    0.0198    5.0688    4.20950298767    5.13057598039    8
192    1562290508.28    1562290513.58    5.30265808105    256    0.7774    199.0144    6.08005808105    5.09598651961    7
193    1562290508.32    1562290513.66    5.3345208168    64    0.0056    0.3584    5.3401208168    3.91121031746    6
194    1562290508.55    1562290513.74    5.18995904922    64    0.9639    61.6896    6.15385904922    4.25793650794    6
195    1562290509.03    1562290514.96    5.93666815758    256    0.6811    174.3616    6.61776815758    5.12931985294    8
196    1562290509.29    1562290515.03    5.74561619759    64    0.6889    44.0896    6.43451619759    3.86656746032    6
197    1562290509.38    1562290515.1    5.71993899345    64    0.4299    27.5136    6.14983899345    4.15079365079    6
198    1562290510.23    1562290515.17    4.93941688538    64    0.6958    44.5312    5.63521688538    4.26884920635    6
199    1562290510.44    1562290516.43    5.98577904701    256    0.0198    5.0688    6.00557904701    5.29518995098    8
200    1562290510.75    1562290516.51    5.75852894783    64    0.0247    1.5808    5.78322894783    3.91121031746    6
201    1562290511.03    1562290516.59    5.56098008156    64    0.0131    0.8384    5.57408008156    3.86656746032    6
202    1562290511.16    1562290516.66    5.50028610229    64    0.6889    44.0896    6.18918610229    3.91121031746    6
203    1562290511.17    1562290517.86    6.68904900551    256    0.6811    174.3616    7.37014900551    5.09598651961    7
204    1562290511.39    1562290517.93    6.5409078598    64    0.6889    44.0896    7.2298078598    3.91121031746    6
205    1562290511.53    1562290517.94    6.40253996849    16    0.0432    0.6912    6.44573996849    2.68333333333    4
206    1562290512.05    1562290517.94    5.89109587669    16    0.8867    14.1872    6.77779587669    2.68333333333    4
207    1562290512.48    1562290518.02    5.53793597221    64    0.6958    44.5312    6.23373597221    4.16170634921    6
208    1562290513.41    1562290518.02    4.60614395142    4    0.0059    0.0236    4.61204395142    1.5    2
209    1562290513.51    1562290518.02    4.51176905632    16    0.0099    0.1584    4.52166905632    2.7    4
210    1562290513.58    1562290518.1    4.51854801178    64    0.4299    27.5136    4.94844801178    4.21775793651    6
211    1562290513.66    1562290518.11    4.44845986366    16    0.7709    12.3344    5.21935986366    2.7    4
212    1562290513.74    1562290518.11    4.3727710247    16    0.03    0.48    4.4027710247    2.65    4
213    1562290513.86    1562290518.11    4.25308585167    4    0.6477    2.5908    4.90078585167    1.5    2
214    1562290514.09    1562290519.35    5.26556777954    256    0.0209    5.3504    5.28646777954    5.61354166667    10
215    1562290514.32    1562290520.63    6.30430102348    256    0.0057    1.4592    6.31000102348    5.14972426471    8
216    1562290514.58    1562290520.71    6.13013601303    64    0.4242    27.1488    6.55433601303    4.04613095238    6
217    1562290514.71    1562290521.87    7.15630984306    256    0.0057    1.4592    7.16200984306    5.04246323529    7
218    1562290515.56    1562290521.95    6.3835170269    64    0.1865    11.936    6.5700170269    4.03373015873    6
219    1562290515.65    1562290521.95    6.29608893394    4    0.0834    0.3336    6.37948893394    1.5    2
220    1562290515.89    1562290521.95    6.06351089478    4    1.1322    4.5288    7.19571089478    1.5    2
221    1562290516.07    1562290521.95    5.88930392265    16    0.0432    0.6912    5.93250392265    2.58333333333    4
222    1562290516.21    1562290521.96    5.74543881416    4    0.0834    0.3336    5.82883881416    1.5    2
223    1562290516.3    1562290523.18    6.87871003151    256    0.6811    174.3616    7.55981003151    5.20762867647    8
224    1562290516.43    1562290523.25    6.81917285919    64    0.4242    27.1488    7.24337285919    3.96974206349    6
225    1562290516.47    1562290523.25    6.77496385574    4    0.6477    2.5908    7.42266385574    1.5    2
226    1562290516.5    1562290523.25    6.74955606461    4    0.0284    0.1136    6.77795606461    1.5    2
227    1562290516.73    1562290523.25    6.52614092827    16    0.03    0.48    6.55614092827    2.58333333333    4
228    1562290517.2    1562290524.46    7.26426196098    256    0.7774    199.0144    8.04166196098    5.27359068627    8
229    1562290517.34    1562290524.47    7.12446498871    4    0.0059    0.0236    7.13036498871    1.5    2
230    1562290517.41    1562290525.68    8.26797795296    256    0.7774    199.0144    9.04537795296    5.15523897059    8
231    1562290517.86    1562290526.85    8.98388791084    256    0.0057    1.4592    8.98958791084    5.17362132353    8
232    1562290518.11    1562290526.95    8.83697891235    64    0.0131    0.8384    8.85007891235    3.86656746032    6
233    1562290518.44    1562290528.12    9.68423008919    256    0.7774    199.0144    10.4616300892    5.075    7
234    1562290518.54    1562290529.21    10.6715648174    256    0.0057    1.4592    10.6772648174    5.21991421569    8
235    1562290518.56    1562290530.37    11.8078868389    256    0.6811    174.3616    12.4889868389    5.075    7
236    1562290518.79    1562290530.37    11.5890800953    4    0.6477    2.5908    12.2367800953    1.5    2
237    1562290519.02    1562290530.38    11.3592970371    16    0.0296    0.4736    11.3888970371    2.6    4
238    1562290519.34    1562290531.6    12.2656111717    256    0.8087    207.0272    13.0743111717    5.22450980392    8
239    1562290519.68    1562290531.6    11.9231779575    4    0.5984    2.3936    12.5215779575    1.5    2
240    1562290519.95    1562290531.67    11.7168130875    64    0.4299    27.5136    12.1467130875    4.26339285714    6
241    1562290520.05    1562290532.86    12.8082120419    256    0.0198    5.0688    12.8280120419    5.3331495098    8
242    1562290520.25    1562290532.93    12.684969902    64    0.1872    11.9808    12.872169902    4.22867063492    6
243    1562290520.45    1562290532.93    12.488822937    4    0.6477    2.5908    13.136522937    1.5    2
244    1562290521.11    1562290534.09    12.9804270267    256    0.6811    174.3616    13.6615270267    4.96488970588    8
245    1562290521.14    1562290535.21    14.0634930134    256    0.7774    199.0144    14.8408930134    5.07015931373    8
246    1562290521.22    1562290535.21    13.9942231178    4    1.1322    4.5288    15.1264231178    1.5    2
247    1562290521.56    1562290535.21    13.6532659531    4    0.5984    2.3936    14.2516659531    1.5    2
248    1562290521.61    1562290535.22    13.6097791195    16    0.0099    0.1584    13.6196791195    2.68333333333    4
249    1562290522.03    1562290535.22    13.1956140995    16    0.7709    12.3344    13.9665140995    2.68333333333    4
250    1562290522.25    1562290535.31    13.0574200153    64    0.0056    0.3584    13.0630200153    4.06448412698    6
251    1562290522.44    1562290535.31    12.8682630062    4    0.0059    0.0236    12.8741630062    1.5    2
252    1562290522.75    1562290535.31    12.5580379963    16    0.0296    0.4736    12.5876379963    2.68333333333    4
253    1562290523.03    1562290535.39    12.3629999161    64    0.0254    1.6256    12.3883999161    4.1681547619    6
254    1562290523.09    1562290535.39    12.3054199219    4    0.0284    0.1136    12.3338199219    1.5    2
255    1562290523.46    1562290535.4    11.9353718758    16    0.4263    6.8208    12.3616718758    2.63333333333    4
256    1562290523.58    1562290536.65    13.0718381405    256    0.0057    1.4592    13.0775381405    5.15735294118    8
257    1562290524.19    1562290536.73    12.5419480801    64    0.4242    27.1488    12.9661480801    3.91121031746    6
258    1562290524.41    1562290536.73    12.3263959885    4    0.0059    0.0236    12.3322959885    1.5    2
259    1562290524.65    1562290536.73    12.0835008621    4    0.0284    0.1136    12.1119008621    1.5    2
260    1562290524.88    1562290536.74    11.8586390018    4    0.5984    2.3936    12.4570390018    1.5    2
261    1562290525.1    1562290538.01    12.9117949009    256    0.8087    207.0272    13.7204949009    5.12352941176    8
262    1562290525.56    1562290538.01    12.4515240192    4    0.0059    0.0236    12.4574240192    1.5    2
263    1562290525.9    1562290538.09    12.1967899799    64    0.4299    27.5136    12.6266899799    4.09672619048    6
264    1562290526.29    1562290538.1    11.8119490147    16    0.03    0.48    11.8419490147    2.58333333333    4
265    1562290526.7    1562290538.19    11.4932639599    64    0.9639    61.6896    12.4571639599    4.1691468254    6
266    1562290527.28    1562290538.2    10.9152650833    16    0.0099    0.1584    10.9251650833    2.58333333333    4
267    1562290527.5    1562290539.42    11.9239988327    256    0.8087    207.0272    12.7326988327    5.39261642157    8
268    1562290527.88    1562290539.42    11.5485799313    4    1.1322    4.5288    12.6807799313    1.5    2
269    1562290528.42    1562290539.49    11.0746181011    64    0.6889    44.0896    11.7635181011    3.94146825397    6
270    1562290528.68    1562290539.5    10.8136608601    16    0.0432    0.6912    10.8568608601    2.575    4
271    1562290528.96    1562290539.5    10.536593914    16    0.0432    0.6912    10.579793914    2.63333333333    4
272    1562290529.25    1562290539.5    10.2566049099    16    0.0432    0.6912    10.2998049099    2.73333333333    4
273    1562290529.64    1562290539.58    9.94462394714    64    0.0247    1.5808    9.96932394714    4.01884920635    6
274    1562290529.84    1562290539.58    9.73845696449    4    1.1322    4.5288    10.8706569645    1.5    2
275    1562290530.15    1562290539.59    9.44103384018    16    0.0296    0.4736    9.47063384018    2.63333333333    4
276    1562290530.37    1562290539.59    9.22092604637    16    0.0099    0.1584    9.23082604637    2.73333333333    4
277    1562290530.59    1562290540.82    10.232063055    256    0.4475    114.56    10.679563055    5.37791053922    8
278    1562290530.94    1562290540.82    9.88465499878    4    1.1322    4.5288    11.0168549988    1.5    2
279    1562290531.27    1562290540.83    9.55649399757    16    0.4263    6.8208    9.98279399757    2.65    4
280    1562290531.59    1562290540.83    9.24482607841    16    0.4263    6.8208    9.67112607841    2.46666666667    4
281    1562290531.77    1562290540.83    9.06502509117    4    0.0834    0.3336    9.14842509117    1.5    2
282    1562290532.04    1562290541.97    9.92707204819    256    0.6811    174.3616    10.6081720482    5.13765318627    8
283    1562290532.12    1562290541.98    9.85213899612    16    0.03    0.48    9.88213899612    2.65    4
284    1562290532.7    1562290543.07    10.3778460026    256    0.6811    174.3616    11.0589460026    5.22711397059    8
285    1562290532.77    1562290544.26    11.492923975    256    0.7774    199.0144    12.270323975    5.10860906863    8
286    1562290532.86    1562290544.26    11.4077990055    4    0.0059    0.0236    11.4136990055    1.5    2
287    1562290533.19    1562290545.49    12.298981905    256    0.4475    114.56    12.746481905    5.03854166667    8
288    1562290533.59    1562290545.5    11.9107749462    16    0.0099    0.1584    11.9206749462    2.58333333333    4
289    1562290534.09    1562290546.64    12.5521018505    256    0.4475    114.56    12.9996018505    5.17490808824    8
290    1562290534.31    1562290546.64    12.328122139    16    0.7709    12.3344    13.099022139    2.58333333333    4
291    1562290534.91    1562290546.71    11.8053789139    64    0.4242    27.1488    12.2295789139    3.96676587302    6
292    1562290535.12    1562290546.79    11.6661560535    64    0.0254    1.6256    11.6915560535    4.15823412698    6
293    1562290535.39    1562290546.86    11.4644699097    64    0.1872    11.9808    11.6516699097    4.21378968254    6
294    1562290535.42    1562290546.92    11.5024540424    64    0.0254    1.6256    11.5278540424    4.15823412698    6
295    1562290535.81    1562290546.93    11.1163079739    4    0.0526    0.2104    11.1689079739    1.5    2
296    1562290536.06    1562290547.01    10.9479382038    64    0.0135    0.864    10.9614382038    4.5248015873    7
297    1562290536.22    1562290547.01    10.7947039604    4    0.0284    0.1136    10.8231039604    1.5    2
298    1562290536.48    1562290548.31    11.8332350254    256    0.7774    199.0144    12.6106350254    5.37757352941    9
299    1562290536.65    1562290548.32    11.6692841053    16    0.0296    0.4736    11.6988841053    2.58333333333    4
300    1562290536.91    1562290548.32    11.4074909687    16    0.4263    6.8208    11.8337909687    2.58333333333    4
301    1562290537.03    1562290548.4    11.3702549934    64    0.0056    0.3584    11.3758549934    3.96676587302    6
302    1562290537.24    1562290548.4    11.1612970829    4    0.0059    0.0236    11.1671970829    1.5    2
303    1562290537.72    1562290549.53    11.8185529709    256    0.8087    207.0272    12.6272529709    5.13710171569    8
304    1562290538.01    1562290549.54    11.5238418579    4    1.1322    4.5288    12.6560418579    1.5    2
305    1562290538.09    1562290549.61    11.5118279457    64    0.0056    0.3584    11.5174279457    4.05753968254    6
306    1562290538.24    1562290549.61    11.3668749332    4    0.0059    0.0236    11.3727749332    1.5    2
307    1562290538.4    1562290549.61    11.2095019817    4    0.5984    2.3936    11.8079019817    1.5    2
308    1562290538.81    1562290549.61    10.8057200909    16    0.7709    12.3344    11.5766200909    2.68333333333    4
309    1562290539.16    1562290549.61    10.4519579411    4    0.0834    0.3336    10.5353579411    1.5    2
310    1562290539.89    1562290549.62    9.72569084167    4    0.6477    2.5908    10.3733908417    1.5    2
311    1562290540.11    1562290549.69    9.57668590546    64    0.0056    0.3584    9.58228590546    4.05704365079    6
312    1562290540.18    1562290549.69    9.5068860054    4    0.0284    0.1136    9.5352860054    1.5    2
313    1562290540.82    1562290550.86    10.0441989899    256    0.7774    199.0144    10.8215989899    5.21219362745    8
314    1562290541.86    1562290550.87    9.01052093506    16    0.4263    6.8208    9.43682093506    2.58333333333    4
315    1562290542.66    1562290552.16    9.49420595169    256    0.0057    1.4592    9.49990595169    5.20355392157    8
316    1562290542.85    1562290553.34    10.4899909496    256    0.0198    5.0688    10.5097909496    5.33802083333    8
317    1562290543.11    1562290553.42    10.3138999939    64    0.1865    11.936    10.5003999939    4.01438492063    6
318    1562290543.5    1562290553.43    9.9291779995    16    0.8867    14.1872    10.8158779995    2.58333333333    4
319    1562290543.78    1562290553.5    9.72821617126    64    0.4242    27.1488    10.1524161713    3.97668650794    6
320    1562290544.26    1562290553.51    9.24334812164    4    0.5984    2.3936    9.84174812164    1.5    2
321    1562290544.77    1562290554.66    9.890802145    256    0.8087    207.0272    10.699502145    5.07046568627    8
322    1562290545.02    1562290554.66    9.63956904411    4    0.6477    2.5908    10.2872690441    1.5    2
323    1562290545.09    1562290555.88    10.7873208523    256    0.4475    114.56    11.2348208523    5.06737132353    8
324    1562290545.42    1562290555.88    10.4579179287    16    0.03    0.48    10.4879179287    2.575    4
325    1562290547.36    1562290555.88    8.5239341259    4    0.0834    0.3336    8.6073341259    1.5    2
326    1562290547.49    1562290555.89    8.39573907852    16    0.7709    12.3344    9.16663907852    2.7    4
327    1562290547.71    1562290555.89    8.177724123    4    0.0059    0.0236    8.183624123    1.5    2
328    1562290548.16    1562290555.89    7.73478984833    16    0.03    0.48    7.76478984833    2.63333333333    4
329    1562290548.65    1562290557.05    8.39891314507    256    0.4475    114.56    8.84641314507    5.22971813725    8
330    1562290549.3    1562290557.05    7.74573802948    4    0.0834    0.3336    7.82913802948    1.5    2
331    1562290550.26    1562290557.12    6.85852217674    64    0.4299    27.5136    7.28842217674    4.18253968254    6
332    1562290550.38    1562290557.2    6.81326389313    64    0.1865    11.936    6.99976389313    4.0744047619    6
333    1562290550.68    1562290557.2    6.52113199234    16    0.0432    0.6912    6.56433199234    2.58333333333    4
334    1562290551.3    1562290557.2    5.89897203445    4    0.6477    2.5908    6.54667203445    1.5    2
335    1562290551.43    1562290557.28    5.84422922134    64    0.4299    27.5136    6.27412922134    4.22817460317    6
336    1562290551.61    1562290558.59    6.98274898529    256    0.0057    1.4592    6.98844898529    5.25352328431    8
337    1562290551.77    1562290558.59    6.82789182663    4    0.0834    0.3336    6.91129182663    1.5    2
338    1562290552.33    1562290558.67    6.3422100544    64    0.0056    0.3584    6.3478100544    3.98115079365    6
339    1562290552.72    1562290559.8    7.08078980446    256    0.0057    1.4592    7.08648980446    5.07637867647    8
340    1562290553.07    1562290559.88    6.81221604347    64    0.0131    0.8384    6.82531604347    4.04613095238    6
341    1562290553.34    1562290559.88    6.53708100319    4    0.0526    0.2104    6.58968100319    1.5    2
342    1562290553.48    1562290560.99    7.51247406006    256    0.4475    114.56    7.95997406006    4.99552696078    8
343    1562290553.5    1562290562.19    8.68886995316    256    0.8087    207.0272    9.49756995316    5.15386029412    8
344    1562290553.67    1562290562.26    8.59631681442    64    0.1865    11.936    8.78281681442    4.03373015873    6
345    1562290554.12    1562290563.42    9.2941160202    256    0.7774    199.0144    10.0715160202    5.02861519608    8
346    1562290554.31    1562290563.42    9.10224103928    4    0.0284    0.1136    9.13064103928    1.5    2
347    1562290555.11    1562290563.42    8.30947113037    4    0.0059    0.0236    8.31537113037    1.5    2
348    1562290555.31    1562290564.56    9.25095200539    256    0.0198    5.0688    9.27075200539    5.18204656863    8
349    1562290555.5    1562290564.64    9.14754009247    64    0.0056    0.3584    9.15314009247    4.32490079365    6
350    1562290555.88    1562290565.77    9.8932800293    256    0.0057    1.4592    9.8989800293    5.07190563725    7
351    1562290555.99    1562290565.77    9.78555011749    4    0.0284    0.1136    9.81395011749    1.5    2
352    1562290556.24    1562290566.81    10.5729401112    256    0.8087    207.0272    11.3816401112    5.15609681373    8
353    1562290556.84    1562290566.82    9.98063898087    16    0.8867    14.1872    10.8673389809    2.58333333333    4
354    1562290557.12    1562290566.82    9.69737195969    4    0.6477    2.5908    10.3450719597    1.5    2
355    1562290557.2    1562290566.82    9.62668514252    16    0.4263    6.8208    10.0529851425    2.65    4
356    1562290557.72    1562290566.83    9.11125588417    16    0.7709    12.3344    9.88215588417    2.63333333333    4
357    1562290557.78    1562290566.83    9.04796981812    4    1.1322    4.5288    10.1801698181    1.5    2
358    1562290558.18    1562290566.83    8.65098190308    4    0.0526    0.2104    8.70358190308    1.5    2
359    1562290558.5    1562290566.83    8.33223700523    16    0.8867    14.1872    9.21893700523    2.63333333333    4
360    1562290558.67    1562290568.06    9.39298009872    256    0.789    201.984    10.1819800987    5.47218137255    8
361    1562290559.04    1562290568.06    9.01879000664    4    0.0059    0.0236    9.02469000664    1.5    2
362    1562290559.62    1562290569.34    9.72263383865    256    0.4475    114.56    10.1701338387    5.05337009804    8
363    1562290559.95    1562290569.34    9.39036798477    4    0.5984    2.3936    9.98876798477    1.5    2
364    1562290560.33    1562290569.34    9.00869202614    4    0.0059    0.0236    9.01459202614    1.5    2
365    1562290560.57    1562290569.35    8.7807199955    16    0.7709    12.3344    9.5516199955    2.48333333333    4
366    1562290561.23    1562290570.47    9.23412799835    256    0.8087    207.0272    10.0428279984    5.04935661765    8
367    1562290561.47    1562290570.47    9.00803494453    16    0.8867    14.1872    9.89473494453    2.58333333333    4
368    1562290561.49    1562290570.54    9.0483789444    64    0.6889    44.0896    9.7372789444    3.97470238095    6
369    1562290561.92    1562290570.54    8.62938308716    4    0.6477    2.5908    9.27708308716    1.5    2
370    1562290562.19    1562290571.76    9.57120895386    256    0.6811    174.3616    10.2523089539    5.41292892157    8
371    1562290562.49    1562290571.77    9.27628898621    16    0.0099    0.1584    9.28618898621    2.58333333333    4
372    1562290562.83    1562290572.97    10.1442930698    256    0.6811    174.3616    10.8253930698    5.19822303922    8
373    1562290563.06    1562290573.04    9.98806500435    64    0.0131    0.8384    10.0011650043    4.03869047619    6
374    1562290564.48    1562290573.05    8.57016515732    4    0.0834    0.3336    8.65356515732    1.5    2
375    1562290564.86    1562290573.12    8.25894498825    64    0.9575    61.28    9.21644498825    4.07986111111    6
376    1562290565.61    1562290574.27    8.66357302666    256    0.6811    174.3616    9.34467302666    5.20726102941    8
377    1562290565.77    1562290574.27    8.50457882881    4    0.6477    2.5908    9.15227882881    1.5    2
378    1562290566.53    1562290574.28    7.74724292755    16    0.0099    0.1584    7.75714292755    2.58333333333    4
379    1562290566.82    1562290574.28    7.46198010445    4    0.0834    0.3336    7.54538010445    1.5    2
380    1562290567.4    1562290575.49    8.08472299576    256    0.0057    1.4592    8.09042299576    5.24329044118    8
381    1562290567.62    1562290575.49    7.87604594231    16    0.7709    12.3344    8.64694594231    2.58333333333    4
382    1562290567.72    1562290575.49    7.77193784714    4    0.0834    0.3336    7.85533784714    1.5    2
383    1562290567.91    1562290575.57    7.65863394737    64    0.6958    44.5312    8.35443394737    4.14236111111    6
384    1562290567.98    1562290575.65    7.66524219513    64    0.1865    11.936    7.85174219513    4.03224206349    6
385    1562290568.06    1562290575.65    7.59343719482    16    0.03    0.48    7.62343719482    2.48333333333    4
386    1562290568.41    1562290575.74    7.33238482475    64    0.0056    0.3584    7.33798482475    4.22619047619    6
387    1562290568.61    1562290575.74    7.13496112823    4    0.0284    0.1136    7.16336112823    1.5    2
388    1562290568.86    1562290576.97    8.10616493225    256    0.7774    199.0144    8.88356493225    5.18293504902    8
389    1562290569.06    1562290576.97    7.90445804596    4    0.5984    2.3936    8.50285804596    1.5    2
390    1562290569.34    1562290577.03    7.69475984573    64    0.0247    1.5808    7.71945984573    3.98115079365    6
391    1562290569.54    1562290578.19    8.65315508842    256    0.0057    1.4592    8.65885508842    5.25036764706    8
392    1562290570.15    1562290579.38    9.22722601891    256    0.7774    199.0144    10.0046260189    5.20254289216    8
393    1562290570.65    1562290579.38    8.72884011269    4    1.1322    4.5288    9.86104011269    1.5    2
394    1562290570.88    1562290579.38    8.49650096893    4    1.1322    4.5288    9.62870096893    1.5    2
395    1562290571.15    1562290579.39    8.23619508743    16    0.4263    6.8208    8.66249508743    2.625    4
396    1562290571.2    1562290580.58    9.38226699829    256    0.6811    174.3616    10.0633669983    5.36237745098    8
397    1562290571.3    1562290580.59    9.29048490524    16    0.4263    6.8208    9.71678490524    2.58333333333    4
398    1562290571.56    1562290580.59    9.03841495514    16    0.7709    12.3344    9.80931495514    2.68333333333    4
399    1562290571.76    1562290580.66    8.89090299606    64    0.1865    11.936    9.07740299606    4.0625    6
400    1562290572.45    1562290580.66    8.20407009125    4    1.1322    4.5288    9.33627009125    1.5    2
401    1562290572.47    1562290580.66    8.1886818409    16    0.0432    0.6912    8.2318818409    2.48333333333    4
402    1562290572.6    1562290580.73    8.13403296471    64    0.1872    11.9808    8.32123296471    4.26636904762    6
403    1562290572.96    1562290580.8    7.84215807915    64    0.4299    27.5136    8.27205807915    4.26488095238    6
404    1562290573.05    1562290580.81    7.75974202156    16    0.8867    14.1872    8.64644202156    2.73333333333    4
405    1562290573.11    1562290580.81    7.70041394234    4    0.0834    0.3336    7.78381394234    1.5    2
406    1562290573.15    1562290580.89    7.74064993858    64    0.0056    0.3584    7.74624993858    4.20833333333    6
407    1562290573.34    1562290580.89    7.54764294624    4    0.0284    0.1136    7.57604294624    1.5    2
408    1562290573.47    1562290580.97    7.50166702271    64    0.9639    61.6896    8.46556702271    4.28472222222    6
409    1562290573.62    1562290582.23    8.60394906998    256    0.0198    5.0688    8.62374906998    5.21577818627    8
410    1562290573.81    1562290583.24    9.42725491524    256    0.0198    5.0688    9.44705491524    5.33137254902    8
411    1562290574.03    1562290584.43    10.3953268528    256    0.6811    174.3616    11.0764268528    5.22371323529    8
412    1562290574.21    1562290584.43    10.2197129726    16    0.0099    0.1584    10.2296129726    2.58333333333    4
413    1562290574.55    1562290584.43    9.88225197792    4    1.1322    4.5288    11.0144519779    1.5    2
414    1562290574.63    1562290584.43    9.79987215996    4    0.5984    2.3936    10.39827216    1.5    2
415    1562290574.91    1562290584.43    9.5216050148    4    0.5984    2.3936    10.1200050148    1.5    2
416    1562290575.09    1562290584.44    9.3448882103    4    0.0284    0.1136    9.3732882103    1.5    2
417    1562290575.31    1562290584.44    9.1222820282    4    0.0059    0.0236    9.1281820282    1.5    2
418    1562290575.49    1562290584.52    9.02882194519    64    0.0056    0.3584    9.03442194519    4.12896825397    6
419    1562290575.62    1562290584.52    8.89404702187    4    0.6477    2.5908    9.54174702187    1.5    2
420    1562290575.84    1562290584.59    8.75013804436    64    0.0056    0.3584    8.75573804436    4.02083333333    6
421    1562290576.09    1562290585.76    9.6626830101    256    0.7774    199.0144    10.4400830101    5.17055759804    8
422    1562290576.22    1562290585.76    9.54565501213    16    0.0432    0.6912    9.58885501213    2.73333333333    4
423    1562290576.72    1562290585.77    9.05039596558    16    0.7709    12.3344    9.82129596558    2.58333333333    4
424    1562290576.97    1562290585.84    8.87356114388    64    0.6958    44.5312    9.56936114388    4.24851190476    6
425    1562290577.43    1562290585.91    8.48000001907    64    0.0056    0.3584    8.48560001907    4.35416666667    6
426    1562290577.62    1562290585.91    8.29445505142    16    0.0296    0.4736    8.32405505142    2.63333333333    4
427    1562290578.02    1562290585.99    7.96968698502    64    0.0056    0.3584    7.97528698502    4.24553571429    6
428    1562290578.47    1562290587.25    8.7814180851    256    0.0198    5.0688    8.8012180851    5.28985906863    8
429    1562290578.85    1562290588.46    9.60662412643    256    0.0057    1.4592    9.61232412643    5.2481004902    8
430    1562290579.21    1562290589.62    10.4098391533    256    0.0198    5.0688    10.4296391533    5.03854166667    8
431    1562290579.49    1562290589.71    10.2138550282    64    0.1865    11.936    10.4003550282    3.9623015873    6
432    1562290579.68    1562290589.71    10.0368869305    16    0.0099    0.1584    10.0467869305    2.58333333333    4
433    1562290579.94    1562290590.88    10.9420289993    256    0.8087    207.0272    11.7507289993    5.01262254902    8
434    1562290580.03    1562290590.89    10.8602969646    16    0.0099    0.1584    10.8701969646    2.58333333333    4
435    1562290580.13    1562290590.96    10.8309421539    64    0.9575    61.28    11.7884421539    3.8685515873    6
436    1562290580.18    1562290590.96    10.7877449989    4    0.0059    0.0236    10.7936449989    1.5    2
437    1562290580.25    1562290590.96    10.7121419907    4    0.5984    2.3936    11.3105419907    1.5    2
438    1562290580.36    1562290592.14    11.7775490284    256    0.7774    199.0144    12.5549490284    5.27104779412    8
439    1562290580.59    1562290592.21    11.6174051762    64    0.0056    0.3584    11.6230051762    3.84821428571    6
440    1562290580.87    1562290592.29    11.4279689789    64    0.4242    27.1488    11.8521689789    3.92807539683    6
441    1562290581.02    1562290592.3    11.2734749317    16    0.4263    6.8208    11.6997749317    2.58333333333    4
442    1562290581.18    1562290592.38    11.1962590218    64    0.9639    61.6896    12.1601590218    4.12301587302    6
443    1562290581.33    1562290593.54    12.2109389305    256    0.0057    1.4592    12.2166389305    5.21801470588    9
444    1562290581.41    1562290593.54    12.1357729435    16    0.8867    14.1872    13.0224729435    2.58333333333    4
445    1562290581.64    1562290593.54    11.9017899036    4    1.1322    4.5288    13.0339899036    1.5    2
446    1562290582.33    1562290593.55    11.2147629261    4    0.0834    0.3336    11.2981629261    1.5    2
447    1562290582.89    1562290593.55    10.6618390083    16    0.03    0.48    10.6918390083    2.58333333333    4
448    1562290583.09    1562290594.73    11.6322901249    256    0.6811    174.3616    12.3133901249    5.00447303922    8
449    1562290583.2    1562290595.9    12.7082848549    256    0.7774    199.0144    13.4856848549    5.25441176471    8
450    1562290583.87    1562290595.91    12.0346848965    4    0.0834    0.3336    12.1180848965    1.5    2
451    1562290584.19    1562290595.91    11.7201189995    16    0.7709    12.3344    12.4910189995    2.575    4
452    1562290584.43    1562290595.99    11.5538198948    64    0.0247    1.5808    11.5785198948    4.07589285714    6
453    1562290584.96    1562290595.99    11.0284469128    4    0.6477    2.5908    11.6761469128    1.5    2
454    1562290585.19    1562290596.06    10.8697378635    64    0.6958    44.5312    11.5655378635    4.47569444444    6
455    1562290585.61    1562290597.3    11.6892311573    256    0.8087    207.0272    12.4979311573    5.32702205882    8
456    1562290586.52    1562290598.46    11.9365258217    256    0.0057    1.4592    11.9422258217    5.04378063725    7
457    1562290586.71    1562290598.46    11.7489938736    4    0.0834    0.3336    11.8323938736    1.5    2
458    1562290586.89    1562290598.46    11.5703628063    4    0.6477    2.5908    12.2180628063    1.5    2
459    1562290586.98    1562290599.51    12.5374779701    256    0.8087    207.0272    13.3461779701    5.17530637255    8
460    1562290587.14    1562290600.62    13.4731378555    256    0.0198    5.0688    13.4929378555    5.05922181373    7
461    1562290587.72    1562290600.69    12.979227066    64    0.0056    0.3584    12.984827066    4.03373015873    6
462    1562290588.19    1562290600.77    12.5733070374    64    0.4242    27.1488    12.9975070374    3.91121031746    6
463    1562290588.33    1562290600.84    12.5074310303    64    0.4242    27.1488    12.9316310303    3.86656746032    6
464    1562290588.46    1562290601.92    13.4694530964    256    0.8087    207.0272    14.2781530964    5.02607230392    8
465    1562290588.51    1562290602.0    13.4838490486    64    0.1865    11.936    13.6703490486    3.91121031746    6
466    1562290589.29    1562290602.0    12.7136700153    16    0.0296    0.4736    12.7432700153    2.58333333333    4
467    1562290589.5    1562290603.24    13.739207983    256    0.0198    5.0688    13.759007983    5.29712009804    8
468    1562290589.61    1562290604.41    14.8026869297    256    0.7774    199.0144    15.5800869297    5.15925245098    8
469    1562290589.62    1562290605.56    15.9348919392    256    0.0057    1.4592    15.9405919392    5.22833946078    8
470    1562290590.25    1562290605.64    15.3891460896    64    0.4242    27.1488    15.8133460896    3.91121031746    6
471    1562290590.55    1562290605.71    15.1561310291    64    0.0131    0.8384    15.1692310291    3.86656746032    6
472    1562290590.96    1562290605.71    14.7437770367    4    0.0834    0.3336    14.8271770367    1.5    2
473    1562290591.12    1562290605.71    14.5841920376    4    0.6477    2.5908    15.2318920376    1.5    2
474    1562290591.56    1562290605.78    14.2123198509    64    0.0056    0.3584    14.2179198509    3.93799603175    6
475    1562290591.69    1562290605.78    14.0924351215    16    0.0099    0.1584    14.1023351215    2.58333333333    4
476    1562290591.79    1562290605.86    14.0644991398    64    0.0056    0.3584    14.0700991398    4.0441468254    6
477    1562290591.95    1562290606.95    15.0050439835    256    0.0057    1.4592    15.0107439835    5.08431372549    8
478    1562290592.27    1562290606.96    14.692761898    16    0.0432    0.6912    14.735961898    2.58333333333    4
479    1562290592.63    1562290607.04    14.4067358971    64    0.0254    1.6256    14.4321358971    4.0873015873    6
480    1562290592.87    1562290607.04    14.1730759144    4    1.1322    4.5288    15.3052759144    1.5    2
481    1562290592.95    1562290607.04    14.0943479538    4    0.0834    0.3336    14.1777479538    1.5    2
482    1562290593.35    1562290608.19    14.8444840908    256    0.8087    207.0272    15.6531840908    5.01614583333    8
483    1562290593.71    1562290609.36    15.6501829624    256    0.4475    114.56    16.0976829624    5.18550857843    8
484    1562290594.31    1562290609.37    15.052323103    4    0.0284    0.1136    15.080723103    1.5    2
485    1562290595.01    1562290609.37    14.3581478596    16    0.0296    0.4736    14.3877478596    2.58333333333    4
486    1562290595.36    1562290609.37    14.0194060802    16    0.0296    0.4736    14.0490060802    2.63333333333    4
487    1562290595.45    1562290609.45    14.0019090176    64    0.1872    11.9808    14.1891090176    4.19742063492    6
488    1562290596.18    1562290609.46    13.2785251141    16    0.0432    0.6912    13.3217251141    2.7    4
489    1562290596.32    1562290609.46    13.1388800144    16    0.7709    12.3344    13.9097800144    2.58333333333    4
490    1562290596.51    1562290610.65    14.1437540054    256    0.8087    207.0272    14.9524540054    5.3068627451    8
491    1562290596.64    1562290611.77    15.1305420399    256    0.0198    5.0688    15.1503420399    5.06041666667    8
492    1562290596.72    1562290611.85    15.1234068871    64    0.6889    44.0896    15.8123068871    4.04464285714    6
493    1562290597.03    1562290611.85    14.8226480484    4    0.0284    0.1136    14.8510480484    1.5    2
494    1562290597.3    1562290611.93    14.6311900616    64    0.0056    0.3584    14.6367900616    4.00595238095    6
495    1562290597.78    1562290612.0    14.2267181873    64    0.9575    61.28    15.1842181873    3.94295634921    6
496    1562290597.9    1562290613.12    15.2183821201    256    0.0057    1.4592    15.2240821201    4.99335171569    8
497    1562290598.12    1562290613.12    15.0054421425    4    0.0284    0.1136    15.0338421425    1.5    2
498    1562290598.18    1562290613.21    15.0227649212    64    0.9575    61.28    15.9802649212    3.89831349206    6
499    1562290598.46    1562290613.21    14.7456741333    4    0.0284    0.1136    14.7740741333    1.5    2

dispatched jobs are: 500 out of 500
average queue time is: 6.62862093973
fso links are used for 0 times
overall utilization is 0.0994280357961914
average response time is 7.00044073973
average weighted response time is 8.55529426000212
average slowdown is 12.088108968339347
cpu_request: 39824, cpu_run: 39824
ssd_request: 19339, ssd_run: 0
gpu_request: 18326, gpu_run: 0
cpu aspl: 3.24884575455
cpu diameter: 4.834
job x: 0.0
job y: 0.0
job z: 0.0
