#timestep  occupied-CPU  total-CPU  utilization  queuingjobs
1    0    1024    0.0    1
2    0    1024    0.0    0
3    0    1024    0.0    1
4    0    1024    0.0    3
5    324    1024    0.31640625    1
6    0    1024    0.0    4
7    0    1024    0.0    6
8    0    1024    0.0    3
9    0    1024    0.0    4
10    0    1024    0.0    1
11    0    1024    0.0    3
12    256    1024    0.25    3
13    0    1024    0.0    4
14    84    1024    0.08203125    1
15    80    1024    0.078125    1
16    0    1024    0.0    2
17    263    1024    0.2568359375    4
18    0    1024    0.0    3
19    0    1024    0.0    4
20    20    1024    0.01953125    0
21    0    1024    0.0    4
22    0    1024    0.0    6
23    320    1024    0.3125    5
24    0    1024    0.0    8
25    256    1024    0.25    10
26    0    1024    0.0    12
27    256    1024    0.25    12
28    72    1024    0.0703125    3
29    0    1024    0.0    6
30    256    1024    0.25    5
31    0    1024    0.0    6
32    352    1024    0.34375    0
33    4    1024    0.00390625    0
34    0    1024    0.0    2
35    0    1024    0.0    6
36    0    1024    0.0    6
37    0    1024    0.0    8
38    64    1024    0.0625    8
39    0    1024    0.0    10
40    256    1024    0.25    10
41    0    1024    0.0    13
42    0    1024    0.0    16
43    0    1024    0.0    17
44    248    1024    0.2421875    15
45    0    1024    0.0    17
46    256    1024    0.25    17
47    0    1024    0.0    22
48    64    1024    0.0625    21
49    0    1024    0.0    24
50    324    1024    0.31640625    21
51    0    1024    0.0    21
52    0    1024    0.0    23
53    64    1024    0.0625    18
54    0    1024    0.0    19
55    256    1024    0.25    18
56    0    1024    0.0    20
57    241    1024    0.2353515625    16
58    0    1024    0.0    18
59    190    1024    0.185546875    14
60    0    1024    0.0    16
61    284    1024    0.27734375    10
62    0    1024    0.0    15
63    0    1024    0.0    17
64    0    1024    0.0    12
65    0    1024    0.0    14
66    0    1024    0.0    15
67    0    1024    0.0    17
68    0    1024    0.0    14
69    0    1024    0.0    16
70    76    1024    0.07421875    17
71    0    1024    0.0    17
72    242    1024    0.236328125    13
73    0    1024    0.0    16
74    256    1024    0.25    17
75    0    1024    0.0    17
76    295    1024    0.2880859375    15
77    16    1024    0.015625    11
78    0    1024    0.0    12
79    0    1024    0.0    13
80    0    1024    0.0    15
81    16    1024    0.015625    14
82    0    1024    0.0    16
83    256    1024    0.25    16
84    0    1024    0.0    17
85    0    1024    0.0    17
86    0    1024    0.0    19
87    256    1024    0.25    19
88    0    1024    0.0    20
89    256    1024    0.25    23
90    0    1024    0.0    24
91    256    1024    0.25    24
92    0    1024    0.0    27
93    0    1024    0.0    27
94    0    1024    0.0    29
95    0    1024    0.0    28
96    0    1024    0.0    29
97    284    1024    0.27734375    24
98    0    1024    0.0    27
99    1    1024    0.0009765625    25
100    0    1024    0.0    26
101    408    1024    0.3984375    18
102    0    1024    0.0    16
103    280    1024    0.2734375    10
104    0    1024    0.0    10
105    336    1024    0.328125    7
106    0    1024    0.0    7
107    256    1024    0.25    5
108    0    1024    0.0    5
109    158    1024    0.154296875    3
110    256    1024    0.25    2
111    0    1024    0.0    2

average cpu utilization is: 0.076488597973
average ssd utilization is: 0.15137598536
average gpu utilization is: 0.148323127815
average utilization is: 0.125395903716
average queuing jobs are: 12.3513513514
maximum queuing jobs are: 29


#job_number  submit  dispatch  queue  cpu#  runtime  weight  response(turnaround)  cpu_aspl  cpu_diameter
0    1562287108.65    1562287112.8    4.15501093864    64    0.0125    0.8    4.16751093864    0.0    0
1    1562287113.36    1562287113.22    -0.143744945526    64    0.0125    0.8    -0.131244945526    0.0    0
2    1562287113.58    1562287113.58    0.000180959701538    16    0.0285    0.456    0.0286809597015    0.0    0
3    1562287114.5    1562287114.33    -0.173248052597    256    0.7528    192.7168    0.579551947403    0.0    0
4    1562287115.37    1562287116.7    1.3328230381    4    0.5956    2.3824    1.9284230381    0.0    0
5    1562287115.64    1562287116.7    1.06066012383    64    0.0234    1.4976    1.08406012383    0.0    0
6    1562287116.38    1562287116.87    0.490498065948    64    0.1855    11.872    0.675998065948    0.0    0
7    1562287117.07    1562287117.05    -0.0228080749512    256    0.6189    158.4384    0.596091925049    0.0    0
8    1562287117.33    1562287119.4    2.07046604156    16    0.8805    14.088    2.95096604156    0.0    0
9    1562287117.78    1562287119.41    1.6250679493    64    0.0125    0.8    1.6375679493    0.0    0
10    1562287118.31    1562287119.54    1.23214101791    256    0.4221    108.0576    1.65424101791    0.0    0
11    1562287118.85    1562287121.74    2.89155983925    4    0.0832    0.3328    2.97475983925    0.0    0
12    1562287119.24    1562287121.74    2.50645303726    16    0.0098    0.1568    2.51625303726    0.0    0
13    1562287121.45    1562287121.75    0.304533004761    4    0.0284    0.1136    0.332933004761    0.0    0
14    1562287121.83    1562287121.8    -0.0233960151672    64    0.0125    0.8    -0.0108960151672    0.0    0
15    1562287122.33    1562287122.32    -0.0145318508148    256    0.4221    108.0576    0.407568149185    0.0    0
16    1562287123.05    1562287124.48    1.43232798576    256    0.0057    1.4592    1.43802798576    0.0    0
17    1562287123.64    1562287126.7    3.05916595459    4    0.0832    0.3328    3.14236595459    0.0    0
18    1562287124.9    1562287126.7    1.80039000511    64    0.4167    26.6688    2.21709000511    0.0    0
19    1562287125.5    1562287126.88    1.37393498421    64    0.0055    0.352    1.37943498421    0.0    0
20    1562287126.7    1562287127.01    0.314433813095    16    0.7616    12.1856    1.0760338131    0.0    0
21    1562287126.91    1562287127.02    0.108276128769    4    1.1283    4.5132    1.23657612877    0.0    0
22    1562287127.01    1562287127.02    0.010901927948    64    0.1855    11.872    0.196401927948    0.0    0
23    1562287127.33    1562287127.31    -0.0132329463959    16    0.0285    0.456    0.0152670536041    0.0    0
24    1562287127.74    1562287127.74    3.00407409668e-05    16    0.8805    14.088    0.880530040741    0.0    0
25    1562287127.84    1562287127.84    2.09808349609e-05    64    0.4167    26.6688    0.416720980835    0.0    0
26    1562287128.12    1562287128.11    -0.00854778289795    256    0.0177    4.5312    0.00915221710205    0.0    0
27    1562287128.79    1562287130.42    1.63669395447    16    0.0429    0.6864    1.67959395447    0.0    0
28    1562287129.49    1562287130.44    0.942991018295    4    0.0522    0.2088    0.995191018295    0.0    0
29    1562287129.72    1562287130.44    0.721867084503    64    0.0125    0.8    0.734367084503    0.0    0
30    1562287130.25    1562287130.58    0.329232931137    256    0.7528    192.7168    1.08203293114    0.0    0
31    1562287130.33    1562287132.67    2.34339785576    4    1.1283    4.5132    3.47169785576    0.0    0
32    1562287131.07    1562287132.67    1.60501790047    4    0.0284    0.1136    1.63341790047    0.0    0
33    1562287132.64    1562287132.67    0.0382599830627    64    0.0234    1.4976    0.0616599830627    0.0    0
34    1562287132.67    1562287132.82    0.148684978485    64    0.1855    11.872    0.334184978485    0.0    0
35    1562287132.82    1562287132.96    0.143893003464    16    0.8805    14.088    1.02439300346    0.0    0
36    1562287133.05    1562287133.05    -0.00112509727478    16    0.0429    0.6864    0.0417749027252    0.0    0
37    1562287133.86    1562287133.86    -0.000869989395142    16    0.0429    0.6864    0.0420300106049    0.0    0
38    1562287133.87    1562287133.87    0.000117063522339    4    0.0059    0.0236    0.00601706352234    0.0    0
39    1562287134.25    1562287134.16    -0.0850229263306    256    0.7528    192.7168    0.667777073669    0.0    0
40    1562287134.36    1562287136.36    1.99974703789    64    0.9446    60.4544    2.94434703789    0.0    0
41    1562287134.63    1562287136.5    1.87005805969    64    0.0234    1.4976    1.89345805969    0.0    0
42    1562287134.8    1562287136.64    1.84353590012    64    0.0055    0.352    1.84903590012    0.0    0
43    1562287135.1    1562287136.79    1.69091892242    256    0.6189    158.4384    2.30981892242    0.0    0
44    1562287135.68    1562287139.16    3.47883987427    256    0.0177    4.5312    3.49653987427    0.0    0
45    1562287136.07    1562287141.44    5.3671028614    4    1.1283    4.5132    6.4954028614    0.0    0
46    1562287136.17    1562287141.44    5.26564407349    64    0.6779    43.3856    5.94354407349    0.0    0
47    1562287136.79    1562287141.59    4.79377913475    4    0.0284    0.1136    4.82217913475    0.0    0
48    1562287137.13    1562287141.59    4.46272802353    4    1.1283    4.5132    5.59102802353    0.0    0
49    1562287137.24    1562287141.59    4.35399889946    64    0.1855    11.872    4.53949889946    0.0    0
50    1562287138.02    1562287141.74    3.71596097946    4    0.0522    0.2088    3.76816097946    0.0    0
51    1562287138.57    1562287141.74    3.17232894897    64    0.0234    1.4976    3.19572894897    0.0    0
52    1562287139.02    1562287141.9    2.87963485718    16    0.4243    6.7888    3.30393485718    0.0    0
53    1562287139.33    1562287141.9    2.57399702072    4    0.0059    0.0236    2.57989702072    0.0    0
54    1562287139.45    1562287141.91    2.45681786537    64    0.9446    60.4544    3.40141786537    0.0    0
55    1562287140.3    1562287142.07    1.76319789886    256    0.4221    108.0576    2.18529789886    0.0    0
56    1562287141.3    1562287144.39    3.09026908875    64    0.0055    0.352    3.09576908875    0.0    0
57    1562287142.42    1562287144.52    2.09998202324    256    0.4221    108.0576    2.52208202324    0.0    0
58    1562287142.64    1562287146.59    3.95173215866    4    0.0832    0.3328    4.03493215866    0.0    0
59    1562287143.19    1562287146.59    3.40461301804    4    0.0284    0.1136    3.43301301804    0.0    0
60    1562287143.35    1562287146.59    3.24157500267    64    0.4167    26.6688    3.65827500267    0.0    0
61    1562287144.33    1562287146.74    2.40398406982    16    0.4243    6.7888    2.82828406982    0.0    0
62    1562287144.82    1562287146.75    1.92343997955    16    0.0098    0.1568    1.93323997955    0.0    0
63    1562287146.45    1562287146.76    0.306152105331    16    0.8805    14.088    1.18665210533    0.0    0
64    1562287146.9    1562287146.9    0.000121116638184    4    0.0522    0.2088    0.0523211166382    0.0    0
65    1562287147.17    1562287147.12    -0.0492730140686    64    0.0125    0.8    -0.0367730140686    0.0    0
66    1562287147.48    1562287147.48    0.000136852264404    4    0.5956    2.3824    0.595736852264    0.0    0
67    1562287147.54    1562287147.54    3.19480895996e-05    64    0.0055    0.352    0.0055319480896    0.0    0
68    1562287147.74    1562287147.74    -0.00129008293152    4    0.0059    0.0236    0.00460991706848    0.0    0
69    1562287148.08    1562287148.04    -0.043888092041    256    0.6189    158.4384    0.575011907959    0.0    0
70    1562287148.19    1562287150.4    2.21065998077    16    0.0297    0.4752    2.24035998077    0.0    0
71    1562287149.27    1562287150.41    1.14524793625    256    0.4221    108.0576    1.56734793625    0.0    0
72    1562287149.52    1562287152.75    3.23731398582    64    0.9446    60.4544    4.18191398582    0.0    0
73    1562287149.9    1562287152.88    2.97819900513    256    0.8    204.8    3.77819900513    0.0    0
74    1562287150.19    1562287155.17    4.98039603233    256    0.4221    108.0576    5.40249603233    0.0    0
75    1562287150.4    1562287157.43    7.03311014175    256    0.6189    158.4384    7.65201014175    0.0    0
76    1562287150.45    1562287159.7    9.25839304924    4    0.0059    0.0236    9.26429304924    0.0    0
77    1562287151.74    1562287159.7    7.96870994568    16    0.8805    14.088    8.84920994568    0.0    0
78    1562287152.03    1562287159.72    7.68829894066    256    0.8    204.8    8.48829894066    0.0    0
79    1562287152.91    1562287161.94    9.02412700653    256    0.0177    4.5312    9.04182700653    0.0    0
80    1562287153.37    1562287164.2    10.8298690319    64    0.4167    26.6688    11.2465690319    0.0    0
81    1562287153.8    1562287164.35    10.542481184    16    0.0297    0.4752    10.572181184    0.0    0
82    1562287154.6    1562287164.36    9.75879693031    64    0.0125    0.8    9.77129693031    0.0    0
83    1562287155.45    1562287164.48    9.02982997894    256    0.8    204.8    9.82982997894    0.0    0
84    1562287156.34    1562287166.67    10.333589077    4    0.5956    2.3824    10.929189077    0.0    0
85    1562287156.52    1562287166.67    10.1508479118    4    1.1283    4.5132    11.2791479118    0.0    0
86    1562287157.14    1562287166.67    9.53837013245    16    0.0098    0.1568    9.54817013245    0.0    0
87    1562287157.43    1562287166.68    9.24960398674    64    0.0234    1.4976    9.27300398674    0.0    0
88    1562287157.86    1562287166.84    8.97615695    256    0.8    204.8    9.77615695    0.0    0
89    1562287158.1    1562287169.12    11.0161211491    16    0.0429    0.6864    11.0590211491    0.0    0
90    1562287158.13    1562287169.13    10.9992918968    16    0.0297    0.4752    11.0289918968    0.0    0
91    1562287158.82    1562287169.14    10.3188929558    16    0.0285    0.456    10.3473929558    0.0    0
92    1562287159.71    1562287169.14    9.43060803413    4    0.0832    0.3328    9.51380803413    0.0    0
93    1562287160.61    1562287169.15    8.53984999657    64    0.9446    60.4544    9.48444999657    0.0    0
94    1562287161.28    1562287169.31    8.02969002724    4    0.0832    0.3328    8.11289002724    0.0    0
95    1562287162.3    1562287169.32    7.01865983009    256    0.8    204.8    7.81865983009    0.0    0
96    1562287162.72    1562287171.55    8.8323199749    4    0.0284    0.1136    8.8607199749    0.0    0
97    1562287162.79    1562287171.55    8.76225805283    4    0.5956    2.3824    9.35785805283    0.0    0
98    1562287162.84    1562287171.56    8.71775388718    16    0.0285    0.456    8.74625388718    0.0    0
99    1562287162.96    1562287171.57    8.60891509056    256    0.6189    158.4384    9.22781509056    0.0    0
100    1562287163.48    1562287173.74    10.2582519054    16    0.7616    12.1856    11.0198519054    0.0    0
101    1562287164.04    1562287173.75    9.7043671608    16    0.0297    0.4752    9.7340671608    0.0    0
102    1562287164.51    1562287173.76    9.25281500816    4    1.1283    4.5132    10.3811150082    0.0    0
103    1562287164.73    1562287173.76    9.03328919411    256    0.4221    108.0576    9.45538919411    0.0    0
104    1562287165.08    1562287176.05    10.9736120701    16    0.0098    0.1568    10.9834120701    0.0    0
105    1562287165.67    1562287176.06    10.3959789276    16    0.7616    12.1856    11.1575789276    0.0    0
106    1562287165.84    1562287176.07    10.2352099419    4    0.5956    2.3824    10.8308099419    0.0    0
107    1562287166.74    1562287176.07    9.33197212219    16    0.0429    0.6864    9.37487212219    0.0    0
108    1562287166.82    1562287176.08    9.26412391663    256    0.7528    192.7168    10.0169239166    0.0    0
109    1562287168.55    1562287178.46    9.90331411362    4    0.0522    0.2088    9.95551411362    0.0    0
110    1562287168.97    1562287178.46    9.48691105843    16    0.0098    0.1568    9.49671105843    0.0    0
111    1562287169.12    1562287178.47    9.34861779213    4    0.5956    2.3824    9.94421779213    0.0    0
112    1562287169.2    1562287178.47    9.26346993446    16    0.0285    0.456    9.29196993446    0.0    0
113    1562287171.08    1562287178.48    7.40198016167    4    1.1283    4.5132    8.53028016167    0.0    0
114    1562287171.57    1562287178.48    6.91363215446    4    1.1283    4.5132    8.04193215446    0.0    0
115    1562287171.81    1562287178.48    6.67501807213    16    0.8805    14.088    7.55551807213    0.0    0
116    1562287171.97    1562287178.49    6.5258500576    256    0.4221    108.0576    6.9479500576    0.0    0
117    1562287172.58    1562287180.95    8.37518215179    4    0.0832    0.3328    8.45838215179    0.0    0
118    1562287173.37    1562287180.96    7.59084916115    16    0.0098    0.1568    7.60064916115    0.0    0
119    1562287174.51    1562287180.97    6.4578268528    64    0.0234    1.4976    6.4812268528    0.0    0
120    1562287174.96    1562287181.12    6.1592798233    4    0.5956    2.3824    6.7548798233    0.0    0
121    1562287176.25    1562287181.12    4.87427186966    16    0.4243    6.7888    5.29857186966    0.0    0
122    1562287176.83    1562287181.13    4.29846000671    256    0.0057    1.4592    4.30416000671    0.0    0
123    1562287177.55    1562287183.4    5.84441614151    64    0.1855    11.872    6.02991614151    0.0    0
124    1562287178.04    1562287183.56    5.52256584167    256    0.6189    158.4384    6.14146584167    0.0    0
125    1562287178.46    1562287185.85    7.38798880577    16    0.0429    0.6864    7.43088880577    0.0    0
126    1562287178.89    1562287185.85    6.9633500576    64    0.4167    26.6688    7.3800500576    0.0    0
127    1562287179.07    1562287186.01    6.93922019005    4    0.0522    0.2088    6.99142019005    0.0    0
128    1562287179.27    1562287186.01    6.73667001724    256    0.4221    108.0576    7.15877001724    0.0    0
129    1562287179.4    1562287188.28    8.87527704239    256    0.6189    158.4384    9.49417704239    0.0    0
130    1562287179.72    1562287190.36    10.6407079697    64    0.0234    1.4976    10.6641079697    0.0    0
131    1562287180.6    1562287190.5    9.89727187157    64    0.0234    1.4976    9.92067187157    0.0    0
132    1562287180.81    1562287190.65    9.8377020359    64    0.0055    0.352    9.8432020359    0.0    0
133    1562287181.61    1562287190.79    9.18747282028    16    0.4243    6.7888    9.61177282028    0.0    0
134    1562287182.87    1562287190.81    7.9324798584    256    0.7528    192.7168    8.6852798584    0.0    0
135    1562287183.37    1562287193.0    9.63029885292    256    0.6189    158.4384    10.2491988529    0.0    0
136    1562287183.75    1562287195.15    11.4041850567    4    1.1283    4.5132    12.5324850567    0.0    0
137    1562287183.87    1562287195.15    11.2772140503    16    0.8805    14.088    12.1577140503    0.0    0
138    1562287184.42    1562287195.16    10.7376050949    64    0.0125    0.8    10.7501050949    0.0    0
139    1562287185.01    1562287195.29    10.2773849964    64    0.0234    1.4976    10.3007849964    0.0    0
140    1562287185.39    1562287195.44    10.0524120331    16    0.0285    0.456    10.0809120331    0.0    0
141    1562287186.45    1562287195.45    9.00497102737    64    0.6779    43.3856    9.68287102737    0.0    0
142    1562287186.94    1562287195.6    8.65898299217    16    0.8805    14.088    9.53948299217    0.0    0
143    1562287187.1    1562287195.61    8.51442503929    4    0.0522    0.2088    8.56662503929    0.0    0
144    1562287188.12    1562287195.61    7.49459600449    16    0.0098    0.1568    7.50439600449    0.0    0
145    1562287188.48    1562287195.62    7.14257216454    64    0.0125    0.8    7.15507216454    0.0    0
146    1562287190.11    1562287195.78    5.66465783119    256    0.0057    1.4592    5.67035783119    0.0    0
147    1562287191.24    1562287197.95    6.71112585068    256    0.0177    4.5312    6.72882585068    0.0    0
148    1562287191.6    1562287200.07    8.46911978722    4    0.6452    2.5808    9.11431978722    0.0    0
149    1562287192.01    1562287200.07    8.06405210495    16    0.8805    14.088    8.94455210495    0.0    0
150    1562287192.21    1562287200.09    7.87875890732    256    0.6189    158.4384    8.49765890732    0.0    0
151    1562287193.09    1562287202.3    9.20579791069    256    0.0177    4.5312    9.22349791069    0.0    0
152    1562287194.86    1562287204.57    9.71691608429    64    0.0125    0.8    9.72941608429    0.0    0
153    1562287195.15    1562287204.72    9.57114887238    256    0.6189    158.4384    10.1900488724    0.0    0
154    1562287195.69    1562287207.0    11.3072030544    64    0.0055    0.352    11.3127030544    0.0    0
155    1562287196.04    1562287207.15    11.1100409031    64    0.0125    0.8    11.1225409031    0.0    0
156    1562287196.34    1562287207.33    10.9860861301    256    0.8    204.8    11.7860861301    0.0    0
157    1562287196.63    1562287209.55    12.9226529598    256    0.4221    108.0576    13.3447529598    0.0    0
158    1562287198.03    1562287211.75    13.7247569561    4    0.0284    0.1136    13.7531569561    0.0    0
159    1562287198.64    1562287211.75    13.1114010811    256    0.0177    4.5312    13.1291010811    0.0    0
160    1562287199.04    1562287213.97    14.9216990471    256    0.0057    1.4592    14.9273990471    0.0    0
161    1562287199.66    1562287216.07    16.4042100906    16    0.0297    0.4752    16.4339100906    0.0    0
162    1562287199.92    1562287216.08    16.1607830524    64    0.0234    1.4976    16.1841830524    0.0    0
163    1562287200.61    1562287216.23    15.6199429035    256    0.6189    158.4384    16.2388429035    0.0    0
164    1562287200.97    1562287218.35    17.3774311543    4    1.1283    4.5132    18.5057311543    0.0    0
165    1562287201.57    1562287218.35    16.7776939869    4    1.1283    4.5132    17.9059939869    0.0    0
166    1562287202.84    1562287218.35    15.5115959644    64    0.1855    11.872    15.6970959644    0.0    0
167    1562287203.85    1562287218.49    14.6351151466    16    0.7616    12.1856    15.3967151466    0.0    0
168    1562287204.37    1562287218.5    14.1317930222    4    1.1283    4.5132    15.2600930222    0.0    0
169    1562287205.13    1562287218.5    13.3692889214    256    0.0057    1.4592    13.3749889214    0.0    0
170    1562287205.4    1562287220.76    15.3623380661    16    0.0285    0.456    15.3908380661    0.0    0
171    1562287205.84    1562287220.77    14.9265668392    4    0.0059    0.0236    14.9324668392    0.0    0
172    1562287207.0    1562287220.77    13.7720901966    4    0.0284    0.1136    13.8004901966    0.0    0
173    1562287207.15    1562287220.77    13.6179690361    16    0.0297    0.4752    13.6476690361    0.0    0
174    1562287207.37    1562287220.78    13.4155230522    256    0.4221    108.0576    13.8376230522    0.0    0
175    1562287208.52    1562287222.78    14.2664608955    4    0.5956    2.3824    14.8620608955    0.0    0
176    1562287208.97    1562287222.78    13.8145849705    16    0.0429    0.6864    13.8574849705    0.0    0
177    1562287209.29    1562287222.79    13.5044469833    16    0.4243    6.7888    13.9287469833    0.0    0
178    1562287209.41    1562287222.8    13.394659996    16    0.0297    0.4752    13.424359996    0.0    0
179    1562287209.51    1562287222.81    13.3036179543    64    0.1855    11.872    13.4891179543    0.0    0
180    1562287210.38    1562287222.97    12.5912740231    64    0.6779    43.3856    13.2691740231    0.0    0
181    1562287211.09    1562287223.1    12.0150859356    4    0.0522    0.2088    12.0672859356    0.0    0
182    1562287211.94    1562287223.11    11.1699309349    16    0.8805    14.088    12.0504309349    0.0    0
183    1562287212.38    1562287223.12    10.7333579063    16    0.4243    6.7888    11.1576579063    0.0    0
184    1562287212.85    1562287223.13    10.2828350067    256    0.8    204.8    11.0828350067    0.0    0
185    1562287213.07    1562287225.38    12.3088810444    4    0.0284    0.1136    12.3372810444    0.0    0
186    1562287213.71    1562287225.38    11.6729931831    16    0.0285    0.456    11.7014931831    0.0    0
187    1562287215.07    1562287225.39    10.3161358833    16    0.8805    14.088    11.1966358833    0.0    0
188    1562287215.73    1562287225.4    9.6686270237    4    0.0522    0.2088    9.7208270237    0.0    0
189    1562287216.35    1562287225.4    9.04924798012    4    1.1283    4.5132    10.1775479801    0.0    0
190    1562287216.58    1562287225.4    8.81901407242    256    0.4221    108.0576    9.24111407242    0.0    0
191    1562287217.7    1562287227.49    9.78326392174    16    0.8805    14.088    10.6637639217    0.0    0
192    1562287218.13    1562287227.5    9.36999821663    64    0.6779    43.3856    10.0478982166    0.0    0
193    1562287219.08    1562287227.62    8.54424405098    256    0.7528    192.7168    9.29704405098    0.0    0
194    1562287219.5    1562287229.82    10.3209030628    16    0.0098    0.1568    10.3307030628    0.0    0
195    1562287219.68    1562287229.83    10.147796154    256    0.7528    192.7168    10.900596154    0.0    0
196    1562287220.45    1562287232.1    11.6500790119    4    0.6452    2.5808    12.2952790119    0.0    0
197    1562287220.76    1562287232.1    11.3432059288    256    0.4221    108.0576    11.7653059288    0.0    0
198    1562287220.79    1562287234.08    13.2845451832    256    0.7528    192.7168    14.0373451832    0.0    0
199    1562287221.66    1562287236.22    14.559155941    16    0.4243    6.7888    14.983455941    0.0    0

dispatched jobs are: 200 out of 200
average queue time is: 6.95731450081
fso links are used for 0 times
overall utilization is 0.056737601387664316
average response time is 7.32542700081
average weighted response time is 7.388608609794638
average slowdown is 11.325427862676948
cpu_request: 16856, cpu_run: 16856
ssd_request: 8852, ssd_run: 0
gpu_request: 8673, gpu_run: 0
cpu aspl: 0.0
cpu diameter: 0.0
job x: 0.0
job y: 0.0
job z: 0.0
