#timestep  occupied-CPU  total-CPU  utilization  queuingjobs
1    0    1024    0.0    1
2    256    1024    0.25    0
3    0    1024    0.0    0
4    0    1024    0.0    0
5    64    1024    0.0625    0
6    0    1024    0.0    1
7    0    1024    0.0    2
8    0    1024    0.0    1
9    0    1024    0.0    0
10    0    1024    0.0    0
11    0    1024    0.0    1
12    4    1024    0.00390625    0
13    0    1024    0.0    0
14    0    1024    0.0    0
15    0    1024    0.0    0
16    0    1024    0.0    1
17    0    1024    0.0    1
18    0    1024    0.0    0
19    0    1024    0.0    3
20    256    1024    0.25    3
21    0    1024    0.0    4
22    0    1024    0.0    3
23    72    1024    0.0703125    0
24    0    1024    0.0    1
25    256    1024    0.25    2
26    0    1024    0.0    4
27    320    1024    0.3125    3
28    0    1024    0.0    5
29    0    1024    0.0    6
30    340    1024    0.33203125    0
31    16    1024    0.015625    0
32    0    1024    0.0    0
33    0    1024    0.0    0
34    0    1024    0.0    0
35    0    1024    0.0    0
36    0    1024    0.0    0
37    0    1024    0.0    0
38    0    1024    0.0    0
39    0    1024    0.0    0
40    0    1024    0.0    0
41    0    1024    0.0    0
42    0    1024    0.0    0
43    0    1024    0.0    0
44    0    1024    0.0    0
45    64    1024    0.0625    0
46    16    1024    0.015625    0
47    0    1024    0.0    0
48    64    1024    0.0625    0
49    4    1024    0.00390625    0
50    0    1024    0.0    0
51    64    1024    0.0625    0
52    0    1024    0.0    0
53    0    1024    0.0    0
54    0    1024    0.0    2
55    0    1024    0.0    0
56    0    1024    0.0    0
57    0    1024    0.0    0
58    0    1024    0.0    1
59    0    1024    0.0    0
60    0    1024    0.0    0
61    0    1024    0.0    0
62    0    1024    0.0    0
63    0    1024    0.0    0
64    0    1024    0.0    0
65    4    1024    0.00390625    2
66    0    1024    0.0    0
67    0    1024    0.0    0
68    0    1024    0.0    0
69    64    1024    0.0625    1
70    0    1024    0.0    2
71    256    1024    0.25    3
72    0    1024    0.0    4
73    264    1024    0.2578125    0
74    0    1024    0.0    0
75    0    1024    0.0    1
76    0    1024    0.0    0
77    0    1024    0.0    0
78    0    1024    0.0    0
79    64    1024    0.0625    0
80    0    1024    0.0    0
81    0    1024    0.0    0
82    0    1024    0.0    0
83    0    1024    0.0    1
84    256    1024    0.25    0
85    0    1024    0.0    0
86    0    1024    0.0    2
87    272    1024    0.265625    0
88    0    1024    0.0    1
89    0    1024    0.0    2
90    0    1024    0.0    0
91    0    1024    0.0    2

average cpu utilization is: 0.0319368131868
average ssd utilization is: 0.570172991071
average gpu utilization is: 0.570537860577
average utilization is: 0.390882554945
average queuing jobs are: 0.725274725275
maximum queuing jobs are: 6


#job_number  submit  dispatch  queue  cpu#  runtime  weight  response(turnaround)  cpu_aspl  cpu_diameter
0    1562248669.99    1562248674.45    4.46755003929    256    0.7528    192.7168    5.22035003929    5.02322303922    7
1    1562248674.63    1562248674.63    0.000827789306641    16    0.7616    12.1856    0.762427789307    2.58333333333    4
2    1562248677.24    1562248677.23    -0.00316905975342    64    0.6779    43.3856    0.674730940247    3.88244047619    6
3    1562248677.54    1562248677.54    0.000238180160522    16    0.0297    0.4752    0.0299381801605    2.65    4
4    1562248677.8    1562248677.8    0.000147104263306    4    0.0522    0.2088    0.0523471042633    1.5    2
5    1562248678.04    1562248679.03    0.994627952576    256    0.6189    158.4384    1.61352795258    5.02322303922    7
6    1562248679.81    1562248679.85    0.0390989780426    64    0.6779    43.3856    0.716998978043    3.88244047619    6
7    1562248679.85    1562248679.92    0.0698399543762    64    0.0125    0.8    0.0823399543762    4.02827380952    6
8    1562248680.02    1562248681.58    1.56331300735    256    0.0057    1.4592    1.56901300735    5.02322303922    7
9    1562248683.93    1562248684.94    1.00129508972    256    0.0057    1.4592    1.00699508972    5.02322303922    7
10    1562248684.48    1562248684.94    0.462479829788    4    0.6452    2.5808    1.10767982979    1.5    2
11    1562248686.86    1562248686.86    0.000221967697144    16    0.0297    0.4752    0.0299219676971    2.48333333333    4
12    1562248687.1    1562248687.1    6.48498535156e-05    16    0.4243    6.7888    0.424364849854    2.48333333333    4
13    1562248687.36    1562248687.36    2.88486480713e-05    4    0.6452    2.5808    0.645228848648    1.5    2
14    1562248688.47    1562248689.26    0.798161029816    256    0.0177    4.5312    0.815861029816    5.02322303922    7
15    1562248690.19    1562248690.19    5.79357147217e-05    64    0.1855    11.872    0.185557935715    3.88244047619    6
16    1562248691.69    1562248692.64    0.954595804214    256    0.8    204.8    1.75459580421    5.02322303922    7
17    1562248692.11    1562248694.54    2.42207098007    256    0.7528    192.7168    3.17487098007    5.02058823529    7
18    1562248692.29    1562248696.53    4.24208498001    256    0.0057    1.4592    4.24778498001    5.02322303922    7
19    1562248692.54    1562248696.53    3.99251389503    4    1.1283    4.5132    5.12081389503    1.5    2
20    1562248694.05    1562248696.6    2.55288505554    64    0.4167    26.6688    2.96958505554    4.02380952381    6
21    1562248696.15    1562248696.6    0.455451965332    4    0.6452    2.5808    1.10065196533    1.5    2
22    1562248696.36    1562248696.6    0.242727994919    4    0.0059    0.0236    0.248627994919    1.5    2
23    1562248697.43    1562248697.43    0.000234842300415    16    0.0098    0.1568    0.0100348423004    2.48333333333    4
24    1562248697.58    1562248698.58    1.00334095955    256    0.8    204.8    1.80334095955    5.02322303922    7
25    1562248698.2    1562248700.86    2.65457987785    256    0.6189    158.4384    3.27347987785    5.02322303922    7
26    1562248698.59    1562248700.87    2.28132200241    16    0.0098    0.1568    2.29112200241    2.58333333333    4
27    1562248699.36    1562248700.94    1.58703994751    64    0.4167    26.6688    2.00373994751    4.0183531746    6
28    1562248699.64    1562248702.77    3.12818312645    256    0.4221    108.0576    3.55028312645    5.02322303922    7
29    1562248700.08    1562248702.84    2.76635193825    64    0.4167    26.6688    3.18305193825    4.05902777778    6
30    1562248700.53    1562248704.26    3.73039317131    256    0.6189    158.4384    4.34929317131    5.02322303922    7
31    1562248701.53    1562248704.26    2.73709201813    4    0.0059    0.0236    2.74299201813    1.5    2
32    1562248701.96    1562248704.34    2.38576602936    64    0.0234    1.4976    2.40916602936    4.02380952381    6
33    1562248702.65    1562248704.34    1.69880199432    4    0.6452    2.5808    2.34400199432    1.5    2
34    1562248702.84    1562248704.35    1.50471782684    16    0.7616    12.1856    2.26631782684    2.58333333333    4
35    1562248703.02    1562248704.43    1.40645098686    64    0.9446    60.4544    2.35105098686    4.28075396825    6
36    1562248705.58    1562248705.58    0.000207901000977    16    0.7616    12.1856    0.761807901001    2.48333333333    4
37    1562248705.83    1562248705.83    6.98566436768e-05    16    0.0285    0.456    0.0285698566437    2.58333333333    4
38    1562248707.29    1562248707.29    -0.00155591964722    4    0.0522    0.2088    0.0506440803528    1.5    2
39    1562248707.36    1562248707.36    -0.00121307373047    4    0.0832    0.3328    0.0819869262695    1.5    2
40    1562248707.44    1562248707.47    0.0297060012817    64    0.1855    11.872    0.215206001282    3.89136904762    6
41    1562248708.69    1562248708.69    0.000243186950684    64    0.0055    0.352    0.00574318695068    3.88244047619    6
42    1562248709.82    1562248709.82    -0.00151705741882    16    0.8805    14.088    0.878982942581    2.48333333333    4
43    1562248710.42    1562248710.41    -0.000231981277466    4    0.0832    0.3328    0.0829680187225    1.5    2
44    1562248714.13    1562248714.13    3.09944152832e-05    64    0.0234    1.4976    0.0234309944153    3.88244047619    6
45    1562248715.31    1562248715.32    0.0130839347839    64    0.0234    1.4976    0.0364839347839    3.88244047619    6
46    1562248717.11    1562248717.11    0.000235080718994    64    0.0234    1.4976    0.023635080719    3.88244047619    6
47    1562248717.42    1562248717.42    4.10079956055e-05    4    0.0059    0.0236    0.00594100799561    1.5    2
48    1562248718.3    1562248718.3    0.000174045562744    16    0.0429    0.6864    0.0430740455627    2.48333333333    4
49    1562248719.05    1562248719.05    0.000230073928833    64    0.9446    60.4544    0.944830073929    3.88244047619    6
50    1562248720.45    1562248720.45    6.31809234619e-05    16    0.8805    14.088    0.880563180923    2.48333333333    4
51    1562248722.28    1562248722.28    0.000224828720093    64    0.0234    1.4976    0.0236248287201    3.88244047619    6
52    1562248722.51    1562248722.51    0.00270795822144    64    0.0234    1.4976    0.0261079582214    3.88244047619    6
53    1562248722.85    1562248722.85    7.48634338379e-05    64    0.9446    60.4544    0.944674863434    3.88244047619    6
54    1562248723.37    1562248723.37    4.6968460083e-05    16    0.0285    0.456    0.0285469684601    2.65    4
55    1562248723.56    1562248723.56    3.60012054443e-05    4    0.6452    2.5808    0.645236001205    1.5    2
56    1562248723.72    1562248723.72    -0.000334024429321    4    0.0832    0.3328    0.0828659755707    1.5    2
57    1562248723.99    1562248723.99    8.70227813721e-05    64    0.0125    0.8    0.0125870227814    3.88244047619    6
58    1562248725.57    1562248725.57    0.000189781188965    64    0.4167    26.6688    0.416889781189    3.88244047619    6
59    1562248726.64    1562248726.63    -0.00657081604004    4    0.0059    0.0236    -0.000670816040039    1.5    2
60    1562248728.08    1562248729.01    0.933221101761    256    0.6189    158.4384    1.55212110176    5.02322303922    7
61    1562248728.62    1562248729.02    0.397602796555    16    0.0429    0.6864    0.440502796555    2.58333333333    4
62    1562248729.25    1562248729.25    -0.000205039978027    4    0.5956    2.3824    0.595394960022    1.5    2
63    1562248730.85    1562248730.85    2.00271606445e-05    4    0.0059    0.0236    0.00592002716064    1.5    2
64    1562248732.33    1562248733.09    0.765120029449    256    0.6189    158.4384    1.38402002945    5.02322303922    7
65    1562248733.99    1562248733.99    4.60147857666e-05    4    0.0059    0.0236    0.00594601478577    1.5    2
66    1562248735.55    1562248735.55    0.000232934951782    16    0.4243    6.7888    0.424532934952    2.48333333333    4
67    1562248735.56    1562248735.56    0.000165224075317    16    0.4243    6.7888    0.424465224075    2.58333333333    4
68    1562248736.61    1562248736.61    0.000181913375854    64    0.0055    0.352    0.00568191337585    3.88244047619    6
69    1562248738.11    1562248738.11    -0.00140905380249    4    0.0059    0.0236    0.00449094619751    1.5    2
70    1562248739.22    1562248739.22    4.60147857666e-05    4    1.1283    4.5132    1.12834601479    1.5    2
71    1562248739.39    1562248740.31    0.919939041138    256    0.6189    158.4384    1.53883904114    4.98514093137    7
72    1562248740.2    1562248740.32    0.116647958755    16    0.0429    0.6864    0.159547958755    2.63333333333    4
73    1562248740.64    1562248740.64    -0.0013599395752    4    0.0284    0.1136    0.0270400604248    1.5    2
74    1562248742.35    1562248742.36    0.0119090080261    64    0.0234    1.4976    0.0353090080261    3.88244047619    6
75    1562248743.09    1562248743.09    2.78949737549e-05    4    0.0059    0.0236    0.00592789497375    1.5    2
76    1562248743.67    1562248743.67    0.000221014022827    64    0.0234    1.4976    0.0236210140228    3.88244047619    6
77    1562248744.16    1562248744.16    0.00017786026001    64    0.9446    60.4544    0.94477786026    3.88244047619    6
78    1562248744.35    1562248746.21    1.86820197105    256    0.8    204.8    2.66820197105    5.02322303922    7
79    1562248745.19    1562248748.11    2.9265370369    256    0.8    204.8    3.7265370369    5.02068014706    7
80    1562248746.21    1562248748.12    1.905367136    16    0.0297    0.4752    1.935067136    2.58333333333    4
81    1562248746.68    1562248748.12    1.4414908886    4    0.0284    0.1136    1.4698908886    1.5    2
82    1562248747.08    1562248748.12    1.03667807579    4    1.1283    4.5132    2.16497807579    1.5    2
83    1562248748.11    1562248748.12    0.00837683677673    4    0.0284    0.1136    0.0367768367767    1.5    2
84    1562248748.63    1562248748.62    -0.00396513938904    4    0.6452    2.5808    0.641234860611    1.5    2
85    1562248750.68    1562248751.57    0.888016939163    256    0.0177    4.5312    0.905716939163    5.02322303922    7
86    1562248753.71    1562248753.71    0.000182151794434    64    0.1855    11.872    0.185682151794    3.88244047619    6
87    1562248754.09    1562248754.09    0.000245809555054    64    0.9446    60.4544    0.944845809555    3.88244047619    6
88    1562248758.5    1562248758.5    7.60555267334e-05    64    0.0234    1.4976    0.0234760555267    3.88244047619    6
89    1562248758.81    1562248759.64    0.836892843246    256    0.7528    192.7168    1.58969284325    5.02322303922    7
90    1562248761.84    1562248761.84    3.79085540771e-05    64    0.0055    0.352    0.00553790855408    3.88244047619    6
91    1562248761.97    1562248763.02    1.0434820652    256    0.8    204.8    1.8434820652    5.02322303922    7
92    1562248762.2    1562248763.08    0.882013082504    64    0.0234    1.4976    0.905413082504    4.05902777778    6
93    1562248762.56    1562248763.09    0.529280900955    16    0.0429    0.6864    0.572180900955    2.65    4
94    1562248762.93    1562248763.09    0.161993980408    16    0.7616    12.1856    0.923593980408    2.58333333333    4
95    1562248763.92    1562248765.26    1.33454799652    256    0.0177    4.5312    1.35224799652    5.02322303922    7
96    1562248764.72    1562248766.3    1.58226490021    256    0.0057    1.4592    1.58796490021    5.02322303922    7
97    1562248765.12    1562248766.3    1.18503689766    4    0.0522    0.2088    1.23723689766    1.5    2
98    1562248767.12    1562248768.19    1.07133603096    256    0.8    204.8    1.87133603096    5.02322303922    7
99    1562248767.6    1562248768.25    0.647946119308    64    0.0055    0.352    0.653446119308    4.05902777778    6

dispatched jobs are: 100 out of 100
average queue time is: 0.736660439968
fso links are used for 0 times
overall utilization is 0.03649994378125873
average response time is 1.08326843997
average weighted response time is 2.2762239482868942
average slowdown is 3.192457092785043
cpu_request: 8236, cpu_run: 8236
ssd_request: 4343, ssd_run: 0
gpu_request: 4326, gpu_run: 0
cpu aspl: 3.25082239146
cpu diameter: 4.75
job x: 0.0
job y: 0.0
job z: 0.0
