#timestep  occupied-CPU  total-CPU  utilization  queuingjobs
1    4    1024    0.00390625    0
2    0    1024    0.0    2
3    280    1024    0.2734375    1
4    256    1024    0.25    4
5    0    1024    0.0    6
6    0    1024    0.0    10
7    0    1024    0.0    12
8    272    1024    0.265625    13
9    264    1024    0.2578125    12
10    4    1024    0.00390625    18
11    72    1024    0.0703125    18
12    292    1024    0.28515625    17
13    105    1024    0.1025390625    8
14    0    1024    0.0    12
15    32    1024    0.03125    6
16    260    1024    0.25390625    3
17    0    1024    0.0    4
18    4    1024    0.00390625    0
19    12    1024    0.01171875    0
20    8    1024    0.0078125    0
21    24    1024    0.0234375    0
22    0    1024    0.0    3
23    303    1024    0.2958984375    2
24    8    1024    0.0078125    1
25    320    1024    0.3125    1
26    0    1024    0.0    7
27    0    1024    0.0    6
28    256    1024    0.25    8
29    8    1024    0.0078125    5
30    424    1024    0.4140625    0
31    0    1024    0.0    5
32    23    1024    0.0224609375    4
33    260    1024    0.25390625    1
34    32    1024    0.03125    2
35    324    1024    0.31640625    0
36    128    1024    0.125    2
37    276    1024    0.26953125    1
38    0    1024    0.0    3
39    16    1024    0.015625    3
40    388    1024    0.37890625    0
41    80    1024    0.078125    1
42    0    1024    0.0    4
43    0    1024    0.0    4
44    0    1024    0.0    5
45    12    1024    0.01171875    1
46    0    1024    0.0    5
47    256    1024    0.25    8
48    64    1024    0.0625    10
49    64    1024    0.0625    10
50    0    1024    0.0    15
51    256    1024    0.25    16
52    0    1024    0.0    20
53    64    1024    0.0625    23
54    357    1024    0.3486328125    21
55    27    1024    0.0263671875    26
56    0    1024    0.0    29
57    308    1024    0.30078125    23
58    0    1024    0.0    27
59    64    1024    0.0625    31
60    0    1024    0.0    34
61    4    1024    0.00390625    34
62    0    1024    0.0    33
63    256    1024    0.25    33
64    256    1024    0.25    35
65    0    1024    0.0    37
66    256    1024    0.25    40
67    0    1024    0.0    44
68    260    1024    0.25390625    44
69    0    1024    0.0    49
70    0    1024    0.0    50
71    0    1024    0.0    49
72    158    1024    0.154296875    52
73    296    1024    0.2890625    49
74    68    1024    0.06640625    48
75    0    1024    0.0    50
76    64    1024    0.0625    47
77    287    1024    0.2802734375    38
78    196    1024    0.19140625    36
79    256    1024    0.25    37
80    256    1024    0.25    40
81    256    1024    0.25    38
82    256    1024    0.25    39
83    400    1024    0.390625    36
84    0    1024    0.0    34
85    0    1024    0.0    32
86    281    1024    0.2744140625    26
87    269    1024    0.2626953125    30
88    0    1024    0.0    31
89    148    1024    0.14453125    29
90    0    1024    0.0    33
91    0    1024    0.0    33
92    0    1024    0.0    32
93    68    1024    0.06640625    27
94    0    1024    0.0    27
95    0    1024    0.0    28
96    256    1024    0.25    30
97    320    1024    0.3125    30
98    0    1024    0.0    31
99    0    1024    0.0    30
100    0    1024    0.0    30
101    0    1024    0.0    34
102    218    1024    0.212890625    32
103    256    1024    0.25    32
104    20    1024    0.01953125    34
105    340    1024    0.33203125    36
106    256    1024    0.25    41
107    0    1024    0.0    44
108    64    1024    0.0625    47
109    0    1024    0.0    45
110    80    1024    0.078125    41
111    260    1024    0.25390625    43
112    0    1024    0.0    48
113    0    1024    0.0    51
114    8    1024    0.0078125    51
115    84    1024    0.08203125    41
116    0    1024    0.0    45
117    0    1024    0.0    45
118    272    1024    0.265625    40
119    272    1024    0.265625    40
120    0    1024    0.0    42
121    0    1024    0.0    44
122    0    1024    0.0    46
123    0    1024    0.0    47
124    324    1024    0.31640625    45
125    400    1024    0.390625    42
126    24    1024    0.0234375    40
127    0    1024    0.0    45
128    0    1024    0.0    50
129    114    1024    0.111328125    45
130    256    1024    0.25    44
131    0    1024    0.0    41
132    1    1024    0.0009765625    40
133    0    1024    0.0    36
134    103    1024    0.1005859375    33
135    0    1024    0.0    32
136    37    1024    0.0361328125    31
137    0    1024    0.0    23
138    4    1024    0.00390625    18
139    256    1024    0.25    17
140    16    1024    0.015625    10
141    256    1024    0.25    9
142    128    1024    0.125    4
143    64    1024    0.0625    0
144    0    1024    0.0    0

average cpu utilization is: 0.10299343533
average ssd utilization is: 0.0829332139757
average gpu utilization is: 0.0771823459201
average utilization is: 0.0877029984086
average queuing jobs are: 24.7083333333
maximum queuing jobs are: 52


#job_number  submit  dispatch  queue  cpu#  runtime  weight  response(turnaround)  cpu_aspl  cpu_diameter
0    1562290266.69    1562290271.0    4.30637288094    4    0.0526    0.2104    4.35897288094    1.5    2
1    1562290271.28    1562290271.28    0.000195980072021    64    0.0131    0.8384    0.013295980072    3.85962301587    6
2    1562290271.51    1562290271.51    2.59876251221e-05    64    0.1865    11.936    0.186525987625    3.85962301587    6
3    1562290271.69    1562290271.69    2.09808349609e-05    16    0.0099    0.1584    0.00992098083496    2.58333333333    4
4    1562290271.84    1562290272.84    1.00293707848    256    0.4475    114.56    1.45043707848    4.99813112745    7
5    1562290272.02    1562290272.85    0.82494187355    16    0.7709    12.3344    1.59584187355    2.68333333333    4
6    1562290272.27    1562290272.85    0.577466964722    4    0.6477    2.5908    1.22516696472    1.5    2
7    1562290272.49    1562290272.91    0.417746067047    64    0.0056    0.3584    0.423346067047    4.08482142857    6
8    1562290272.75    1562290272.91    0.158087015152    4    0.6477    2.5908    0.805787015152    1.5    2
9    1562290272.84    1562290274.09    1.24381494522    256    0.8087    207.0272    2.05251494522    5.1809129902    8
10    1562290273.32    1562290274.16    0.836426019669    64    0.4242    27.1488    1.26062601967    3.85962301587    6
11    1562290273.54    1562290275.42    1.8759291172    256    0.0198    5.0688    1.8957291172    5.22959558824    8
12    1562290273.67    1562290275.54    1.87122392654    64    0.1865    11.936    2.05772392654    3.85962301587    6
13    1562290273.99    1562290276.81    2.8215508461    256    0.0057    1.4592    2.8272508461    5.04203431373    7
14    1562290274.35    1562290278.05    3.69855904579    256    0.4475    114.56    4.14605904579    5.09255514706    8
15    1562290274.86    1562290278.05    3.1976120472    16    0.0296    0.4736    3.2272120472    2.58333333333    4
16    1562290274.98    1562290278.06    3.08287096024    16    0.0099    0.1584    3.09277096024    2.65    4
17    1562290275.4    1562290278.06    2.66395306587    16    0.7709    12.3344    3.43485306587    2.6    4
18    1562290275.48    1562290278.07    2.59531593323    16    0.0296    0.4736    2.62491593323    2.55    4
19    1562290275.73    1562290279.39    3.65255999565    256    0.4475    114.56    4.10005999565    5.24993872549    8
20    1562290276.0    1562290279.39    3.39083695412    4    0.5984    2.3936    3.98923695412    1.5    2
21    1562290276.11    1562290279.39    3.28305006027    4    1.1322    4.5288    4.41525006027    1.5    2
22    1562290276.21    1562290280.56    4.35690593719    256    0.6811    174.3616    5.03800593719    5.32763480392    8
23    1562290276.71    1562290280.57    3.85682678223    4    1.1322    4.5288    4.98902678223    1.5    2
24    1562290277.16    1562290280.57    3.40152096748    4    1.1322    4.5288    4.53372096748    1.5    2
25    1562290277.3    1562290280.63    3.33367395401    64    0.9575    61.28    4.29117395401    4.06597222222    6
26    1562290277.4    1562290280.63    3.23422288895    4    0.6477    2.5908    3.88192288895    1.5    2
27    1562290277.6    1562290280.64    3.03317809105    4    0.0834    0.3336    3.11657809105    1.5    2
28    1562290277.92    1562290280.64    2.71329402924    4    0.0526    0.2104    2.76589402924    1.5    2
29    1562290278.24    1562290280.71    2.47597789764    64    0.1872    11.9808    2.66317789764    4.1066468254    6
30    1562290278.37    1562290280.8    2.43253684044    64    0.4299    27.5136    2.86243684044    4.24900793651    6
31    1562290278.4    1562290281.95    3.54967999458    256    0.8114    207.7184    4.36107999458    5.44301470588    9
32    1562290279.31    1562290282.02    2.70935606956    64    0.4299    27.5136    3.13925606956    4.24255952381    6
33    1562290279.39    1562290282.03    2.63787817955    16    0.7709    12.3344    3.40877817955    2.63333333333    4
34    1562290279.79    1562290282.03    2.24217915535    16    0.7709    12.3344    3.01307915535    2.475    4
35    1562290279.87    1562290282.1    2.23147201538    64    0.0247    1.5808    2.25617201538    4.0560515873    6
36    1562290279.89    1562290282.1    2.21683382988    16    0.0296    0.4736    2.24643382988    2.65    4
37    1562290280.02    1562290282.1    2.08016395569    4    1.1322    4.5288    3.21236395569    1.5    2
38    1562290280.29    1562290283.29    3.00070095062    256    0.0198    5.0688    3.02050095062    5.35631127451    8
39    1562290280.45    1562290283.29    2.83992195129    4    0.5984    2.3936    3.43832195129    1.5    2
40    1562290280.55    1562290283.37    2.82208800316    64    0.0135    0.864    2.83558800316    4.17708333333    6
41    1562290280.56    1562290283.45    2.88568305969    64    0.0131    0.8384    2.89878305969    3.98214285714    6
42    1562290280.63    1562290283.45    2.81537485123    4    0.0284    0.1136    2.84377485123    1.5    2
43    1562290280.8    1562290283.45    2.6520922184    4    0.0834    0.3336    2.7354922184    1.5    2
44    1562290280.85    1562290283.45    2.60416483879    4    0.0284    0.1136    2.63256483879    1.5    2
45    1562290281.24    1562290283.46    2.21146202087    16    0.8867    14.1872    3.09816202087    2.575    4
46    1562290281.4    1562290283.46    2.06499195099    16    0.0099    0.1584    2.07489195099    2.5    4
47    1562290281.45    1562290283.53    2.08236384392    64    0.0135    0.864    2.09586384392    4.09672619048    6
48    1562290281.5    1562290283.54    2.03822898865    16    0.0432    0.6912    2.08142898865    2.58333333333    4
49    1562290281.97    1562290283.54    1.56845998764    4    0.0284    0.1136    1.59685998764    1.5    2
50    1562290282.37    1562290283.54    1.16667413712    4    0.0834    0.3336    1.25007413712    1.5    2
51    1562290282.44    1562290283.55    1.11407899857    16    0.03    0.48    1.14407899857    2.58333333333    4
52    1562290282.47    1562290284.73    2.25935220718    256    0.6811    174.3616    2.94045220718    5.04950980392    8
53    1562290282.5    1562290284.74    2.23665595055    4    0.5984    2.3936    2.83505595055    1.5    2
54    1562290282.57    1562290284.8    2.23511695862    64    0.0056    0.3584    2.24071695862    4.13888888889    6
55    1562290282.84    1562290284.88    2.04681301117    64    0.1872    11.9808    2.23401301117    4.12103174603    6
56    1562290282.97    1562290284.95    1.98499798775    64    0.0254    1.6256    2.01039798775    4.13888888889    6
57    1562290283.18    1562290284.96    1.77600097656    16    0.8867    14.1872    2.66270097656    2.63333333333    4
58    1562290283.29    1562290284.97    1.68003082275    16    0.0432    0.6912    1.72323082275    2.56666666667    4
59    1562290283.78    1562290285.05    1.27022695541    64    0.4299    27.5136    1.70012695541    4.11011904762    6
60    1562290283.9    1562290285.05    1.14892911911    16    0.8867    14.1872    2.03562911911    2.65    4
61    1562290284.29    1562290285.05    0.762923002243    4    0.0526    0.2104    0.815523002243    1.5    2
62    1562290284.56    1562290286.28    1.72770404816    256    0.6811    174.3616    2.40880404816    5.35557598039    8
63    1562290284.64    1562290286.29    1.64232587814    4    0.0284    0.1136    1.67072587814    1.5    2
64    1562290284.73    1562290286.29    1.55471205711    4    0.5984    2.3936    2.15311205711    1.5    2
65    1562290285.25    1562290286.29    1.04721593857    16    0.0432    0.6912    1.09041593857    2.575    4
66    1562290285.41    1562290286.3    0.882174015045    4    0.0284    0.1136    0.910574015045    1.5    2
67    1562290285.73    1562290287.56    1.82972812653    256    0.0057    1.4592    1.83542812653    5.24571078431    8
68    1562290285.85    1562290287.65    1.7997879982    64    0.0247    1.5808    1.8244879982    3.96329365079    6
69    1562290286.28    1562290287.66    1.37203788757    16    0.0432    0.6912    1.41523788757    2.58333333333    4
70    1562290286.86    1562290288.74    1.87287902832    256    0.0198    5.0688    1.89267902832    5.08155637255    8
71    1562290287.19    1562290288.74    1.54957294464    16    0.0099    0.1584    1.55947294464    2.58333333333    4
72    1562290287.38    1562290288.74    1.35781502724    4    1.1322    4.5288    2.49001502724    1.5    2
73    1562290287.85    1562290288.74    0.894201993942    4    0.0526    0.2104    0.946801993942    1.5    2
74    1562290288.91    1562290288.91    0.000194072723389    64    0.0247    1.5808    0.0248940727234    3.85962301587    6
75    1562290289.33    1562290289.33    3.2901763916e-05    4    1.1322    4.5288    1.13223290176    1.5    2
76    1562290289.36    1562290289.36    0.000117063522339    4    1.1322    4.5288    1.13231706352    1.5    2
77    1562290289.58    1562290289.64    0.0579650402069    64    0.0247    1.5808    0.0826650402069    3.91865079365    6
78    1562290289.64    1562290289.64    0.00247406959534    4    0.0834    0.3336    0.0858740695953    1.5    2
79    1562290289.9    1562290289.89    -0.00404810905457    4    0.5984    2.3936    0.594351890945    1.5    2
80    1562290290.01    1562290290.01    2.09808349609e-05    16    0.0099    0.1584    0.00992098083496    2.56666666667    4
81    1562290290.28    1562290290.33    0.0460619926453    64    0.1865    11.936    0.232561992645    3.94444444444    6
82    1562290290.38    1562290290.38    2.19345092773e-05    4    0.6477    2.5908    0.647721934509    1.5    2
83    1562290290.67    1562290290.67    4.79221343994e-05    4    0.6477    2.5908    0.647747922134    1.5    2
84    1562290291.0    1562290291.0    0.000236034393311    16    0.8867    14.1872    0.886936034393    2.58333333333    4
85    1562290291.28    1562290291.28    0.000123023986816    4    0.5984    2.3936    0.598523023987    1.5    2
86    1562290291.37    1562290291.37    3.2901763916e-05    16    0.8867    14.1872    0.886732901764    2.58333333333    4
87    1562290291.41    1562290291.4    -0.0032000541687    16    0.03    0.48    0.0267999458313    2.56666666667    4
88    1562290291.69    1562290291.69    -0.000823020935059    4    0.5984    2.3936    0.597576979065    1.5    2
89    1562290291.88    1562290291.92    0.0390388965607    64    0.0247    1.5808    0.0637388965607    3.8556547619    6
90    1562290291.97    1562290291.97    -0.00177192687988    4    0.6477    2.5908    0.64592807312    1.5    2
91    1562290292.37    1562290293.39    1.02583289146    256    0.8087    207.0272    1.83453289146    4.99813112745    7
92    1562290292.65    1562290293.46    0.807488918304    64    0.0056    0.3584    0.813088918304    4.19990079365    6
93    1562290292.89    1562290293.46    0.575482845306    16    0.0296    0.4736    0.605082845306    2.59166666667    4
94    1562290293.8    1562290293.8    0.000249147415161    64    0.4299    27.5136    0.430149147415    4.19990079365    6
95    1562290293.85    1562290294.98    1.12823700905    256    0.0057    1.4592    1.13393700905    5.27738970588    8
96    1562290294.22    1562290294.98    0.762371063232    4    0.0834    0.3336    0.845771063232    1.5    2
97    1562290294.48    1562290294.98    0.501515865326    4    0.6477    2.5908    1.14921586533    1.5    2
98    1562290294.72    1562290295.07    0.344820976257    64    0.0247    1.5808    0.369520976257    4.01488095238    6
99    1562290294.88    1562290295.07    0.182476997375    4    1.1322    4.5288    1.31467699738    1.5    2
100    1562290294.98    1562290296.21    1.23677897453    256    0.7774    199.0144    2.01417897453    5.06237745098    7
101    1562290295.6    1562290296.28    0.680858850479    64    0.9639    61.6896    1.64475885048    4.20535714286    6
102    1562290296.11    1562290297.51    1.4092438221    256    0.0198    5.0688    1.4290438221    5.24984681373    8
103    1562290296.73    1562290297.62    0.883672952652    64    0.0131    0.8384    0.896772952652    3.88293650794    6
104    1562290296.85    1562290297.62    0.769494771957    4    0.0284    0.1136    0.797894771957    1.5    2
105    1562290297.0    1562290297.62    0.621708869934    4    0.6477    2.5908    1.26940886993    1.5    2
106    1562290297.16    1562290297.63    0.462065935135    16    0.03    0.48    0.492065935135    2.475    4
107    1562290297.27    1562290297.72    0.455628156662    64    0.0056    0.3584    0.461228156662    3.98561507937    6
108    1562290297.38    1562290298.91    1.52974200249    256    0.7774    199.0144    2.30714200249    5.01017156863    7
109    1562290297.51    1562290300.04    2.52882695198    256    0.0057    1.4592    2.53452695198    5.20226715686    8
110    1562290297.67    1562290300.05    2.37108397484    4    0.0059    0.0236    2.37698397484    1.5    2
111    1562290298.06    1562290300.05    1.9893579483    4    0.6477    2.5908    2.6370579483    1.5    2
112    1562290298.16    1562290300.05    1.89105892181    4    1.1322    4.5288    3.02325892181    1.5    2
113    1562290298.36    1562290300.05    1.68969893456    16    0.0432    0.6912    1.73289893456    2.61666666667    4
114    1562290298.55    1562290300.06    1.51490402222    16    0.4263    6.8208    1.94120402222    2.58333333333    4
115    1562290299.03    1562290301.26    2.22345805168    256    0.8087    207.0272    3.03215805168    4.99325980392    7
116    1562290299.38    1562290301.26    1.88207697868    16    0.4263    6.8208    2.30837697868    2.58333333333    4
117    1562290299.76    1562290301.26    1.50412011147    4    1.1322    4.5288    2.63632011147    1.5    2
118    1562290300.26    1562290301.33    1.0698029995    64    0.6958    44.5312    1.7656029995    4.11755952381    6
119    1562290300.51    1562290301.4    0.886898040771    64    0.6889    44.0896    1.57579804077    4.05902777778    6
120    1562290300.61    1562290301.47    0.858160972595    64    0.0247    1.5808    0.882860972595    4.03174603175    6
121    1562290300.8    1562290301.47    0.670393228531    4    1.1322    4.5288    1.80259322853    1.5    2
122    1562290300.85    1562290301.54    0.695271968842    64    0.0056    0.3584    0.700871968842    4.14781746032    6
123    1562290301.12    1562290301.55    0.432590007782    16    0.7709    12.3344    1.20349000778    2.5    4
124    1562290301.69    1562290301.69    0.000329971313477    4    0.0834    0.3336    0.0837299713135    1.5    2
125    1562290301.73    1562290302.88    1.14710116386    256    0.0057    1.4592    1.15280116386    5.14197303922    8
126    1562290301.78    1562290302.88    1.10258603096    16    0.7709    12.3344    1.87348603096    2.58333333333    4
127    1562290302.14    1562290302.96    0.822458028793    64    0.4242    27.1488    1.24665802879    3.91865079365    6
128    1562290302.33    1562290302.96    0.633177042007    16    0.8867    14.1872    1.51987704201    2.58333333333    4
129    1562290302.47    1562290304.09    1.61865711212    256    0.6811    174.3616    2.29975711212    5.10952818627    8
130    1562290302.88    1562290304.16    1.28031897545    64    0.4242    27.1488    1.70451897545    3.9623015873    6
131    1562290303.33    1562290304.16    0.837985038757    16    0.4263    6.8208    1.26428503876    2.58333333333    4
132    1562290303.54    1562290304.22    0.680934906006    64    0.1865    11.936    0.867434906006    3.94246031746    6
133    1562290304.32    1562290304.32    1.50203704834e-05    4    0.0059    0.0236    0.00591502037048    1.5    2
134    1562290304.51    1562290304.56    0.0486960411072    64    0.0056    0.3584    0.0542960411072    3.94246031746    6
135    1562290304.66    1562290304.66    6.38961791992e-05    4    0.0526    0.2104    0.0526638961792    1.5    2
136    1562290304.68    1562290304.69    0.00821304321289    16    0.03    0.48    0.0382130432129    2.58333333333    4
137    1562290304.78    1562290304.82    0.0399398803711    64    0.6889    44.0896    0.728839880371    3.9623015873    6
138    1562290304.95    1562290304.95    0.000185012817383    16    0.8867    14.1872    0.886885012817    2.58333333333    4
139    1562290305.05    1562290305.05    0.000139951705933    16    0.7709    12.3344    0.771039951706    2.575    4
140    1562290305.46    1562290306.55    1.09409189224    256    0.4475    114.56    1.54159189224    5.05382965686    8
141    1562290305.79    1562290306.61    0.823884010315    64    0.0247    1.5808    0.848584010315    3.9494047619    6
142    1562290306.15    1562290306.62    0.465806007385    16    0.03    0.48    0.495806007385    2.58333333333    4
143    1562290306.36    1562290306.7    0.338059902191    64    0.4242    27.1488    0.762259902191    4.0818452381    6
144    1562290306.54    1562290306.7    0.155314922333    4    0.5984    2.3936    0.753714922333    1.5    2
145    1562290306.84    1562290306.84    0.000232934951782    16    0.8867    14.1872    0.886932934952    2.58333333333    4
146    1562290307.1    1562290307.1    4.31537628174e-05    64    0.9575    61.28    0.957543153763    3.94841269841    6
147    1562290307.19    1562290307.19    1.69277191162e-05    4    0.0284    0.1136    0.0284169277191    1.5    2
148    1562290307.3    1562290307.31    0.00589203834534    64    0.9575    61.28    0.963392038345    3.99057539683    6
149    1562290307.66    1562290308.73    1.07008504868    256    0.4475    114.56    1.51758504868    5.10168504902    8
150    1562290307.73    1562290308.8    1.06999588013    64    0.0247    1.5808    1.09469588013    4.00049603175    6
151    1562290307.98    1562290308.8    0.82066488266    16    0.0432    0.6912    0.86386488266    2.575    4
152    1562290308.07    1562290308.8    0.732386112213    4    0.0834    0.3336    0.815786112213    1.5    2
153    1562290308.28    1562290308.89    0.600700139999    64    0.6958    44.5312    1.29650014    4.10069444444    6
154    1562290308.98    1562290310.05    1.07050085068    256    0.6811    174.3616    1.75160085068    5.04206495098    8
155    1562290309.41    1562290310.06    0.654633045197    16    0.03    0.48    0.684633045197    2.58333333333    4
156    1562290309.61    1562290310.07    0.457823038101    16    0.8867    14.1872    1.3445230381    2.7    4
157    1562290310.05    1562290310.07    0.0148048400879    4    0.5984    2.3936    0.613204840088    1.5    2
158    1562290310.24    1562290310.27    0.0236401557922    64    0.0247    1.5808    0.0483401557922    3.85962301587    6
159    1562290310.45    1562290311.66    1.21071815491    256    0.8087    207.0272    2.01941815491    5.07159926471    8
160    1562290310.58    1562290311.67    1.08818602562    16    0.03    0.48    1.11818602562    2.58333333333    4
161    1562290310.74    1562290311.67    0.929094076157    4    0.0834    0.3336    1.01249407616    1.5    2
162    1562290311.05    1562290311.74    0.693268060684    64    0.4299    27.5136    1.12316806068    4.14880952381    6
163    1562290311.27    1562290311.75    0.477294921875    16    0.0296    0.4736    0.506894921875    2.58333333333    4
164    1562290311.58    1562290311.75    0.171164989471    16    0.0099    0.1584    0.181064989471    2.6    4
165    1562290311.66    1562290311.76    0.0955171585083    4    0.6477    2.5908    0.743217158508    1.5    2
166    1562290311.73    1562290311.84    0.112703084946    64    0.9639    61.6896    1.07660308495    4.16021825397    6
167    1562290312.03    1562290312.03    3.00407409668e-05    4    0.0059    0.0236    0.00593004074097    1.5    2
168    1562290312.08    1562290312.08    3.60012054443e-05    4    0.0059    0.0236    0.00593600120544    1.5    2
169    1562290312.71    1562290312.71    3.50475311279e-05    16    0.7709    12.3344    0.770935047531    2.58333333333    4
170    1562290312.87    1562290312.91    0.0466070175171    64    0.1865    11.936    0.233107017517    3.90773809524    6
171    1562290312.91    1562290314.11    1.19850301743    256    0.7774    199.0144    1.97590301743    5.03553921569    8
172    1562290313.49    1562290314.12    0.629297971725    16    0.03    0.48    0.659297971725    2.58333333333    4
173    1562290313.65    1562290314.12    0.467507839203    4    0.0059    0.0236    0.473407839203    1.5    2
174    1562290313.9    1562290314.12    0.227868080139    16    0.7709    12.3344    0.998768080139    2.48333333333    4
175    1562290314.35    1562290314.35    0.000140905380249    16    0.4263    6.8208    0.42644090538    2.58333333333    4
176    1562290314.49    1562290314.49    2.09808349609e-05    4    0.0834    0.3336    0.083420980835    1.5    2
177    1562290314.73    1562290315.84    1.11191797256    256    0.0198    5.0688    1.13171797256    5.07625612745    8
178    1562290314.79    1562290316.91    2.11345291138    256    0.0057    1.4592    2.11915291138    5.11525735294    8
179    1562290314.91    1562290316.91    2.00545191765    16    0.0099    0.1584    2.01535191765    2.58333333333    4
180    1562290315.07    1562290316.91    1.8447830677    4    0.0526    0.2104    1.8973830677    1.5    2
181    1562290315.7    1562290316.91    1.20733499527    4    1.1322    4.5288    2.33953499527    1.5    2
182    1562290316.03    1562290316.91    0.882839918137    4    0.6477    2.5908    1.53053991814    1.5    2
183    1562290316.52    1562290316.92    0.397902011871    4    0.6477    2.5908    1.04560201187    1.5    2
184    1562290317.34    1562290317.38    0.0353891849518    64    0.0131    0.8384    0.0484891849518    3.90773809524    6
185    1562290317.57    1562290318.68    1.11549592018    256    0.7774    199.0144    1.89289592018    5.01326593137    7
186    1562290317.88    1562290319.92    2.03237295151    256    0.0057    1.4592    2.03807295151    5.24862132353    8
187    1562290318.07    1562290320.0    1.92102408409    64    0.6889    44.0896    2.60992408409    3.90773809524    6
188    1562290318.22    1562290321.13    2.90341591835    256    0.0057    1.4592    2.90911591835    5.03167892157    7
189    1562290318.34    1562290321.22    2.87377882004    64    0.4242    27.1488    3.29797882004    3.90773809524    6
190    1562290318.68    1562290322.44    3.75481796265    256    0.0057    1.4592    3.76051796265    5.03167892157    7
191    1562290319.2    1562290323.62    4.41594910622    256    0.0198    5.0688    4.43574910622    5.01819852941    8
192    1562290319.29    1562290324.77    5.48072886467    256    0.7774    199.0144    6.25812886467    5.03167892157    7
193    1562290319.36    1562290324.86    5.49650788307    64    0.0056    0.3584    5.50210788307    3.90773809524    6
194    1562290319.53    1562290324.93    5.40242099762    64    0.9639    61.6896    6.36632099762    4.22867063492    6
195    1562290319.93    1562290326.07    6.13633584976    256    0.6811    174.3616    6.81743584976    5.08474264706    8
196    1562290320.23    1562290326.14    5.90202307701    64    0.6889    44.0896    6.59092307701    3.88888888889    6
197    1562290320.41    1562290326.2    5.79579520226    64    0.4242    27.1488    6.21999520226    3.98759920635    6
198    1562290321.18    1562290326.28    5.09983801842    64    0.6958    44.5312    5.79563801842    4.46825396825    6
199    1562290321.43    1562290327.54    6.11174702644    256    0.0198    5.0688    6.13154702644    5.29212622549    10
200    1562290321.65    1562290327.66    6.01233911514    64    0.0247    1.5808    6.03703911514    3.85962301587    6
201    1562290321.81    1562290327.75    5.9329199791    64    0.0131    0.8384    5.9460199791    3.92609126984    6
202    1562290321.91    1562290327.83    5.92277097702    64    0.6889    44.0896    6.61167097702    3.85962301587    6
203    1562290322.11    1562290328.96    6.8479039669    256    0.6811    174.3616    7.5290039669    5.04203431373    7
204    1562290322.36    1562290329.03    6.66302609444    64    0.6889    44.0896    7.35192609444    3.85962301587    6
205    1562290322.44    1562290329.03    6.58934807777    16    0.0432    0.6912    6.63254807777    2.68333333333    4
206    1562290322.87    1562290329.04    6.16781282425    16    0.8867    14.1872    7.05451282425    2.5    4
207    1562290323.62    1562290329.12    5.49852395058    64    0.6958    44.5312    6.19432395058    4.08779761905    6
208    1562290324.38    1562290329.12    4.73778700829    4    0.0059    0.0236    4.74368700829    1.5    2
209    1562290324.45    1562290329.13    4.67326998711    16    0.0099    0.1584    4.68316998711    2.675    4
210    1562290324.59    1562290329.2    4.61274218559    64    0.4299    27.5136    5.04264218559    4.2058531746    6
211    1562290324.66    1562290329.21    4.54593706131    16    0.7709    12.3344    5.31683706131    2.675    4
212    1562290324.77    1562290329.21    4.44449615479    16    0.03    0.48    4.47449615479    2.75    4
213    1562290324.86    1562290329.22    4.36005091667    4    0.6477    2.5908    5.00775091667    1.5    2
214    1562290325.04    1562290330.61    5.56729388237    256    0.0209    5.3504    5.58819388237    5.54200367647    9
215    1562290325.21    1562290331.73    6.52223682404    256    0.0057    1.4592    6.52793682404    5.06605392157    8
216    1562290325.56    1562290331.81    6.25545215607    64    0.4299    27.5136    6.68535215607    4.09623015873    6
217    1562290325.6    1562290332.98    7.38486790657    256    0.0057    1.4592    7.39056790657    4.99304534314    7
218    1562290326.51    1562290333.07    6.55597805977    64    0.1872    11.9808    6.74317805977    4.09623015873    6
219    1562290326.63    1562290333.07    6.43423199654    4    0.0834    0.3336    6.51763199654    1.5    2
220    1562290326.86    1562290333.07    6.20388698578    4    1.1322    4.5288    7.33608698578    1.5    2
221    1562290326.98    1562290333.07    6.09153103828    16    0.0432    0.6912    6.13473103828    2.56666666667    4
222    1562290327.22    1562290333.07    5.85184192657    4    0.0834    0.3336    5.93524192657    1.5    2
223    1562290327.26    1562290334.23    6.97896099091    256    0.6811    174.3616    7.66006099091    5.01069240196    8
224    1562290327.37    1562290334.31    6.94139480591    64    0.4299    27.5136    7.37129480591    4.21825396825    6
225    1562290327.43    1562290334.31    6.88224291801    4    0.6477    2.5908    7.52994291801    1.5    2
226    1562290327.49    1562290334.31    6.82374620438    4    0.0284    0.1136    6.85214620438    1.5    2
227    1562290327.69    1562290334.31    6.62357592583    16    0.03    0.48    6.65357592583    2.68333333333    4
228    1562290328.12    1562290335.52    7.39859819412    256    0.7774    199.0144    8.17599819412    5.14307598039    8
229    1562290328.22    1562290335.52    7.29462885857    4    0.0059    0.0236    7.30052885857    1.5    2
230    1562290328.38    1562290336.65    8.26263213158    256    0.7774    199.0144    9.04003213158    5.00606617647    8
231    1562290328.8    1562290337.87    9.07824206352    256    0.0057    1.4592    9.08394206352    5.23575367647    8
232    1562290329.08    1562290337.95    8.86441898346    64    0.0131    0.8384    8.87751898346    3.98412698413    6
233    1562290329.44    1562290339.06    9.61751890182    256    0.7774    199.0144    10.3949189018    5.02227328431    7
234    1562290329.55    1562290340.26    10.7130489349    256    0.0057    1.4592    10.7187489349    5.19255514706    8
235    1562290329.64    1562290341.44    11.7959520817    256    0.6811    174.3616    12.4770520817    5.00006127451    7
236    1562290329.85    1562290341.44    11.5935389996    4    0.6477    2.5908    12.2412389996    1.5    2
237    1562290330.09    1562290341.44    11.3540980816    16    0.0296    0.4736    11.3836980816    2.475    4
238    1562290330.38    1562290342.61    12.2333819866    256    0.8087    207.0272    13.0420819866    5.23072916667    8
239    1562290330.61    1562290342.62    12.0053970814    4    0.5984    2.3936    12.6037970814    1.5    2
240    1562290330.74    1562290342.68    11.9452259541    64    0.4299    27.5136    12.3751259541    4.22321428571    6
241    1562290330.89    1562290343.84    12.9500601292    256    0.0198    5.0688    12.9698601292    5.2268995098    8
242    1562290331.02    1562290343.92    12.9061660767    64    0.1865    11.936    13.0926660767    3.90773809524    6
243    1562290331.13    1562290343.92    12.7916400433    4    0.6477    2.5908    13.4393400433    1.5    2
244    1562290331.73    1562290345.08    13.3517949581    256    0.6811    174.3616    14.0328949581    5.03553921569    8
245    1562290331.76    1562290346.28    14.5268537998    256    0.7774    199.0144    15.3042537998    5.09482230392    8
246    1562290331.81    1562290346.29    14.4730918407    4    1.1322    4.5288    15.6052918407    1.5    2
247    1562290332.01    1562290346.29    14.2799110413    4    0.5984    2.3936    14.8783110413    1.5    2
248    1562290332.07    1562290346.29    14.2264409065    16    0.0099    0.1584    14.2363409065    2.58333333333    4
249    1562290332.58    1562290346.3    13.7170438766    16    0.7709    12.3344    14.4879438766    2.65    4
250    1562290332.9    1562290346.36    13.4671518803    64    0.0056    0.3584    13.4727518803    4.39037698413    6
251    1562290332.98    1562290346.36    13.3815190792    4    0.0059    0.0236    13.3874190792    1.5    2
252    1562290333.24    1562290346.37    13.1271679401    16    0.0296    0.4736    13.1567679401    2.65    4
253    1562290333.48    1562290346.44    12.9638748169    64    0.0247    1.5808    12.9885748169    4.05109126984    6
254    1562290333.56    1562290346.44    12.8854579926    4    0.0284    0.1136    12.9138579926    1.5    2
255    1562290333.95    1562290346.45    12.4980890751    16    0.4263    6.8208    12.9243890751    2.65    4
256    1562290334.07    1562290347.73    13.6537351608    256    0.0057    1.4592    13.6594351608    5.20621936275    8
257    1562290334.74    1562290347.81    13.0626540184    64    0.4242    27.1488    13.4868540184    3.90327380952    6
258    1562290334.9    1562290347.81    12.9125139713    4    0.0059    0.0236    12.9184139713    1.5    2
259    1562290335.02    1562290347.81    12.7875039577    4    0.0284    0.1136    12.8159039577    1.5    2
260    1562290335.19    1562290347.81    12.6190881729    4    0.5984    2.3936    13.2174881729    1.5    2
261    1562290335.46    1562290348.96    13.4998240471    256    0.8087    207.0272    14.3085240471    5.06694240196    8
262    1562290336.05    1562290348.96    12.913299799    4    0.0059    0.0236    12.919199799    1.5    2
263    1562290336.37    1562290349.04    12.6771798134    64    0.4299    27.5136    13.1070798134    4.25744047619    6
264    1562290336.65    1562290349.05    12.4036569595    16    0.03    0.48    12.4336569595    2.58333333333    4
265    1562290336.98    1562290349.13    12.1554410458    64    0.9639    61.6896    13.1193410458    4.14186507937    6
266    1562290337.45    1562290349.14    11.6882171631    16    0.0099    0.1584    11.6981171631    2.58333333333    4
267    1562290337.65    1562290350.31    12.6599400043    256    0.8087    207.0272    13.4686400043    5.23474264706    8
268    1562290337.86    1562290350.31    12.4557819366    4    1.1322    4.5288    13.5879819366    1.5    2
269    1562290338.38    1562290350.38    12.0001151562    64    0.6889    44.0896    12.6890151562    3.90972222222    6
270    1562290338.56    1562290350.38    11.8205981255    16    0.0432    0.6912    11.8637981255    2.575    4
271    1562290338.82    1562290350.39    11.5651068687    16    0.0432    0.6912    11.6083068687    2.5    4
272    1562290339.2    1562290350.39    11.1972439289    16    0.0432    0.6912    11.2404439289    2.575    4
273    1562290339.59    1562290350.47    10.8840770721    64    0.0247    1.5808    10.9087770721    4.07886904762    6
274    1562290339.73    1562290350.48    10.7463259697    4    1.1322    4.5288    11.8785259697    1.5    2
275    1562290339.84    1562290350.48    10.6434340477    16    0.0296    0.4736    10.6730340477    2.5    4
276    1562290340.12    1562290350.49    10.3676259518    16    0.0099    0.1584    10.3775259518    2.575    4
277    1562290340.26    1562290351.65    11.3843679428    256    0.4594    117.6064    11.8437679428    5.44846813725    9
278    1562290340.5    1562290351.65    11.1480109692    4    1.1322    4.5288    12.2802109692    1.5    2
279    1562290340.85    1562290351.65    10.808521986    16    0.4263    6.8208    11.234821986    2.58333333333    4
280    1562290341.16    1562290351.66    10.5014050007    16    0.4263    6.8208    10.9277050007    2.575    4
281    1562290341.44    1562290351.66    10.2228288651    4    0.0834    0.3336    10.3062288651    1.5    2
282    1562290341.79    1562290352.85    11.057418108    256    0.7162    183.3472    11.773618108    5.52408088235    8
283    1562290341.88    1562290352.85    10.9678461552    16    0.03    0.48    10.9978461552    2.58333333333    4
284    1562290342.42    1562290354.0    11.576873064    256    0.6811    174.3616    12.257973064    5.1318627451    8
285    1562290342.53    1562290355.12    12.5875759125    256    0.7774    199.0144    13.3649759125    5.15655637255    8
286    1562290342.61    1562290355.12    12.5115029812    4    0.0059    0.0236    12.5174029812    1.5    2
287    1562290342.93    1562290356.19    13.2591040134    256    0.4475    114.56    13.7066040134    5.12356004902    8
288    1562290343.27    1562290356.2    12.9315171242    16    0.0099    0.1584    12.9414171242    2.58333333333    4
289    1562290343.58    1562290357.33    13.7435488701    256    0.4475    114.56    14.1910488701    5.10827205882    8
290    1562290343.84    1562290357.33    13.4932019711    16    0.7709    12.3344    14.2641019711    2.68333333333    4
291    1562290344.51    1562290357.4    12.8880548477    64    0.4299    27.5136    13.3179548477    4.10119047619    6
292    1562290344.58    1562290357.47    12.8941822052    64    0.0254    1.6256    12.9195822052    4.12797619048    6
293    1562290344.9    1562290357.57    12.6654551029    64    0.1872    11.9808    12.8526551029    4.20634920635    6
294    1562290344.94    1562290357.67    12.7249398232    64    0.0254    1.6256    12.7503398232    4.12797619048    6
295    1562290345.44    1562290357.67    12.225342989    4    0.0526    0.2104    12.277942989    1.5    2
296    1562290345.76    1562290357.75    11.9842119217    64    0.0135    0.864    11.9977119217    4.25    6
297    1562290345.87    1562290357.75    11.8777320385    4    0.0284    0.1136    11.9061320385    1.5    2
298    1562290346.09    1562290358.99    12.8966200352    256    0.789    201.984    13.6856200352    5.43875612745    9
299    1562290346.15    1562290359.0    12.8506381512    16    0.0296    0.4736    12.8802381512    2.58333333333    4
300    1562290346.3    1562290359.0    12.7033720016    16    0.4263    6.8208    13.1296720016    2.58333333333    4
301    1562290346.41    1562290359.08    12.6705899239    64    0.0056    0.3584    12.6761899239    4.02430555556    6
302    1562290346.66    1562290359.08    12.4239470959    4    0.0059    0.0236    12.4298470959    1.5    2
303    1562290346.84    1562290360.26    13.4167668819    256    0.8087    207.0272    14.2254668819    5.08079044118    8
304    1562290346.89    1562290360.26    13.3734638691    4    1.1322    4.5288    14.5056638691    1.5    2
305    1562290347.0    1562290360.33    13.3300700188    64    0.0056    0.3584    13.3356700188    4.08035714286    6
306    1562290347.14    1562290360.33    13.1826448441    4    0.0059    0.0236    13.1885448441    1.5    2
307    1562290347.41    1562290360.33    12.9149529934    4    0.5984    2.3936    13.5133529934    1.5    2
308    1562290347.73    1562290360.34    12.6099081039    16    0.7709    12.3344    13.3808081039    2.475    4
309    1562290348.1    1562290360.34    12.2376749516    4    0.0834    0.3336    12.3210749516    1.5    2
310    1562290348.85    1562290360.34    11.4888660908    4    0.6477    2.5908    12.1365660908    1.5    2
311    1562290349.04    1562290360.4    11.3604149818    64    0.0056    0.3584    11.3660149818    4.16369047619    6
312    1562290349.09    1562290360.4    11.3185460567    4    0.0284    0.1136    11.3469460567    1.5    2
313    1562290349.77    1562290361.59    11.8174118996    256    0.7774    199.0144    12.5948118996    5.3115502451    8
314    1562290350.68    1562290361.6    10.9203190804    16    0.4263    6.8208    11.3466190804    2.68333333333    4
315    1562290351.45    1562290362.75    11.302218914    256    0.0057    1.4592    11.307918914    5.22919730392    8
316    1562290351.63    1562290363.92    12.2930140495    256    0.0198    5.0688    12.3128140495    5.11868872549    8
317    1562290351.93    1562290364.0    12.0742609501    64    0.1865    11.936    12.2607609501    3.99206349206    6
318    1562290352.3    1562290364.01    11.7100150585    16    0.8867    14.1872    12.5967150585    2.58333333333    4
319    1562290352.77    1562290364.08    11.3089249134    64    0.4242    27.1488    11.7331249134    3.90376984127    6
320    1562290352.99    1562290364.08    11.093873024    4    0.5984    2.3936    11.692273024    1.5    2
321    1562290353.57    1562290365.31    11.7406260967    256    0.8087    207.0272    12.5493260967    5.16433823529    8
322    1562290353.65    1562290365.31    11.6585140228    4    0.6477    2.5908    12.3062140228    1.5    2
323    1562290353.8    1562290366.46    12.6617751122    256    0.4475    114.56    13.1092751122    5.14234068627    8
324    1562290354.11    1562290366.47    12.3609549999    16    0.03    0.48    12.3909549999    2.58333333333    4
325    1562290356.04    1562290366.47    10.4303898811    4    0.0834    0.3336    10.5137898811    1.5    2
326    1562290356.19    1562290366.47    10.2796730995    16    0.7709    12.3344    11.0505730995    2.7    4
327    1562290356.57    1562290366.47    9.90946698189    4    0.0059    0.0236    9.91536698189    1.5    2
328    1562290356.88    1562290366.48    9.60293602943    16    0.03    0.48    9.63293602943    2.5    4
329    1562290357.33    1562290367.74    10.4049830437    256    0.4475    114.56    10.8524830437    5.18587622549    8
330    1562290357.89    1562290367.74    9.8553609848    4    0.0834    0.3336    9.9387609848    1.5    2
331    1562290358.82    1562290367.8    8.98714208603    64    0.4242    27.1488    9.41134208603    3.92609126984    6
332    1562290358.99    1562290367.88    8.89008188248    64    0.1872    11.9808    9.07728188248    4.27926587302    6
333    1562290359.31    1562290367.89    8.57842493057    16    0.0432    0.6912    8.62162493057    2.63333333333    4
334    1562290359.86    1562290367.89    8.03362298012    4    0.6477    2.5908    8.68132298012    1.5    2
335    1562290359.98    1562290367.96    7.98320102692    64    0.4299    27.5136    8.41310102692    4.16369047619    6
336    1562290360.18    1562290369.15    8.97208499908    256    0.0058    1.4848    8.97788499908    5.53293504902    9
337    1562290360.33    1562290369.15    8.82574701309    4    0.0834    0.3336    8.90914701309    1.5    2
338    1562290360.89    1562290369.23    8.3376250267    64    0.0056    0.3584    8.3432250267    3.94444444444    6
339    1562290361.08    1562290370.38    9.2981338501    256    0.0057    1.4592    9.3038338501    5.05098039216    8
340    1562290361.41    1562290370.45    9.04076099396    64    0.0135    0.864    9.05426099396    4.19642857143    6
341    1562290361.71    1562290370.45    8.73896503448    4    0.0526    0.2104    8.79156503448    1.5    2
342    1562290361.83    1562290371.56    9.72759413719    256    0.4475    114.56    10.1750941372    5.02625612745    7
343    1562290361.88    1562290372.67    10.7918488979    256    0.8087    207.0272    11.6005488979    5.11767769608    8
344    1562290362.03    1562290372.75    10.713668108    64    0.1865    11.936    10.900168108    3.93005952381    6
345    1562290362.48    1562290373.82    11.3415470123    256    0.7774    199.0144    12.1189470123    5.43192401961    8
346    1562290362.75    1562290373.82    11.068529129    4    0.0284    0.1136    11.096929129    1.5    2
347    1562290363.54    1562290373.82    10.2828571796    4    0.0059    0.0236    10.2887571796    1.5    2
348    1562290363.92    1562290374.93    11.0022830963    256    0.0198    5.0688    11.0220830963    5.33290441176    8
349    1562290364.15    1562290375.01    10.8555488586    64    0.0056    0.3584    10.8611488586    4.20238095238    6
350    1562290364.51    1562290376.1    11.585572958    256    0.0057    1.4592    11.591272958    5.02950367647    7
351    1562290364.67    1562290376.1    11.4316608906    4    0.0284    0.1136    11.4600608906    1.5    2
352    1562290364.76    1562290377.3    12.5373311043    256    0.8087    207.0272    13.3460311043    5.16510416667    8
353    1562290365.3    1562290377.31    12.006510973    16    0.8867    14.1872    12.893210973    2.58333333333    4
354    1562290365.69    1562290377.31    11.6196780205    4    0.6477    2.5908    12.2673780205    1.5    2
355    1562290365.86    1562290377.31    11.4508681297    16    0.4263    6.8208    11.8771681297    2.56666666667    4
356    1562290366.46    1562290377.32    10.8569891453    16    0.7709    12.3344    11.6278891453    2.63333333333    4
357    1562290366.47    1562290377.32    10.8455228806    4    1.1322    4.5288    11.9777228806    1.5    2
358    1562290366.74    1562290377.32    10.5804109573    4    0.0526    0.2104    10.6330109573    1.5    2
359    1562290366.85    1562290377.33    10.4753489494    16    0.8867    14.1872    11.3620489494    2.68333333333    4
360    1562290367.13    1562290378.55    11.4259519577    256    0.789    201.984    12.2149519577    5.43976715686    8
361    1562290367.61    1562290378.55    10.9451141357    4    0.0059    0.0236    10.9510141357    1.5    2
362    1562290368.04    1562290379.69    11.6495161057    256    0.4475    114.56    12.0970161057    5.28327205882    8
363    1562290368.4    1562290379.69    11.2893490791    4    0.5984    2.3936    11.8877490791    1.5    2
364    1562290368.62    1562290379.69    11.0759010315    4    0.0059    0.0236    11.0818010315    1.5    2
365    1562290369.01    1562290379.7    10.6913361549    16    0.7709    12.3344    11.4622361549    2.63333333333    4
366    1562290369.61    1562290380.88    11.2710020542    256    0.8087    207.0272    12.0797020542    5.19779411765    8
367    1562290369.95    1562290380.89    10.9394030571    16    0.8867    14.1872    11.8261030571    2.65    4
368    1562290370.16    1562290380.96    10.8020441532    64    0.6889    44.0896    11.4909441532    3.96081349206    6
369    1562290370.53    1562290380.96    10.4293689728    4    0.6477    2.5908    11.0770689728    1.5    2
370    1562290370.82    1562290382.16    11.3364081383    256    0.6811    174.3616    12.0175081383    5.23952205882    8
371    1562290371.12    1562290382.17    11.042071104    16    0.0099    0.1584    11.051971104    2.58333333333    4
372    1562290371.52    1562290383.38    11.862443924    256    0.6811    174.3616    12.543543924    5.14059436275    8
373    1562290371.84    1562290383.45    11.6133189201    64    0.0131    0.8384    11.6264189201    3.95138888889    6
374    1562290373.27    1562290383.45    10.1787109375    4    0.0834    0.3336    10.2621109375    1.5    2
375    1562290373.55    1562290383.53    9.97723722458    64    0.9575    61.28    10.9347372246    4.01488095238    6
376    1562290374.0    1562290384.66    10.6643140316    256    0.6811    174.3616    11.3454140316    5.1831495098    8
377    1562290374.27    1562290384.67    10.39108181    4    0.6477    2.5908    11.03878181    1.5    2
378    1562290374.98    1562290384.67    9.68606996536    16    0.0099    0.1584    9.69596996536    2.65    4
379    1562290375.51    1562290384.67    9.15660214424    4    0.0834    0.3336    9.24000214424    1.5    2
380    1562290376.1    1562290385.87    9.76809620857    256    0.0057    1.4592    9.77379620857    5.11087622549    8
381    1562290376.25    1562290385.87    9.62442684174    16    0.7709    12.3344    10.3953268417    2.58333333333    4
382    1562290376.49    1562290385.87    9.38055109978    4    0.0834    0.3336    9.46395109978    1.5    2
383    1562290376.69    1562290385.95    9.2553961277    64    0.6889    44.0896    9.9442961277    4.0431547619    6
384    1562290376.87    1562290386.03    9.15732908249    64    0.1872    11.9808    9.34452908249    4.12251984127    6
385    1562290376.99    1562290386.04    9.04811811447    16    0.03    0.48    9.07811811447    2.58333333333    4
386    1562290377.29    1562290386.11    8.82149100304    64    0.0056    0.3584    8.82709100304    3.8878968254    6
387    1562290377.41    1562290386.11    8.7024679184    4    0.0284    0.1136    8.7308679184    1.5    2
388    1562290377.53    1562290387.3    9.77349805832    256    0.7774    199.0144    10.5508980583    5.00379901961    8
389    1562290377.74    1562290387.3    9.56644701958    4    0.5984    2.3936    10.1648470196    1.5    2
390    1562290377.86    1562290387.38    9.51893186569    64    0.0247    1.5808    9.54363186569    4.04265873016    6
391    1562290378.08    1562290388.59    10.5043811798    256    0.0057    1.4592    10.5100811798    5.15125612745    8
392    1562290378.7    1562290389.76    11.0623221397    256    0.7774    199.0144    11.8397221397    5.0518995098    8
393    1562290379.2    1562290389.76    10.5610539913    4    1.1322    4.5288    11.6932539913    1.5    2
394    1562290379.35    1562290389.76    10.41558218    4    1.1322    4.5288    11.54778218    1.5    2
395    1562290379.53    1562290389.77    10.2375321388    16    0.4263    6.8208    10.6638321388    2.46666666667    4
396    1562290379.69    1562290390.95    11.2606730461    256    0.6811    174.3616    11.9417730461    5.08664215686    8
397    1562290379.84    1562290390.96    11.116779089    16    0.4263    6.8208    11.543079089    2.58333333333    4
398    1562290380.06    1562290390.96    10.9049909115    16    0.7709    12.3344    11.6758909115    2.63333333333    4
399    1562290380.17    1562290391.03    10.8554809093    64    0.1865    11.936    11.0419809093    4.05902777778    6
400    1562290380.7    1562290391.03    10.334635973    4    1.1322    4.5288    11.466835973    1.5    2
401    1562290380.79    1562290391.04    10.2424120903    16    0.0432    0.6912    10.2856120903    2.73333333333    4
402    1562290380.96    1562290391.11    10.1515309811    64    0.1865    11.936    10.3380309811    4.0193452381    6
403    1562290381.05    1562290391.18    10.1348810196    64    0.4299    27.5136    10.5647810196    4.36160714286    6
404    1562290381.19    1562290391.19    9.99592590332    16    0.8867    14.1872    10.8826259033    2.7    4
405    1562290381.27    1562290391.19    9.92093801498    4    0.0834    0.3336    10.004338015    1.5    2
406    1562290381.35    1562290391.27    9.92251896858    64    0.0056    0.3584    9.92811896858    4.48859126984    6
407    1562290381.61    1562290391.27    9.66090297699    4    0.0284    0.1136    9.68930297699    1.5    2
408    1562290381.71    1562290391.36    9.6507370472    64    0.9639    61.6896    10.6146370472    4.33581349206    6
409    1562290381.75    1562290392.57    10.8214271069    256    0.0198    5.0688    10.8412271069    5.27944240196    9
410    1562290381.98    1562290393.64    11.6519761086    256    0.0198    5.0688    11.6717761086    5.06081495098    8
411    1562290382.16    1562290394.78    12.6256902218    256    0.6811    174.3616    13.3067902218    5.03514093137    8
412    1562290382.3    1562290394.79    12.487457037    16    0.0099    0.1584    12.497357037    2.58333333333    4
413    1562290382.71    1562290394.79    12.0848050117    4    1.1322    4.5288    13.2170050117    1.5    2
414    1562290382.86    1562290394.79    11.934636116    4    0.5984    2.3936    12.533036116    1.5    2
415    1562290383.27    1562290394.79    11.5216760635    4    0.5984    2.3936    12.1200760635    1.5    2
416    1562290383.45    1562290394.79    11.3444039822    4    0.0284    0.1136    11.3728039822    1.5    2
417    1562290383.53    1562290394.79    11.2662780285    4    0.0059    0.0236    11.2721780285    1.5    2
418    1562290383.82    1562290394.87    11.0496549606    64    0.0056    0.3584    11.0552549606    4.27430555556    6
419    1562290383.98    1562290394.87    10.8972458839    4    0.6477    2.5908    11.5449458839    1.5    2
420    1562290384.21    1562290394.95    10.7372879982    64    0.0056    0.3584    10.7428879982    4.09226190476    6
421    1562290384.39    1562290396.16    11.762567997    256    0.7774    199.0144    12.539967997    5.121875    8
422    1562290384.5    1562290396.16    11.6578769684    16    0.0432    0.6912    11.7010769684    2.58333333333    4
423    1562290384.99    1562290396.17    11.1767849922    16    0.7709    12.3344    11.9476849922    2.63333333333    4
424    1562290385.18    1562290396.25    11.0762729645    64    0.6958    44.5312    11.7720729645    4.16765873016    6
425    1562290385.77    1562290396.32    10.557653904    64    0.0056    0.3584    10.563253904    3.95138888889    6
426    1562290385.95    1562290396.33    10.3798701763    16    0.0296    0.4736    10.4094701763    2.68333333333    4
427    1562290386.22    1562290396.4    10.1810481548    64    0.0056    0.3584    10.1866481548    3.95138888889    6
428    1562290386.64    1562290397.53    10.8909418583    256    0.0198    5.0688    10.9107418583    5.17242647059    8
429    1562290386.86    1562290398.66    11.8019559383    256    0.0057    1.4592    11.8076559383    5.12490808824    8
430    1562290387.15    1562290399.89    12.7448430061    256    0.0198    5.0688    12.7646430061    5.1099877451    8
431    1562290387.4    1562290399.97    12.5658898354    64    0.1865    11.936    12.7523898354    3.90773809524    6
432    1562290387.46    1562290399.98    12.5196762085    16    0.0099    0.1584    12.5295762085    2.58333333333    4
433    1562290387.71    1562290401.06    13.3527920246    256    0.8087    207.0272    14.1614920246    5.03553921569    8
434    1562290387.92    1562290401.07    13.1517028809    16    0.0099    0.1584    13.1616028809    2.58333333333    4
435    1562290387.99    1562290401.15    13.1589670181    64    0.9575    61.28    14.1164670181    3.90773809524    6
436    1562290388.09    1562290401.15    13.0565979481    4    0.0059    0.0236    13.0624979481    1.5    2
437    1562290388.15    1562290401.15    13.0013430119    4    0.5984    2.3936    13.5997430119    1.5    2
438    1562290388.24    1562290402.33    14.0896248817    256    0.7774    199.0144    14.8670248817    5.19178921569    8
439    1562290388.59    1562290402.41    13.8230490685    64    0.0056    0.3584    13.8286490685    3.90773809524    6
440    1562290388.96    1562290402.49    13.5299019814    64    0.4242    27.1488    13.9541019814    3.90376984127    6
441    1562290389.27    1562290402.5    13.229749918    16    0.4263    6.8208    13.656049918    2.58333333333    4
442    1562290389.64    1562290402.57    12.9305109978    64    0.9639    61.6896    13.8944109978    4.14732142857    6
443    1562290389.76    1562290403.73    13.9694888592    256    0.0058    1.4848    13.9752888592    5.44083946078    9
444    1562290389.88    1562290403.74    13.8573288918    16    0.8867    14.1872    14.7440288918    2.58333333333    4
445    1562290390.05    1562290403.74    13.6839010715    4    1.1322    4.5288    14.8161010715    1.5    2
446    1562290390.73    1562290403.74    13.006636858    4    0.0834    0.3336    13.090036858    1.5    2
447    1562290391.27    1562290403.75    12.4765079021    16    0.03    0.48    12.5065079021    2.475    4
448    1562290391.39    1562290404.94    13.546954155    256    0.6811    174.3616    14.228054155    4.99923406863    7
449    1562290391.49    1562290406.14    14.6545710564    256    0.7774    199.0144    15.4319710564    5.03915441176    8
450    1562290392.08    1562290406.14    14.0639259815    4    0.0834    0.3336    14.1473259815    1.5    2
451    1562290392.18    1562290406.15    13.964455843    16    0.7709    12.3344    14.735355843    2.61666666667    4
452    1562290392.41    1562290406.22    13.8145091534    64    0.0254    1.6256    13.8399091534    4.13045634921    6
453    1562290392.88    1562290406.22    13.3410019875    4    0.6477    2.5908    13.9887019875    1.5    2
454    1562290393.07    1562290406.3    13.2277269363    64    0.6958    44.5312    13.9235269363    4.09077380952    6
455    1562290393.54    1562290407.42    13.881278038    256    0.8087    207.0272    14.689978038    5.10441176471    8
456    1562290394.51    1562290408.57    14.0548458099    256    0.0057    1.4592    14.0605458099    5.03293504902    8
457    1562290394.78    1562290408.57    13.7852869034    4    0.0834    0.3336    13.8686869034    1.5    2
458    1562290394.95    1562290408.57    13.6190710068    4    0.6477    2.5908    14.2667710068    1.5    2
459    1562290395.01    1562290409.68    14.6732029915    256    0.8087    207.0272    15.4819029915    5.17493872549    8
460    1562290395.21    1562290410.69    15.4739420414    256    0.0198    5.0688    15.4937420414    5.03780637255    8
461    1562290395.84    1562290410.77    14.9315841198    64    0.0056    0.3584    14.9371841198    3.91617063492    6
462    1562290396.15    1562290410.85    14.7031800747    64    0.4242    27.1488    15.1273800747    3.90773809524    6
463    1562290396.22    1562290410.92    14.705851078    64    0.4242    27.1488    15.130051078    3.88888888889    6
464    1562290396.33    1562290412.01    15.6843559742    256    0.8087    207.0272    16.4930559742    5.0609375    8
465    1562290396.4    1562290412.09    15.6845810413    64    0.1865    11.936    15.8710810413    3.85962301587    6
466    1562290396.94    1562290412.09    15.1505639553    16    0.0296    0.4736    15.1801639553    2.58333333333    4
467    1562290397.01    1562290413.13    16.1193871498    256    0.0198    5.0688    16.1391871498    5.20055147059    8
468    1562290397.07    1562290414.12    17.0555839539    256    0.7774    199.0144    17.8329839539    5.03851102941    8
469    1562290397.1    1562290415.14    18.0374798775    256    0.0057    1.4592    18.0431798775    5.17034313725    8
470    1562290397.62    1562290415.22    17.6040158272    64    0.4242    27.1488    18.0282158272    3.85962301587    6
471    1562290397.93    1562290415.3    17.3698508739    64    0.0131    0.8384    17.3829508739    3.92609126984    6
472    1562290398.5    1562290415.3    16.8036620617    4    0.0834    0.3336    16.8870620617    1.5    2
473    1562290398.66    1562290415.3    16.6396350861    4    0.6477    2.5908    17.2873350861    1.5    2
474    1562290399.19    1562290415.38    16.1873629093    64    0.0056    0.3584    16.1929629093    3.97073412698    6
475    1562290399.37    1562290415.38    16.0090279579    16    0.0099    0.1584    16.0189279579    2.58333333333    4
476    1562290399.63    1562290415.46    15.8302237988    64    0.0056    0.3584    15.8358237988    4.00297619048    6
477    1562290399.88    1562290416.53    16.6478631496    256    0.0057    1.4592    16.6535631496    5.05759803922    8
478    1562290400.23    1562290416.54    16.3094120026    16    0.0432    0.6912    16.3526120026    2.58333333333    4
479    1562290400.55    1562290416.61    16.0675499439    64    0.0254    1.6256    16.0929499439    4.15029761905    6
480    1562290400.91    1562290416.62    15.7033071518    4    1.1322    4.5288    16.8355071518    1.5    2
481    1562290401.01    1562290416.62    15.6063668728    4    0.0834    0.3336    15.6897668728    1.5    2
482    1562290401.43    1562290417.72    16.293145895    256    0.8087    207.0272    17.101845895    5.01534926471    8
483    1562290401.76    1562290418.83    17.0668618679    256    0.4475    114.56    17.5143618679    5.14022671569    8
484    1562290402.33    1562290418.83    16.4966111183    4    0.0284    0.1136    16.5250111183    1.5    2
485    1562290402.95    1562290418.84    15.8829331398    16    0.0296    0.4736    15.9125331398    2.575    4
486    1562290403.11    1562290418.84    15.734333992    16    0.0296    0.4736    15.763933992    2.65    4
487    1562290403.19    1562290418.91    15.7199800014    64    0.1872    11.9808    15.9071800014    4.2371031746    6
488    1562290403.87    1562290418.92    15.0428259373    16    0.0432    0.6912    15.0860259373    2.58333333333    4
489    1562290404.06    1562290418.92    14.8664040565    16    0.7709    12.3344    15.6373040565    2.575    4
490    1562290404.26    1562290420.08    15.8143591881    256    0.8087    207.0272    16.6230591881    5.23504901961    8
491    1562290404.53    1562290421.11    16.5822820663    256    0.0198    5.0688    16.6020820663    5.02349877451    8
492    1562290404.63    1562290421.18    16.5488460064    64    0.6889    44.0896    17.2377460064    3.99702380952    6
493    1562290404.94    1562290421.18    16.2473900318    4    0.0284    0.1136    16.2757900318    1.5    2
494    1562290405.06    1562290421.25    16.1916689873    64    0.0056    0.3584    16.1972689873    3.94246031746    6
495    1562290405.56    1562290421.33    15.7711639404    64    0.9575    61.28    16.7286639404    3.93005952381    6
496    1562290405.63    1562290422.46    16.8358631134    256    0.0057    1.4592    16.8415631134    5.02408088235    8
497    1562290405.9    1562290422.46    16.5623340607    4    0.0284    0.1136    16.5907340607    1.5    2
498    1562290406.01    1562290422.55    16.5427350998    64    0.9575    61.28    17.5002350998    3.93005952381    6
499    1562290406.22    1562290422.55    16.328715086    4    0.0284    0.1136    16.357115086    1.5    2

dispatched jobs are: 500 out of 500
average queue time is: 7.55621504593
fso links are used for 0 times
overall utilization is 0.10175870268642088
average response time is 7.92815644593
average weighted response time is 9.569285408593995
average slowdown is 13.51015874063122
cpu_request: 39824, cpu_run: 39824
ssd_request: 19339, ssd_run: 0
gpu_request: 18326, gpu_run: 0
cpu aspl: 3.23484156162
cpu diameter: 4.836
job x: 0.0
job y: 0.0
job z: 0.0
