#timestep  occupied-CPU  total-CPU  utilization  queuingjobs
1    4    1024    0.00390625    0
2    0    1024    0.0    3
3    280    1024    0.2734375    4
4    0    1024    0.0    7
5    256    1024    0.25    12
6    0    1024    0.0    15
7    15    1024    0.0146484375    19
8    0    1024    0.0    25
9    16    1024    0.015625    29
10    264    1024    0.2578125    33
11    0    1024    0.0    39
12    0    1024    0.0    43
13    287    1024    0.2802734375    39
14    0    1024    0.0    43
15    0    1024    0.0    44
16    356    1024    0.34765625    43
17    0    1024    0.0    47
18    16    1024    0.015625    39
19    0    1024    0.0    42
20    96    1024    0.09375    37
21    0    1024    0.0    41
22    0    1024    0.0    43
23    0    1024    0.0    46
24    0    1024    0.0    48
25    68    1024    0.06640625    33
26    0    1024    0.0    39
27    320    1024    0.3125    38
28    0    1024    0.0    43
29    4    1024    0.00390625    45
30    320    1024    0.3125    50
31    0    1024    0.0    53
32    4    1024    0.00390625    53
33    0    1024    0.0    61
34    256    1024    0.25    63
35    24    1024    0.0234375    62
36    0    1024    0.0    67
37    408    1024    0.3984375    59
38    0    1024    0.0    65
39    0    1024    0.0    70
40    16    1024    0.015625    71
41    0    1024    0.0    77
42    395    1024    0.3857421875    71
43    0    1024    0.0    78
44    340    1024    0.33203125    78
45    128    1024    0.125    82
46    259    1024    0.2529296875    85
47    0    1024    0.0    90
48    0    1024    0.0    97
49    0    1024    0.0    103
50    272    1024    0.265625    103
51    0    1024    0.0    107
52    80    1024    0.078125    99
53    0    1024    0.0    103
54    0    1024    0.0    110
55    272    1024    0.265625    110
56    0    1024    0.0    114
57    0    1024    0.0    118
58    12    1024    0.01171875    118
59    0    1024    0.0    125
60    256    1024    0.25    127
61    0    1024    0.0    128
62    64    1024    0.0625    128
63    0    1024    0.0    132
64    0    1024    0.0    135
65    0    1024    0.0    134
66    1    1024    0.0009765625    137
67    0    1024    0.0    139
68    320    1024    0.3125    138
69    0    1024    0.0    143
70    384    1024    0.375    145
71    0    1024    0.0    148
72    0    1024    0.0    154
73    64    1024    0.0625    153
74    0    1024    0.0    159
75    484    1024    0.47265625    152
76    0    1024    0.0    157
77    0    1024    0.0    160
78    0    1024    0.0    162
79    0    1024    0.0    163
80    64    1024    0.0625    164
81    0    1024    0.0    175
82    4    1024    0.00390625    171
83    0    1024    0.0    177
84    0    1024    0.0    184
85    256    1024    0.25    190
86    0    1024    0.0    195
87    256    1024    0.25    198
88    0    1024    0.0    208
89    0    1024    0.0    213
90    256    1024    0.25    214
91    0    1024    0.0    219
92    0    1024    0.0    221
93    260    1024    0.25390625    222
94    0    1024    0.0    228
95    324    1024    0.31640625    231
96    0    1024    0.0    237
97    0    1024    0.0    241
98    0    1024    0.0    243
99    0    1024    0.0    244
100    256    1024    0.25    250
101    0    1024    0.0    255
102    4    1024    0.00390625    244
103    68    1024    0.06640625    239
104    0    1024    0.0    239
105    320    1024    0.3125    233
106    0    1024    0.0    233
107    8    1024    0.0078125    223
108    292    1024    0.28515625    218
109    0    1024    0.0    218
110    0    1024    0.0    218
111    256    1024    0.25    216
112    0    1024    0.0    216
113    184    1024    0.1796875    215
114    256    1024    0.25    213
115    0    1024    0.0    213
116    0    1024    0.0    211
117    400    1024    0.390625    206
118    0    1024    0.0    202
119    272    1024    0.265625    197
120    0    1024    0.0    197
121    20    1024    0.01953125    187
122    272    1024    0.265625    185
123    0    1024    0.0    185
124    0    1024    0.0    184
125    0    1024    0.0    184
126    20    1024    0.01953125    179
127    0    1024    0.0    179
128    0    1024    0.0    177
129    272    1024    0.265625    171
130    0    1024    0.0    171
131    4    1024    0.00390625    164
132    0    1024    0.0    164
133    0    1024    0.0    164
134    0    1024    0.0    161
135    0    1024    0.0    161
136    0    1024    0.0    158
137    0    1024    0.0    158
138    0    1024    0.0    157
139    256    1024    0.25    155
140    0    1024    0.0    155
141    256    1024    0.25    152
142    0    1024    0.0    152
143    0    1024    0.0    150
144    0    1024    0.0    148
145    0    1024    0.0    148
146    25    1024    0.0244140625    140
147    256    1024    0.25    138
148    0    1024    0.0    138
149    16    1024    0.015625    134
150    340    1024    0.33203125    130
151    0    1024    0.0    130
152    0    1024    0.0    130
153    0    1024    0.0    130
154    0    1024    0.0    128
155    320    1024    0.3125    124
156    0    1024    0.0    124
157    260    1024    0.25390625    120
158    0    1024    0.0    120
159    0    1024    0.0    112
160    260    1024    0.25390625    110
161    0    1024    0.0    109
162    0    1024    0.0    108
163    0    1024    0.0    108
164    264    1024    0.2578125    104
165    0    1024    0.0    104
166    0    1024    0.0    104
167    420    1024    0.41015625    91
168    0    1024    0.0    91
169    0    1024    0.0    91
170    0    1024    0.0    91
171    0    1024    0.0    90
172    0    1024    0.0    89
173    0    1024    0.0    89
174    4    1024    0.00390625    79
175    0    1024    0.0    79
176    0    1024    0.0    79
177    336    1024    0.328125    72
178    0    1024    0.0    72
179    0    1024    0.0    71
180    0    1024    0.0    70
181    0    1024    0.0    70
182    0    1024    0.0    67
183    0    1024    0.0    67
184    64    1024    0.0625    62
185    336    1024    0.328125    58
186    29    1024    0.0283203125    57
187    20    1024    0.01953125    52
188    0    1024    0.0    52
189    0    1024    0.0    51
190    340    1024    0.33203125    45
191    0    1024    0.0    45
192    256    1024    0.25    44
193    0    1024    0.0    44
194    0    1024    0.0    41
195    256    1024    0.25    40
196    0    1024    0.0    40
197    0    1024    0.0    36
198    256    1024    0.25    35
199    0    1024    0.0    33
200    0    1024    0.0    32
201    0    1024    0.0    32
202    0    1024    0.0    32
203    256    1024    0.25    31
204    0    1024    0.0    31
205    4    1024    0.00390625    23
206    0    1024    0.0    23
207    4    1024    0.00390625    18
208    0    1024    0.0    18
209    0    1024    0.0    17
210    336    1024    0.328125    10
211    0    1024    0.0    10
212    256    1024    0.25    9
213    0    1024    0.0    9
214    128    1024    0.125    4
215    0    1024    0.0    4

average cpu utilization is: 0.0736691497093
average ssd utilization is: 0.0365643168605
average gpu utilization is: 0.0326944040698
average utilization is: 0.0476426235465
average queuing jobs are: 113.004651163
maximum queuing jobs are: 255


#job_number  submit  dispatch  queue  cpu#  runtime  weight  response(turnaround)  cpu_aspl  cpu_diameter
0    1563430794.35    1563430798.66    4.30999994278    4    0.0526    0.2104    4.36259994278    1.5    2
1    1563430798.86    1563430798.93    0.0709998607635    64    0.0131    0.8384    0.0840998607635    3.83035714286    7
2    1563430799.02    1563430799.1    0.0809998512268    64    0.1865    11.936    0.267499851227    3.83035714286    7
3    1563430799.19    1563430799.2    0.00399994850159    16    0.0099    0.1584    0.0138999485016    2.36666666667    4
4    1563430799.27    1563430800.6    1.32800006866    256    0.4594    117.6064    1.78740006866    5.86455269608    12
5    1563430799.39    1563430800.61    1.21899986267    16    0.7662    12.2592    1.98519986267    2.36666666667    4
6    1563430799.56    1563430800.61    1.04799985886    4    0.6477    2.5908    1.69569985886    1.5    2
7    1563430799.73    1563430800.69    0.955999851227    64    0.0056    0.3584    0.961599851227    3.83035714286    7
8    1563430799.97    1563430800.69    0.717000007629    4    0.6477    2.5908    1.36470000763    1.5    2
9    1563430800.02    1563430802.02    2.00699996948    256    0.8114    207.7184    2.81839996948    5.97555147059    13
10    1563430800.46    1563430802.1    1.63400006294    64    0.4299    27.5136    2.06390006294    4.16964285714    8
11    1563430800.64    1563430803.43    2.79299998283    256    0.0209    5.3504    2.81389998283    5.85643382353    12
12    1563430800.74    1563430803.52    2.77100014687    64    0.1865    11.936    2.95750014687    3.83035714286    7
13    1563430801.0    1563430804.84    3.83500003815    256    0.0058    1.4848    3.84080003815    5.86455269608    12
14    1563430801.26    1563430806.16    4.90899991989    256    0.4594    117.6064    5.36839991989    5.85704656863    13
15    1563430801.72    1563430806.17    4.45399999619    16    0.029    0.464    4.48299999619    2.36666666667    4
16    1563430801.83    1563430806.18    4.35299992561    16    0.0099    0.1584    4.36289992561    2.36666666667    4
17    1563430802.18    1563430806.19    4.00300002098    16    0.7662    12.2592    4.76920002098    2.36666666667    4
18    1563430802.23    1563430806.19    3.95900011063    16    0.029    0.464    3.98800011063    2.36666666667    4
19    1563430802.47    1563430807.51    5.04600000381    256    0.4594    117.6064    5.50540000381    5.82794117647    12
20    1563430802.71    1563430807.52    4.80400013924    4    0.5984    2.3936    5.40240013924    1.5    2
21    1563430802.72    1563430807.52    4.79999995232    4    1.1322    4.5288    5.93219995232    1.5    2
22    1563430802.75    1563430810.27    7.51999998093    256    0.7162    183.3472    8.23619998093    5.72763480392    11
23    1563430803.16    1563430810.27    7.10800004005    4    1.1322    4.5288    8.24020004005    1.5    2
24    1563430803.46    1563430810.27    6.81299996376    4    1.1322    4.5288    7.94519996376    1.5    2
25    1563430803.51    1563430810.36    6.85699987411    64    0.9575    61.28    7.81449987411    3.83035714286    7
26    1563430803.57    1563430810.36    6.79800009727    4    0.6477    2.5908    7.44570009727    1.5    2
27    1563430803.64    1563430810.37    6.72099995613    4    0.0834    0.3336    6.80439995613    1.5    2
28    1563430803.89    1563430810.37    6.47600007057    4    0.0526    0.2104    6.52860007057    1.5    2
29    1563430804.2    1563430810.46    6.26799988747    64    0.1865    11.936    6.45449988747    3.83035714286    7
30    1563430804.29    1563430810.56    6.26699995995    64    0.4242    27.1488    6.69119995995    3.9623015873    7
31    1563430804.31    1563430813.64    9.33599996567    256    0.8114    207.7184    10.1473999657    5.72763480392    11
32    1563430805.13    1563430813.74    8.6099998951    64    0.4242    27.1488    9.0341998951    3.92509920635    8
33    1563430805.18    1563430813.74    8.56699991226    16    0.7662    12.2592    9.33319991226    2.36666666667    4
34    1563430805.53    1563430813.75    8.22099995613    16    0.7662    12.2592    8.98719995613    2.36666666667    4
35    1563430805.59    1563430813.85    8.25999999046    64    0.0247    1.5808    8.28469999046    3.88244047619    7
36    1563430805.6    1563430813.86    8.25499987602    16    0.0296    0.4736    8.28459987602    2.41666666667    4
37    1563430805.72    1563430813.86    8.14300012589    4    1.1322    4.5288    9.27520012589    1.5    2
38    1563430805.87    1563430815.46    9.59200000763    256    0.0209    5.3504    9.61290000763    5.98275122549    12
39    1563430806.01    1563430815.46    9.45000004768    4    0.5984    2.3936    10.0484000477    1.5    2
40    1563430806.1    1563430815.56    9.46399998665    64    0.0131    0.8384    9.47709998665    3.84821428571    7
41    1563430806.11    1563430815.65    9.54799985886    64    0.0131    0.8384    9.56109985886    3.84821428571    7
42    1563430806.18    1563430815.66    9.47999978065    4    0.0284    0.1136    9.50839978065    1.5    2
43    1563430806.34    1563430815.66    9.32100009918    4    0.0834    0.3336    9.40440009918    1.5    2
44    1563430806.34    1563430815.66    9.3149998188    4    0.0284    0.1136    9.3433998188    1.5    2
45    1563430806.73    1563430815.67    8.93499994278    16    0.8836    14.1376    9.81859994278    2.36666666667    4
46    1563430806.86    1563430815.68    8.8220000267    16    0.0099    0.1584    8.8319000267    2.41666666667    4
47    1563430806.89    1563430815.77    8.88399982452    64    0.0131    0.8384    8.89709982452    3.84821428571    7
48    1563430806.9    1563430815.78    8.87400007248    16    0.0431    0.6896    8.91710007248    2.36666666667    4
49    1563430807.35    1563430815.78    8.42600011826    4    0.0284    0.1136    8.45440011826    1.5    2
50    1563430807.72    1563430815.78    8.05800008774    4    0.0834    0.3336    8.14140008774    1.5    2
51    1563430807.73    1563430815.79    8.0649998188    16    0.03    0.48    8.0949998188    2.41666666667    4
52    1563430807.74    1563430817.37    9.63000011444    256    0.7162    183.3472    10.3462001144    5.74371936275    11
53    1563430807.75    1563430817.37    9.61800003052    4    0.5984    2.3936    10.2164000305    1.5    2
54    1563430807.78    1563430817.46    9.68799996376    64    0.0056    0.3584    9.69359996376    3.84821428571    7
55    1563430808.03    1563430817.57    9.54299998283    64    0.1865    11.936    9.72949998283    3.83432539683    7
56    1563430808.11    1563430817.67    9.55499982834    64    0.0247    1.5808    9.57969982834    3.84821428571    7
57    1563430808.28    1563430817.67    9.39200019836    16    0.8836    14.1376    10.2756001984    2.36666666667    4
58    1563430808.36    1563430817.68    9.3220000267    16    0.0432    0.6912    9.3652000267    2.41666666667    4
59    1563430808.75    1563430817.79    9.03600001335    64    0.4242    27.1488    9.46020001335    4.04563492063    7
60    1563430808.86    1563430817.79    8.92899990082    16    0.8836    14.1376    9.81259990082    2.36666666667    4
61    1563430809.16    1563430817.8    8.63400006294    4    0.0526    0.2104    8.68660006294    1.5    2
62    1563430809.36    1563430819.42    10.0659999847    256    0.7162    183.3472    10.7821999847    5.97754289216    13
63    1563430809.43    1563430819.43    9.99699997902    4    0.0284    0.1136    10.025399979    1.5    2
64    1563430809.47    1563430819.43    9.95499992371    4    0.5984    2.3936    10.5533999237    1.5    2
65    1563430809.97    1563430819.44    9.46100020409    16    0.0431    0.6896    9.50410020409    2.36666666667    4
66    1563430810.1    1563430819.44    9.33299994469    4    0.0284    0.1136    9.36139994469    1.5    2
67    1563430810.37    1563430821.02    10.6559998989    256    0.0058    1.4848    10.6617998989    5.75713848039    12
68    1563430810.45    1563430821.12    10.6670000553    64    0.0247    1.5808    10.6917000553    3.84821428571    7
69    1563430810.68    1563430821.12    10.4460000992    16    0.0431    0.6896    10.4891000992    2.36666666667    4
70    1563430811.25    1563430822.7    11.4509999752    256    0.0209    5.3504    11.4718999752    5.7834252451    11
71    1563430811.52    1563430822.71    11.1900000572    16    0.0099    0.1584    11.1999000572    2.36666666667    4
72    1563430811.62    1563430822.71    11.0929999352    4    1.1322    4.5288    12.2251999352    1.5    2
73    1563430811.99    1563430822.71    10.7250001431    4    0.0526    0.2104    10.7776001431    1.5    2
74    1563430812.97    1563430822.82    9.84400010109    64    0.0247    1.5808    9.86870010109    3.84920634921    7
75    1563430813.39    1563430822.82    9.4350001812    4    1.1322    4.5288    10.5672001812    1.5    2
76    1563430813.42    1563430822.82    9.40400004387    4    1.1322    4.5288    10.5362000439    1.5    2
77    1563430813.63    1563430822.91    9.28699994087    64    0.0247    1.5808    9.31169994087    3.83035714286    7
78    1563430813.63    1563430822.92    9.28299999237    4    0.0834    0.3336    9.36639999237    1.5    2
79    1563430813.88    1563430822.92    9.03600001335    4    0.5984    2.3936    9.63440001335    1.5    2
80    1563430813.98    1563430822.92    8.94000005722    16    0.0099    0.1584    8.94990005722    2.41666666667    4
81    1563430814.23    1563430823.02    8.78999996185    64    0.1865    11.936    8.97649996185    3.84325396825    7
82    1563430814.33    1563430823.02    8.69899988174    4    0.6477    2.5908    9.34669988174    1.5    2
83    1563430814.62    1563430823.03    8.40799999237    4    0.6477    2.5908    9.05569999237    1.5    2
84    1563430814.93    1563430823.03    8.09800004959    16    0.8867    14.1872    8.98470004959    2.41666666667    4
85    1563430815.21    1563430823.03    7.81999993324    4    0.5984    2.3936    8.41839993324    1.5    2
86    1563430815.3    1563430823.04    7.73999977112    16    0.8836    14.1376    8.62359977112    2.36666666667    4
87    1563430815.33    1563430823.05    7.72399997711    16    0.0299    0.4784    7.75389997711    2.36666666667    4
88    1563430815.61    1563430823.05    7.44400000572    4    0.5984    2.3936    8.04240000572    1.5    2
89    1563430815.75    1563430823.14    7.39499998093    64    0.0247    1.5808    7.41969998093    3.93601190476    7
90    1563430815.83    1563430823.14    7.31700015068    4    0.6477    2.5908    7.96470015068    1.5    2
91    1563430816.17    1563430824.77    8.60299992561    256    0.8114    207.7184    9.41439992561    5.85974264706    12
92    1563430816.44    1563430824.87    8.42999982834    64    0.0056    0.3584    8.43559982834    3.83035714286    7
93    1563430816.46    1563430824.88    8.41700005531    16    0.029    0.464    8.44600005531    2.36666666667    4
94    1563430817.3    1563430824.97    7.6740000248    64    0.4242    27.1488    8.0982000248    3.83035714286    7
95    1563430817.3    1563430826.58    9.27999997139    256    0.0058    1.4848    9.28579997139    5.77362132353    11
96    1563430817.64    1563430826.58    8.9359998703    4    0.0834    0.3336    9.0193998703    1.5    2
97    1563430817.88    1563430826.58    8.7009999752    4    0.6477    2.5908    9.3486999752    1.5    2
98    1563430818.1    1563430826.68    8.58099985123    64    0.0247    1.5808    8.60569985123    3.90476190476    7
99    1563430818.23    1563430826.68    8.45300006866    4    1.1322    4.5288    9.58520006866    1.5    2
100    1563430818.32    1563430828.28    9.96399998665    256    0.789    201.984    10.7529999866    6.13462009804    12
101    1563430818.83    1563430828.39    9.55900001526    64    0.9575    61.28    10.5165000153    3.83035714286    7
102    1563430819.16    1563430830.05    10.8849999905    256    0.0209    5.3504    10.9058999905    5.8597120098    12
103    1563430819.69    1563430830.15    10.4600000381    64    0.0131    0.8384    10.4731000381    3.83035714286    7
104    1563430819.71    1563430830.15    10.4390001297    4    0.0284    0.1136    10.4674001297    1.5    2
105    1563430819.8    1563430830.15    10.356000185    4    0.6477    2.5908    11.003700185    1.5    2
106    1563430819.89    1563430830.16    10.2660000324    16    0.0299    0.4784    10.2959000324    2.36666666667    4
107    1563430819.98    1563430830.26    10.2779998779    64    0.0056    0.3584    10.2835998779    3.83035714286    7
108    1563430820.06    1563430831.84    11.7829999924    256    0.789    201.984    12.5719999924    5.75413602941    11
109    1563430820.08    1563430833.36    13.2829999924    256    0.0058    1.4848    13.2887999924    5.98474264706    14
110    1563430820.23    1563430833.37    13.135999918    4    0.0059    0.0236    13.141899918    1.5    2
111    1563430820.56    1563430833.37    12.8050000668    4    0.6477    2.5908    13.4527000668    1.5    2
112    1563430820.56    1563430833.37    12.8050000668    4    1.1322    4.5288    13.9372000668    1.5    2
113    1563430820.69    1563430833.38    12.6949999332    16    0.0432    0.6912    12.7381999332    2.43333333333    4
114    1563430820.81    1563430833.39    12.5830001831    16    0.4253    6.8048    13.0083001831    2.36666666667    4
115    1563430821.23    1563430835.0    13.7699999809    256    0.8114    207.7184    14.5813999809    5.7834252451    11
116    1563430821.5    1563430835.01    13.5160000324    16    0.4253    6.8048    13.9413000324    2.36666666667    4
117    1563430821.86    1563430835.01    13.1500000954    4    1.1322    4.5288    14.2822000954    1.5    2
118    1563430822.28    1563430835.1    12.8250000477    64    0.6889    44.0896    13.5139000477    3.83035714286    7
119    1563430822.49    1563430835.2    12.7149999142    64    0.6889    44.0896    13.4038999142    3.84920634921    7
120    1563430822.55    1563430835.3    12.742000103    64    0.0247    1.5808    12.766700103    4.03819444444    8
121    1563430822.73    1563430835.3    12.5649998188    4    1.1322    4.5288    13.6971998188    1.5    2
122    1563430822.74    1563430835.4    12.6560001373    64    0.0056    0.3584    12.6616001373    3.92609126984    8
123    1563430822.94    1563430835.41    12.4690001011    16    0.7662    12.2592    13.2352001011    2.36666666667    4
124    1563430823.51    1563430835.41    11.896999836    4    0.0834    0.3336    11.980399836    1.5    2
125    1563430823.53    1563430838.59    15.0659999847    256    0.0058    1.4848    15.0717999847    5.72763480392    11
126    1563430823.53    1563430838.61    15.0730001926    16    0.7709    12.3344    15.8439001926    2.43333333333    4
127    1563430823.86    1563430838.71    14.8489999771    64    0.4242    27.1488    15.2731999771    3.83035714286    7
128    1563430824.03    1563430838.72    14.6929998398    16    0.8836    14.1376    15.5765998398    2.36666666667    4
129    1563430824.14    1563430840.34    16.1949999332    256    0.7162    183.3472    16.9111999332    5.84518995098    11
130    1563430824.54    1563430840.43    15.8959999084    64    0.4242    27.1488    16.3201999084    3.83035714286    7
131    1563430824.91    1563430840.44    15.5360000134    16    0.4253    6.8048    15.9613000134    2.36666666667    4
132    1563430825.12    1563430840.53    15.4149999619    64    0.1872    11.9808    15.6021999619    4.42658730159    9
133    1563430825.89    1563430840.54    14.6419999599    4    0.0059    0.0236    14.6478999599    1.5    2
134    1563430826.07    1563430840.63    14.5640001297    64    0.0056    0.3584    14.5696001297    3.8621031746    7
135    1563430826.22    1563430840.64    14.4140000343    4    0.0526    0.2104    14.4666000343    1.5    2
136    1563430826.24    1563430840.65    14.4049999714    16    0.0299    0.4784    14.4348999714    2.38333333333    4
137    1563430826.3    1563430840.78    14.4730000496    64    0.6889    44.0896    15.1619000496    3.8621031746    7
138    1563430826.47    1563430840.79    14.3199999332    16    0.8836    14.1376    15.2035999332    2.36666666667    4
139    1563430826.55    1563430840.79    14.2419998646    16    0.7662    12.2592    15.0081998646    2.4    4
140    1563430826.82    1563430842.53    15.7109999657    256    0.4594    117.6064    16.1703999657    5.91632965686    13
141    1563430827.11    1563430842.62    15.5120000839    64    0.0247    1.5808    15.5367000839    3.83035714286    7
142    1563430827.36    1563430842.63    15.2730000019    16    0.0299    0.4784    15.3029000019    2.36666666667    4
143    1563430827.37    1563430842.73    15.3679997921    64    0.4242    27.1488    15.7921997921    3.90823412698    7
144    1563430827.37    1563430842.74    15.3680000305    4    0.5984    2.3936    15.9664000305    1.5    2
145    1563430827.66    1563430842.75    15.0899999142    16    0.8836    14.1376    15.9735999142    2.36666666667    4
146    1563430827.84    1563430842.88    15.0449998379    64    0.9575    61.28    16.0024998379    3.96825396825    7
147    1563430827.93    1563430842.88    14.9579999447    4    0.0284    0.1136    14.9863999447    1.5    2
148    1563430827.97    1563430843.0    15.0339999199    64    0.9575    61.28    15.9914999199    3.92410714286    7
149    1563430828.24    1563430844.64    16.4060001373    256    0.4594    117.6064    16.8654001373    5.95358455882    12
150    1563430828.25    1563430844.73    16.4849998951    64    0.0247    1.5808    16.5096998951    3.87003968254    7
151    1563430828.37    1563430844.74    16.3770000935    16    0.0431    0.6896    16.4201000935    2.36666666667    4
152    1563430828.44    1563430844.74    16.2990000248    4    0.0834    0.3336    16.3824000248    1.5    2
153    1563430828.59    1563430844.87    16.2770001888    64    0.6889    44.0896    16.9659001888    3.83035714286    7
154    1563430829.25    1563430848.3    19.0469999313    256    0.7162    183.3472    19.7631999313    5.72763480392    11
155    1563430829.51    1563430848.31    18.7980000973    16    0.03    0.48    18.8280000973    2.43333333333    4
156    1563430829.69    1563430848.32    18.6240000725    16    0.8836    14.1376    19.5076000725    2.36666666667    4
157    1563430830.02    1563430848.32    18.2920000553    4    0.5984    2.3936    18.8904000553    1.5    2
158    1563430830.13    1563430848.41    18.2860000134    64    0.0247    1.5808    18.3107000134    3.88244047619    7
159    1563430830.31    1563430850.04    19.7239999771    256    0.8114    207.7184    20.5353999771    5.8315870098    14
160    1563430830.34    1563430850.05    19.7079999447    16    0.0299    0.4784    19.7378999447    2.36666666667    4
161    1563430830.49    1563430850.05    19.5599999428    4    0.0834    0.3336    19.6433999428    1.5    2
162    1563430830.73    1563430850.15    19.4259998798    64    0.4242    27.1488    19.8501998798    3.83035714286    7
163    1563430830.76    1563430850.16    19.4010000229    16    0.029    0.464    19.4300000229    2.36666666667    4
164    1563430830.98    1563430850.17    19.1900000572    16    0.0099    0.1584    19.1999000572    2.43333333333    4
165    1563430830.98    1563430850.17    19.1889998913    4    0.6477    2.5908    19.8366998913    1.5    2
166    1563430831.04    1563430850.27    19.228000164    64    0.9575    61.28    20.185500164    3.84325396825    7
167    1563430831.34    1563430850.27    18.9340000153    4    0.0059    0.0236    18.9399000153    1.5    2
168    1563430831.39    1563430850.28    18.8860001564    4    0.0059    0.0236    18.8919001564    1.5    2
169    1563430832.01    1563430850.29    18.2769999504    16    0.7662    12.2592    19.0431999504    2.36666666667    4
170    1563430832.14    1563430850.38    18.239000082    64    0.1865    11.936    18.425500082    4.00892857143    7
171    1563430832.18    1563430853.51    21.3289999962    256    0.789    201.984    22.1179999962    5.72763480392    11
172    1563430832.67    1563430853.52    20.8440001011    16    0.03    0.48    20.8740001011    2.43333333333    4
173    1563430832.76    1563430853.52    20.7569999695    4    0.0059    0.0236    20.7628999695    1.5    2
174    1563430832.9    1563430853.53    20.621999979    16    0.7662    12.2592    21.388199979    2.36666666667    4
175    1563430833.35    1563430853.53    20.1840000153    16    0.4253    6.8048    20.6093000153    2.36666666667    4
176    1563430833.49    1563430853.53    20.0479998589    4    0.0834    0.3336    20.1313998589    1.5    2
177    1563430833.69    1563430855.19    21.493999958    256    0.0209    5.3504    21.514899958    5.79451593137    12
178    1563430833.72    1563430856.86    23.1470000744    256    0.0058    1.4848    23.1528000744    5.72763480392    11
179    1563430833.75    1563430856.88    23.1319999695    16    0.0099    0.1584    23.1418999695    2.43333333333    4
180    1563430833.89    1563430856.88    22.9949998856    4    0.0526    0.2104    23.0475998856    1.5    2
181    1563430834.42    1563430856.89    22.4659998417    4    1.1322    4.5288    23.5981998417    1.5    2
182    1563430834.71    1563430856.89    22.1730000973    4    0.6477    2.5908    22.8207000973    1.5    2
183    1563430835.15    1563430856.89    21.7349998951    4    0.6477    2.5908    22.3826998951    1.5    2
184    1563430835.94    1563430857.0    21.0610001087    64    0.0131    0.8384    21.0741001087    3.94593253968    7
185    1563430836.13    1563430859.1    22.9750001431    256    0.789    201.984    23.7640001431    5.75428921569    12
186    1563430836.37    1563430860.69    24.3279998302    256    0.0058    1.4848    24.3337998302    5.71844362745    11
187    1563430836.54    1563430860.79    24.2490000725    64    0.6889    44.0896    24.9379000725    3.83035714286    7
188    1563430836.57    1563430862.24    25.6700000763    256    0.0058    1.4848    25.6758000763    5.86455269608    12
189    1563430836.58    1563430862.36    25.7829999924    64    0.4242    27.1488    26.2071999924    3.83035714286    7
190    1563430836.86    1563430863.87    27.0040001869    256    0.0058    1.4848    27.0098001869    5.86455269608    12
191    1563430837.3    1563430865.33    28.0349998474    256    0.0209    5.3504    28.0558998474    5.8256127451    13
192    1563430837.3    1563430866.95    29.6570000648    256    0.789    201.984    30.4460000648    5.85793504902    12
193    1563430837.31    1563430867.06    29.743999958    64    0.0056    0.3584    29.749599958    3.83035714286    7
194    1563430837.46    1563430867.16    29.6970000267    64    0.9575    61.28    30.6545000267    3.84821428571    7
195    1563430837.76    1563430868.79    31.0279998779    256    0.7162    183.3472    31.7441998779    5.8256127451    13
196    1563430837.92    1563430868.88    30.9590001106    64    0.6889    44.0896    31.6479001106    3.84325396825    7
197    1563430837.99    1563430868.96    30.9709999561    64    0.4242    27.1488    31.3951999561    3.84821428571    7
198    1563430838.73    1563430869.05    30.3190000057    64    0.6889    44.0896    31.0079000057    3.96825396825    7
199    1563430838.87    1563430872.18    33.3080000877    256    0.0209    5.3504    33.3289000877    5.72763480392    11
200    1563430839.07    1563430872.29    33.2170000076    64    0.0247    1.5808    33.2417000076    3.92509920635    8
201    1563430839.22    1563430872.39    33.1689999104    64    0.0131    0.8384    33.1820999104    3.83035714286    7
202    1563430839.24    1563430872.48    33.2409999371    64    0.6889    44.0896    33.9298999371    3.84325396825    7
203    1563430839.25    1563430874.25    35.001999855    256    0.7162    183.3472    35.718199855    5.80147058824    12
204    1563430839.37    1563430874.34    34.9660000801    64    0.6889    44.0896    35.6549000801    3.84325396825    7
205    1563430839.44    1563430874.34    34.9059998989    16    0.0431    0.6896    34.9490998989    2.36666666667    4
206    1563430839.75    1563430874.35    34.5980000496    16    0.8836    14.1376    35.4816000496    2.36666666667    4
207    1563430840.17    1563430874.44    34.2640001774    64    0.6889    44.0896    34.9529001774    3.88244047619    7
208    1563430840.85    1563430874.44    33.5910000801    4    0.0059    0.0236    33.5969000801    1.5    2
209    1563430840.87    1563430874.45    33.5740001202    16    0.0099    0.1584    33.5839001202    2.41666666667    4
210    1563430840.91    1563430874.54    33.623000145    64    0.4242    27.1488    34.047200145    3.8253968254    7
211    1563430840.92    1563430874.54    33.626999855    16    0.7709    12.3344    34.397899855    2.41666666667    4
212    1563430840.97    1563430874.56    33.5880000591    16    0.0299    0.4784    33.6179000591    2.38333333333    4
213    1563430841.01    1563430874.56    33.5490000248    4    0.6477    2.5908    34.1967000248    1.5    2
214    1563430841.11    1563430877.88    36.7760000229    256    0.0209    5.3504    36.7969000229    5.72763480392    11
215    1563430841.27    1563430879.58    38.3180000782    256    0.0058    1.4848    38.3238000782    5.98900122549    14
216    1563430841.46    1563430879.68    38.2220001221    64    0.4242    27.1488    38.6462001221    3.83035714286    7
217    1563430841.47    1563430881.3    39.8259999752    256    0.0058    1.4848    39.8317999752    5.86455269608    12
218    1563430842.31    1563430881.39    39.0879998207    64    0.1865    11.936    39.2744998207    3.83035714286    7
219    1563430842.34    1563430881.39    39.0550000668    4    0.0834    0.3336    39.1384000668    1.5    2
220    1563430842.55    1563430881.4    38.8469998837    4    1.1322    4.5288    39.9791998837    1.5    2
221    1563430842.62    1563430881.4    38.7850000858    16    0.0431    0.6896    38.8281000858    2.36666666667    4
222    1563430842.73    1563430881.4    38.6730000973    4    0.0834    0.3336    38.7564000973    1.5    2
223    1563430842.74    1563430883.0    40.260999918    256    0.7162    183.3472    40.977199918    5.74779411765    11
224    1563430842.8    1563430883.11    40.3099999428    64    0.4242    27.1488    40.7341999428    3.83035714286    7
225    1563430842.8    1563430883.11    40.3070001602    4    0.6477    2.5908    40.9547001602    1.5    2
226    1563430842.8    1563430883.11    40.3050000668    4    0.0284    0.1136    40.3334000668    1.5    2
227    1563430843.0    1563430883.12    40.118999958    16    0.0299    0.4784    40.148899958    2.36666666667    4
228    1563430843.35    1563430884.77    41.4230000973    256    0.789    201.984    42.2120000973    6.04960171569    12
229    1563430843.38    1563430884.77    41.3910000324    4    0.0059    0.0236    41.3969000324    1.5    2
230    1563430843.44    1563430886.36    42.9160001278    256    0.789    201.984    43.7050001278    5.8003370098    12
231    1563430843.85    1563430888.01    44.1579999924    256    0.0058    1.4848    44.1637999924    5.69932598039    12
232    1563430844.09    1563430888.12    44.0250000954    64    0.0131    0.8384    44.0381000954    3.83035714286    7
233    1563430844.37    1563430889.69    45.3149998188    256    0.789    201.984    46.1039998188    5.86455269608    12
234    1563430844.4    1563430891.26    46.8619999886    256    0.0058    1.4848    46.8677999886    5.90526960784    13
235    1563430844.41    1563430892.89    48.4809999466    256    0.7162    183.3472    49.1971999466    5.85603553922    12
236    1563430844.6    1563430892.89    48.2910001278    4    0.6477    2.5908    48.9387001278    1.5    2
237    1563430844.83    1563430892.9    48.0710000992    16    0.029    0.464    48.1000000992    2.36666666667    4
238    1563430845.06    1563430894.81    49.7509999275    256    0.8114    207.7184    50.5623999275    5.84518995098    11
239    1563430845.26    1563430894.81    49.5539999008    4    0.5984    2.3936    50.1523999008    1.5    2
240    1563430845.35    1563430894.92    49.5670001507    64    0.4242    27.1488    49.9912001507    3.84821428571    7
241    1563430845.43    1563430898.15    52.7190001011    256    0.0209    5.3504    52.7399001011    5.72763480392    11
242    1563430845.5    1563430898.26    52.763999939    64    0.1865    11.936    52.950499939    3.92509920635    8
243    1563430845.57    1563430898.27    52.7009999752    4    0.6477    2.5908    53.3486999752    1.5    2
244    1563430845.99    1563430899.85    53.8550000191    256    0.7162    183.3472    54.5712000191    5.72794117647    11
245    1563430846.0    1563430901.39    55.385999918    256    0.789    201.984    56.174999918    5.72837009804    11
246    1563430846.04    1563430901.39    55.3539998531    4    1.1322    4.5288    56.4861998531    1.5    2
247    1563430846.2    1563430901.39    55.1899998188    4    0.5984    2.3936    55.7883998188    1.5    2
248    1563430846.24    1563430901.4    55.1590001583    16    0.0099    0.1584    55.1689001583    2.36666666667    4
249    1563430846.65    1563430901.41    54.7590000629    16    0.7662    12.2592    55.5252000629    2.36666666667    4
250    1563430846.85    1563430901.5    54.6480000019    64    0.0056    0.3584    54.6536000019    3.86458333333    7
251    1563430846.91    1563430901.5    54.5899999142    4    0.0059    0.0236    54.5958999142    1.5    2
252    1563430847.15    1563430901.51    54.367000103    16    0.0296    0.4736    54.396600103    2.43333333333    4
253    1563430847.32    1563430901.61    54.2869999409    64    0.0247    1.5808    54.3116999409    3.83035714286    7
254    1563430847.37    1563430901.61    54.2319998741    4    0.0284    0.1136    54.2603998741    1.5    2
255    1563430847.63    1563430901.61    53.986000061    16    0.4253    6.8048    54.411300061    2.36666666667    4
256    1563430847.68    1563430903.09    55.4100000858    256    0.0058    1.4848    55.4158000858    6.19338235294    13
257    1563430848.28    1563430903.18    54.9029998779    64    0.4242    27.1488    55.3271998779    3.83035714286    7
258    1563430848.35    1563430903.18    54.8329999447    4    0.0059    0.0236    54.8388999447    1.5    2
259    1563430848.45    1563430903.18    54.7339999676    4    0.0284    0.1136    54.7623999676    1.5    2
260    1563430848.59    1563430903.18    54.5950000286    4    0.5984    2.3936    55.1934000286    1.5    2
261    1563430848.65    1563430904.79    56.138999939    256    0.8114    207.7184    56.950399939    5.77362132353    11
262    1563430848.96    1563430904.8    55.8379998207    4    0.0059    0.0236    55.8438998207    1.5    2
263    1563430849.27    1563430904.89    55.6210000515    64    0.4242    27.1488    56.0452000515    3.84821428571    7
264    1563430849.54    1563430904.89    55.353000164    16    0.0299    0.4784    55.382900164    2.36666666667    4
265    1563430849.84    1563430904.98    55.1419999599    64    0.9575    61.28    56.0994999599    3.90476190476    7
266    1563430850.3    1563430904.99    54.6909999847    16    0.0099    0.1584    54.7008999847    2.36666666667    4
267    1563430850.5    1563430906.55    56.0529999733    256    0.8114    207.7184    56.8643999733    6.12726715686    13
268    1563430850.6    1563430906.56    55.9620001316    4    1.1322    4.5288    57.0942001316    1.5    2
269    1563430850.99    1563430906.65    55.6540000439    64    0.6889    44.0896    56.3429000439    3.84821428571    7
270    1563430851.15    1563430906.65    55.5080001354    16    0.0431    0.6896    55.5511001354    2.36666666667    4
271    1563430851.39    1563430906.66    55.2680001259    16    0.0431    0.6896    55.3111001259    2.36666666667    4
272    1563430851.65    1563430906.67    55.0149998665    16    0.0431    0.6896    55.0580998665    2.36666666667    4
273    1563430851.95    1563430906.77    54.8140001297    64    0.0247    1.5808    54.8387001297    3.83829365079    7
274    1563430852.04    1563430906.77    54.7329998016    4    1.1322    4.5288    55.8651998016    1.5    2
275    1563430852.11    1563430906.78    54.6680002213    16    0.029    0.464    54.6970002213    2.36666666667    4
276    1563430852.28    1563430906.79    54.5020000935    16    0.0099    0.1584    54.5119000935    2.36666666667    4
277    1563430852.41    1563430908.33    55.9249999523    256    0.4594    117.6064    56.3843999523    5.96853553922    12
278    1563430852.54    1563430908.34    55.7929999828    4    1.1322    4.5288    56.9251999828    1.5    2
279    1563430852.76    1563430908.34    55.5830001831    16    0.4253    6.8048    56.0083001831    2.36666666667    4
280    1563430852.92    1563430908.35    55.4249999523    16    0.4253    6.8048    55.8502999523    2.36666666667    4
281    1563430853.06    1563430908.35    55.2869999409    4    0.0834    0.3336    55.3703999409    1.5    2
282    1563430853.31    1563430911.37    58.0520000458    256    0.7162    183.3472    58.7682000458    5.72763480392    11
283    1563430853.38    1563430911.37    57.9910001755    16    0.03    0.48    58.0210001755    2.43333333333    4
284    1563430853.88    1563430912.91    59.0309998989    256    0.7162    183.3472    59.7471998989    5.70557598039    11
285    1563430853.89    1563430914.39    60.4979999065    256    0.789    201.984    61.2869999065    5.72763480392    11
286    1563430853.9    1563430914.39    60.4949998856    4    0.0059    0.0236    60.5008998856    1.5    2
287    1563430854.22    1563430915.89    61.6749999523    256    0.4594    117.6064    62.1343999523    5.70557598039    11
288    1563430854.52    1563430915.9    61.3770000935    16    0.0099    0.1584    61.3869000935    2.36666666667    4
289    1563430854.83    1563430917.4    62.5729999542    256    0.4594    117.6064    63.0323999542    5.7728247549    11
290    1563430854.88    1563430917.41    62.5279998779    16    0.7662    12.2592    63.2941998779    2.36666666667    4
291    1563430855.45    1563430917.49    62.0439999104    64    0.4242    27.1488    62.4681999104    3.84821428571    7
292    1563430855.49    1563430917.57    62.0799999237    64    0.0247    1.5808    62.1046999237    3.96825396825    7
293    1563430855.75    1563430917.66    61.9149999619    64    0.1865    11.936    62.1014999619    3.8373015873    7
294    1563430855.76    1563430917.76    62.006000042    64    0.0247    1.5808    62.030700042    3.96825396825    7
295    1563430856.13    1563430917.77    61.6390001774    4    0.0526    0.2104    61.6916001774    1.5    2
296    1563430856.36    1563430917.89    61.5250000954    64    0.0131    0.8384    61.5381000954    4.07638888889    8
297    1563430856.46    1563430917.89    61.4259998798    4    0.0284    0.1136    61.4543998798    1.5    2
298    1563430856.62    1563430919.37    62.7479999065    256    0.789    201.984    63.5369999065    6.10667892157    12
299    1563430856.65    1563430919.38    62.7300000191    16    0.029    0.464    62.7590000191    2.36666666667    4
300    1563430856.79    1563430919.38    62.5920000076    16    0.4253    6.8048    63.0173000076    2.36666666667    4
301    1563430856.89    1563430919.47    62.5760002136    64    0.0056    0.3584    62.5816002136    3.84821428571    7
302    1563430857.07    1563430919.47    62.3980000019    4    0.0059    0.0236    62.4039000019    1.5    2
303    1563430857.24    1563430920.98    63.745000124    256    0.8114    207.7184    64.556400124    5.73137254902    12
304    1563430857.26    1563430920.99    63.7290000916    4    1.1322    4.5288    64.8612000916    1.5    2
305    1563430857.32    1563430921.08    63.7630000114    64    0.0056    0.3584    63.7686000114    3.89930555556    7
306    1563430857.44    1563430921.08    63.6369998455    4    0.0059    0.0236    63.6428998455    1.5    2
307    1563430857.52    1563430921.08    63.5620000362    4    0.5984    2.3936    64.1604000362    1.5    2
308    1563430857.82    1563430921.09    63.2739999294    16    0.7709    12.3344    64.0448999294    2.41666666667    4
309    1563430858.13    1563430921.09    62.9630000591    4    0.0834    0.3336    63.0464000591    1.5    2
310    1563430858.8    1563430921.1    62.2950000763    4    0.6477    2.5908    62.9427000763    1.5    2
311    1563430858.97    1563430921.19    62.2189998627    64    0.0056    0.3584    62.2245998627    3.96428571429    7
312    1563430858.98    1563430921.19    62.2050001621    4    0.0284    0.1136    62.2334001621    1.5    2
313    1563430859.62    1563430922.74    63.1199998856    256    0.789    201.984    63.9089998856    5.97352941176    12
314    1563430860.51    1563430922.74    62.2399997711    16    0.4253    6.8048    62.6652997711    2.36666666667    4
315    1563430861.21    1563430924.35    63.1349999905    256    0.0058    1.4848    63.1407999905    5.89577205882    12
316    1563430861.35    1563430926.13    64.7750000954    256    0.0209    5.3504    64.7959000954    6.05229779412    14
317    1563430861.58    1563430926.27    64.6900000572    64    0.1865    11.936    64.8765000572    3.84821428571    7
318    1563430861.87    1563430926.28    64.4090001583    16    0.8836    14.1376    65.2926001583    2.36666666667    4
319    1563430862.08    1563430926.42    64.3400001526    64    0.4242    27.1488    64.7642001526    3.84821428571    7
320    1563430862.28    1563430926.42    64.1440000534    4    0.5984    2.3936    64.7424000534    1.5    2
321    1563430862.6    1563430928.21    65.614000082    256    0.8114    207.7184    66.425400082    5.74528186275    11
322    1563430862.67    1563430928.21    65.5399999619    4    0.6477    2.5908    66.1876999619    1.5    2
323    1563430862.72    1563430929.75    67.0290000439    256    0.4594    117.6064    67.4884000439    5.77288602941    12
324    1563430862.94    1563430929.76    66.8259999752    16    0.0299    0.4784    66.8558999752    2.36666666667    4
325    1563430864.85    1563430929.76    64.9119999409    4    0.0834    0.3336    64.9953999409    1.5    2
326    1563430864.96    1563430929.77    64.8099999428    16    0.7662    12.2592    65.5761999428    2.36666666667    4
327    1563430865.16    1563430929.77    64.6079998016    4    0.0059    0.0236    64.6138998016    1.5    2
328    1563430865.38    1563430929.78    64.4019999504    16    0.0299    0.4784    64.4318999504    2.36666666667    4
329    1563430865.83    1563430931.35    65.5179998875    256    0.4594    117.6064    65.9773998875    5.85223651961    12
330    1563430866.34    1563430931.36    65.0169999599    4    0.0834    0.3336    65.1003999599    1.5    2
331    1563430867.24    1563430931.45    64.2049999237    64    0.4242    27.1488    64.6291999237    3.98115079365    7
332    1563430867.35    1563430931.55    64.2020001411    64    0.1865    11.936    64.3885001411    3.84821428571    7
333    1563430867.57    1563430931.56    63.9850001335    16    0.0432    0.6912    64.0282001335    2.43333333333    4
334    1563430868.09    1563430931.56    63.4709999561    4    0.6477    2.5908    64.1186999561    1.5    2
335    1563430868.12    1563430931.65    63.5370001793    64    0.4242    27.1488    63.9612001793    3.83035714286    7
336    1563430868.16    1563430935.04    66.881000042    256    0.0058    1.4848    66.886800042    5.72763480392    11
337    1563430868.3    1563430935.04    66.7430000305    4    0.0834    0.3336    66.8264000305    1.5    2
338    1563430868.79    1563430935.15    66.3599998951    64    0.0056    0.3584    66.3655998951    3.84821428571    7
339    1563430868.95    1563430936.73    67.7790000439    256    0.0058    1.4848    67.7848000439    5.72763480392    11
340    1563430869.14    1563430936.83    67.6870000362    64    0.0131    0.8384    67.7001000362    3.92509920635    8
341    1563430869.37    1563430936.83    67.4619998932    4    0.0526    0.2104    67.5145998932    1.5    2
342    1563430869.46    1563430938.45    68.9909999371    256    0.4594    117.6064    69.4503999371    5.72794117647    11
343    1563430869.47    1563430940.05    70.5839998722    256    0.8114    207.7184    71.3953998722    5.72837009804    11
344    1563430869.6    1563430940.15    70.5490000248    64    0.1865    11.936    70.7355000248    3.92509920635    8
345    1563430870.03    1563430941.9    71.8659999371    256    0.789    201.984    72.6549999371    5.72794117647    11
346    1563430870.11    1563430941.9    71.7860000134    4    0.0284    0.1136    71.8144000134    1.5    2
347    1563430870.77    1563430941.9    71.1340000629    4    0.0059    0.0236    71.1399000629    1.5    2
348    1563430870.83    1563430943.49    72.6669998169    256    0.0209    5.3504    72.6878998169    5.77904411765    12
349    1563430871.01    1563430943.6    72.5960001945    64    0.0056    0.3584    72.6016001945    3.88888888889    7
350    1563430871.23    1563430945.13    73.9049999714    256    0.0058    1.4848    73.9107999714    5.86639093137    12
351    1563430871.33    1563430945.13    73.8070001602    4    0.0284    0.1136    73.8354001602    1.5    2
352    1563430871.39    1563430946.69    75.2999999523    256    0.8114    207.7184    76.1113999523    5.72794117647    11
353    1563430871.85    1563430946.7    74.8529999256    16    0.8836    14.1376    75.7365999256    2.36666666667    4
354    1563430872.08    1563430946.7    74.6169998646    4    0.6477    2.5908    75.2646998646    1.5    2
355    1563430872.12    1563430946.71    74.5859999657    16    0.4253    6.8048    75.0112999657    2.36666666667    4
356    1563430872.63    1563430946.72    74.0820000172    16    0.7709    12.3344    74.8529000172    2.41666666667    4
357    1563430872.64    1563430946.72    74.0729999542    4    1.1322    4.5288    75.2051999542    1.5    2
358    1563430872.87    1563430946.72    73.8500001431    4    0.0526    0.2104    73.9026001431    1.5    2
359    1563430872.88    1563430946.73    73.8440001011    16    0.8867    14.1872    74.7307001011    2.48333333333    4
360    1563430873.02    1563430948.32    75.3020000458    256    0.789    201.984    76.0910000458    5.95634191176    12
361    1563430873.31    1563430948.33    75.0169999599    4    0.0059    0.0236    75.0228999599    1.5    2
362    1563430873.68    1563430949.93    76.2460000515    256    0.4594    117.6064    76.7054000515    5.72794117647    11
363    1563430874.0    1563430949.93    75.9269998074    4    0.5984    2.3936    76.5253998074    1.5    2
364    1563430874.06    1563430949.93    75.8660001755    4    0.0059    0.0236    75.8719001755    1.5    2
365    1563430874.22    1563430949.94    75.7179999352    16    0.7662    12.2592    76.4841999352    2.36666666667    4
366    1563430874.76    1563430951.58    76.8180000782    256    0.8114    207.7184    77.6294000782    5.73529411765    11
367    1563430874.98    1563430951.59    76.6089999676    16    0.8836    14.1376    77.4925999676    2.36666666667    4
368    1563430874.99    1563430951.67    76.6849999428    64    0.6889    44.0896    77.3738999428    3.83134920635    7
369    1563430875.32    1563430951.67    76.3519999981    4    0.6477    2.5908    76.9996999981    1.5    2
370    1563430875.48    1563430954.8    79.3219997883    256    0.7162    183.3472    80.0381997883    5.72763480392    11
371    1563430875.75    1563430954.82    79.0669999123    16    0.0099    0.1584    79.0768999123    2.43333333333    4
372    1563430875.87    1563430956.44    80.5650000572    256    0.7162    183.3472    81.2812000572    5.70557598039    11
373    1563430876.09    1563430956.53    80.4470000267    64    0.0131    0.8384    80.4601000267    3.83035714286    7
374    1563430877.42    1563430956.54    79.1180000305    4    0.0834    0.3336    79.2014000305    1.5    2
375    1563430877.69    1563430956.63    78.9479999542    64    0.9575    61.28    79.9054999542    3.83432539683    7
376    1563430878.07    1563430958.32    80.2550001144    256    0.7162    183.3472    80.9712001144    5.75413602941    11
377    1563430878.19    1563430958.33    80.1370000839    4    0.6477    2.5908    80.7847000839    1.5    2
378    1563430878.87    1563430958.33    79.4620001316    16    0.0099    0.1584    79.4719001316    2.36666666667    4
379    1563430879.15    1563430958.33    79.1840000153    4    0.0834    0.3336    79.2674000153    1.5    2
380    1563430879.71    1563430959.96    80.254999876    256    0.0058    1.4848    80.260799876    6.17395833333    13
381    1563430879.83    1563430959.98    80.1489999294    16    0.7662    12.2592    80.9151999294    2.36666666667    4
382    1563430879.92    1563430959.98    80.0590000153    4    0.0834    0.3336    80.1424000153    1.5    2
383    1563430879.96    1563430960.1    80.1440000534    64    0.6889    44.0896    80.8329000534    3.84821428571    7
384    1563430879.97    1563430960.21    80.2479999065    64    0.1865    11.936    80.4344999065    3.84821428571    7
385    1563430880.03    1563430960.22    80.1940000057    16    0.03    0.48    80.2240000057    2.43333333333    4
386    1563430880.27    1563430960.32    80.0509998798    64    0.0056    0.3584    80.0565998798    3.83035714286    7
387    1563430880.37    1563430960.33    79.9560000896    4    0.0284    0.1136    79.9844000896    1.5    2
388    1563430880.41    1563430961.96    81.5520000458    256    0.789    201.984    82.3410000458    5.89800857843    12
389    1563430880.57    1563430961.97    81.4000000954    4    0.5984    2.3936    81.9984000954    1.5    2
390    1563430880.62    1563430962.07    81.4559998512    64    0.0247    1.5808    81.4806998512    3.84821428571    7
391    1563430880.8    1563430963.74    82.9349999428    256    0.0058    1.4848    82.9407999428    5.86329656863    12
392    1563430881.4    1563430965.39    83.9869999886    256    0.789    201.984    84.7759999886    5.70386029412    11
393    1563430881.83    1563430965.39    83.5630002022    4    1.1322    4.5288    84.6952002022    1.5    2
394    1563430881.93    1563430965.39    83.4609999657    4    1.1322    4.5288    84.5931999657    1.5    2
395    1563430882.05    1563430965.4    83.3539998531    16    0.4253    6.8048    83.7792998531    2.36666666667    4
396    1563430882.07    1563430968.66    86.5879998207    256    0.7162    183.3472    87.3041998207    5.72763480392    11
397    1563430882.15    1563430968.66    86.513999939    16    0.4263    6.8208    86.940299939    2.43333333333    4
398    1563430882.3    1563430968.67    86.3759999275    16    0.7662    12.2592    87.1421999275    2.36666666667    4
399    1563430882.39    1563430968.76    86.3650000095    64    0.1865    11.936    86.5515000095    3.83134920635    7
400    1563430882.91    1563430968.76    85.8550000191    4    1.1322    4.5288    86.9872000191    1.5    2
401    1563430882.91    1563430968.77    85.8539998531    16    0.0432    0.6912    85.8971998531    2.41666666667    4
402    1563430883.03    1563430968.86    85.8310000896    64    0.1872    11.9808    86.0182000896    4.26388888889    8
403    1563430883.05    1563430968.95    85.9079999924    64    0.4242    27.1488    86.3321999924    3.86458333333    7
404    1563430883.12    1563430968.96    85.8420000076    16    0.8836    14.1376    86.7256000076    2.36666666667    4
405    1563430883.15    1563430968.96    85.8069999218    4    0.0834    0.3336    85.8903999218    1.5    2
406    1563430883.18    1563430969.05    85.868999958    64    0.0056    0.3584    85.874599958    4.05753968254    7
407    1563430883.3    1563430969.05    85.7509999275    4    0.0284    0.1136    85.7793999275    1.5    2
408    1563430883.37    1563430969.15    85.7739999294    64    0.9575    61.28    86.7314999294    3.83035714286    7
409    1563430883.4    1563430972.36    88.9539999962    256    0.0209    5.3504    88.9748999962    5.72763480392    11
410    1563430883.58    1563430973.9    90.3139998913    256    0.0209    5.3504    90.3348998913    5.98900122549    14
411    1563430883.74    1563430975.59    91.8420000076    256    0.7162    183.3472    92.5582000076    5.72763480392    11
412    1563430883.88    1563430975.59    91.7100000381    16    0.0099    0.1584    91.7199000381    2.43333333333    4
413    1563430884.11    1563430975.6    91.4869999886    4    1.1322    4.5288    92.6191999886    1.5    2
414    1563430884.15    1563430975.6    91.4419999123    4    0.5984    2.3936    92.0403999123    1.5    2
415    1563430884.39    1563430975.6    91.2050001621    4    0.5984    2.3936    91.8034001621    1.5    2
416    1563430884.56    1563430975.6    91.0420000553    4    0.0284    0.1136    91.0704000553    1.5    2
417    1563430884.6    1563430975.6    91.0050001144    4    0.0059    0.0236    91.0109001144    1.5    2
418    1563430884.72    1563430975.71    90.9930000305    64    0.0056    0.3584    90.9986000305    3.83035714286    7
419    1563430884.82    1563430975.71    90.8899998665    4    0.6477    2.5908    91.5376998665    1.5    2
420    1563430885.01    1563430975.82    90.8099999428    64    0.0056    0.3584    90.8155999428    3.9623015873    7
421    1563430885.16    1563430979.02    93.8619999886    256    0.789    201.984    94.6509999886    5.72763480392    11
422    1563430885.23    1563430979.03    93.7930002213    16    0.0432    0.6912    93.8362002213    2.43333333333    4
423    1563430885.62    1563430979.04    93.4110000134    16    0.7662    12.2592    94.1772000134    2.36666666667    4
424    1563430885.77    1563430979.13    93.3550000191    64    0.6889    44.0896    94.0439000191    3.83134920635    7
425    1563430886.13    1563430979.22    93.0850000381    64    0.0056    0.3584    93.0906000381    3.92509920635    8
426    1563430886.29    1563430979.23    92.9340000153    16    0.029    0.464    92.9630000153    2.36666666667    4
427    1563430886.56    1563430979.32    92.7590000629    64    0.0056    0.3584    92.7646000629    3.92509920635    8
428    1563430886.92    1563430980.9    93.9790000916    256    0.0209    5.3504    93.9999000916    6.08023897059    13
429    1563430887.12    1563430982.43    95.3159999847    256    0.0058    1.4848    95.3217999847    5.72763480392    11
430    1563430887.21    1563430983.96    96.7460000515    256    0.0209    5.3504    96.7669000515    6.04751838235    14
431    1563430887.46    1563430984.06    96.6010000706    64    0.1865    11.936    96.7875000706    3.83035714286    7
432    1563430887.48    1563430984.07    96.5879998207    16    0.0099    0.1584    96.5978998207    2.36666666667    4
433    1563430887.69    1563430985.67    97.9830000401    256    0.8114    207.7184    98.7944000401    5.72794117647    11
434    1563430887.75    1563430985.68    97.9340000153    16    0.0099    0.1584    97.9439000153    2.36666666667    4
435    1563430887.76    1563430985.79    98.0329999924    64    0.9575    61.28    98.9904999924    3.84821428571    7
436    1563430887.8    1563430985.79    97.9979999065    4    0.0059    0.0236    98.0038999065    1.5    2
437    1563430887.83    1563430985.8    97.9700000286    4    0.5984    2.3936    98.5684000286    1.5    2
438    1563430887.86    1563430987.49    99.6319999695    256    0.789    201.984    100.420999969    5.7584252451    12
439    1563430888.08    1563430987.58    99.498000145    64    0.0056    0.3584    99.503600145    3.84821428571    7
440    1563430888.31    1563430987.67    99.361000061    64    0.4242    27.1488    99.785200061    3.84821428571    7
441    1563430888.45    1563430987.68    99.2260000706    16    0.4253    6.8048    99.6513000706    2.36666666667    4
442    1563430888.53    1563430987.79    99.256000042    64    0.9575    61.28    100.213500042    3.96825396825    7
443    1563430888.66    1563430989.36    100.703000069    256    0.0058    1.4848    100.708800069    5.85667892157    12
444    1563430888.71    1563430989.37    100.666000128    16    0.8836    14.1376    101.549600128    2.36666666667    4
445    1563430888.78    1563430989.38    100.595000029    4    1.1322    4.5288    101.727200029    1.5    2
446    1563430889.44    1563430989.38    99.9400000572    4    0.0834    0.3336    100.023400057    1.5    2
447    1563430889.96    1563430989.38    99.4199998379    16    0.0299    0.4784    99.4498998379    2.36666666667    4
448    1563430890.06    1563430990.92    100.859999895    256    0.7162    183.3472    101.576199895    5.74865196078    11
449    1563430890.13    1563430992.55    102.424000025    256    0.789    201.984    103.213000025    6.18008578431    13
450    1563430890.64    1563430992.55    101.911000013    4    0.0834    0.3336    101.994400013    1.5    2
451    1563430890.73    1563430992.56    101.835000038    16    0.7662    12.2592    102.601200038    2.36666666667    4
452    1563430890.92    1563430992.65    101.730999947    64    0.0247    1.5808    101.755699947    3.83035714286    7
453    1563430891.27    1563430992.65    101.378000021    4    0.6477    2.5908    102.025700021    1.5    2
454    1563430891.44    1563430992.75    101.308000088    64    0.6889    44.0896    101.996900088    3.91666666667    7
455    1563430891.85    1563430994.4    102.549000025    256    0.8114    207.7184    103.360400025    5.74865196078    11
456    1563430892.65    1563430996.01    103.356999874    256    0.0058    1.4848    103.362799874    6.18008578431    13
457    1563430892.83    1563430996.01    103.177999973    4    0.0834    0.3336    103.261399973    1.5    2
458    1563430892.97    1563430996.01    103.039999962    4    0.6477    2.5908    103.687699962    1.5    2
459    1563430893.03    1563430997.65    104.618999958    256    0.8114    207.7184    105.430399958    5.74865196078    11
460    1563430893.15    1563430999.21    106.05700016    256    0.0209    5.3504    106.07790016    6.18008578431    13
461    1563430893.57    1563430999.31    105.737999916    64    0.0056    0.3584    105.743599916    3.84821428571    7
462    1563430893.67    1563430999.41    105.738999844    64    0.4242    27.1488    106.163199844    3.83035714286    7
463    1563430893.7    1563430999.5    105.804999828    64    0.4242    27.1488    106.229199828    3.84325396825    7
464    1563430893.79    1563431001.04    107.256999969    256    0.8114    207.7184    108.068399969    5.72794117647    11
465    1563430893.82    1563431001.15    107.330999851    64    0.1865    11.936    107.517499851    3.83035714286    7
466    1563430894.29    1563431001.16    106.878000021    16    0.029    0.464    106.907000021    2.36666666667    4
467    1563430894.34    1563431002.75    108.414000034    256    0.0209    5.3504    108.434900034    5.90297181373    12
468    1563430894.37    1563431005.96    111.590000153    256    0.789    201.984    112.379000153    5.72763480392    11
469    1563430894.38    1563431007.6    113.213999987    256    0.0058    1.4848    113.219799987    5.98900122549    14
470    1563430894.87    1563431007.69    112.822000027    64    0.4242    27.1488    113.246200027    3.83035714286    7
471    1563430895.05    1563431007.79    112.738000154    64    0.0131    0.8384    112.751100154    3.84325396825    7
472    1563430895.46    1563431007.79    112.330999851    4    0.0834    0.3336    112.414399851    1.5    2
473    1563430895.52    1563431007.79    112.272000074    4    0.6477    2.5908    112.919700074    1.5    2
474    1563430895.83    1563431007.89    112.059999943    64    0.0056    0.3584    112.065599943    3.83035714286    7
475    1563430895.89    1563431007.9    112.014999866    16    0.0099    0.1584    112.024899866    2.36666666667    4
476    1563430895.97    1563431008.0    112.02699995    64    0.0056    0.3584    112.03259995    3.84821428571    7
477    1563430896.09    1563431009.69    113.601000071    256    0.0058    1.4848    113.606800071    5.86455269608    12
478    1563430896.41    1563431009.71    113.303999901    16    0.0431    0.6896    113.347099901    2.36666666667    4
479    1563430896.69    1563431009.84    113.141000032    64    0.0247    1.5808    113.165700032    3.84821428571    7
480    1563430896.9    1563431009.84    112.940999985    4    1.1322    4.5288    114.073199985    1.5    2
481    1563430896.93    1563431009.84    112.904999971    4    0.0834    0.3336    112.988399971    1.5    2
482    1563430897.32    1563431011.53    114.210999966    256    0.8114    207.7184    115.022399966    5.77117034314    11
483    1563430897.61    1563431013.21    115.596000195    256    0.4594    117.6064    116.055400195    5.70526960784    11
484    1563430898.07    1563431013.21    115.135999918    4    0.0284    0.1136    115.164399918    1.5    2
485    1563430898.61    1563431013.21    114.602999926    16    0.029    0.464    114.631999926    2.36666666667    4
486    1563430898.69    1563431013.22    114.52699995    16    0.029    0.464    114.55599995    2.36666666667    4
487    1563430898.76    1563431013.32    114.566999912    64    0.1865    11.936    114.753499912    3.88244047619    7
488    1563430899.43    1563431013.33    113.901000023    16    0.0432    0.6912    113.944200023    2.43333333333    4
489    1563430899.51    1563431013.34    113.825999975    16    0.7662    12.2592    114.592199975    2.36666666667    4
490    1563430899.57    1563431015.13    115.555000067    256    0.8114    207.7184    116.366400067    5.84518995098    11
491    1563430899.68    1563431016.82    117.143999815    256    0.0209    5.3504    117.164899815    5.70526960784    11
492    1563430899.76    1563431016.93    117.174999952    64    0.6889    44.0896    117.863899952    3.92509920635    8
493    1563430900.05    1563431016.93    116.884000063    4    0.0284    0.1136    116.912400063    1.5    2
494    1563430900.12    1563431017.03    116.911000013    64    0.0056    0.3584    116.916600013    3.84821428571    7
495    1563430900.37    1563431017.15    116.776000023    64    0.9575    61.28    117.733500023    3.83035714286    7
496    1563430900.4    1563431018.88    118.487999916    256    0.0058    1.4848    118.493799916    5.72794117647    11
497    1563430900.55    1563431018.89    118.335999966    4    0.0284    0.1136    118.364399966    1.5    2
498    1563430900.6    1563431018.99    118.392999887    64    0.9575    61.28    119.350499887    3.84821428571    7
499    1563430900.78    1563431018.99    118.207000017    4    0.0284    0.1136    118.235400017    1.5    2

dispatched jobs are: 500 out of 500
average queue time is: 49.9455199971
fso links are used for 0 times
overall utilization is 0.0719291593309
average response time is 50.3188957971
average weighted response time is 56.0982431353
average slowdown is 78.1216512479
cpu_request: 39824, cpu_run: 39824
ssd_request: 19339, ssd_run: 0
gpu_request: 18326, gpu_run: 0
cpu aspl: 3.30133176646
cpu diameter: 5.998
job x: 0.0
job y: 0.0
job z: 0.0
