#timestep  occupied-CPU  total-CPU  utilization  queuingjobs
1    0    1024    0.0    1
2    0    1024    0.0    1
3    0    1024    0.0    3
4    384    1024    0.375    4
5    9    1024    0.0087890625    3
6    324    1024    0.31640625    0
7    0    1024    0.0    5
8    0    1024    0.0    6
9    260    1024    0.25390625    9
10    0    1024    0.0    13
11    16    1024    0.015625    18
12    60    1024    0.05859375    20
13    256    1024    0.25    23
14    0    1024    0.0    28
15    0    1024    0.0    23
16    59    1024    0.0576171875    27
17    0    1024    0.0    31
18    15    1024    0.0146484375    26
19    0    1024    0.0    28
20    33    1024    0.0322265625    29
21    0    1024    0.0    31
22    0    1024    0.0    33
23    256    1024    0.25    36
24    0    1024    0.0    40
25    256    1024    0.25    42
26    0    1024    0.0    44
27    267    1024    0.2607421875    39
28    0    1024    0.0    45
29    280    1024    0.2734375    45
30    0    1024    0.0    48
31    211    1024    0.2060546875    48
32    0    1024    0.0    50
33    260    1024    0.25390625    47
34    0    1024    0.0    51
35    369    1024    0.3603515625    44
36    102    1024    0.099609375    46
37    0    1024    0.0    51
38    0    1024    0.0    52
39    139    1024    0.1357421875    53
40    0    1024    0.0    58
41    0    1024    0.0    55
42    254    1024    0.248046875    58
43    0    1024    0.0    61
44    180    1024    0.17578125    48
45    0    1024    0.0    52
46    0    1024    0.0    55
47    4    1024    0.00390625    55
48    256    1024    0.25    58
49    0    1024    0.0    59
50    16    1024    0.015625    63
51    0    1024    0.0    68
52    0    1024    0.0    69
53    0    1024    0.0    72
54    244    1024    0.23828125    71
55    0    1024    0.0    74
56    0    1024    0.0    78
57    256    1024    0.25    81
58    0    1024    0.0    84
59    0    1024    0.0    89
60    97    1024    0.0947265625    90
61    0    1024    0.0    93
62    50    1024    0.048828125    87
63    0    1024    0.0    93
64    0    1024    0.0    89
65    256    1024    0.25    90
66    0    1024    0.0    93
67    256    1024    0.25    93
68    0    1024    0.0    97
69    121    1024    0.1181640625    92
70    0    1024    0.0    95
71    0    1024    0.0    87
72    0    1024    0.0    91
73    64    1024    0.0625    90
74    0    1024    0.0    92
75    0    1024    0.0    95
76    0    1024    0.0    97
77    179    1024    0.1748046875    97
78    0    1024    0.0    99
79    8    1024    0.0078125    95
80    0    1024    0.0    98
81    0    1024    0.0    96
82    275    1024    0.2685546875    97
83    0    1024    0.0    100
84    256    1024    0.25    103
85    0    1024    0.0    106
86    272    1024    0.265625    104
87    0    1024    0.0    107
88    336    1024    0.328125    102
89    295    1024    0.2880859375    103
90    0    1024    0.0    108
91    256    1024    0.25    109
92    0    1024    0.0    112
93    104    1024    0.1015625    107
94    22    1024    0.021484375    110
95    0    1024    0.0    112
96    0    1024    0.0    113
97    256    1024    0.25    116
98    0    1024    0.0    122
99    309    1024    0.3017578125    103
100    0    1024    0.0    106
101    298    1024    0.291015625    103
102    0    1024    0.0    107
103    226    1024    0.220703125    108
104    0    1024    0.0    112
105    184    1024    0.1796875    111
106    0    1024    0.0    114
107    0    1024    0.0    115
108    0    1024    0.0    119
109    0    1024    0.0    122
110    0    1024    0.0    126
111    0    1024    0.0    128
112    256    1024    0.25    128
113    0    1024    0.0    132
114    0    1024    0.0    133
115    292    1024    0.28515625    129
116    77    1024    0.0751953125    131
117    0    1024    0.0    132
118    73    1024    0.0712890625    133
119    0    1024    0.0    136
120    188    1024    0.18359375    133
121    9    1024    0.0087890625    135
122    0    1024    0.0    138
123    0    1024    0.0    143
124    256    1024    0.25    145
125    0    1024    0.0    148
126    256    1024    0.25    151
127    0    1024    0.0    153
128    190    1024    0.185546875    152
129    0    1024    0.0    156
130    69    1024    0.0673828125    153
131    0    1024    0.0    157
132    340    1024    0.33203125    141
133    260    1024    0.25390625    144
134    0    1024    0.0    148
135    0    1024    0.0    150
136    256    1024    0.25    151
137    0    1024    0.0    153
138    320    1024    0.3125    155
139    0    1024    0.0    157
140    84    1024    0.08203125    152
141    256    1024    0.25    154
142    0    1024    0.0    154
143    164    1024    0.16015625    150
144    7    1024    0.0068359375    142
145    92    1024    0.08984375    141
146    0    1024    0.0    137
147    0    1024    0.0    140
148    0    1024    0.0    139
149    256    1024    0.25    140
150    0    1024    0.0    145
151    28    1024    0.02734375    145
152    0    1024    0.0    148
153    0    1024    0.0    150
154    452    1024    0.44140625    148
155    213    1024    0.2080078125    149
156    0    1024    0.0    152
157    335    1024    0.3271484375    153
158    226    1024    0.220703125    147
159    0    1024    0.0    148
160    0    1024    0.0    151
161    256    1024    0.25    154
162    0    1024    0.0    157
163    0    1024    0.0    153
164    189    1024    0.1845703125    150
165    260    1024    0.25390625    148
166    0    1024    0.0    147
167    238    1024    0.232421875    144
168    0    1024    0.0    144
169    0    1024    0.0    140
170    400    1024    0.390625    134
171    184    1024    0.1796875    134
172    88    1024    0.0859375    134
173    52    1024    0.05078125    134
174    107    1024    0.1044921875    120
175    10    1024    0.009765625    120
176    0    1024    0.0    111
177    156    1024    0.15234375    110
178    286    1024    0.279296875    107
179    0    1024    0.0    107
180    231    1024    0.2255859375    106
181    256    1024    0.25    105
182    0    1024    0.0    103
183    0    1024    0.0    102
184    100    1024    0.09765625    101
185    256    1024    0.25    100
186    0    1024    0.0    93
187    129    1024    0.1259765625    87
188    0    1024    0.0    87
189    0    1024    0.0    86
190    235    1024    0.2294921875    84
191    0    1024    0.0    84
192    252    1024    0.24609375    82
193    103    1024    0.1005859375    82
194    256    1024    0.25    81
195    0    1024    0.0    81
196    0    1024    0.0    79
197    0    1024    0.0    77
198    0    1024    0.0    74
199    186    1024    0.181640625    71
200    256    1024    0.25    70
201    0    1024    0.0    63
202    0    1024    0.0    59
203    232    1024    0.2265625    49
204    149    1024    0.1455078125    49
205    0    1024    0.0    49
206    313    1024    0.3056640625    45
207    221    1024    0.2158203125    45
208    170    1024    0.166015625    45
209    0    1024    0.0    45
210    64    1024    0.0625    37
211    210    1024    0.205078125    34
212    0    1024    0.0    34
213    117    1024    0.1142578125    27
214    0    1024    0.0    27
215    113    1024    0.1103515625    25
216    0    1024    0.0    25
217    15    1024    0.0146484375    22
218    256    1024    0.25    21
219    0    1024    0.0    21
220    0    1024    0.0    16
221    286    1024    0.279296875    14
222    46    1024    0.044921875    10
223    256    1024    0.25    8
224    0    1024    0.0    8
225    162    1024    0.158203125    7
226    0    1024    0.0    7
227    0    1024    0.0    3
228    0    1024    0.0    2
229    256    1024    0.25    1
230    0    1024    0.0    0

average cpu utilization is: 0.0899838654891
average ssd utilization is: 0.16328125
average gpu utilization is: 0.162151834239
average utilization is: 0.138472316576
average queuing jobs are: 87.3391304348
maximum queuing jobs are: 157


#job_number  submit  dispatch  queue  cpu#  runtime  weight  response(turnaround)  cpu_aspl  cpu_diameter
0    1562290943.31    1562290947.46    4.15087294579    16    0.7616    12.1856    4.91247294579    2.58333333333    4
1    1562290947.57    1562290947.57    0.000217914581299    64    0.6779    43.3856    0.678117914581    3.96031746032    6
2    1562290947.68    1562290947.65    -0.032044172287    16    0.7616    12.1856    0.729555827713    2.58333333333    4
3    1562290947.96    1562290947.96    0.000169038772583    4    0.0284    0.1136    0.0285690387726    1.5    2
4    1562290948.0    1562290948.05    0.0453748703003    64    0.0234    1.4976    0.0687748703003    4.0193452381    6
5    1562290948.46    1562290948.53    0.0692830085754    64    0.1855    11.872    0.254783008575    3.92311507937    6
6    1562290948.62    1562290948.65    0.0224089622498    64    0.6779    43.3856    0.70030896225    3.98015873016    6
7    1562290948.71    1562290948.75    0.0357670783997    64    0.4167    26.6688    0.4524670784    4.14037698413    6
8    1562290949.17    1562290950.47    1.30166006088    256    0.7528    192.7168    2.05446006088    5.15024509804    7
9    1562290949.29    1562290950.47    1.18215203285    4    0.0832    0.3328    1.26535203285    1.5    2
10    1562290949.33    1562290950.55    1.21759605408    64    0.4167    26.6688    1.63429605408    4.11160714286    6
11    1562290950.01    1562290950.64    0.626424074173    64    0.1855    11.872    0.811924074173    4.14831349206    6
12    1562290950.2    1562290950.64    0.441811084747    16    0.0098    0.1568    0.451611084747    2.68333333333    4
13    1562290950.35    1562290950.75    0.399816036224    64    0.0125    0.8    0.412316036224    4.21378968254    6
14    1562290950.47    1562290950.75    0.277713060379    4    0.6452    2.5808    0.922913060379    1.5    2
15    1562290950.64    1562290950.75    0.119204998016    16    0.0297    0.4752    0.148904998016    2.63333333333    4
16    1562290950.69    1562290950.76    0.0749311447144    16    0.8805    14.088    0.955431144714    2.58333333333    4
17    1562290951.05    1562290951.05    -0.00078296661377    4    0.6452    2.5808    0.644417033386    1.5    2
18    1562290951.14    1562290951.18    0.0423150062561    64    0.4167    26.6688    0.459015006256    4.11160714286    6
19    1562290951.28    1562290952.45    1.16910600662    256    0.6189    158.4384    1.78800600662    5.10569852941    7
20    1562290951.41    1562290952.45    1.04685783386    4    0.0832    0.3328    1.13005783386    1.5    2
21    1562290951.54    1562290952.45    0.916017055511    4    0.0832    0.3328    0.999217055511    1.5    2
22    1562290951.87    1562290952.45    0.582499027252    4    0.0522    0.2088    0.634699027252    1.5    2
23    1562290951.92    1562290952.46    0.530950069427    4    1.1283    4.5132    1.65925006943    1.5    2
24    1562290952.34    1562290952.53    0.188052177429    64    0.9446    60.4544    1.13265217743    4.04563492063    6
25    1562290953.11    1562290954.58    1.47135615349    256    0.0177    4.5312    1.48905615349    5.1050245098    7
26    1562290953.31    1562290954.59    1.2805211544    16    0.0285    0.456    1.3090211544    2.58333333333    4
27    1562290953.49    1562290954.67    1.17382097244    64    0.0234    1.4976    1.19722097244    4.19692460317    6
28    1562290953.58    1562290955.82    2.23107218742    256    0.6189    158.4384    2.84997218742    5.05471813725    7
29    1562290953.63    1562290955.82    2.18498778343    4    0.5956    2.3824    2.78058778343    1.5    2
30    1562290954.06    1562290958.08    4.01837611198    256    0.0057    1.4592    4.02407611198    5.0693627451    7
31    1562290954.24    1562290958.16    3.91233110428    64    0.0234    1.4976    3.93573110428    4.07291666667    6
32    1562290954.79    1562290958.24    3.44806003571    64    0.4167    26.6688    3.86476003571    3.92311507937    6
33    1562290954.93    1562290958.31    3.38430595398    64    0.4167    26.6688    3.80100595398    3.98015873016    6
34    1562290955.28    1562290958.38    3.09721398354    64    0.9446    60.4544    4.04181398354    4.14037698413    6
35    1562290955.49    1562290959.95    4.46227002144    256    0.6189    158.4384    5.08117002144    5.14463848039    7
36    1562290955.53    1562290961.85    6.31758093834    256    0.0057    1.4592    6.32328093834    5.05471813725    7
37    1562290955.69    1562290961.85    6.16715192795    16    0.0285    0.456    6.19565192795    2.58333333333    4
38    1562290956.08    1562290961.85    5.77056097984    4    0.0522    0.2088    5.82276097984    1.5    2
39    1562290956.55    1562290961.86    5.31419706345    16    0.4243    6.7888    5.73849706345    2.54166666667    4
40    1562290956.89    1562290961.93    5.03449606895    64    0.4167    26.6688    5.45119606895    3.92311507937    6
41    1562290957.1    1562290961.93    4.82941389084    16    0.0297    0.4752    4.85911389084    2.575    4
42    1562290957.14    1562290961.94    4.79439711571    16    0.0285    0.456    4.82289711571    2.58333333333    4
43    1562290957.41    1562290961.94    4.52312493324    4    0.6452    2.5808    5.16832493324    1.5    2
44    1562290957.52    1562290961.94    4.41921305656    4    0.0059    0.0236    4.42511305656    1.5    2
45    1562290957.59    1562290963.47    5.88114309311    256    0.0057    1.4592    5.88684309311    5.05471813725    7
46    1562290957.7    1562290963.47    5.76818990707    4    0.0284    0.1136    5.79658990707    1.5    2
47    1562290957.91    1562290965.12    7.21369695663    256    0.6189    158.4384    7.83259695663    5.06537990196    7
48    1562290958.08    1562290965.13    7.0484290123    4    0.0832    0.3328    7.1316290123    1.5    2
49    1562290958.14    1562290965.13    6.99531412125    16    0.7616    12.1856    7.75691412125    2.61666666667    4
50    1562290958.29    1562290965.14    6.84969210625    16    0.0429    0.6864    6.89259210625    2.66666666667    4
51    1562290958.64    1562290965.21    6.56722593307    64    0.0234    1.4976    6.59062593307    4.12003968254    6
52    1562290958.79    1562290965.21    6.42774200439    4    0.6452    2.5808    7.07294200439    1.5    2
53    1562290959.04    1562290965.21    6.17854714394    4    0.0522    0.2088    6.23074714394    1.5    2
54    1562290959.21    1562290965.21    6.00627112389    4    0.0284    0.1136    6.03467112389    1.5    2
55    1562290959.45    1562290965.22    5.77457690239    16    0.4243    6.7888    6.19887690239    2.63333333333    4
56    1562290959.7    1562290965.23    5.53003406525    16    0.0285    0.456    5.55853406525    2.7    4
57    1562290959.88    1562290965.31    5.42652988434    64    0.0234    1.4976    5.44992988434    4.10863095238    6
58    1562290960.58    1562290967.25    6.67203211784    256    0.8    204.8    7.47203211784    5.06387867647    7
59    1562290960.71    1562290967.26    6.54657196999    16    0.0285    0.456    6.57507196999    2.58333333333    4
60    1562290960.97    1562290967.26    6.29272198677    4    0.6452    2.5808    6.93792198677    1.5    2
61    1562290961.11    1562290967.26    6.15210914612    16    0.0285    0.456    6.18060914612    2.54166666667    4
62    1562290961.38    1562290969.49    8.10828614235    256    0.7528    192.7168    8.86108614235    5.06537990196    7
63    1562290961.52    1562290969.58    8.05954408646    64    0.4167    26.6688    8.47624408646    4.07291666667    6
64    1562290961.85    1562290971.59    9.74159693718    256    0.6189    158.4384    10.3604969372    5.05471813725    7
65    1562290962.05    1562290971.67    9.61608290672    64    0.6779    43.3856    10.2939829067    4.09970238095    6
66    1562290962.24    1562290971.74    9.49829602242    64    0.0055    0.352    9.50379602242    4.33978174603    6
67    1562290962.37    1562290973.51    11.1397149563    256    0.8    204.8    11.9397149563    5.06393995098    7
68    1562290962.62    1562290975.75    13.133988142    256    0.4221    108.0576    13.556088142    5.05471813725    7
69    1562290963.03    1562290975.82    12.7890868187    64    0.0234    1.4976    12.8124868187    4.09970238095    6
70    1562290963.19    1562290975.82    12.639359951    16    0.0098    0.1568    12.649159951    2.73333333333    4
71    1562290963.53    1562290975.83    12.3035778999    16    0.0098    0.1568    12.3133778999    2.625    4
72    1562290963.79    1562290975.83    12.0396811962    16    0.0285    0.456    12.0681811962    2.63333333333    4
73    1562290964.01    1562290975.84    11.8338718414    16    0.4243    6.7888    12.2581718414    2.58333333333    4
74    1562290964.18    1562290975.84    11.666793108    4    1.1283    4.5132    12.795093108    1.5    2
75    1562290964.36    1562290977.63    13.2712330818    256    0.6189    158.4384    13.8901330818    5.06731004902    7
76    1562290964.78    1562290977.71    12.9280459881    64    0.9446    60.4544    13.8726459881    4.07291666667    6
77    1562290965.01    1562290979.85    14.8398070335    256    0.4221    108.0576    15.2619070335    5.07518382353    7
78    1562290965.22    1562290979.92    14.6995379925    64    0.4167    26.6688    15.1162379925    4.03621031746    6
79    1562290965.29    1562290979.92    14.6339759827    4    0.6452    2.5808    15.2791759827    1.5    2
80    1562290965.39    1562290979.92    14.5308988094    4    0.0059    0.0236    14.5367988094    1.5    2
81    1562290965.71    1562290979.93    14.2190468311    16    0.0285    0.456    14.2475468311    2.63333333333    4
82    1562290966.06    1562290982.52    16.4536380768    256    0.4221    108.0576    16.8757380768    5.05471813725    7
83    1562290966.19    1562290982.52    16.3311879635    4    0.0284    0.1136    16.3595879635    1.5    2
84    1562290966.53    1562290982.52    15.9891209602    4    0.0284    0.1136    16.0175209602    1.5    2
85    1562290966.84    1562290982.59    15.7575209141    64    0.0125    0.8    15.7700209141    4.35466269841    6
86    1562290967.26    1562290982.59    15.333548069    4    0.6452    2.5808    15.978748069    1.5    2
87    1562290967.42    1562290982.59    15.1725618839    4    0.0284    0.1136    15.2009618839    1.5    2
88    1562290967.93    1562290982.59    14.6602580547    4    0.0522    0.2088    14.7124580547    1.5    2
89    1562290968.16    1562290984.25    16.0911309719    256    0.7528    192.7168    16.8439309719    5.06204044118    7
90    1562290968.35    1562290984.33    15.9893398285    64    0.4167    26.6688    16.4060398285    4.09176587302    6
91    1562290968.64    1562290984.4    15.7648131847    64    0.1855    11.872    15.9503131847    4.33978174603    6
92    1562290969.14    1562290984.41    15.2702620029    16    0.0297    0.4752    15.2999620029    2.68333333333    4
93    1562290969.58    1562290984.41    14.836479187    16    0.0285    0.456    14.864979187    2.68333333333    4
94    1562290970.12    1562290984.42    14.2973358631    16    0.0285    0.456    14.3258358631    2.73333333333    4
95    1562290970.35    1562290984.5    14.1473200321    64    0.9446    60.4544    15.0919200321    4.40426587302    6
96    1562290970.47    1562290984.5    14.0356831551    16    0.0285    0.456    14.0641831551    2.68333333333    4
97    1562290971.03    1562290984.57    13.5420670509    64    0.0125    0.8    13.5545670509    4.06001984127    6
98    1562290971.15    1562290984.57    13.4228608608    4    0.0832    0.3328    13.5060608608    1.5    2
99    1562290971.34    1562290984.58    13.2390949726    16    0.0098    0.1568    13.2488949726    2.54166666667    4
100    1562290971.59    1562290984.58    12.988090992    4    0.0284    0.1136    13.016490992    1.5    2
101    1562290971.97    1562290987.65    15.6806161404    256    0.0057    1.4592    15.6863161404    5.06470588235    7
102    1562290972.27    1562290987.66    15.3932831287    4    0.0284    0.1136    15.4216831287    1.5    2
103    1562290972.42    1562290987.67    15.250521183    16    0.0285    0.456    15.279021183    2.61666666667    4
104    1562290972.45    1562290988.74    16.2914578915    256    0.8    204.8    17.0914578915    5.05471813725    7
105    1562290972.67    1562290990.82    18.149315834    256    0.4221    108.0576    18.571415834    5.05471813725    7
106    1562290972.69    1562290990.89    18.2000639439    64    0.0055    0.352    18.2055639439    4.09970238095    6
107    1562290972.89    1562290990.97    18.0717658997    64    0.6779    43.3856    18.7496658997    4.33978174603    6
108    1562290973.13    1562290990.97    17.8355817795    4    0.5956    2.3824    18.4311817795    1.5    2
109    1562290973.76    1562290990.97    17.2067079544    4    0.0522    0.2088    17.2589079544    1.5    2
110    1562290974.32    1562290990.97    16.644299984    4    0.5956    2.3824    17.239899984    1.5    2
111    1562290974.64    1562290990.97    16.3289749622    4    0.0522    0.2088    16.3811749622    1.5    2
112    1562290975.75    1562290991.04    15.292481184    64    0.0234    1.4976    15.315881184    4.11954365079    6
113    1562290975.99    1562290991.04    15.0499560833    4    0.0832    0.3328    15.1331560833    1.5    2
114    1562290976.4    1562290992.49    16.0968019962    256    0.4221    108.0576    16.5189019962    5.05471813725    7
115    1562290976.48    1562290992.49    16.0169999599    4    0.5956    2.3824    16.6125999599    1.5    2
116    1562290976.81    1562290992.57    15.7644529343    64    0.0125    0.8    15.7769529343    4.16865079365    6
117    1562290976.98    1562290992.57    15.5888879299    4    0.0522    0.2088    15.6410879299    1.5    2
118    1562290977.14    1562290994.22    17.076292038    256    0.0057    1.4592    17.081992038    5.06348039216    7
119    1562290977.29    1562290994.22    16.9311380386    16    0.0297    0.4752    16.9608380386    2.58333333333    4
120    1562290977.61    1562290994.3    16.6941940784    64    0.0234    1.4976    16.7175940784    4.20238095238    6
121    1562290978.06    1562290994.31    16.2455298901    16    0.0429    0.6864    16.2884298901    2.58333333333    4
122    1562290978.52    1562290994.39    15.8649170399    64    0.0125    0.8    15.8774170399    4.03472222222    6
123    1562290978.91    1562290994.39    15.480741024    16    0.0098    0.1568    15.490541024    2.58333333333    4
124    1562290979.04    1562290994.4    15.3595001698    16    0.0429    0.6864    15.4024001698    2.58333333333    4
125    1562290979.63    1562290994.4    14.7701458931    4    0.0059    0.0236    14.7760458931    1.5    2
126    1562290979.8    1562290994.48    14.681180954    64    0.9446    60.4544    15.625780954    4.0193452381    6
127    1562290980.25    1562290994.55    14.2989809513    64    0.4167    26.6688    14.7156809513    3.96974206349    6
128    1562290980.47    1562290994.55    14.080835104    4    0.0284    0.1136    14.109235104    1.5    2
129    1562290980.73    1562290994.63    13.9001011848    64    0.6779    43.3856    14.5780011848    4.12797619048    6
130    1562290981.1    1562290994.63    13.5308771133    4    0.0284    0.1136    13.5592771133    1.5    2
131    1562290981.76    1562290994.63    12.8767261505    16    0.0098    0.1568    12.8865261505    2.58333333333    4
132    1562290982.34    1562290994.64    12.3040790558    16    0.7616    12.1856    13.0656790558    2.58333333333    4
133    1562290982.52    1562290994.64    12.1286258698    16    0.7616    12.1856    12.8902258698    2.58333333333    4
134    1562290982.57    1562290994.65    12.0799179077    16    0.0297    0.4752    12.1096179077    2.58333333333    4
135    1562290982.64    1562290994.66    12.0147650242    16    0.0297    0.4752    12.0444650242    2.58333333333    4
136    1562290982.97    1562290994.66    11.6897161007    16    0.4243    6.7888    12.1140161007    2.55833333333    4
137    1562290983.24    1562290996.52    13.2789080143    256    0.4221    108.0576    13.7010080143    5.10456495098    7
138    1562290983.37    1562290998.25    14.8804860115    256    0.0057    1.4592    14.8861860115    5.05471813725    7
139    1562290983.75    1562290998.25    14.5042741299    4    0.5956    2.3824    15.0998741299    1.5    2
140    1562290984.01    1562290998.33    14.3173618317    64    0.0055    0.352    14.3228618317    4.16865079365    6
141    1562290984.1    1562290998.33    14.2358491421    4    0.0059    0.0236    14.2417491421    1.5    2
142    1562290984.31    1562290999.46    15.1576778889    256    0.6189    158.4384    15.7765778889    5.05471813725    7
143    1562290984.87    1562291001.64    16.7663760185    256    0.0177    4.5312    16.7840760185    5.05471813725    7
144    1562290985.02    1562291001.65    16.6206111908    16    0.7616    12.1856    17.3822111908    2.58333333333    4
145    1562290985.16    1562291003.13    17.9647750854    256    0.7528    192.7168    18.7175750854    5.05471813725    7
146    1562290985.69    1562291003.13    17.437016964    4    0.0522    0.2088    17.489216964    1.5    2
147    1562290986.48    1562291005.23    18.7502920628    256    0.8    204.8    19.5502920628    5.05471813725    7
148    1562290986.59    1562291005.24    18.6484088898    16    0.8805    14.088    19.5289088898    2.58333333333    4
149    1562290986.71    1562291007.55    20.8419089317    256    0.6189    158.4384    21.4608089317    5.06078431373    7
150    1562290987.2    1562291009.54    22.3387451172    256    0.7528    192.7168    23.0915451172    5.07411151961    7
151    1562290987.24    1562291011.87    24.6365990639    256    0.7528    192.7168    25.3893990639    5.06360294118    7
152    1562290987.66    1562291011.88    24.2239010334    16    0.0285    0.456    24.2524010334    2.58333333333    4
153    1562290987.84    1562291014.2    26.3534691334    256    0.0177    4.5312    26.3711691334    5.05471813725    7
154    1562290988.27    1562291014.2    25.9373090267    16    0.0429    0.6864    25.9802090267    2.58333333333    4
155    1562290988.59    1562291014.28    25.6930069923    64    0.0055    0.352    25.6985069923    4.19692460317    6
156    1562290989.09    1562291014.29    25.1959030628    16    0.0429    0.6864    25.2388030628    2.58333333333    4
157    1562290989.56    1562291014.3    24.7353789806    16    0.7616    12.1856    25.4969789806    2.575    4
158    1562290989.7    1562291014.37    24.6724009514    64    0.0234    1.4976    24.6958009514    4.06547619048    6
159    1562290989.79    1562291014.45    24.6548779011    64    0.6779    43.3856    25.3327779011    3.99950396825    6
160    1562290989.99    1562291014.45    24.460793972    4    0.0832    0.3328    24.543993972    1.5    2
161    1562290990.43    1562291014.51    24.0857698917    64    0.6779    43.3856    24.7636698917    4.04613095238    6
162    1562290990.49    1562291014.51    24.02196908    4    0.0522    0.2088    24.07416908    1.5    2
163    1562290990.97    1562291016.49    25.5204539299    256    0.0177    4.5312    25.5381539299    5.12791053922    7
164    1562290991.04    1562291016.49    25.456346035    16    0.0098    0.1568    25.466146035    2.58333333333    4
165    1562290991.15    1562291016.49    25.3417639732    4    0.0832    0.3328    25.4249639732    1.5    2
166    1562290991.3    1562291016.5    25.1997480392    16    0.4243    6.7888    25.6240480392    2.6    4
167    1562290991.48    1562291016.5    25.0251181126    16    0.0285    0.456    25.0536181126    2.58333333333    4
168    1562290991.59    1562291016.5    24.9167470932    4    0.5956    2.3824    25.5123470932    1.5    2
169    1562290992.01    1562291016.5    24.4930820465    4    0.0059    0.0236    24.4989820465    1.5    2
170    1562290992.12    1562291016.59    24.4708499908    64    0.0234    1.4976    24.4942499908    4.10863095238    6
171    1562290992.29    1562291017.85    25.5551309586    256    0.7528    192.7168    26.3079309586    5.0696997549    7
172    1562290992.57    1562291017.85    25.2794718742    4    0.0059    0.0236    25.2853718742    1.5    2
173    1562290992.67    1562291017.93    25.2612528801    64    0.4167    26.6688    25.6779528801    4.16865079365    6
174    1562290992.91    1562291017.93    25.0231218338    16    0.0098    0.1568    25.0329218338    2.63333333333    4
175    1562290992.98    1562291019.98    27.0021090508    256    0.8    204.8    27.8021090508    5.05471813725    7
176    1562290993.08    1562291019.99    26.9059488773    16    0.7616    12.1856    27.6675488773    2.58333333333    4
177    1562290993.76    1562291022.16    28.3993599415    256    0.7528    192.7168    29.1521599415    5.05471813725    7
178    1562290993.96    1562291022.23    28.2713618279    64    0.0234    1.4976    28.2947618279    4.09970238095    6
179    1562290994.04    1562291022.31    28.2714469433    64    0.1855    11.872    28.4569469433    4.33978174603    6
180    1562290994.17    1562291022.31    28.14833498    16    0.7616    12.1856    28.90993498    2.58333333333    4
181    1562290994.38    1562291022.31    27.931445837    4    0.0522    0.2088    27.983645837    1.5    2
182    1562290994.61    1562291022.32    27.7039539814    4    0.0832    0.3328    27.7871539814    1.5    2
183    1562290994.79    1562291022.32    27.5231640339    4    1.1283    4.5132    28.6514640339    1.5    2
184    1562290995.33    1562291024.23    28.8998889923    256    0.0177    4.5312    28.9175889923    5.05471813725    7
185    1562290995.51    1562291024.23    28.7214260101    4    0.0522    0.2088    28.7736260101    1.5    2
186    1562290995.63    1562291024.23    28.6063420773    16    0.0297    0.4752    28.6360420773    2.61666666667    4
187    1562290996.2    1562291024.24    28.0365080833    16    0.0098    0.1568    28.0463080833    2.66666666667    4
188    1562290996.32    1562291024.31    27.9889059067    64    0.1855    11.872    28.1744059067    4.15426587302    6
189    1562290996.79    1562291024.45    27.6593840122    64    0.0234    1.4976    27.6827840122    3.92311507937    6
190    1562290997.04    1562291024.52    27.4854369164    64    0.4167    26.6688    27.9021369164    4.01736111111    6
191    1562290997.38    1562291024.52    27.1428458691    4    0.5956    2.3824    27.7384458691    1.5    2
192    1562290997.51    1562291026.36    28.8484380245    256    0.0177    4.5312    28.8661380245    5.05471813725    7
193    1562290997.77    1562291026.44    28.6714890003    64    0.0055    0.352    28.6769890003    4.09970238095    6
194    1562290997.93    1562291026.52    28.5806901455    64    0.9446    60.4544    29.5252901455    3.92311507937    6
195    1562290998.29    1562291026.52    28.2226281166    4    0.5956    2.3824    28.8182281166    1.5    2
196    1562290998.41    1562291026.52    28.1029100418    4    0.0522    0.2088    28.1551100418    1.5    2
197    1562290998.74    1562291027.77    29.0311238766    256    0.0057    1.4592    29.0368238766    5.01280637255    7
198    1562290999.1    1562291027.77    28.6656219959    4    0.6452    2.5808    29.3108219959    1.5    2
199    1562290999.33    1562291027.77    28.4449880123    4    0.0284    0.1136    28.4733880123    1.5    2
200    1562291000.09    1562291029.52    29.4351420403    256    0.4221    108.0576    29.8572420403    5.05471813725    7
201    1562291000.35    1562291031.45    31.1068310738    256    0.0057    1.4592    31.1125310738    5.06357230392    7
202    1562291001.13    1562291031.46    30.3269340992    4    0.0059    0.0236    30.3328340992    1.5    2
203    1562291001.27    1562291031.46    30.1902310848    4    0.0832    0.3328    30.2734310848    1.5    2
204    1562291001.64    1562291032.9    31.2606139183    256    0.0177    4.5312    31.2783139183    5.05471813725    7
205    1562291001.74    1562291032.91    31.1680710316    16    0.0297    0.4752    31.1977710316    2.58333333333    4
206    1562291001.92    1562291032.91    30.9937551022    16    0.0429    0.6864    31.0366551022    2.61666666667    4
207    1562291002.02    1562291032.91    30.8931632042    4    0.6452    2.5808    31.5383632042    1.5    2
208    1562291002.23    1562291032.91    30.6805551052    4    1.1283    4.5132    31.8088551052    1.5    2
209    1562291002.38    1562291032.91    30.5317490101    4    1.1283    4.5132    31.6600490101    1.5    2
210    1562291002.59    1562291032.92    30.3328819275    16    0.8805    14.088    31.2133819275    2.68333333333    4
211    1562291002.7    1562291034.88    32.1731338501    256    0.0177    4.5312    32.1908338501    5.0693627451    7
212    1562291003.1    1562291034.95    31.8508181572    64    0.1855    11.872    32.0363181572    4.07291666667    6
213    1562291003.76    1562291035.02    31.2592229843    64    0.0055    0.352    31.2647229843    3.92311507937    6
214    1562291003.96    1562291035.09    31.1331000328    64    0.0234    1.4976    31.1565000328    4.13492063492    6
215    1562291004.15    1562291035.1    30.9510519505    16    0.0297    0.4752    30.9807519505    2.58333333333    4
216    1562291004.44    1562291035.1    30.653398037    4    0.6452    2.5808    31.298598037    1.5    2
217    1562291004.8    1562291035.1    30.3077318668    16    0.4243    6.7888    30.7320318668    2.65    4
218    1562291005.15    1562291036.57    31.4216609001    256    0.6189    158.4384    32.0405609001    5.11605392157    7
219    1562291005.87    1562291036.57    30.7009339333    16    0.4243    6.7888    31.1252339333    2.575    4
220    1562291006.45    1562291036.58    30.1247489452    16    0.7616    12.1856    30.8863489452    2.58333333333    4
221    1562291006.48    1562291038.85    32.371532917    256    0.8    204.8    33.171532917    5.05848651961    7
222    1562291007.08    1562291041.14    34.0583560467    256    0.8    204.8    34.8583560467    5.06930147059    7
223    1562291007.88    1562291041.14    33.2662551403    4    0.0059    0.0236    33.2721551403    1.5    2
224    1562291008.2    1562291041.15    32.9531681538    16    0.0297    0.4752    32.9828681538    2.68333333333    4
225    1562291008.4    1562291041.16    32.7509748936    16    0.7616    12.1856    33.5125748936    2.68333333333    4
226    1562291008.48    1562291041.16    32.6833331585    16    0.0429    0.6864    32.7262331585    2.58333333333    4
227    1562291008.63    1562291041.16    32.5334291458    4    0.0522    0.2088    32.5856291458    1.5    2
228    1562291008.99    1562291041.25    32.2569899559    64    0.0125    0.8    32.2694899559    3.92361111111    6
229    1562291009.28    1562291041.33    32.042855978    64    0.0055    0.352    32.048355978    4.10763888889    6
230    1562291009.45    1562291043.62    34.1628661156    256    0.4221    108.0576    34.5849661156    5.13854166667    7
231    1562291009.74    1562291043.62    33.8868658543    16    0.0297    0.4752    33.9165658543    2.58333333333    4
232    1562291010.35    1562291043.63    33.2769899368    16    0.8805    14.088    34.1574899368    2.61666666667    4
233    1562291010.66    1562291043.63    32.9677779675    4    0.0522    0.2088    33.0199779675    1.5    2
234    1562291010.84    1562291043.71    32.8695909977    64    0.9446    60.4544    33.8141909977    3.92658730159    6
235    1562291011.04    1562291043.71    32.669121027    4    0.0522    0.2088    32.721321027    1.5    2
236    1562291011.31    1562291043.71    32.4005079269    16    0.0098    0.1568    32.4103079269    2.61666666667    4
237    1562291011.41    1562291043.8    32.3837020397    64    0.1855    11.872    32.5692020397    4.26041666667    6
238    1562291011.66    1562291043.8    32.1403689384    16    0.7616    12.1856    32.9019689384    2.63333333333    4
239    1562291011.75    1562291043.87    32.1144311428    64    0.1855    11.872    32.2999311428    4.19593253968    6
240    1562291011.87    1562291046.67    34.7966380119    256    0.8    204.8    35.5966380119    5.05471813725    7
241    1562291011.99    1562291049.24    37.2532229424    256    0.0177    4.5312    37.2709229424    5.06994485294    7
242    1562291012.66    1562291049.24    36.5766830444    4    0.0059    0.0236    36.5825830444    1.5    2
243    1562291013.18    1562291049.24    36.0586190224    4    0.6452    2.5808    36.7038190224    1.5    2
244    1562291013.58    1562291049.24    35.6633360386    4    1.1283    4.5132    36.7916360386    1.5    2
245    1562291013.97    1562291049.25    35.2789568901    16    0.8805    14.088    36.1594568901    2.54166666667    4
246    1562291014.34    1562291049.33    34.9866919518    64    0.6779    43.3856    35.6645919518    4.11061507937    6
247    1562291014.44    1562291049.33    34.890034914    16    0.8805    14.088    35.770534914    2.58333333333    4
248    1562291014.79    1562291051.69    36.8988239765    256    0.6189    158.4384    37.5177239765    5.05533088235    7
249    1562291015.12    1562291051.76    36.6431319714    64    0.4167    26.6688    37.0598319714    4.11359126984    6
250    1562291015.52    1562291051.84    36.3161990643    64    0.0055    0.352    36.3216990643    4.29464285714    6
251    1562291015.76    1562291053.47    37.712957859    256    0.8    204.8    38.512957859    5.11819852941    7
252    1562291015.91    1562291053.47    37.5595371723    4    0.0059    0.0236    37.5654371723    1.5    2
253    1562291016.05    1562291055.42    39.3663401604    256    0.6189    158.4384    39.9852401604    5.05471813725    7
254    1562291016.14    1562291055.42    39.2763130665    4    0.0522    0.2088    39.3285130665    1.5    2
255    1562291016.44    1562291055.42    38.9823489189    4    0.0059    0.0236    38.9882489189    1.5    2
256    1562291016.49    1562291055.42    38.937857151    16    0.8805    14.088    39.818357151    2.66666666667    4
257    1562291016.82    1562291055.43    38.6086220741    16    0.0098    0.1568    38.6184220741    2.54166666667    4
258    1562291017.0    1562291055.44    38.4353678226    16    0.0098    0.1568    38.4451678226    2.625    4
259    1562291017.31    1562291055.44    38.1336021423    16    0.0297    0.4752    38.1633021423    2.58333333333    4
260    1562291017.71    1562291055.44    37.7327589989    4    0.0284    0.1136    37.7611589989    1.5    2
261    1562291018.09    1562291055.44    37.3532810211    4    0.0522    0.2088    37.4054810211    1.5    2
262    1562291018.33    1562291055.44    37.1123220921    4    0.0284    0.1136    37.1407220921    1.5    2
263    1562291018.38    1562291055.44    37.0605890751    4    1.1283    4.5132    38.1888890751    1.5    2
264    1562291018.67    1562291055.44    36.7778589725    4    0.0284    0.1136    36.8062589725    1.5    2
265    1562291018.87    1562291055.45    36.5735471249    4    1.1283    4.5132    37.7018471249    1.5    2
266    1562291019.36    1562291055.45    36.0863108635    4    0.0059    0.0236    36.0922108635    1.5    2
267    1562291019.64    1562291055.45    35.8137950897    16    0.0429    0.6864    35.8566950897    2.7    4
268    1562291019.77    1562291055.46    35.6851828098    16    0.8805    14.088    36.5656828098    2.58333333333    4
269    1562291020.53    1562291055.46    34.9300291538    4    0.5956    2.3824    35.5256291538    1.5    2
270    1562291020.94    1562291055.54    34.5993728638    64    0.4167    26.6688    35.0160728638    4.21577380952    6
271    1562291021.08    1562291055.54    34.4595570564    4    1.1283    4.5132    35.5878570564    1.5    2
272    1562291021.77    1562291058.3    36.5296919346    256    0.4221    108.0576    36.9517919346    5.05471813725    7
273    1562291022.0    1562291058.3    36.2954859734    4    0.0284    0.1136    36.3238859734    1.5    2
274    1562291022.59    1562291058.3    35.7120361328    4    0.6452    2.5808    36.3572361328    1.5    2
275    1562291022.85    1562291058.3    35.4496002197    4    0.0284    0.1136    35.4780002197    1.5    2
276    1562291023.71    1562291058.3    34.590471983    4    0.5956    2.3824    35.186071983    1.5    2
277    1562291023.82    1562291058.37    34.5531890392    64    0.0125    0.8    34.5656890392    3.91319444444    6
278    1562291024.07    1562291060.01    35.9385950565    256    0.4221    108.0576    36.3606950565    5.05471813725    7
279    1562291025.64    1562291060.07    34.436205864    64    0.6779    43.3856    35.114105864    4.09970238095    6
280    1562291026.08    1562291061.91    35.8235569    256    0.7528    192.7168    36.5763569    5.05808823529    7
281    1562291026.19    1562291061.98    35.787142992    64    0.0125    0.8    35.799642992    4.07192460317    6
282    1562291026.3    1562291061.98    35.6766431332    4    0.0522    0.2088    35.7288431332    1.5    2
283    1562291026.52    1562291061.98    35.4664530754    4    0.0284    0.1136    35.4948530754    1.5    2
284    1562291026.93    1562291061.99    35.0522549152    16    0.7616    12.1856    35.8138549152    2.63333333333    4
285    1562291027.12    1562291064.42    37.2929491997    256    0.0057    1.4592    37.2986491997    5.06400122549    7
286    1562291027.32    1562291064.42    37.1029670238    4    0.0284    0.1136    37.1313670238    1.5    2
287    1562291027.55    1562291066.1    38.5462350845    256    0.0177    4.5312    38.5639350845    5.09154411765    7
288    1562291027.74    1562291067.29    39.5436139107    256    0.0057    1.4592    39.5493139107    5.05471813725    7
289    1562291027.89    1562291068.75    40.862981081    256    0.0177    4.5312    40.880681081    5.05471813725    7
290    1562291028.32    1562291068.76    40.441808939    16    0.0285    0.456    40.470308939    2.58333333333    4
291    1562291028.43    1562291070.24    41.8051798344    256    0.7528    192.7168    42.5579798344    5.06954656863    7
292    1562291028.75    1562291070.24    41.4874060154    4    0.0522    0.2088    41.5396060154    1.5    2
293    1562291028.86    1562291070.24    41.3787891865    4    0.0832    0.3328    41.4619891865    1.5    2
294    1562291029.42    1562291072.5    43.0824248791    256    0.0057    1.4592    43.0881248791    5.05471813725    7
295    1562291030.05    1562291072.51    42.4577701092    16    0.0098    0.1568    42.4675701092    2.58333333333    4
296    1562291030.27    1562291072.51    42.2461700439    16    0.0098    0.1568    42.2559700439    2.61666666667    4
297    1562291030.54    1562291073.62    43.0729570389    256    0.4221    108.0576    43.4950570389    5.05471813725    7
298    1562291031.05    1562291073.62    42.5672221184    4    0.5956    2.3824    43.1628221184    1.5    2
299    1562291031.36    1562291073.62    42.2616798878    16    0.8805    14.088    43.1421798878    2.61666666667    4
300    1562291031.79    1562291073.62    41.8317530155    4    0.0059    0.0236    41.8376530155    1.5    2
301    1562291031.95    1562291073.63    41.6787550449    4    0.0522    0.2088    41.7309550449    1.5    2
302    1562291032.65    1562291073.63    40.9753410816    16    0.0297    0.4752    41.0050410816    2.58333333333    4
303    1562291033.38    1562291073.64    40.2550079823    16    0.8805    14.088    41.1355079823    2.58333333333    4
304    1562291033.65    1562291076.35    42.6951069832    256    0.4221    108.0576    43.1172069832    5.0722120098    7
305    1562291033.78    1562291076.35    42.5711810589    16    0.0297    0.4752    42.6008810589    2.58333333333    4
306    1562291033.96    1562291078.41    44.44069314    256    0.7528    192.7168    45.19349314    5.05471813725    7
307    1562291034.55    1562291078.41    43.8539729118    4    0.0059    0.0236    43.8598729118    1.5    2
308    1562291034.84    1562291078.41    43.5702869892    4    0.0522    0.2088    43.6224869892    1.5    2
309    1562291034.95    1562291078.49    43.5396811962    64    0.9446    60.4544    44.4842811962    4.35466269841    6
310    1562291035.3    1562291078.5    43.1986160278    16    0.8805    14.088    44.0791160278    2.65    4
311    1562291035.55    1562291078.5    42.9517128468    4    0.0832    0.3328    43.0349128468    1.5    2
312    1562291035.84    1562291078.51    42.6684169769    16    0.7616    12.1856    43.4300169769    2.54166666667    4
313    1562291036.01    1562291081.92    45.9145979881    256    0.0177    4.5312    45.9322979881    5.06348039216    7
314    1562291036.28    1562291081.93    45.6511070728    16    0.0098    0.1568    45.6609070728    2.58333333333    4
315    1562291036.57    1562291083.63    47.0647468567    256    0.6189    158.4384    47.6836468567    5.05471813725    7
316    1562291036.77    1562291085.81    49.0440180302    256    0.6189    158.4384    49.6629180302    5.07169117647    7
317    1562291037.12    1562291087.8    50.6852900982    256    0.4221    108.0576    51.1073900982    5.05471813725    7
318    1562291037.31    1562291087.81    50.4962260723    4    0.0284    0.1136    50.5246260723    1.5    2
319    1562291037.75    1562291087.81    50.0570590496    16    0.0297    0.4752    50.0867590496    2.61666666667    4
320    1562291038.1    1562291089.64    51.5457999706    256    0.6189    158.4384    52.1646999706    5.05471813725    7
321    1562291038.42    1562291089.64    51.2250730991    4    1.1283    4.5132    52.3533730991    1.5    2
322    1562291038.77    1562291089.65    50.8803281784    16    0.0297    0.4752    50.9100281784    2.61666666667    4
323    1562291039.07    1562291089.73    50.6635599136    64    0.0234    1.4976    50.6869599136    4.35466269841    6
324    1562291039.35    1562291089.73    50.3860180378    4    0.6452    2.5808    51.0312180378    1.5    2
325    1562291039.74    1562291089.81    50.0720908642    64    0.1855    11.872    50.2575908642    4.07787698413    6
326    1562291039.86    1562291089.81    49.9578928947    16    0.4243    6.7888    50.3821928947    2.66666666667    4
327    1562291040.24    1562291091.77    51.5285201073    256    0.7528    192.7168    52.2813201073    5.05471813725    7
328    1562291040.89    1562291091.77    50.8782401085    4    0.0284    0.1136    50.9066401085    1.5    2
329    1562291041.14    1562291091.84    50.7009510994    64    0.6779    43.3856    51.3788510994    4.16865079365    6
330    1562291041.19    1562291091.85    50.6634380817    16    0.0098    0.1568    50.6732380817    2.63333333333    4
331    1562291041.25    1562291091.86    50.6083779335    16    0.8805    14.088    51.4888779335    2.63333333333    4
332    1562291041.29    1562291091.86    50.5733458996    16    0.4243    6.7888    50.9976458996    2.68333333333    4
333    1562291041.49    1562291091.86    50.3676819801    4    0.5956    2.3824    50.9632819801    1.5    2
334    1562291041.92    1562291091.87    49.9508681297    16    0.8805    14.088    50.8313681297    2.63333333333    4
335    1562291042.37    1562291091.87    49.5006129742    16    0.4243    6.7888    49.9249129742    2.68333333333    4
336    1562291042.81    1562291091.88    49.0693359375    16    0.7616    12.1856    49.8309359375    2.7    4
337    1562291042.99    1562291091.88    48.8887450695    4    0.0059    0.0236    48.8946450695    1.5    2
338    1562291043.54    1562291091.88    48.3424270153    4    0.0059    0.0236    48.3483270153    1.5    2
339    1562291044.01    1562291091.88    47.8693780899    4    0.6452    2.5808    48.5145780899    1.5    2
340    1562291044.21    1562291091.89    47.6767520905    16    0.0098    0.1568    47.6865520905    2.61666666667    4
341    1562291044.39    1562291091.89    47.5028698444    4    0.0059    0.0236    47.5087698444    1.5    2
342    1562291044.83    1562291091.89    47.0623130798    4    0.0832    0.3328    47.1455130798    1.5    2
343    1562291045.2    1562291091.97    46.7639300823    64    0.6779    43.3856    47.4418300823    4.40625    6
344    1562291045.44    1562291091.97    46.5318799019    16    0.7616    12.1856    47.2934799019    2.64166666667    4
345    1562291045.61    1562291091.97    46.3640398979    4    0.0522    0.2088    46.4162398979    1.5    2
346    1562291045.81    1562291091.97    46.1641359329    4    0.0284    0.1136    46.1925359329    1.5    2
347    1562291046.32    1562291091.98    45.6637101173    16    0.7616    12.1856    46.4253101173    2.7    4
348    1562291046.55    1562291092.06    45.5170459747    64    0.0055    0.352    45.5225459747    4.2996031746    6
349    1562291047.24    1562291092.06    44.8239910603    4    1.1283    4.5132    45.9522910603    1.5    2
350    1562291047.74    1562291093.36    45.626283884    256    0.7528    192.7168    46.379083884    5.67711397059    7
351    1562291048.18    1562291093.37    45.1844780445    4    0.5956    2.3824    45.7800780445    1.5    2
352    1562291048.37    1562291095.13    46.7631249428    256    0.6189    158.4384    47.3820249428    5.05471813725    7
353    1562291048.95    1562291097.14    48.1884851456    256    0.6189    158.4384    48.8073851456    5.04684436275    7
354    1562291049.11    1562291097.14    48.0327351093    16    0.0429    0.6864    48.0756351093    2.58333333333    4
355    1562291049.73    1562291098.99    49.2623550892    256    0.8    204.8    50.0623550892    5.05471813725    7
356    1562291050.09    1562291098.99    48.905092001    4    0.0522    0.2088    48.957292001    1.5    2
357    1562291050.53    1562291099.06    48.5323691368    64    0.6779    43.3856    49.2102691368    4.16865079365    6
358    1562291051.26    1562291101.36    50.1001060009    256    0.0057    1.4592    50.1058060009    5.05471813725    7
359    1562291051.57    1562291101.36    49.7933130264    4    0.5956    2.3824    50.3889130264    1.5    2
360    1562291051.76    1562291101.37    49.6051020622    16    0.7616    12.1856    50.3667020622    2.61666666667    4
361    1562291051.88    1562291101.37    49.4814429283    4    0.0059    0.0236    49.4873429283    1.5    2
362    1562291052.2    1562291101.45    49.2452840805    64    0.4167    26.6688    49.6619840805    4.15426587302    6
363    1562291052.44    1562291101.45    49.0096738338    16    0.0285    0.456    49.0381738338    2.58333333333    4
364    1562291052.92    1562291101.45    48.5307359695    4    0.0522    0.2088    48.5829359695    1.5    2
365    1562291053.23    1562291101.45    48.2225809097    4    0.0059    0.0236    48.2284809097    1.5    2
366    1562291053.37    1562291101.54    48.1625478268    64    0.0125    0.8    48.1750478268    4.03472222222    6
367    1562291053.87    1562291102.65    48.7856380939    256    0.4221    108.0576    49.2077380939    5.1243872549    7
368    1562291054.02    1562291102.66    48.6421051025    16    0.0098    0.1568    48.6519051025    2.58333333333    4
369    1562291054.2    1562291102.67    48.4677438736    16    0.8805    14.088    49.3482438736    2.65    4
370    1562291054.34    1562291102.67    48.3263120651    4    0.0832    0.3328    48.4095120651    1.5    2
371    1562291054.57    1562291104.52    49.9422748089    256    0.0057    1.4592    49.9479748089    5.05597426471    7
372    1562291054.93    1562291104.52    49.5959639549    16    0.4243    6.7888    50.0202639549    2.58333333333    4
373    1562291055.01    1562291104.52    49.5104749203    4    1.1283    4.5132    50.6387749203    1.5    2
374    1562291055.16    1562291104.6    49.4394981861    64    0.6779    43.3856    50.1173981861    3.92311507937    6
375    1562291056.39    1562291104.61    48.2199230194    16    0.7616    12.1856    48.9815230194    2.575    4
376    1562291056.75    1562291104.67    47.9165599346    64    0.1855    11.872    48.1020599346    4.12797619048    6
377    1562291057.08    1562291104.67    47.5893490314    4    0.0284    0.1136    47.6177490314    1.5    2
378    1562291057.71    1562291104.76    47.0479979515    64    0.0055    0.352    47.0534979515    4.11408730159    6
379    1562291057.96    1562291104.76    46.8035449982    16    0.8805    14.088    47.6840449982    2.56666666667    4
380    1562291058.3    1562291104.84    46.5450479984    64    0.1855    11.872    46.7305479984    3.92212301587    6
381    1562291058.85    1562291104.84    45.9907941818    4    0.0284    0.1136    46.0191941818    1.5    2
382    1562291059.14    1562291104.91    45.7777678967    64    0.6779    43.3856    46.4556678967    4.13244047619    6
383    1562291059.4    1562291104.92    45.516505003    4    0.0284    0.1136    45.544905003    1.5    2
384    1562291059.53    1562291104.99    45.4523131847    64    0.4167    26.6688    45.8690131847    4.13442460317    6
385    1562291059.76    1562291104.99    45.2336950302    16    0.0297    0.4752    45.2633950302    2.63333333333    4
386    1562291060.01    1562291105.07    45.0630440712    64    0.0125    0.8    45.0755440712    4.12450396825    6
387    1562291060.53    1562291105.08    44.5427029133    16    0.0098    0.1568    44.5525029133    2.63333333333    4
388    1562291061.05    1562291105.08    44.0316720009    16    0.4243    6.7888    44.4559720009    2.58333333333    4
389    1562291061.26    1562291106.71    45.4499390125    256    0.0177    4.5312    45.4676390125    5.21078431373    7
390    1562291061.62    1562291106.71    45.0883760452    4    1.1283    4.5132    46.2166760452    1.5    2
391    1562291061.81    1562291106.71    44.9051148891    4    0.5956    2.3824    45.5007148891    1.5    2
392    1562291061.98    1562291106.72    44.7356829643    16    0.8805    14.088    45.6161829643    2.49166666667    4
393    1562291062.18    1562291106.79    44.6041810513    64    0.9446    60.4544    45.5487810513    4.04563492063    6
394    1562291062.59    1562291106.79    44.2036991119    4    0.5956    2.3824    44.7992991119    1.5    2
395    1562291062.75    1562291106.8    44.0531699657    16    0.7616    12.1856    44.8147699657    2.63333333333    4
396    1562291063.0    1562291106.87    43.8682398796    64    0.0055    0.352    43.8737398796    4.07341269841    6
397    1562291063.28    1562291106.87    43.5911090374    16    0.7616    12.1856    44.3527090374    2.56666666667    4
398    1562291063.55    1562291106.88    43.3254239559    16    0.8805    14.088    44.2059239559    2.58333333333    4
399    1562291064.26    1562291106.88    42.6186029911    4    0.0059    0.0236    42.6245029911    1.5    2
400    1562291064.61    1562291106.89    42.2775068283    16    0.0098    0.1568    42.2873068283    2.7    4
401    1562291064.89    1562291108.89    43.9996979237    256    0.4221    108.0576    44.4217979237    5.12368259804    7
402    1562291065.34    1562291108.9    43.5620751381    16    0.0285    0.456    43.5905751381    2.575    4
403    1562291065.66    1562291108.97    43.3105299473    64    0.1855    11.872    43.4960299473    4.13740079365    6
404    1562291065.95    1562291108.98    43.0336408615    16    0.0098    0.1568    43.0434408615    2.575    4
405    1562291066.1    1562291110.89    44.793544054    256    0.6189    158.4384    45.412444054    5.0534620098    7
406    1562291066.44    1562291110.89    44.4557580948    4    0.0284    0.1136    44.4841580948    1.5    2
407    1562291066.61    1562291113.02    46.4074790478    256    0.0057    1.4592    46.4131790478    5.05471813725    7
408    1562291067.1    1562291113.1    46.001404047    64    0.0055    0.352    46.006904047    4.09970238095    6
409    1562291067.26    1562291113.19    45.9247338772    64    0.0234    1.4976    45.9481338772    3.92311507937    6
410    1562291067.36    1562291114.47    47.1168489456    256    0.0057    1.4592    47.1225489456    4.99794730392    7
411    1562291067.55    1562291114.55    46.9963870049    64    0.0055    0.352    47.0018870049    4.0753968254    6
412    1562291067.66    1562291114.56    46.8984949589    16    0.0285    0.456    46.9269949589    2.575    4
413    1562291067.83    1562291114.56    46.7310268879    4    0.0284    0.1136    46.7594268879    1.5    2
414    1562291068.14    1562291115.97    47.8397519588    256    0.4221    108.0576    48.2618519588    5.06200980392    7
415    1562291068.61    1562291116.04    47.436565876    64    0.1855    11.872    47.622065876    4.12847222222    6
416    1562291068.75    1562291116.12    47.3660759926    64    0.6779    43.3856    48.0439759926    4.33779761905    6
417    1562291068.92    1562291116.13    47.2031829357    16    0.4243    6.7888    47.6274829357    2.68333333333    4
418    1562291069.27    1562291116.2    46.9223599434    64    0.6779    43.3856    47.6002599434    4.08134920635    6
419    1562291069.63    1562291116.2    46.5624279976    4    0.0522    0.2088    46.6146279976    1.5    2
420    1562291069.88    1562291116.2    46.3221981525    16    0.0297    0.4752    46.3518981525    2.61666666667    4
421    1562291070.24    1562291116.21    45.9699709415    16    0.0297    0.4752    45.9996709415    2.65    4
422    1562291071.02    1562291116.21    45.1913530827    4    0.6452    2.5808    45.8365530827    1.5    2
423    1562291071.23    1562291116.29    45.0615038872    64    0.0234    1.4976    45.0849038872    4.36656746032    6
424    1562291071.49    1562291116.29    44.8065950871    4    0.0522    0.2088    44.8587950871    1.5    2
425    1562291071.69    1562291116.29    44.6055278778    4    0.0284    0.1136    44.6339278778    1.5    2
426    1562291071.97    1562291116.37    44.3993880749    64    0.4167    26.6688    44.8160880749    4.36607142857    6
427    1562291072.06    1562291119.34    47.2807888985    256    0.7528    192.7168    48.0335888985    5.06090686275    7
428    1562291072.5    1562291119.34    46.8399260044    4    1.1283    4.5132    47.9682260044    1.5    2
429    1562291072.63    1562291119.41    46.777755022    64    0.1855    11.872    46.963255022    4.16865079365    6
430    1562291073.1    1562291119.48    46.3832499981    64    0.0125    0.8    46.3957499981    4.36111111111    6
431    1562291073.29    1562291119.57    46.2810020447    64    0.4167    26.6688    46.6977020447    4.07936507937    6
432    1562291073.62    1562291119.57    45.9548370838    16    0.0098    0.1568    45.9646370838    2.66666666667    4
433    1562291074.08    1562291119.58    45.4940640926    16    0.0285    0.456    45.5225640926    2.68333333333    4
434    1562291075.0    1562291119.58    44.5867819786    16    0.0297    0.4752    44.6164819786    2.68333333333    4
435    1562291075.64    1562291119.58    43.9416999817    4    1.1283    4.5132    45.0699999817    1.5    2
436    1562291076.33    1562291119.66    43.3255498409    64    0.1855    11.872    43.5110498409    4.30555555556    6
437    1562291076.55    1562291119.66    43.1104211807    4    0.0284    0.1136    43.1388211807    1.5    2
438    1562291077.11    1562291119.66    42.551181078    4    0.0832    0.3328    42.634381078    1.5    2
439    1562291077.44    1562291119.67    42.2245631218    16    0.8805    14.088    43.1050631218    2.68333333333    4
440    1562291077.66    1562291119.67    42.0157430172    16    0.0285    0.456    42.0442430172    2.61666666667    4
441    1562291078.34    1562291122.06    43.7236089706    256    0.0057    1.4592    43.7293089706    5.06047794118    7
442    1562291078.62    1562291123.5    44.8806779385    256    0.8    204.8    45.6806779385    5.05471813725    7
443    1562291078.88    1562291125.74    46.8591880798    256    0.0057    1.4592    46.8648880798    5.04454656863    7
444    1562291079.22    1562291125.82    46.5993938446    64    0.1855    11.872    46.7848938446    4.07688492063    6
445    1562291079.48    1562291125.82    46.3432300091    16    0.0098    0.1568    46.3530300091    2.58333333333    4
446    1562291080.19    1562291125.82    45.6392409801    4    0.0284    0.1136    45.6676409801    1.5    2
447    1562291080.55    1562291126.96    46.4083080292    256    0.8    204.8    47.2083080292    5.04659926471    7
448    1562291081.36    1562291126.97    45.6063849926    16    0.0429    0.6864    45.6492849926    2.58333333333    4
449    1562291081.59    1562291126.97    45.3844931126    16    0.0098    0.1568    45.3942931126    2.61666666667    4
450    1562291081.72    1562291128.79    47.0707249641    256    0.6189    158.4384    47.6896249641    5.18348651961    7
451    1562291081.77    1562291128.79    47.0189390182    4    0.0832    0.3328    47.1021390182    1.5    2
452    1562291081.92    1562291128.87    46.9482018948    64    0.9446    60.4544    47.8928018948    4.04265873016    6
453    1562291082.23    1562291130.55    48.3140320778    256    0.6189    158.4384    48.9329320778    5.10045955882    7
454    1562291082.39    1562291130.55    48.1559491158    4    0.0284    0.1136    48.1843491158    1.5    2
455    1562291082.58    1562291130.61    48.033536911    64    0.9446    60.4544    48.978136911    4.14136904762    6
456    1562291082.74    1562291132.69    49.9524469376    256    0.4221    108.0576    50.3745469376    5.05162377451    7
457    1562291083.0    1562291132.7    49.6989440918    16    0.0285    0.456    49.7274440918    2.58333333333    4
458    1562291083.42    1562291132.7    49.2853009701    16    0.0297    0.4752    49.3150009701    2.61666666667    4
459    1562291083.58    1562291132.78    49.2022430897    64    0.9446    60.4544    50.1468430897    3.94047619048    6
460    1562291084.05    1562291134.43    50.3807840347    256    0.6189    158.4384    50.9996840347    5.05471813725    7
461    1562291084.43    1562291134.44    50.0017039776    16    0.7616    12.1856    50.7633039776    2.58333333333    4
462    1562291084.62    1562291134.44    49.8149559498    4    0.0832    0.3328    49.8981559498    1.5    2
463    1562291085.05    1562291134.5    49.4513130188    64    0.9446    60.4544    50.3959130188    4.02182539683    6
464    1562291085.2    1562291134.59    49.3889920712    64    0.9446    60.4544    50.3335920712    3.95634920635    6
465    1562291085.53    1562291134.59    49.0604310036    16    0.0285    0.456    49.0889310036    2.66666666667    4
466    1562291085.81    1562291139.11    53.2986600399    256    0.8    204.8    54.0986600399    5.07879901961    7
467    1562291086.46    1562291139.12    52.6587510109    16    0.0429    0.6864    52.7016510109    2.58333333333    4
468    1562291087.04    1562291139.12    52.0863740444    4    0.0059    0.0236    52.0922740444    1.5    2
469    1562291087.21    1562291139.12    51.9134829044    4    0.0059    0.0236    51.9193829044    1.5    2
470    1562291087.67    1562291139.21    51.5353350639    64    0.0125    0.8    51.5478350639    3.93849206349    6
471    1562291087.99    1562291139.29    51.2961750031    64    0.1855    11.872    51.4816750031    4.09424603175    6
472    1562291088.72    1562291139.36    50.6317939758    64    0.0234    1.4976    50.6551939758    4.33581349206    6
473    1562291089.1    1562291139.36    50.2651870251    16    0.7616    12.1856    51.0267870251    2.68333333333    4
474    1562291089.44    1562291139.37    49.9253919125    16    0.7616    12.1856    50.6869919125    2.65    4
475    1562291089.6    1562291139.37    49.7740929127    16    0.7616    12.1856    50.5356929127    2.73333333333    4
476    1562291089.99    1562291139.45    49.4632229805    64    0.9446    60.4544    50.4078229805    4.40128968254    6
477    1562291090.13    1562291139.52    49.3975257874    64    0.0055    0.352    49.4030257874    4.33581349206    6
478    1562291090.29    1562291139.53    49.2394740582    16    0.0429    0.6864    49.2823740582    2.58333333333    4
479    1562291090.47    1562291139.53    49.0579061508    4    0.0522    0.2088    49.1101061508    1.5    2
480    1562291090.87    1562291141.5    50.6315159798    256    0.0057    1.4592    50.6372159798    5.03756127451    7
481    1562291091.02    1562291141.51    50.4875380993    16    0.0098    0.1568    50.4973380993    2.58333333333    4
482    1562291091.6    1562291141.58    49.9791250229    64    0.1855    11.872    50.1646250229    4.19692460317    6
483    1562291091.7    1562291141.59    49.8844439983    16    0.0429    0.6864    49.9273439983    2.58333333333    4
484    1562291091.84    1562291141.66    49.8216121197    64    0.0234    1.4976    49.8450121197    4.03472222222    6
485    1562291092.06    1562291141.75    49.6881868839    64    0.4167    26.6688    50.1048868839    3.97668650794    6
486    1562291092.19    1562291141.75    49.5636489391    4    0.0059    0.0236    49.5695489391    1.5    2
487    1562291092.29    1562291141.83    49.5370929241    64    0.0234    1.4976    49.5604929241    4.10962301587    6
488    1562291092.34    1562291141.83    49.4882628918    4    0.6452    2.5808    50.1334628918    1.5    2
489    1562291092.43    1562291143.34    50.9161200523    256    0.6189    158.4384    51.5350200523    5.07172181373    7
490    1562291092.53    1562291145.07    52.5311639309    256    0.8    204.8    53.3311639309    5.06072303922    7
491    1562291092.79    1562291145.07    52.2795879841    4    0.5956    2.3824    52.8751879841    1.5    2
492    1562291093.07    1562291145.14    52.0706329346    64    0.9446    60.4544    53.0152329346    4.17857142857    6
493    1562291093.1    1562291147.15    54.0549161434    256    0.6189    158.4384    54.6738161434    5.05471813725    7
494    1562291093.55    1562291149.04    55.4907231331    256    0.0057    1.4592    55.4964231331    5.05471813725    7
495    1562291093.84    1562291149.05    55.2014520168    4    0.0059    0.0236    55.2073520168    1.5    2
496    1562291093.99    1562291149.05    55.0615119934    16    0.0429    0.6864    55.1044119934    2.61666666667    4
497    1562291094.36    1562291150.07    55.7017350197    256    0.0177    4.5312    55.7194350197    5.05012254902    7
498    1562291094.57    1562291151.47    56.8991150856    256    0.7528    192.7168    57.6519150856    5.06706495098    7
499    1562291094.81    1562291153.66    58.8429751396    256    0.4221    108.0576    59.2650751396    5.05471813725    7
500    1562291095.42    1562291153.66    58.2455899715    4    0.5956    2.3824    58.8411899715    1.5    2
501    1562291095.78    1562291153.66    57.8864989281    4    0.0832    0.3328    57.9696989281    1.5    2
502    1562291095.97    1562291153.67    57.6967639923    16    0.0098    0.1568    57.7065639923    2.66666666667    4
503    1562291096.83    1562291153.67    56.8432528973    4    0.0059    0.0236    56.8491528973    1.5    2
504    1562291097.1    1562291153.67    56.5727479458    4    0.0832    0.3328    56.6559479458    1.5    2
505    1562291097.3    1562291153.75    56.4486880302    64    0.6779    43.3856    57.1265880302    4.06597222222    6
506    1562291097.73    1562291153.83    56.1004300117    64    0.4167    26.6688    56.5171300117    4.33630952381    6
507    1562291098.42    1562291155.21    56.7880580425    256    0.0057    1.4592    56.7937580425    5.06265318627    7
508    1562291098.54    1562291155.28    56.7452030182    64    0.9446    60.4544    57.6898030182    4.07986111111    6
509    1562291098.72    1562291155.29    56.5743119717    16    0.0098    0.1568    56.5841119717    2.58333333333    4
510    1562291098.85    1562291155.36    56.5118019581    64    0.6779    43.3856    57.1897019581    4.04464285714    6
511    1562291099.29    1562291155.36    56.0687248707    4    1.1283    4.5132    57.1970248707    1.5    2
512    1562291099.55    1562291155.36    55.8158371449    4    0.0059    0.0236    55.8217371449    1.5    2
513    1562291099.95    1562291157.54    57.5926239491    256    0.0177    4.5312    57.6103239491    5.05471813725    7
514    1562291100.23    1562291158.65    58.416533947    256    0.8    204.8    59.216533947    5.05471813725    7
515    1562291100.85    1562291158.73    57.8835690022    64    0.6779    43.3856    58.5614690022    4.09970238095    6
516    1562291101.35    1562291161.33    59.9772360325    256    0.8    204.8    60.7772360325    5.06537990196    7
517    1562291101.45    1562291161.4    59.9565179348    64    0.6779    43.3856    60.6344179348    4.07291666667    6
518    1562291101.67    1562291164.7    63.0299859047    256    0.6189    158.4384    63.6488859047    5.05471813725    7
519    1562291102.21    1562291166.69    64.4816200733    256    0.0057    1.4592    64.4873200733    5.07959558824    7
520    1562291102.42    1562291166.77    64.3492240906    64    0.6779    43.3856    65.0271240906    4.13293650794    6
521    1562291102.65    1562291167.86    65.2086760998    256    0.0177    4.5312    65.2263760998    5.05471813725    7
522    1562291102.85    1562291167.87    65.0122351646    16    0.8805    14.088    65.8927351646    2.58333333333    4
523    1562291103.12    1562291169.07    65.9492149353    256    0.0057    1.4592    65.9549149353    5.05471813725    7
524    1562291103.38    1562291169.15    65.7684409618    64    0.0234    1.4976    65.7918409618    4.09970238095    6
525    1562291103.92    1562291169.16    65.2410948277    16    0.0285    0.456    65.2695948277    2.58333333333    4
526    1562291104.45    1562291170.72    66.2751200199    256    0.6189    158.4384    66.8940200199    5.05404411765    7
527    1562291104.52    1562291170.73    66.2120249271    16    0.0285    0.456    66.2405249271    2.58333333333    4
528    1562291104.84    1562291170.73    65.8924560547    16    0.0285    0.456    65.9209560547    2.61666666667    4
529    1562291105.07    1562291172.41    67.3382959366    256    0.0057    1.4592    67.3439959366    5.11651348039    6
530    1562291105.51    1562291172.41    66.8985171318    4    1.1283    4.5132    68.0268171318    1.5    2
531    1562291105.97    1562291172.42    66.4485430717    16    0.7616    12.1856    67.2101430717    2.63333333333    4
532    1562291106.38    1562291172.43    66.0471749306    16    0.8805    14.088    66.9276749306    2.58333333333    4
533    1562291106.47    1562291172.49    66.0166978836    64    0.0234    1.4976    66.0400978836    4.00148809524    6
534    1562291106.71    1562291172.49    65.7839958668    4    0.0284    0.1136    65.8123958668    1.5    2
535    1562291106.81    1562291172.49    65.682598114    4    0.0522    0.2088    65.734798114    1.5    2
536    1562291107.34    1562291172.49    65.1537718773    4    0.5956    2.3824    65.7493718773    1.5    2
537    1562291107.78    1562291173.81    66.0331819057    256    0.0057    1.4592    66.0388819057    5.06194852941    7
538    1562291108.53    1562291173.89    65.3542559147    64    0.0125    0.8    65.3667559147    4.15476190476    6
539    1562291108.72    1562291173.89    65.1754028797    16    0.0429    0.6864    65.2183028797    2.575    4
540    1562291108.79    1562291173.97    65.1781859398    64    0.0055    0.352    65.1836859398    4.00148809524    6
541    1562291109.37    1562291174.99    65.6220309734    256    0.4221    108.0576    66.0441309734    5.13409926471    7
542    1562291109.7    1562291175.06    65.3690710068    64    0.0125    0.8    65.3815710068    4.00148809524    6
543    1562291109.83    1562291175.07    65.2392060757    4    0.0522    0.2088    65.2914060757    1.5    2
544    1562291110.11    1562291175.07    64.9617609978    16    0.8805    14.088    65.8422609978    2.61666666667    4
545    1562291110.71    1562291175.07    64.366065979    16    0.0429    0.6864    64.408965979    2.66666666667    4
546    1562291110.89    1562291175.08    64.1881301403    16    0.0297    0.4752    64.2178301403    2.58333333333    4
547    1562291111.66    1562291175.08    63.420691967    16    0.8805    14.088    64.301191967    2.58333333333    4
548    1562291111.81    1562291175.08    63.2710227966    4    0.5956    2.3824    63.8666227966    1.5    2
549    1562291112.01    1562291175.09    63.080616951    16    0.0429    0.6864    63.123516951    2.68333333333    4
550    1562291112.08    1562291175.17    63.0933008194    64    0.4167    26.6688    63.5100008194    4.30505952381    6
551    1562291112.3    1562291178.75    66.4554860592    256    0.8    204.8    67.2554860592    5.05471813725    7
552    1562291112.61    1562291178.82    66.2114131451    64    0.6779    43.3856    66.8893131451    4.09970238095    6
553    1562291112.99    1562291178.89    65.9059300423    64    0.9446    60.4544    66.8505300423    4.33978174603    6
554    1562291113.36    1562291178.89    65.5313541889    4    0.0284    0.1136    65.5597541889    1.5    2
555    1562291113.7    1562291184.0    70.2979471684    256    0.8    204.8    71.0979471684    5.05471813725    7
556    1562291113.98    1562291184.0    70.0235478878    16    0.7616    12.1856    70.7851478878    2.58333333333    4
557    1562291114.18    1562291184.01    69.8246018887    16    0.0297    0.4752    69.8543018887    2.61666666667    4
558    1562291114.47    1562291184.01    69.5403199196    16    0.0285    0.456    69.5688199196    2.6    4
559    1562291114.52    1562291184.02    69.4983348846    16    0.7616    12.1856    70.2599348846    2.58333333333    4
560    1562291114.55    1562291184.09    69.540874958    64    0.4167    26.6688    69.957574958    4.08382936508    6
561    1562291114.81    1562291184.16    69.3482890129    64    0.0055    0.352    69.3537890129    4.26140873016    6
562    1562291114.9    1562291184.24    69.3386259079    64    0.0055    0.352    69.3441259079    4.20932539683    6
563    1562291115.06    1562291186.06    70.9973938465    256    0.0057    1.4592    71.0030938465    5.06348039216    7
564    1562291115.51    1562291186.06    70.5557589531    4    1.1283    4.5132    71.6840589531    1.5    2
565    1562291115.76    1562291186.06    70.3077368736    4    0.6452    2.5808    70.9529368736    1.5    2
566    1562291115.92    1562291187.58    71.6607408524    256    0.7528    192.7168    72.4135408524    5.06544117647    7
567    1562291116.12    1562291187.58    71.4657130241    4    1.1283    4.5132    72.5940130241    1.5    2
568    1562291116.13    1562291187.59    71.4641079903    16    0.0429    0.6864    71.5070079903    2.61666666667    4
569    1562291116.19    1562291187.6    71.4036390781    16    0.0098    0.1568    71.4134390781    2.66666666667    4
570    1562291116.21    1562291187.69    71.4809288979    64    0.0055    0.352    71.4864288979    3.90724206349    6
571    1562291116.65    1562291187.69    71.0398819447    16    0.0297    0.4752    71.0695819447    2.61666666667    4
572    1562291116.82    1562291187.78    70.9611260891    64    0.0055    0.352    70.9666260891    4.35119047619    6
573    1562291117.03    1562291189.9    72.8655838966    256    0.0177    4.5312    72.8832838966    5.04454656863    7
574    1562291117.28    1562291189.91    72.6250760555    16    0.0297    0.4752    72.6547760555    2.58333333333    4
575    1562291117.56    1562291192.14    74.579390049    256    0.6189    158.4384    75.198290049    5.08100490196    7
576    1562291117.72    1562291192.14    74.4210021496    4    0.0059    0.0236    74.4269021496    1.5    2
577    1562291118.16    1562291192.22    74.0590219498    64    0.9446    60.4544    75.0036219498    4.16865079365    6
578    1562291118.47    1562291194.1    75.6312820911    256    0.7528    192.7168    76.3840820911    5.05471813725    7
579    1562291119.04    1562291196.3    77.2546370029    256    0.7528    192.7168    78.0074370029    5.0722120098    7
580    1562291119.31    1562291196.31    76.9926440716    16    0.0429    0.6864    77.0355440716    2.58333333333    4
581    1562291119.37    1562291196.31    76.9325070381    4    0.0284    0.1136    76.9609070381    1.5    2
582    1562291119.48    1562291196.38    76.8982269764    64    0.0234    1.4976    76.9216269764    4.03720238095    6
583    1562291119.57    1562291196.38    76.8176472187    4    0.0832    0.3328    76.9008472187    1.5    2
584    1562291119.66    1562291198.33    78.6635382175    256    0.4221    108.0576    79.0856382175    5.05471813725    7
585    1562291119.94    1562291198.41    78.4697759151    64    0.0234    1.4976    78.4931759151    4.09970238095    6
586    1562291120.38    1562291198.41    78.0354950428    4    0.0284    0.1136    78.0638950428    1.5    2
587    1562291120.58    1562291198.42    77.8354148865    16    0.0098    0.1568    77.8452148865    2.6    4
588    1562291120.97    1562291198.43    77.4532809258    16    0.7616    12.1856    78.2148809258    2.63333333333    4
589    1562291122.01    1562291198.43    76.4224112034    4    0.5956    2.3824    77.0180112034    1.5    2
590    1562291122.38    1562291200.61    78.2347638607    256    0.8    204.8    79.0347638607    5.0527879902    7
591    1562291122.68    1562291200.62    77.9413368702    4    0.0284    0.1136    77.9697368702    1.5    2
592    1562291122.69    1562291202.73    80.0448520184    256    0.6189    158.4384    80.6637520184    5.05471813725    7
593    1562291122.89    1562291204.99    82.098170042    256    0.6189    158.4384    82.717070042    5.05471813725    7
594    1562291123.21    1562291204.99    81.7823169231    16    0.0297    0.4752    81.8120169231    2.58333333333    4
595    1562291123.45    1562291205.07    81.6228249073    64    0.1855    11.872    81.8083249073    4.19692460317    6
596    1562291123.92    1562291205.08    81.1553769112    16    0.0297    0.4752    81.1850769112    2.58333333333    4
597    1562291124.36    1562291206.77    82.4155931473    256    0.4221    108.0576    82.8376931473    5.05471813725    7
598    1562291124.54    1562291208.41    83.8663101196    256    0.6189    158.4384    84.4852101196    5.07879901961    7
599    1562291124.7    1562291208.49    83.7900419235    64    0.6779    43.3856    84.4679419235    4.07291666667    6

dispatched jobs are: 600 out of 600
average queue time is: 37.8021594624
fso links are used for 0 times
overall utilization is 0.06749165057952558
average response time is 38.1376529624
average weighted response time is 40.72682286912026
average slowdown is 60.619692811084434
cpu_request: 44976, cpu_run: 44976
ssd_request: 22171, ssd_run: 0
gpu_request: 22485, gpu_run: 0
cpu aspl: 3.17535781639
cpu diameter: 4.54166666667
job x: 0.0
job y: 0.0
job z: 0.0
