#timestep  occupied-CPU  total-CPU  utilization  queuingjobs
1    0    1024    0.0    1
2    0    1024    0.0    1
3    272    1024    0.265625    0
4    0    1024    0.0    0
5    64    1024    0.0625    0
6    0    1024    0.0    1
7    320    1024    0.3125    2
8    0    1024    0.0    1
9    0    1024    0.0    0
10    0    1024    0.0    0
11    0    1024    0.0    1
12    0    1024    0.0    2
13    0    1024    0.0    2
14    24    1024    0.0234375    0
15    0    1024    0.0    1
16    0    1024    0.0    1
17    0    1024    0.0    2
18    0    1024    0.0    1
19    0    1024    0.0    4
20    0    1024    0.0    5
21    256    1024    0.25    4
22    0    1024    0.0    6
23    256    1024    0.25    7
24    0    1024    0.0    11
25    0    1024    0.0    13
26    72    1024    0.0703125    9
27    0    1024    0.0    12
28    0    1024    0.0    12
29    256    1024    0.25    11
30    0    1024    0.0    13
31    0    1024    0.0    16
32    0    1024    0.0    14
33    0    1024    0.0    15
34    0    1024    0.0    16
35    214    1024    0.208984375    14
36    0    1024    0.0    14
37    0    1024    0.0    15
38    191    1024    0.1865234375    4
39    0    1024    0.0    0
40    0    1024    0.0    0
41    0    1024    0.0    0
42    64    1024    0.0625    0
43    16    1024    0.015625    0
44    0    1024    0.0    0
45    0    1024    0.0    1
46    68    1024    0.06640625    0
47    0    1024    0.0    0
48    64    1024    0.0625    0
49    0    1024    0.0    0
50    0    1024    0.0    1
51    0    1024    0.0    3
52    0    1024    0.0    3
53    260    1024    0.25390625    0
54    0    1024    0.0    1
55    0    1024    0.0    1
56    0    1024    0.0    2
57    32    1024    0.03125    0
58    0    1024    0.0    0
59    0    1024    0.0    0
60    0    1024    0.0    0
61    4    1024    0.00390625    2
62    256    1024    0.25    0
63    0    1024    0.0    1
64    0    1024    0.0    0
65    64    1024    0.0625    1
66    0    1024    0.0    2
67    256    1024    0.25    4
68    286    1024    0.279296875    0
69    4    1024    0.00390625    0
70    0    1024    0.0    1
71    0    1024    0.0    1
72    0    1024    0.0    0
73    64    1024    0.0625    0
74    0    1024    0.0    0
75    0    1024    0.0    0
76    0    1024    0.0    0
77    0    1024    0.0    1
78    0    1024    0.0    1
79    0    1024    0.0    1
80    256    1024    0.25    2
81    0    1024    0.0    4
82    0    1024    0.0    5
83    295    1024    0.2880859375    3
84    0    1024    0.0    3
85    0    1024    0.0    4
86    0    1024    0.0    4
87    0    1024    0.0    2
88    0    1024    0.0    2

average cpu utilization is: 0.0434348366477
average ssd utilization is: 0.176158558239
average gpu utilization is: 0.175936612216
average utilization is: 0.131843335701
average queuing jobs are: 3.26136363636
maximum queuing jobs are: 16


#job_number  submit  dispatch  queue  cpu#  runtime  weight  response(turnaround)  cpu_aspl  cpu_diameter
0    1563516714.01    1563516723.35    9.34599995613    256    0.7528    192.7168    10.0987999561    3.91737132353    6
1    1563516722.44    1563516723.36    0.927000045776    16    0.7616    12.1856    1.68860004578    2.25    3
2    1563516724.97    1563516725.06    0.0879998207092    64    0.6779    43.3856    0.765899820709    3.29216269841    4
3    1563516725.27    1563516725.27    0.00499987602234    16    0.0297    0.4752    0.0346998760223    2.25    3
4    1563516725.53    1563516725.53    0.000999927520752    4    0.0522    0.2088    0.0531999275208    1.5    2
5    1563516725.61    1563516727.22    1.60700011253    256    0.6189    158.4384    2.22590011253    4.00992647059    6
6    1563516727.34    1563516727.45    0.115000009537    64    0.6779    43.3856    0.792900009537    3.29216269841    4
7    1563516727.36    1563516727.58    0.220999956131    64    0.0125    0.8    0.233499956131    3.34722222222    4
8    1563516727.45    1563516729.46    2.00600004196    256    0.0057    1.4592    2.01170004196    4.08140318627    6
9    1563516731.36    1563516734.5    3.1400001049    256    0.0057    1.4592    3.1457001049    3.91737132353    6
10    1563516731.61    1563516734.51    2.89599990845    4    0.6452    2.5808    3.54119990845    1.5    2
11    1563516733.99    1563516734.54    0.541000127792    16    0.0297    0.4752    0.570700127792    2.25    3
12    1563516734.23    1563516734.55    0.321000099182    16    0.4243    6.7888    0.745300099182    2.24166666667    3
13    1563516734.49    1563516734.55    0.0629999637604    4    0.6452    2.5808    0.70819996376    1.5    2
14    1563516735.42    1563516738.15    2.72699999809    256    0.0177    4.5312    2.74469999809    3.91737132353    6
15    1563516737.06    1563516738.31    1.24900007248    64    0.1855    11.872    1.43450007248    3.32142857143    4
16    1563516738.52    1563516741.17    2.65799999237    256    0.8    204.8    3.45799999237    3.91737132353    6
17    1563516738.86    1563516743.86    5.00300002098    256    0.7528    192.7168    5.75580002098    4.01740196078    6
18    1563516739.01    1563516746.65    7.63399982452    256    0.0057    1.4592    7.63969982452    3.91737132353    6
19    1563516739.24    1563516746.65    7.40799999237    4    1.1283    4.5132    8.53629999237    1.5    2
20    1563516740.67    1563516746.82    6.15199995041    64    0.4167    26.6688    6.56869995041    3.24751984127    4
21    1563516742.62    1563516746.83    4.20499992371    4    0.6452    2.5808    4.85019992371    1.5    2
22    1563516742.68    1563516746.83    4.14400005341    4    0.0059    0.0236    4.14990005341    1.5    2
23    1563516743.75    1563516746.84    3.09400010109    16    0.0098    0.1568    3.10380010109    2.23333333333    3
24    1563516743.86    1563516749.6    5.74499988556    256    0.8    204.8    6.54499988556    3.96507352941    6
25    1563516744.38    1563516752.31    7.92100000381    256    0.6189    158.4384    8.53990000381    4.02349877451    6
26    1563516744.7    1563516752.32    7.61800003052    16    0.0098    0.1568    7.62780003052    2.25    3
27    1563516744.94    1563516752.48    7.53299999237    64    0.4167    26.6688    7.94969999237    3.3253968254    4
28    1563516744.98    1563516756.03    11.0490000248    256    0.4221    108.0576    11.4711000248    3.94160539216    6
29    1563516745.38    1563516756.22    10.8439998627    64    0.4167    26.6688    11.2606998627    3.30158730159    4
30    1563516745.67    1563516758.96    13.2929999828    256    0.6189    158.4384    13.9118999828    4.0109375    6
31    1563516746.55    1563516758.97    12.4140000343    4    0.0059    0.0236    12.4199000343    1.5    2
32    1563516746.89    1563516759.14    12.25    64    0.0234    1.4976    12.2734    3.23908730159    4
33    1563516747.52    1563516759.14    11.6240000725    4    0.6452    2.5808    12.2692000725    1.5    2
34    1563516747.68    1563516759.15    11.4719998837    16    0.7616    12.1856    12.2335998837    2.25    3
35    1563516747.69    1563516759.31    11.6199998856    64    0.9446    60.4544    12.5645998856    3.34375    4
36    1563516750.23    1563516759.32    9.08500003815    16    0.7616    12.1856    9.84660003815    2.23333333333    3
37    1563516750.48    1563516759.33    8.84999990463    16    0.0285    0.456    8.87849990463    2.3    4
38    1563516751.94    1563516759.34    7.39999985695    4    0.0522    0.2088    7.45219985695    1.5    2
39    1563516752.0    1563516759.34    7.33700013161    4    0.0832    0.3328    7.42020013161    1.5    2
40    1563516752.03    1563516759.5    7.47300004959    64    0.1855    11.872    7.65850004959    3.39037698413    4
41    1563516753.21    1563516759.71    6.49900007248    64    0.0055    0.352    6.50450007248    3.32390873016    4
42    1563516754.33    1563516759.72    5.39899992943    16    0.8805    14.088    6.27949992943    2.25    3
43    1563516754.92    1563516759.73    4.80599999428    4    0.0832    0.3328    4.88919999428    1.5    2
44    1563516758.55    1563516759.89    1.33600020409    64    0.0234    1.4976    1.35940020409    3.23561507937    4
45    1563516759.67    1563516760.06    0.392999887466    64    0.0234    1.4976    0.416399887466    3.30505952381    4
46    1563516761.39    1563516761.53    0.140000104904    64    0.0234    1.4976    0.163400104904    3.29216269841    4
47    1563516761.7    1563516761.7    0.000999927520752    4    0.0059    0.0236    0.00689992752075    1.5    2
48    1563516762.58    1563516762.59    0.0090000629425    16    0.0429    0.6864    0.0519000629425    2.24166666667    3
49    1563516763.25    1563516763.41    0.153000116348    64    0.9446    60.4544    1.09760011635    3.29216269841    4
50    1563516764.64    1563516764.65    0.00699996948242    16    0.8805    14.088    0.887499969482    2.24166666667    3
51    1563516766.4    1563516766.54    0.139999866486    64    0.0234    1.4976    0.163399866486    3.29216269841    4
52    1563516766.56    1563516766.77    0.213999986649    64    0.0234    1.4976    0.237399986649    3.27926587302    4
53    1563516766.82    1563516766.99    0.171000003815    64    0.9446    60.4544    1.11560000381    3.29216269841    4
54    1563516767.34    1563516767.34    0.00800013542175    16    0.0285    0.456    0.0365001354218    2.25    3
55    1563516767.52    1563516767.52    0.000999927520752    4    0.6452    2.5808    0.646199927521    1.5    2
56    1563516767.67    1563516767.67    0.0019998550415    4    0.0832    0.3328    0.0851998550415    1.5    2
57    1563516767.87    1563516768.03    0.162000179291    64    0.0125    0.8    0.174500179291    3.22718253968    4
58    1563516769.36    1563516769.51    0.150000095367    64    0.4167    26.6688    0.566700095367    3.29216269841    4
59    1563516770.42    1563516770.42    0.00100016593933    4    0.0059    0.0236    0.00690016593933    1.5    2
60    1563516771.81    1563516774.62    2.80500006676    256    0.6189    158.4384    3.42390006676    3.91737132353    6
61    1563516772.17    1563516774.63    2.46200013161    16    0.0429    0.6864    2.50490013161    2.25    3
62    1563516772.79    1563516774.63    1.84099984169    4    0.5956    2.3824    2.43659984169    1.5    2
63    1563516774.4    1563516774.64    0.240000009537    4    0.0059    0.0236    0.245900009537    1.5    2
64    1563516775.66    1563516778.35    2.69500017166    256    0.6189    158.4384    3.31390017166    3.91737132353    6
65    1563516777.32    1563516778.36    1.04200005531    4    0.0059    0.0236    1.04790005531    1.5    2
66    1563516778.87    1563516778.88    0.0090000629425    16    0.4243    6.7888    0.433300062943    2.25    3
67    1563516778.87    1563516778.89    0.018000125885    16    0.4243    6.7888    0.442300125885    2.24166666667    3
68    1563516779.84    1563516780.01    0.164000034332    64    0.0055    0.352    0.169500034332    3.29216269841    4
69    1563516781.34    1563516781.34    0.00100016593933    4    0.0059    0.0236    0.00690016593933    1.5    2
70    1563516782.45    1563516782.45    0.0    4    1.1283    4.5132    1.1283    1.5    2
71    1563516782.54    1563516784.19    1.65199995041    256    0.6189    158.4384    2.27089995041    3.92460171569    6
72    1563516783.27    1563516784.2    0.930999994278    16    0.0429    0.6864    0.973899994278    2.25    3
73    1563516783.69    1563516784.2    0.509000062943    4    0.0284    0.1136    0.537400062943    1.5    2
74    1563516785.34    1563516785.44    0.103000164032    64    0.0234    1.4976    0.126400164032    3.29216269841    4
75    1563516786.08    1563516786.08    0.000999927520752    4    0.0059    0.0236    0.00689992752075    1.5    2
76    1563516786.58    1563516786.67    0.0920000076294    64    0.0234    1.4976    0.115400007629    3.29216269841    4
77    1563516787.0    1563516787.09    0.0950000286102    64    0.9446    60.4544    1.03960002861    3.29216269841    4
78    1563516787.05    1563516788.78    1.73000001907    256    0.8    204.8    2.53000001907    4.00992647059    6
79    1563516787.52    1563516790.44    2.92199993134    256    0.8    204.8    3.72199993134    4.01476715686    6
80    1563516788.46    1563516790.45    1.98900008202    16    0.0297    0.4752    2.01870008202    2.25    3
81    1563516788.62    1563516790.45    1.82999992371    4    0.0284    0.1136    1.85839992371    1.5    2
82    1563516788.77    1563516790.46    1.68799996376    4    1.1283    4.5132    2.81629996376    1.5    2
83    1563516789.69    1563516790.46    0.766000032425    4    0.0284    0.1136    0.794400032425    1.5    2
84    1563516790.2    1563516790.46    0.266000032425    4    0.6452    2.5808    0.911200032425    1.5    2
85    1563516792.1    1563516794.3    2.20600008965    256    0.0177    4.5312    2.22370008965    3.91737132353    6
86    1563516795.05    1563516795.14    0.0950000286102    64    0.1855    11.872    0.28050002861    3.29216269841    4
87    1563516795.35    1563516795.46    0.106999874115    64    0.9446    60.4544    1.05159987411    3.29216269841    4
88    1563516799.69    1563516799.88    0.191999912262    64    0.0234    1.4976    0.215399912262    3.29216269841    4
89    1563516799.84    1563516802.65    2.80999994278    256    0.7528    192.7168    3.56279994278    4.00992647059    6
90    1563516802.79    1563516802.99    0.193000078201    64    0.0055    0.352    0.198500078201    3.29216269841    4
91    1563516802.84    1563516805.79    2.95300006866    256    0.8    204.8    3.75300006866    4.08434436275    6
92    1563516803.02    1563516805.91    2.88499999046    64    0.0234    1.4976    2.90839999046    3.29166666667    4
93    1563516803.36    1563516805.92    2.5569999218    16    0.0429    0.6864    2.5998999218    2.25    3
94    1563516803.42    1563516805.93    2.50300002098    16    0.7616    12.1856    3.26460002098    2.225    3
95    1563516804.26    1563516807.82    3.55100011826    256    0.0177    4.5312    3.56870011826    4.04503676471    6
96    1563516805.01    1563516809.57    4.56599998474    256    0.0057    1.4592    4.57169998474    4.07944240196    6
97    1563516805.19    1563516809.57    4.3869998455    4    0.0522    0.2088    4.4391998455    1.5    2
98    1563516807.07    1563516811.38    4.3029999733    256    0.8    204.8    5.1029999733    4.03645833333    6
99    1563516807.26    1563516811.48    4.21600008011    64    0.0055    0.352    4.22150008011    3.31150793651    4

dispatched jobs are: 100 out of 100
average queue time is: 3.12046000719
fso links are used for 0 times
overall utilization is 0.0384020370259
average response time is 3.46706800719
average weighted response time is 5.05215115108
average slowdown is 7.08575963636
cpu_request: 8236, cpu_run: 8236
ssd_request: 4343, ssd_run: 0
gpu_request: 4326, gpu_run: 0
cpu aspl: 2.75924670285
cpu diameter: 3.73
job x: 0.0
job y: 0.0
job z: 0.0
