#timestep  occupied-CPU  total-CPU  utilization  queuingjobs
1    0    1024    0.0    1
2    0    1024    0.0    1
3    0    1024    0.0    2
4    0    1024    0.0    2
5    0    1024    0.0    4
6    0    1024    0.0    1
7    0    1024    0.0    4
8    0    1024    0.0    4
9    0    1024    0.0    4
10    0    1024    0.0    1
11    0    1024    0.0    3
12    0    1024    0.0    3
13    0    1024    0.0    3
14    0    1024    0.0    5
15    0    1024    0.0    6
16    0    1024    0.0    6
17    4    1024    0.00390625    5
18    0    1024    0.0    3
19    0    1024    0.0    6
20    0    1024    0.0    7
21    64    1024    0.0625    5
22    0    1024    0.0    7
23    0    1024    0.0    9
24    0    1024    0.0    13
25    256    1024    0.25    14
26    0    1024    0.0    16
27    0    1024    0.0    19
28    0    1024    0.0    19
29    256    1024    0.25    18
30    0    1024    0.0    20
31    0    1024    0.0    23
32    0    1024    0.0    24
33    4    1024    0.00390625    18
34    0    1024    0.0    20
35    0    1024    0.0    20
36    256    1024    0.25    19
37    0    1024    0.0    19
38    0    1024    0.0    20
39    0    1024    0.0    21
40    320    1024    0.3125    19
41    0    1024    0.0    20
42    0    1024    0.0    22
43    0    1024    0.0    22
44    64    1024    0.0625    21
45    0    1024    0.0    23
46    0    1024    0.0    27
47    0    1024    0.0    28
48    356    1024    0.34765625    19
49    16    1024    0.015625    14
50    80    1024    0.078125    8
51    0    1024    0.0    3
52    0    1024    0.0    3
53    0    1024    0.0    4
54    277    1024    0.2705078125    1
55    0    1024    0.0    1
56    0    1024    0.0    2
57    0    1024    0.0    4
58    289    1024    0.2822265625    0
59    0    1024    0.0    0
60    0    1024    0.0    0
61    4    1024    0.00390625    1
62    0    1024    0.0    3
63    0    1024    0.0    3
64    0    1024    0.0    5
65    0    1024    0.0    2
66    0    1024    0.0    2
67    0    1024    0.0    5
68    0    1024    0.0    7
69    256    1024    0.25    6
70    0    1024    0.0    7
71    0    1024    0.0    7
72    0    1024    0.0    7
73    264    1024    0.2578125    3
74    0    1024    0.0    3
75    0    1024    0.0    3
76    0    1024    0.0    3
77    64    1024    0.0625    0
78    0    1024    0.0    1
79    0    1024    0.0    1
80    0    1024    0.0    1
81    0    1024    0.0    6
82    0    1024    0.0    5
83    0    1024    0.0    7
84    0    1024    0.0    7
85    256    1024    0.25    8
86    0    1024    0.0    5
87    0    1024    0.0    5
88    0    1024    0.0    5
89    0    1024    0.0    4
90    0    1024    0.0    4
91    0    1024    0.0    4
92    0    1024    0.0    4
93    0    1024    0.0    2
94    0    1024    0.0    2
95    0    1024    0.0    2
96    0    1024    0.0    2

average cpu utilization is: 0.0313924153646
average ssd utilization is: 0.0188191731771
average gpu utilization is: 0.0176289876302
average utilization is: 0.0226135253906
average queuing jobs are: 8.10416666667
maximum queuing jobs are: 28


#job_number  submit  dispatch  queue  cpu#  runtime  weight  response(turnaround)  cpu_aspl  cpu_diameter
0    1563429854.68    1563429859.7    5.01900005341    256    0.7528    192.7168    5.77180005341    0.0    0
1    1563429860.83    1563429863.85    3.02099990845    16    0.7616    12.1856    3.78259990845    0.0    0
2    1563429863.36    1563429863.87    0.508000135422    64    0.6779    43.3856    1.18590013542    0.0    0
3    1563429863.66    1563429864.1    0.43499994278    16    0.0297    0.4752    0.46469994278    0.0    0
4    1563429863.92    1563429864.11    0.19000005722    4    0.0522    0.2088    0.24220005722    0.0    0
5    1563429864.0    1563429864.12    0.115999937057    256    0.6189    158.4384    0.734899937057    0.0    0
6    1563429865.73    1563429868.02    2.29399991035    64    0.6779    43.3856    2.97189991035    0.0    0
7    1563429865.75    1563429868.26    2.51200008392    64    0.0125    0.8    2.52450008392    0.0    0
8    1563429865.84    1563429868.5    2.66100001335    256    0.0057    1.4592    2.66670001335    0.0    0
9    1563429869.75    1563429872.29    2.53900003433    256    0.0057    1.4592    2.54470003433    0.0    0
10    1563429870.0    1563429876.14    6.14299988747    4    0.6452    2.5808    6.78819988747    0.0    0
11    1563429872.38    1563429876.14    3.76300001144    16    0.0297    0.4752    3.79270001144    0.0    0
12    1563429872.62    1563429876.2    3.58100008965    16    0.4243    6.7888    4.00530008965    0.0    0
13    1563429872.88    1563429876.21    3.33999991417    4    0.6452    2.5808    3.98519991417    0.0    0
14    1563429873.81    1563429876.22    2.41299986839    256    0.0177    4.5312    2.43069986839    0.0    0
15    1563429875.45    1563429880.06    4.61200022697    64    0.1855    11.872    4.79750022697    0.0    0
16    1563429876.9    1563429880.3    3.40200018883    256    0.8    204.8    4.20200018883    0.0    0
17    1563429877.25    1563429884.07    6.82699990273    256    0.7528    192.7168    7.57979990273    0.0    0
18    1563429877.4    1563429887.99    10.5980000496    256    0.0057    1.4592    10.6037000496    0.0    0
19    1563429877.63    1563429891.74    14.1089999676    4    1.1283    4.5132    15.2372999676    0.0    0
20    1563429879.05    1563429891.74    12.6879999638    64    0.4167    26.6688    13.1046999638    0.0    0
21    1563429881.0    1563429891.98    10.9739999771    4    0.6452    2.5808    11.6191999771    0.0    0
22    1563429881.07    1563429891.98    10.9140000343    4    0.0059    0.0236    10.9199000343    0.0    0
23    1563429882.13    1563429891.98    9.85500001907    16    0.0098    0.1568    9.86480001907    0.0    0
24    1563429882.24    1563429892.01    9.76900005341    256    0.8    204.8    10.5690000534    0.0    0
25    1563429882.76    1563429895.67    12.9119999409    256    0.6189    158.4384    13.5308999409    0.0    0
26    1563429883.08    1563429899.51    16.4319999218    16    0.0098    0.1568    16.4417999218    0.0    0
27    1563429883.32    1563429899.53    16.2060000896    64    0.4167    26.6688    16.6227000896    0.0    0
28    1563429883.35    1563429899.74    16.3900001049    256    0.4221    108.0576    16.8121001049    0.0    0
29    1563429883.75    1563429903.45    19.6969997883    64    0.4167    26.6688    20.1136997883    0.0    0
30    1563429884.04    1563429903.66    19.614000082    256    0.6189    158.4384    20.232900082    0.0    0
31    1563429884.93    1563429907.55    22.625    4    0.0059    0.0236    22.6309    0.0    0
32    1563429885.26    1563429907.56    22.2950000763    64    0.0234    1.4976    22.3184000763    0.0    0
33    1563429885.89    1563429907.76    21.875    4    0.6452    2.5808    22.5202    0.0    0
34    1563429886.05    1563429907.77    21.7149999142    16    0.7616    12.1856    22.4765999142    0.0    0
35    1563429886.06    1563429907.78    21.7200000286    64    0.9446    60.4544    22.6646000286    0.0    0
36    1563429888.61    1563429907.99    19.3849999905    16    0.7616    12.1856    20.1465999905    0.0    0
37    1563429888.85    1563429908.0    19.1499998569    16    0.0285    0.456    19.1784998569    0.0    0
38    1563429890.31    1563429908.02    17.7100000381    4    0.0522    0.2088    17.7622000381    0.0    0
39    1563429890.37    1563429908.02    17.643999815    4    0.0832    0.3328    17.727199815    0.0    0
40    1563429890.4    1563429908.02    17.6210000515    64    0.1855    11.872    17.8065000515    0.0    0
41    1563429891.58    1563429908.3    16.7170000076    64    0.0055    0.352    16.7225000076    0.0    0
42    1563429892.7    1563429908.54    15.8410000801    16    0.8805    14.088    16.7215000801    0.0    0
43    1563429893.29    1563429908.56    15.2650001049    4    0.0832    0.3328    15.3482001049    0.0    0
44    1563429896.93    1563429908.56    11.6349999905    64    0.0234    1.4976    11.6583999905    0.0    0
45    1563429898.04    1563429908.79    10.7479999065    64    0.0234    1.4976    10.7713999065    0.0    0
46    1563429899.77    1563429909.0    9.23699998856    64    0.0234    1.4976    9.26039998856    0.0    0
47    1563429900.07    1563429909.25    9.17600011826    4    0.0059    0.0236    9.18190011826    0.0    0
48    1563429900.95    1563429909.25    8.30200004578    16    0.0429    0.6864    8.34490004578    0.0    0
49    1563429901.62    1563429909.27    7.64499998093    64    0.9446    60.4544    8.58959998093    0.0    0
50    1563429903.01    1563429909.52    6.50300002098    16    0.8805    14.088    7.38350002098    0.0    0
51    1563429904.77    1563429909.53    4.76499986649    64    0.0234    1.4976    4.78839986649    0.0    0
52    1563429904.92    1563429909.74    4.81999993324    64    0.0234    1.4976    4.84339993324    0.0    0
53    1563429905.19    1563429909.95    4.76300001144    64    0.9446    60.4544    5.70760001144    0.0    0
54    1563429905.7    1563429910.19    4.48500013351    16    0.0285    0.456    4.51350013351    0.0    0
55    1563429905.89    1563429910.2    4.3180000782    4    0.6452    2.5808    4.9632000782    0.0    0
56    1563429906.04    1563429910.21    4.16400003433    4    0.0832    0.3328    4.24720003433    0.0    0
57    1563429906.24    1563429910.21    3.97300004959    64    0.0125    0.8    3.98550004959    0.0    0
58    1563429907.73    1563429910.45    2.71600008011    64    0.4167    26.6688    3.13270008011    0.0    0
59    1563429908.79    1563429910.67    1.88400006294    4    0.0059    0.0236    1.88990006294    0.0    0
60    1563429910.17    1563429910.68    0.506999969482    256    0.6189    158.4384    1.12589996948    0.0    0
61    1563429910.53    1563429914.26    3.73000001907    16    0.0429    0.6864    3.77290001907    0.0    0
62    1563429911.16    1563429914.28    3.11900019646    4    0.5956    2.3824    3.71460019646    0.0    0
63    1563429912.76    1563429914.28    1.51300001144    4    0.0059    0.0236    1.51890001144    0.0    0
64    1563429914.02    1563429914.29    0.270999908447    256    0.6189    158.4384    0.889899908447    0.0    0
65    1563429915.68    1563429918.04    2.36100006104    4    0.0059    0.0236    2.36690006104    0.0    0
66    1563429917.23    1563429918.05    0.81299996376    16    0.4243    6.7888    1.23729996376    0.0    0
67    1563429917.24    1563429918.06    0.825000047684    16    0.4243    6.7888    1.24930004768    0.0    0
68    1563429918.21    1563429918.21    0.000999927520752    64    0.0055    0.352    0.00649992752075    0.0    0
69    1563429919.7    1563429919.7    0.0    4    0.0059    0.0236    0.0059    0.0    0
70    1563429920.81    1563429920.81    0.0    4    1.1283    4.5132    1.1283    0.0    0
71    1563429920.9    1563429920.91    0.00600004196167    256    0.6189    158.4384    0.624900041962    0.0    0
72    1563429921.63    1563429924.89    3.25699996948    16    0.0429    0.6864    3.29989996948    0.0    0
73    1563429922.06    1563429924.9    2.84500002861    4    0.0284    0.1136    2.87340002861    0.0    0
74    1563429923.7    1563429924.9    1.19900012016    64    0.0234    1.4976    1.22240012016    0.0    0
75    1563429924.45    1563429925.13    0.68799996376    4    0.0059    0.0236    0.69389996376    0.0    0
76    1563429924.95    1563429925.14    0.19000005722    64    0.0234    1.4976    0.21340005722    0.0    0
77    1563429925.36    1563429925.38    0.0210001468658    64    0.9446    60.4544    0.965600146866    0.0    0
78    1563429925.41    1563429925.66    0.246000051498    256    0.8    204.8    1.0460000515    0.0    0
79    1563429925.89    1563429929.55    3.65900015831    256    0.8    204.8    4.45900015831    0.0    0
80    1563429926.83    1563429933.29    6.46399998665    16    0.0297    0.4752    6.49369998665    0.0    0
81    1563429926.99    1563429933.31    6.3180000782    4    0.0284    0.1136    6.3464000782    0.0    0
82    1563429927.13    1563429933.31    6.17600011826    4    1.1283    4.5132    7.30430011826    0.0    0
83    1563429928.06    1563429933.31    5.25300002098    4    0.0284    0.1136    5.28140002098    0.0    0
84    1563429928.56    1563429933.31    4.74900007248    4    0.6452    2.5808    5.39420007248    0.0    0
85    1563429930.46    1563429933.32    2.86000013351    256    0.0177    4.5312    2.87770013351    0.0    0
86    1563429933.41    1563429937.09    3.67499995232    64    0.1855    11.872    3.86049995232    0.0    0
87    1563429933.72    1563429937.32    3.60199999809    64    0.9446    60.4544    4.54659999809    0.0    0
88    1563429938.05    1563429938.05    0.0    64    0.0234    1.4976    0.0234    0.0    0
89    1563429938.2    1563429938.29    0.0880000591278    256    0.7528    192.7168    0.840800059128    0.0    0
90    1563429941.16    1563429942.17    1.01300001144    64    0.0055    0.352    1.01850001144    0.0    0
91    1563429941.2    1563429942.39    1.19400000572    256    0.8    204.8    1.99400000572    0.0    0
92    1563429941.38    1563429945.99    4.6099998951    64    0.0234    1.4976    4.6333998951    0.0    0
93    1563429941.72    1563429946.26    4.54299998283    16    0.0429    0.6864    4.58589998283    0.0    0
94    1563429941.79    1563429946.28    4.49499988556    16    0.7616    12.1856    5.25659988556    0.0    0
95    1563429942.62    1563429946.31    3.68400001526    256    0.0177    4.5312    3.70170001526    0.0    0
96    1563429943.37    1563429950.19    6.82299995422    256    0.0057    1.4592    6.82869995422    0.0    0
97    1563429943.55    1563429953.99    10.4430000782    4    0.0522    0.2088    10.4952000782    0.0    0
98    1563429945.43    1563429954.01    8.57299995422    256    0.8    204.8    9.37299995422    0.0    0
99    1563429945.62    1563429957.83    12.2060000896    64    0.0055    0.352    12.2115000896    0.0    0

dispatched jobs are: 100 out of 100
average queue time is: 7.04251001358
fso links are used for 0 times
overall utilization is 0.0352572634582
average response time is 7.38911801358
average weighted response time is 6.41684150516
average slowdown is 8.99976963683
cpu_request: 8236, cpu_run: 8236
ssd_request: 4343, ssd_run: 0
gpu_request: 4326, gpu_run: 0
cpu aspl: 0.0
cpu diameter: 0.0
job x: 0.0
job y: 0.0
job z: 0.0
