#timestep  occupied-CPU  total-CPU  utilization  queuingjobs
1    4    1024    0.00390625    0
2    0    1024    0.0    3
3    0    1024    0.0    8
4    0    1024    0.0    12
5    276    1024    0.26953125    16
6    0    1024    0.0    19
7    0    1024    0.0    23
8    0    1024    0.0    29
9    256    1024    0.25    36
10    0    1024    0.0    44
11    0    1024    0.0    50
12    0    1024    0.0    53
13    0    1024    0.0    57
14    0    1024    0.0    61
15    0    1024    0.0    62
16    0    1024    0.0    67
17    0    1024    0.0    71
18    0    1024    0.0    77
19    287    1024    0.2802734375    75
20    0    1024    0.0    80
21    0    1024    0.0    84
22    0    1024    0.0    91
23    4    1024    0.00390625    93
24    0    1024    0.0    96
25    0    1024    0.0    102
26    340    1024    0.33203125    101
27    0    1024    0.0    102
28    0    1024    0.0    107
29    0    1024    0.0    114
30    320    1024    0.3125    119
31    4    1024    0.00390625    117
32    0    1024    0.0    123
33    0    1024    0.0    131
34    4    1024    0.00390625    131
35    0    1024    0.0    125
36    0    1024    0.0    130
37    0    1024    0.0    132
38    260    1024    0.25390625    135
39    32    1024    0.03125    133
40    0    1024    0.0    136
41    0    1024    0.0    144
42    260    1024    0.25390625    141
43    0    1024    0.0    151
44    0    1024    0.0    157
45    0    1024    0.0    164
46    0    1024    0.0    167
47    0    1024    0.0    174
48    0    1024    0.0    181
49    0    1024    0.0    187
50    126    1024    0.123046875    173
51    0    1024    0.0    175
52    0    1024    0.0    178
53    0    1024    0.0    183
54    320    1024    0.3125    186
55    0    1024    0.0    192
56    0    1024    0.0    196
57    0    1024    0.0    200
58    4    1024    0.00390625    203
59    0    1024    0.0    210
60    0    1024    0.0    213
61    320    1024    0.3125    212
62    0    1024    0.0    214
63    0    1024    0.0    219
64    256    1024    0.25    222
65    0    1024    0.0    217
66    0    1024    0.0    220
67    0    1024    0.0    223
68    256    1024    0.25    224
69    0    1024    0.0    229
70    0    1024    0.0    234
71    39    1024    0.0380859375    232
72    4    1024    0.00390625    238
73    0    1024    0.0    241
74    0    1024    0.0    247
75    392    1024    0.3828125    244
76    1    1024    0.0009765625    246
77    0    1024    0.0    249
78    0    1024    0.0    250
79    32    1024    0.03125    249
80    0    1024    0.0    252
81    0    1024    0.0    262
82    0    1024    0.0    264
83    96    1024    0.09375    260
84    0    1024    0.0    272
85    0    1024    0.0    280
86    0    1024    0.0    285
87    148    1024    0.14453125    280
88    64    1024    0.0625    290
89    0    1024    0.0    297
90    0    1024    0.0    299
91    64    1024    0.0625    299
92    0    1024    0.0    302
93    0    1024    0.0    306
94    0    1024    0.0    312
95    16    1024    0.015625    313
96    0    1024    0.0    319
97    0    1024    0.0    323
98    256    1024    0.25    323
99    80    1024    0.078125    317
100    0    1024    0.0    324
101    0    1024    0.0    329
102    0    1024    0.0    329
103    0    1024    0.0    323
104    0    1024    0.0    323
105    0    1024    0.0    323
106    0    1024    0.0    322
107    0    1024    0.0    322
108    0    1024    0.0    322
109    12    1024    0.01171875    316
110    3    1024    0.0029296875    315
111    0    1024    0.0    315
112    0    1024    0.0    315
113    256    1024    0.25    314
114    0    1024    0.0    314
115    0    1024    0.0    314
116    64    1024    0.0625    312
117    0    1024    0.0    312
118    0    1024    0.0    312
119    0    1024    0.0    312
120    0    1024    0.0    310
121    0    1024    0.0    310
122    0    1024    0.0    310
123    0    1024    0.0    309
124    0    1024    0.0    309
125    0    1024    0.0    309
126    0    1024    0.0    308
127    0    1024    0.0    308
128    0    1024    0.0    308
129    256    1024    0.25    307
130    64    1024    0.0625    305
131    0    1024    0.0    305
132    0    1024    0.0    305
133    384    1024    0.375    302
134    0    1024    0.0    301
135    0    1024    0.0    301
136    0    1024    0.0    301
137    64    1024    0.0625    297
138    0    1024    0.0    297
139    0    1024    0.0    297
140    0    1024    0.0    297
141    228    1024    0.22265625    286
142    0    1024    0.0    286
143    0    1024    0.0    286
144    0    1024    0.0    286
145    0    1024    0.0    285
146    0    1024    0.0    285
147    0    1024    0.0    285
148    0    1024    0.0    284
149    0    1024    0.0    283
150    0    1024    0.0    283
151    0    1024    0.0    283
152    4    1024    0.00390625    277
153    0    1024    0.0    277
154    0    1024    0.0    277
155    0    1024    0.0    277
156    4    1024    0.00390625    272
157    0    1024    0.0    272
158    0    1024    0.0    272
159    256    1024    0.25    270
160    0    1024    0.0    270
161    0    1024    0.0    270
162    0    1024    0.0    270
163    4    1024    0.00390625    269
164    0    1024    0.0    269
165    0    1024    0.0    269
166    0    1024    0.0    268
167    0    1024    0.0    267
168    0    1024    0.0    267
169    0    1024    0.0    267
170    0    1024    0.0    267
171    0    1024    0.0    266
172    0    1024    0.0    266
173    0    1024    0.0    266
174    0    1024    0.0    265
175    0    1024    0.0    265
176    0    1024    0.0    265
177    0    1024    0.0    265
178    0    1024    0.0    262
179    0    1024    0.0    262
180    0    1024    0.0    262
181    324    1024    0.31640625    259
182    0    1024    0.0    259
183    0    1024    0.0    259
184    0    1024    0.0    259
185    0    1024    0.0    256
186    0    1024    0.0    256
187    0    1024    0.0    256
188    256    1024    0.25    255
189    0    1024    0.0    255
190    0    1024    0.0    255
191    0    1024    0.0    255
192    4    1024    0.00390625    244
193    0    1024    0.0    244
194    0    1024    0.0    244
195    0    1024    0.0    243
196    0    1024    0.0    239
197    0    1024    0.0    239
198    0    1024    0.0    239
199    384    1024    0.375    234
200    0    1024    0.0    233
201    0    1024    0.0    233
202    0    1024    0.0    233
203    328    1024    0.3203125    223
204    3    1024    0.0029296875    223
205    0    1024    0.0    223
206    0    1024    0.0    223
207    4    1024    0.00390625    218
208    0    1024    0.0    218
209    0    1024    0.0    218
210    0    1024    0.0    218
211    0    1024    0.0    216
212    0    1024    0.0    216
213    0    1024    0.0    216
214    256    1024    0.25    215
215    0    1024    0.0    215
216    0    1024    0.0    215
217    0    1024    0.0    215
218    0    1024    0.0    213
219    0    1024    0.0    213
220    0    1024    0.0    213
221    256    1024    0.25    211
222    0    1024    0.0    211
223    0    1024    0.0    211
224    0    1024    0.0    211
225    80    1024    0.078125    207
226    0    1024    0.0    202
227    0    1024    0.0    202
228    0    1024    0.0    202
229    0    1024    0.0    202
230    0    1024    0.0    197
231    0    1024    0.0    197
232    0    1024    0.0    197
233    0    1024    0.0    197
234    24    1024    0.0234375    187
235    0    1024    0.0    187
236    0    1024    0.0    187
237    0    1024    0.0    187
238    0    1024    0.0    185
239    0    1024    0.0    185
240    0    1024    0.0    185
241    0    1024    0.0    184
242    0    1024    0.0    184
243    0    1024    0.0    184
244    0    1024    0.0    184
245    84    1024    0.08203125    179
246    0    1024    0.0    179
247    0    1024    0.0    179
248    0    1024    0.0    179
249    67    1024    0.0654296875    177
250    0    1024    0.0    177
251    0    1024    0.0    177
252    272    1024    0.265625    171
253    0    1024    0.0    171
254    0    1024    0.0    171
255    0    1024    0.0    171
256    68    1024    0.06640625    164
257    0    1024    0.0    164
258    0    1024    0.0    164
259    0    1024    0.0    164
260    0    1024    0.0    161
261    0    1024    0.0    161
262    0    1024    0.0    161
263    0    1024    0.0    161
264    0    1024    0.0    158
265    0    1024    0.0    158
266    0    1024    0.0    158
267    256    1024    0.25    157
268    0    1024    0.0    157
269    0    1024    0.0    157
270    0    1024    0.0    157
271    0    1024    0.0    157
272    256    1024    0.25    156
273    0    1024    0.0    155
274    0    1024    0.0    155
275    0    1024    0.0    155
276    0    1024    0.0    155
277    0    1024    0.0    152
278    0    1024    0.0    152
279    0    1024    0.0    152
280    0    1024    0.0    150
281    0    1024    0.0    150
282    0    1024    0.0    150
283    0    1024    0.0    150
284    0    1024    0.0    150
285    0    1024    0.0    148
286    0    1024    0.0    148
287    0    1024    0.0    148
288    0    1024    0.0    148
289    328    1024    0.3203125    140
290    3    1024    0.0029296875    140
291    0    1024    0.0    140
292    0    1024    0.0    140
293    0    1024    0.0    140
294    0    1024    0.0    138
295    0    1024    0.0    138
296    0    1024    0.0    138
297    276    1024    0.26953125    134
298    0    1024    0.0    134
299    0    1024    0.0    134
300    0    1024    0.0    134
301    340    1024    0.33203125    130
302    0    1024    0.0    130
303    0    1024    0.0    130
304    0    1024    0.0    130
305    0    1024    0.0    130
306    0    1024    0.0    130
307    256    1024    0.25    128
308    0    1024    0.0    128
309    0    1024    0.0    128
310    0    1024    0.0    128
311    0    1024    0.0    128
312    256    1024    0.25    127
313    64    1024    0.0625    124
314    0    1024    0.0    124
315    0    1024    0.0    124
316    0    1024    0.0    124
317    273    1024    0.2666015625    120
318    0    1024    0.0    120
319    0    1024    0.0    120
320    0    1024    0.0    120
321    156    1024    0.15234375    114
322    0    1024    0.0    112
323    0    1024    0.0    112
324    0    1024    0.0    112
325    324    1024    0.31640625    109
326    0    1024    0.0    109
327    0    1024    0.0    109
328    0    1024    0.0    109
329    0    1024    0.0    108
330    0    1024    0.0    108
331    0    1024    0.0    108
332    280    1024    0.2734375    104
333    5    1024    0.0048828125    104
334    0    1024    0.0    104
335    0    1024    0.0    104
336    340    1024    0.33203125    97
337    80    1024    0.078125    91
338    0    1024    0.0    91
339    0    1024    0.0    91
340    0    1024    0.0    91
341    0    1024    0.0    90
342    0    1024    0.0    90
343    0    1024    0.0    90
344    0    1024    0.0    89
345    0    1024    0.0    89
346    0    1024    0.0    89
347    0    1024    0.0    89
348    272    1024    0.265625    79
349    0    1024    0.0    79
350    0    1024    0.0    79
351    0    1024    0.0    79
352    336    1024    0.328125    75
353    0    1024    0.0    72
354    0    1024    0.0    72
355    0    1024    0.0    72
356    0    1024    0.0    71
357    0    1024    0.0    71
358    0    1024    0.0    71
359    0    1024    0.0    71
360    0    1024    0.0    70
361    0    1024    0.0    70
362    0    1024    0.0    70
363    0    1024    0.0    70
364    0    1024    0.0    67
365    0    1024    0.0    67
366    0    1024    0.0    67
367    324    1024    0.31640625    62
368    0    1024    0.0    62
369    0    1024    0.0    62
370    0    1024    0.0    62
371    336    1024    0.328125    58
372    64    1024    0.0625    57
373    0    1024    0.0    57
374    0    1024    0.0    57
375    20    1024    0.01953125    52
376    0    1024    0.0    52
377    0    1024    0.0    52
378    0    1024    0.0    52
379    0    1024    0.0    51
380    0    1024    0.0    51
381    0    1024    0.0    51
382    276    1024    0.26953125    46
383    0    1024    0.0    45
384    0    1024    0.0    45
385    0    1024    0.0    45
386    256    1024    0.25    44
387    0    1024    0.0    44
388    0    1024    0.0    44
389    4    1024    0.00390625    41
390    0    1024    0.0    41
391    0    1024    0.0    41
392    0    1024    0.0    41
393    256    1024    0.25    40
394    0    1024    0.0    40
395    0    1024    0.0    40
396    0    1024    0.0    38
397    0    1024    0.0    36
398    0    1024    0.0    36
399    0    1024    0.0    36
400    256    1024    0.25    35
401    0    1024    0.0    33
402    0    1024    0.0    33
403    0    1024    0.0    33
404    0    1024    0.0    32
405    0    1024    0.0    32
406    0    1024    0.0    32
407    0    1024    0.0    32
408    256    1024    0.25    31
409    0    1024    0.0    31
410    0    1024    0.0    31
411    64    1024    0.0625    29
412    0    1024    0.0    23
413    0    1024    0.0    23
414    0    1024    0.0    23
415    0    1024    0.0    23
416    4    1024    0.00390625    18
417    0    1024    0.0    18
418    0    1024    0.0    18
419    256    1024    0.25    17
420    0    1024    0.0    17
421    0    1024    0.0    17
422    0    1024    0.0    17
423    16    1024    0.015625    10
424    0    1024    0.0    10
425    0    1024    0.0    10
426    0    1024    0.0    10
427    0    1024    0.0    9
428    0    1024    0.0    9
429    0    1024    0.0    9
430    64    1024    0.0625    5
431    64    1024    0.0625    4
432    0    1024    0.0    4
433    0    1024    0.0    4

average cpu utilization is: 0.0341616447748
average ssd utilization is: 0.0464036338048
average gpu utilization is: 0.047621517754
average utilization is: 0.0427289321112
average queuing jobs are: 166.981524249
maximum queuing jobs are: 329


#job_number  submit  dispatch  queue  cpu#  runtime  weight  response(turnaround)  cpu_aspl  cpu_diameter
0    1563520021.57    1563520027.28    5.70800018311    4    0.0522    0.2088    5.76020018311    0.0    0
1    1563520027.48    1563520027.48    0.0    64    0.0125    0.8    0.0125    0.0    0
2    1563520027.63    1563520027.64    0.00699996948242    64    0.1855    11.872    0.192499969482    0.0    0
3    1563520027.81    1563520027.81    0.000999927520752    16    0.0098    0.1568    0.0107999275208    0.0    0
4    1563520027.89    1563520027.9    0.0019998550415    256    0.4221    108.0576    0.424099855042    0.0    0
5    1563520028.01    1563520031.26    3.24900007248    16    0.7616    12.1856    4.01060007248    0.0    0
6    1563520028.18    1563520031.27    3.09000015259    4    0.6452    2.5808    3.73520015259    0.0    0
7    1563520028.35    1563520031.27    2.92100000381    64    0.0055    0.352    2.92650000381    0.0    0
8    1563520028.59    1563520031.46    2.8639998436    4    0.6452    2.5808    3.5091998436    0.0    0
9    1563520028.64    1563520031.46    2.82500004768    256    0.8    204.8    3.62500004768    0.0    0
10    1563520029.08    1563520034.83    5.75300002098    64    0.4167    26.6688    6.16970002098    0.0    0
11    1563520029.26    1563520035.02    5.76200008392    256    0.0177    4.5312    5.77970008392    0.0    0
12    1563520029.36    1563520038.45    9.08299994469    64    0.1855    11.872    9.26849994469    0.0    0
13    1563520029.62    1563520038.68    9.0600001812    256    0.0057    1.4592    9.0657001812    0.0    0
14    1563520029.87    1563520042.17    12.3010001183    256    0.4221    108.0576    12.7231001183    0.0    0
15    1563520030.33    1563520045.64    15.3049998283    16    0.0285    0.456    15.3334998283    0.0    0
16    1563520030.44    1563520045.65    15.2079999447    16    0.0098    0.1568    15.2177999447    0.0    0
17    1563520030.8    1563520045.67    14.8639998436    16    0.7616    12.1856    15.6255998436    0.0    0
18    1563520030.86    1563520045.68    14.8289999962    16    0.0285    0.456    14.8574999962    0.0    0
19    1563520031.09    1563520045.7    14.6119999886    256    0.4221    108.0576    15.0340999886    0.0    0
20    1563520031.33    1563520049.15    17.8180000782    4    0.5956    2.3824    18.4136000782    0.0    0
21    1563520031.34    1563520049.15    17.8140001297    4    1.1283    4.5132    18.9423001297    0.0    0
22    1563520031.36    1563520049.16    17.7919998169    256    0.6189    158.4384    18.4108998169    0.0    0
23    1563520031.78    1563520052.67    20.8919999599    4    1.1283    4.5132    22.0202999599    0.0    0
24    1563520032.08    1563520052.67    20.5970001221    4    1.1283    4.5132    21.7253001221    0.0    0
25    1563520032.12    1563520052.67    20.5529999733    64    0.9446    60.4544    21.4975999733    0.0    0
26    1563520032.18    1563520052.87    20.6879999638    4    0.6452    2.5808    21.3331999638    0.0    0
27    1563520032.26    1563520052.87    20.6119999886    4    0.0832    0.3328    20.6951999886    0.0    0
28    1563520032.51    1563520052.87    20.3660001755    4    0.0522    0.2088    20.4182001755    0.0    0
29    1563520032.81    1563520052.88    20.0629999638    64    0.1855    11.872    20.2484999638    0.0    0
30    1563520032.9    1563520053.1    20.1919999123    64    0.4167    26.6688    20.6086999123    0.0    0
31    1563520032.92    1563520053.34    20.4140000343    256    0.8    204.8    21.2140000343    0.0    0
32    1563520033.74    1563520056.8    23.0510001183    64    0.4167    26.6688    23.4677001183    0.0    0
33    1563520033.79    1563520056.99    23.2000000477    16    0.7616    12.1856    23.9616000477    0.0    0
34    1563520034.15    1563520057.02    22.8759999275    16    0.7616    12.1856    23.6375999275    0.0    0
35    1563520034.21    1563520057.04    22.8319997787    64    0.0234    1.4976    22.8553997787    0.0    0
36    1563520034.22    1563520057.26    23.0429999828    16    0.0285    0.456    23.0714999828    0.0    0
37    1563520034.33    1563520057.28    22.9429998398    4    1.1283    4.5132    24.0712998398    0.0    0
38    1563520034.49    1563520057.28    22.7960000038    256    0.0177    4.5312    22.8137000038    0.0    0
39    1563520034.63    1563520060.79    26.1570000648    4    0.5956    2.3824    26.7526000648    0.0    0
40    1563520034.71    1563520060.79    26.0730001926    64    0.0125    0.8    26.0855001926    0.0    0
41    1563520034.72    1563520060.99    26.2649998665    64    0.0125    0.8    26.2774998665    0.0    0
42    1563520034.79    1563520061.21    26.4190001488    4    0.0284    0.1136    26.4474001488    0.0    0
43    1563520034.95    1563520061.21    26.260999918    4    0.0832    0.3328    26.344199918    0.0    0
44    1563520034.96    1563520061.21    26.2569999695    4    0.0284    0.1136    26.2853999695    0.0    0
45    1563520035.35    1563520061.22    25.871999979    16    0.8805    14.088    26.752499979    0.0    0
46    1563520035.47    1563520061.23    25.7679998875    16    0.0098    0.1568    25.7777998875    0.0    0
47    1563520035.5    1563520061.25    25.7550001144    64    0.0125    0.8    25.7675001144    0.0    0
48    1563520035.52    1563520061.47    25.9579999447    16    0.0429    0.6864    26.0008999447    0.0    0
49    1563520035.96    1563520061.49    25.5260000229    4    0.0284    0.1136    25.5544000229    0.0    0
50    1563520036.33    1563520061.49    25.1579999924    4    0.0832    0.3328    25.2411999924    0.0    0
51    1563520036.34    1563520061.49    25.1549999714    16    0.0297    0.4752    25.1846999714    0.0    0
52    1563520036.35    1563520061.51    25.1590001583    256    0.6189    158.4384    25.7779001583    0.0    0
53    1563520036.37    1563520064.94    28.5759999752    4    0.5956    2.3824    29.1715999752    0.0    0
54    1563520036.39    1563520064.94    28.5550000668    64    0.0055    0.352    28.5605000668    0.0    0
55    1563520036.64    1563520065.13    28.496999979    64    0.1855    11.872    28.682499979    0.0    0
56    1563520036.72    1563520065.34    28.6190001965    64    0.0234    1.4976    28.6424001965    0.0    0
57    1563520036.89    1563520065.55    28.6579999924    16    0.8805    14.088    29.5384999924    0.0    0
58    1563520036.97    1563520065.58    28.6029999256    16    0.0429    0.6864    28.6458999256    0.0    0
59    1563520037.36    1563520065.59    28.2269999981    64    0.4167    26.6688    28.6436999981    0.0    0
60    1563520037.48    1563520065.78    28.3010001183    16    0.8805    14.088    29.1815001183    0.0    0
61    1563520037.77    1563520065.79    28.0169999599    4    0.0522    0.2088    28.0691999599    0.0    0
62    1563520037.97    1563520065.8    27.8220000267    256    0.6189    158.4384    28.4409000267    0.0    0
63    1563520038.05    1563520069.21    31.1619999409    4    0.0284    0.1136    31.1903999409    0.0    0
64    1563520038.09    1563520069.21    31.120000124    4    0.5956    2.3824    31.715600124    0.0    0
65    1563520038.59    1563520069.21    30.6210000515    16    0.0429    0.6864    30.6639000515    0.0    0
66    1563520038.72    1563520069.22    30.5039999485    4    0.0284    0.1136    30.5323999485    0.0    0
67    1563520038.98    1563520069.23    30.245000124    256    0.0057    1.4592    30.250700124    0.0    0
68    1563520039.07    1563520072.67    33.603000164    64    0.0234    1.4976    33.626400164    0.0    0
69    1563520039.3    1563520072.86    33.5640001297    16    0.0429    0.6864    33.6069001297    0.0    0
70    1563520039.87    1563520072.88    33.0069999695    256    0.0177    4.5312    33.0246999695    0.0    0
71    1563520040.14    1563520076.65    36.5099999905    16    0.0098    0.1568    36.5197999905    0.0    0
72    1563520040.24    1563520076.66    36.4240000248    4    1.1283    4.5132    37.5523000248    0.0    0
73    1563520040.61    1563520076.66    36.0570001602    4    0.0522    0.2088    36.1092001602    0.0    0
74    1563520041.59    1563520076.67    35.0759999752    64    0.0234    1.4976    35.0993999752    0.0    0
75    1563520042.0    1563520076.88    34.871999979    4    1.1283    4.5132    36.000299979    0.0    0
76    1563520042.04    1563520076.88    34.8410000801    4    1.1283    4.5132    35.9693000801    0.0    0
77    1563520042.24    1563520076.88    34.6369998455    64    0.0234    1.4976    34.6603998455    0.0    0
78    1563520042.25    1563520077.12    34.8659999371    4    0.0832    0.3328    34.9491999371    0.0    0
79    1563520042.5    1563520077.12    34.6210000515    4    0.5956    2.3824    35.2166000515    0.0    0
80    1563520042.6    1563520077.12    34.5190000534    16    0.0098    0.1568    34.5288000534    0.0    0
81    1563520042.85    1563520077.15    34.2969999313    64    0.1855    11.872    34.4824999313    0.0    0
82    1563520042.94    1563520077.36    34.4229998589    4    0.6452    2.5808    35.0681998589    0.0    0
83    1563520043.23    1563520077.37    34.1319999695    4    0.6452    2.5808    34.7771999695    0.0    0
84    1563520043.55    1563520077.37    33.8169999123    16    0.8805    14.088    34.6974999123    0.0    0
85    1563520043.83    1563520077.38    33.5509998798    4    0.5956    2.3824    34.1465998798    0.0    0
86    1563520043.92    1563520077.38    33.4660000801    16    0.8805    14.088    34.3465000801    0.0    0
87    1563520043.94    1563520077.4    33.4549999237    16    0.0297    0.4752    33.4846999237    0.0    0
88    1563520044.22    1563520077.41    33.1890001297    4    0.5956    2.3824    33.7846001297    0.0    0
89    1563520044.37    1563520077.41    33.0499999523    64    0.0234    1.4976    33.0733999523    0.0    0
90    1563520044.44    1563520077.65    33.2039999962    4    0.6452    2.5808    33.8491999962    0.0    0
91    1563520044.79    1563520077.65    32.8659999371    256    0.8    204.8    33.6659999371    0.0    0
92    1563520045.05    1563520081.06    36.0050001144    64    0.0055    0.352    36.0105001144    0.0    0
93    1563520045.08    1563520081.24    36.1589999199    16    0.0285    0.456    36.1874999199    0.0    0
94    1563520045.91    1563520081.25    35.3370001316    64    0.4167    26.6688    35.7537001316    0.0    0
95    1563520045.92    1563520081.43    35.5160000324    256    0.0057    1.4592    35.5217000324    0.0    0
96    1563520046.27    1563520084.86    38.5929999352    4    0.0832    0.3328    38.6761999352    0.0    0
97    1563520046.5    1563520084.86    38.3589999676    4    0.6452    2.5808    39.0041999676    0.0    0
98    1563520046.72    1563520084.86    38.1440000534    64    0.0234    1.4976    38.1674000534    0.0    0
99    1563520046.85    1563520085.06    38.2139999866    4    1.1283    4.5132    39.3422999866    0.0    0
100    1563520046.94    1563520085.07    38.128000021    256    0.7528    192.7168    38.880800021    0.0    0
101    1563520047.45    1563520088.48    41.0329999924    64    0.9446    60.4544    41.9775999924    0.0    0
102    1563520047.79    1563520088.66    40.8740000725    256    0.0177    4.5312    40.8917000725    0.0    0
103    1563520048.31    1563520091.92    43.6089999676    64    0.0125    0.8    43.6214999676    0.0    0
104    1563520048.34    1563520092.13    43.7920000553    4    0.0284    0.1136    43.8204000553    0.0    0
105    1563520048.42    1563520092.13    43.7100000381    4    0.6452    2.5808    44.3552000381    0.0    0
106    1563520048.52    1563520092.13    43.6159999371    16    0.0297    0.4752    43.6456999371    0.0    0
107    1563520048.6    1563520092.15    43.5490000248    64    0.0055    0.352    43.5545000248    0.0    0
108    1563520048.68    1563520092.34    43.6560001373    256    0.7528    192.7168    44.4088001373    0.0    0
109    1563520048.7    1563520095.62    46.9150002003    256    0.0057    1.4592    46.9207002003    0.0    0
110    1563520048.85    1563520099.03    50.1809999943    4    0.0059    0.0236    50.1868999943    0.0    0
111    1563520049.18    1563520099.03    49.8499999046    4    0.6452    2.5808    50.4951999046    0.0    0
112    1563520049.18    1563520099.04    49.8510000706    4    1.1283    4.5132    50.9793000706    0.0    0
113    1563520049.31    1563520099.04    49.7309999466    16    0.0429    0.6864    49.7738999466    0.0    0
114    1563520049.43    1563520099.06    49.6319999695    16    0.4243    6.7888    50.0562999695    0.0    0
115    1563520049.85    1563520099.08    49.2219998837    256    0.8    204.8    50.0219998837    0.0    0
116    1563520050.12    1563520102.53    52.4110000134    16    0.4243    6.7888    52.8353000134    0.0    0
117    1563520050.48    1563520102.54    52.0559999943    4    1.1283    4.5132    53.1842999943    0.0    0
118    1563520050.9    1563520102.54    51.640999794    64    0.6779    43.3856    52.318899794    0.0    0
119    1563520051.11    1563520102.72    51.6150000095    64    0.6779    43.3856    52.2929000095    0.0    0
120    1563520051.17    1563520102.9    51.7319998741    64    0.0234    1.4976    51.7553998741    0.0    0
121    1563520051.35    1563520103.09    51.7339999676    4    1.1283    4.5132    52.8622999676    0.0    0
122    1563520051.36    1563520103.09    51.7269999981    64    0.0055    0.352    51.7324999981    0.0    0
123    1563520051.56    1563520103.29    51.7369999886    16    0.7616    12.1856    52.4985999886    0.0    0
124    1563520052.13    1563520103.31    51.1800000668    4    0.0832    0.3328    51.2632000668    0.0    0
125    1563520052.14    1563520103.32    51.1710000038    256    0.0057    1.4592    51.1767000038    0.0    0
126    1563520052.15    1563520106.66    54.5069999695    16    0.7616    12.1856    55.2685999695    0.0    0
127    1563520052.48    1563520106.68    54.1999998093    64    0.4167    26.6688    54.6166998093    0.0    0
128    1563520052.65    1563520106.86    54.2160000801    16    0.8805    14.088    55.0965000801    0.0    0
129    1563520052.76    1563520106.88    54.117000103    256    0.6189    158.4384    54.735900103    0.0    0
130    1563520053.16    1563520110.59    57.4240000248    64    0.4167    26.6688    57.8407000248    0.0    0
131    1563520053.53    1563520110.78    57.2489998341    16    0.4243    6.7888    57.6732998341    0.0    0
132    1563520053.74    1563520110.79    57.0499999523    64    0.1855    11.872    57.2354999523    0.0    0
133    1563520054.52    1563520110.97    56.4559998512    4    0.0059    0.0236    56.4618998512    0.0    0
134    1563520054.69    1563520110.97    56.2829999924    64    0.0055    0.352    56.2884999924    0.0    0
135    1563520054.84    1563520111.16    56.3150000572    4    0.0522    0.2088    56.3672000572    0.0    0
136    1563520054.86    1563520111.16    56.2990000248    16    0.0297    0.4752    56.3287000248    0.0    0
137    1563520054.92    1563520111.18    56.2520000935    64    0.6779    43.3856    56.9299000935    0.0    0
138    1563520055.09    1563520111.37    56.2799999714    16    0.8805    14.088    57.1604999714    0.0    0
139    1563520055.17    1563520111.38    56.2070000172    16    0.7616    12.1856    56.9686000172    0.0    0
140    1563520055.44    1563520111.39    55.9560000896    256    0.4221    108.0576    56.3781000896    0.0    0
141    1563520055.73    1563520114.84    59.1089999676    64    0.0234    1.4976    59.1323999676    0.0    0
142    1563520055.98    1563520115.02    59.0399999619    16    0.0297    0.4752    59.0696999619    0.0    0
143    1563520055.99    1563520115.03    59.0419998169    64    0.4167    26.6688    59.4586998169    0.0    0
144    1563520055.99    1563520115.22    59.2250001431    4    0.5956    2.3824    59.8206001431    0.0    0
145    1563520056.28    1563520115.22    58.9399998188    16    0.8805    14.088    59.8204998188    0.0    0
146    1563520056.46    1563520115.23    58.7699999809    64    0.9446    60.4544    59.7145999809    0.0    0
147    1563520056.55    1563520115.41    58.8659999371    4    0.0284    0.1136    58.8943999371    0.0    0
148    1563520056.59    1563520115.42    58.8280000687    64    0.9446    60.4544    59.7726000687    0.0    0
149    1563520056.86    1563520115.63    58.7660000324    256    0.4221    108.0576    59.1881000324    0.0    0
150    1563520056.87    1563520119.02    62.1489999294    64    0.0234    1.4976    62.1723999294    0.0    0
151    1563520056.99    1563520119.22    62.2309999466    16    0.0429    0.6864    62.2738999466    0.0    0
152    1563520057.07    1563520119.23    62.1659998894    4    0.0832    0.3328    62.2491998894    0.0    0
153    1563520057.21    1563520119.24    62.0220000744    64    0.6779    43.3856    62.6999000744    0.0    0
154    1563520057.88    1563520119.44    61.5610001087    256    0.6189    158.4384    62.1799001087    0.0    0
155    1563520058.13    1563520122.86    64.7290000916    16    0.0297    0.4752    64.7587000916    0.0    0
156    1563520058.32    1563520122.88    64.5620000362    16    0.8805    14.088    65.4425000362    0.0    0
157    1563520058.65    1563520122.89    64.2430000305    4    0.5956    2.3824    64.8386000305    0.0    0
158    1563520058.75    1563520122.89    64.1429998875    64    0.0234    1.4976    64.1663998875    0.0    0
159    1563520058.94    1563520123.1    64.1640000343    256    0.8    204.8    64.9640000343    0.0    0
160    1563520058.96    1563520126.66    67.6990001202    16    0.0297    0.4752    67.7287001202    0.0    0
161    1563520059.11    1563520126.68    67.5649998188    4    0.0832    0.3328    67.6481998188    0.0    0
162    1563520059.35    1563520126.68    67.3269999027    64    0.4167    26.6688    67.7436999027    0.0    0
163    1563520059.39    1563520126.92    67.5360000134    16    0.0285    0.456    67.5645000134    0.0    0
164    1563520059.61    1563520126.94    67.3300001621    16    0.0098    0.1568    67.3398001621    0.0    0
165    1563520059.61    1563520126.95    67.3410000801    4    0.6452    2.5808    67.9862000801    0.0    0
166    1563520059.67    1563520126.95    67.2840001583    64    0.9446    60.4544    68.2286001583    0.0    0
167    1563520059.96    1563520127.17    67.2070000172    4    0.0059    0.0236    67.2129000172    0.0    0
168    1563520060.01    1563520127.17    67.1579999924    4    0.0059    0.0236    67.1638999924    0.0    0
169    1563520060.63    1563520127.17    66.5420000553    16    0.7616    12.1856    67.3036000553    0.0    0
170    1563520060.77    1563520127.19    66.4259998798    64    0.1855    11.872    66.6114998798    0.0    0
171    1563520060.8    1563520127.41    66.6130001545    256    0.7528    192.7168    67.3658001545    0.0    0
172    1563520061.29    1563520131.07    69.7710001469    16    0.0297    0.4752    69.8007001469    0.0    0
173    1563520061.38    1563520131.08    69.6960000992    4    0.0059    0.0236    69.7019000992    0.0    0
174    1563520061.53    1563520131.08    69.5549998283    16    0.7616    12.1856    70.3165998283    0.0    0
175    1563520061.97    1563520131.1    69.1259999275    16    0.4243    6.7888    69.5502999275    0.0    0
176    1563520062.11    1563520131.11    69.0039999485    4    0.0832    0.3328    69.0871999485    0.0    0
177    1563520062.32    1563520131.12    68.7999999523    256    0.0177    4.5312    68.8176999523    0.0    0
178    1563520062.34    1563520134.63    72.2900002003    256    0.0057    1.4592    72.2957002003    0.0    0
179    1563520062.37    1563520137.99    75.6119999886    16    0.0098    0.1568    75.6217999886    0.0    0
180    1563520062.51    1563520138.01    75.493999958    4    0.0522    0.2088    75.546199958    0.0    0
181    1563520063.04    1563520138.01    74.9659998417    4    1.1283    4.5132    76.0942998417    0.0    0
182    1563520063.34    1563520138.01    74.6740000248    4    0.6452    2.5808    75.3192000248    0.0    0
183    1563520063.78    1563520138.01    74.2339999676    4    0.6452    2.5808    74.8791999676    0.0    0
184    1563520064.56    1563520138.01    73.4539999962    64    0.0125    0.8    73.4664999962    0.0    0
185    1563520064.75    1563520138.24    73.489000082    256    0.7528    192.7168    74.241800082    0.0    0
186    1563520064.99    1563520141.6    76.6099998951    256    0.0057    1.4592    76.6156998951    0.0    0
187    1563520065.16    1563520144.97    79.8109998703    64    0.6779    43.3856    80.4888998703    0.0    0
188    1563520065.2    1563520145.16    79.9600000381    256    0.0057    1.4592    79.9657000381    0.0    0
189    1563520065.2    1563520148.42    83.2139999866    64    0.4167    26.6688    83.6306999866    0.0    0
190    1563520065.49    1563520148.62    83.132999897    256    0.0057    1.4592    83.138699897    0.0    0
191    1563520065.92    1563520151.93    86.0130000114    256    0.0177    4.5312    86.0307000114    0.0    0
192    1563520065.92    1563520155.27    89.3529999256    256    0.7528    192.7168    90.1057999256    0.0    0
193    1563520065.94    1563520158.57    92.637999773    64    0.0055    0.352    92.643499773    0.0    0
194    1563520066.09    1563520158.77    92.6859998703    64    0.9446    60.4544    93.6305998703    0.0    0
195    1563520066.38    1563520158.97    92.5909998417    256    0.6189    158.4384    93.2098998417    0.0    0
196    1563520066.54    1563520162.33    95.7929999828    64    0.6779    43.3856    96.4708999828    0.0    0
197    1563520066.61    1563520162.52    95.9040000439    64    0.4167    26.6688    96.3207000439    0.0    0
198    1563520067.36    1563520162.7    95.3420000076    64    0.6779    43.3856    96.0199000076    0.0    0
199    1563520067.49    1563520162.92    95.4340000153    256    0.0177    4.5312    95.4517000153    0.0    0
200    1563520067.69    1563520166.28    98.5929999352    64    0.0234    1.4976    98.6163999352    0.0    0
201    1563520067.84    1563520166.47    98.6319999695    64    0.0125    0.8    98.6444999695    0.0    0
202    1563520067.87    1563520166.65    98.7890000343    64    0.6779    43.3856    99.4669000343    0.0    0
203    1563520067.87    1563520166.84    98.9700000286    256    0.6189    158.4384    99.5889000286    0.0    0
204    1563520067.99    1563520170.24    102.251000166    64    0.6779    43.3856    102.928900166    0.0    0
205    1563520068.06    1563520170.43    102.375    16    0.0429    0.6864    102.4179    0.0    0
206    1563520068.37    1563520170.45    102.073999882    16    0.8805    14.088    102.954499882    0.0    0
207    1563520068.8    1563520170.46    101.665999889    64    0.6779    43.3856    102.343899889    0.0    0
208    1563520069.47    1563520170.66    101.18900013    4    0.0059    0.0236    101.19490013    0.0    0
209    1563520069.5    1563520170.66    101.165999889    16    0.0098    0.1568    101.175799889    0.0    0
210    1563520069.54    1563520170.68    101.141000032    64    0.4167    26.6688    101.557700032    0.0    0
211    1563520069.54    1563520170.88    101.340999842    16    0.7616    12.1856    102.102599842    0.0    0
212    1563520069.59    1563520170.9    101.303999901    16    0.0297    0.4752    101.333699901    0.0    0
213    1563520069.63    1563520170.91    101.276000023    4    0.6452    2.5808    101.921200023    0.0    0
214    1563520069.73    1563520170.91    101.184000015    256    0.0177    4.5312    101.201700015    0.0    0
215    1563520069.89    1563520174.85    104.95600009    256    0.0057    1.4592    104.96170009    0.0    0
216    1563520070.09    1563520178.14    108.054000139    64    0.4167    26.6688    108.470700139    0.0    0
217    1563520070.1    1563520178.36    108.25999999    256    0.0057    1.4592    108.26569999    0.0    0
218    1563520070.93    1563520181.77    110.839999914    64    0.1855    11.872    111.025499914    0.0    0
219    1563520070.97    1563520181.98    111.013000011    4    0.0832    0.3328    111.096200011    0.0    0
220    1563520071.17    1563520181.98    110.806999922    4    1.1283    4.5132    111.935299922    0.0    0
221    1563520071.24    1563520181.98    110.740999937    16    0.0429    0.6864    110.783899937    0.0    0
222    1563520071.36    1563520182.0    110.639999866    4    0.0832    0.3328    110.723199866    0.0    0
223    1563520071.37    1563520182.0    110.634000063    256    0.6189    158.4384    111.252900063    0.0    0
224    1563520071.42    1563520185.62    114.196000099    64    0.4167    26.6688    114.612700099    0.0    0
225    1563520071.42    1563520185.8    114.375999928    4    0.6452    2.5808    115.021199928    0.0    0
226    1563520071.43    1563520185.8    114.375    4    0.0284    0.1136    114.4034    0.0    0
227    1563520071.62    1563520185.8    114.181999922    16    0.0297    0.4752    114.211699922    0.0    0
228    1563520071.97    1563520185.82    113.848999977    256    0.7528    192.7168    114.601799977    0.0    0
229    1563520072.01    1563520189.35    117.34100008    4    0.0059    0.0236    117.34690008    0.0    0
230    1563520072.07    1563520189.35    117.282999992    256    0.7528    192.7168    118.035799992    0.0    0
231    1563520072.47    1563520192.85    120.372999907    256    0.0057    1.4592    120.378699907    0.0    0
232    1563520072.72    1563520196.55    123.835999966    64    0.0125    0.8    123.848499966    0.0    0
233    1563520073.0    1563520196.91    123.911999941    256    0.7528    192.7168    124.664799941    0.0    0
234    1563520073.03    1563520200.96    127.927999973    256    0.0057    1.4592    127.933699973    0.0    0
235    1563520073.04    1563520204.65    131.61500001    256    0.6189    158.4384    132.23390001    0.0    0
236    1563520073.23    1563520208.28    135.049999952    4    0.6452    2.5808    135.695199952    0.0    0
237    1563520073.45    1563520208.28    134.827000141    16    0.0285    0.456    134.855500141    0.0    0
238    1563520073.68    1563520208.3    134.617000103    256    0.8    204.8    135.417000103    0.0    0
239    1563520073.88    1563520211.75    137.866999865    4    0.5956    2.3824    138.462599865    0.0    0
240    1563520073.98    1563520211.75    137.774999857    64    0.4167    26.6688    138.191699857    0.0    0
241    1563520074.06    1563520211.94    137.886999846    256    0.0177    4.5312    137.904699846    0.0    0
242    1563520074.12    1563520215.38    141.259000063    64    0.1855    11.872    141.444500063    0.0    0
243    1563520074.19    1563520215.58    141.39199996    4    0.6452    2.5808    142.03719996    0.0    0
244    1563520074.62    1563520215.59    140.96600008    256    0.6189    158.4384    141.58490008    0.0    0
245    1563520074.63    1563520219.02    144.387000084    256    0.7528    192.7168    145.139800084    0.0    0
246    1563520074.66    1563520222.53    147.864000082    4    1.1283    4.5132    148.992300082    0.0    0
247    1563520074.83    1563520222.53    147.700000048    4    0.5956    2.3824    148.295600048    0.0    0
248    1563520074.87    1563520222.53    147.662999868    16    0.0098    0.1568    147.672799868    0.0    0
249    1563520075.27    1563520222.55    147.273000002    16    0.7616    12.1856    148.034600002    0.0    0
250    1563520075.48    1563520222.56    147.083999872    64    0.0055    0.352    147.089499872    0.0    0
251    1563520075.54    1563520222.77    147.226000071    4    0.0059    0.0236    147.231900071    0.0    0
252    1563520075.77    1563520222.77    146.993999958    16    0.0285    0.456    147.022499958    0.0    0
253    1563520075.94    1563520222.79    146.84100008    64    0.0234    1.4976    146.86440008    0.0    0
254    1563520076.0    1563520222.98    146.98300004    4    0.0284    0.1136    147.01140004    0.0    0
255    1563520076.26    1563520222.99    146.730999947    16    0.4243    6.7888    147.155299947    0.0    0
256    1563520076.31    1563520223.0    146.697000027    256    0.0057    1.4592    146.702700027    0.0    0
257    1563520076.9    1563520226.52    149.617999792    64    0.4167    26.6688    150.034699792    0.0    0
258    1563520076.97    1563520226.74    149.768000126    4    0.0059    0.0236    149.773900126    0.0    0
259    1563520077.07    1563520226.74    149.671000004    4    0.0284    0.1136    149.699400004    0.0    0
260    1563520077.21    1563520226.75    149.532000065    4    0.5956    2.3824    150.127600065    0.0    0
261    1563520077.28    1563520226.75    149.47300005    256    0.8    204.8    150.27300005    0.0    0
262    1563520077.59    1563520230.24    152.657000065    4    0.0059    0.0236    152.662900065    0.0    0
263    1563520077.89    1563520230.24    152.351999998    64    0.4167    26.6688    152.768699998    0.0    0
264    1563520078.17    1563520230.44    152.269999981    16    0.0297    0.4752    152.299699981    0.0    0
265    1563520078.47    1563520230.45    151.983999968    64    0.9446    60.4544    152.928599968    0.0    0
266    1563520078.92    1563520230.65    151.724999905    16    0.0098    0.1568    151.734799905    0.0    0
267    1563520079.13    1563520230.68    151.559000015    256    0.8    204.8    152.359000015    0.0    0
268    1563520079.22    1563520234.27    155.044000149    4    1.1283    4.5132    156.172300149    0.0    0
269    1563520079.62    1563520234.27    154.648999929    64    0.6779    43.3856    155.326899929    0.0    0
270    1563520079.77    1563520234.45    154.680999994    16    0.0429    0.6864    154.723899994    0.0    0
271    1563520080.02    1563520234.46    154.445999861    16    0.0429    0.6864    154.488899861    0.0    0
272    1563520080.28    1563520234.48    154.198999882    16    0.0429    0.6864    154.241899882    0.0    0
273    1563520080.58    1563520234.49    153.911000013    64    0.0234    1.4976    153.934400013    0.0    0
274    1563520080.66    1563520234.68    154.013000011    4    1.1283    4.5132    155.141300011    0.0    0
275    1563520080.74    1563520234.68    153.941999912    16    0.0285    0.456    153.970499912    0.0    0
276    1563520080.91    1563520234.69    153.784000158    16    0.0098    0.1568    153.793800158    0.0    0
277    1563520081.03    1563520234.71    153.679999828    256    0.4221    108.0576    154.102099828    0.0    0
278    1563520081.17    1563520238.29    157.118000031    4    1.1283    4.5132    158.246300031    0.0    0
279    1563520081.38    1563520238.29    156.904000044    16    0.4243    6.7888    157.328300044    0.0    0
280    1563520081.55    1563520238.3    156.755000114    16    0.4243    6.7888    157.179300114    0.0    0
281    1563520081.69    1563520238.32    156.628000021    4    0.0832    0.3328    156.711200021    0.0    0
282    1563520081.94    1563520238.32    156.382000208    256    0.6189    158.4384    157.000900208    0.0    0
283    1563520082.01    1563520242.04    160.028000116    16    0.0297    0.4752    160.057700116    0.0    0
284    1563520082.51    1563520242.05    159.546000004    256    0.6189    158.4384    160.164900004    0.0    0
285    1563520082.52    1563520245.75    163.226999998    256    0.7528    192.7168    163.979799998    0.0    0
286    1563520082.53    1563520249.33    166.804999828    4    0.0059    0.0236    166.810899828    0.0    0
287    1563520082.84    1563520249.33    166.492000103    256    0.4221    108.0576    166.914100103    0.0    0
288    1563520083.15    1563520253.0    169.853000164    16    0.0098    0.1568    169.862800164    0.0    0
289    1563520083.45    1563520253.02    169.565999985    256    0.4221    108.0576    169.988099985    0.0    0
290    1563520083.51    1563520256.95    173.448999882    16    0.7616    12.1856    174.210599882    0.0    0
291    1563520084.07    1563520256.97    172.894999981    64    0.4167    26.6688    173.311699981    0.0    0
292    1563520084.12    1563520257.17    173.049000025    64    0.0234    1.4976    173.072400025    0.0    0
293    1563520084.37    1563520257.37    172.995000124    64    0.1855    11.872    173.180500124    0.0    0
294    1563520084.38    1563520257.61    173.226999998    64    0.0234    1.4976    173.250399998    0.0    0
295    1563520084.75    1563520257.82    173.072999954    4    0.0522    0.2088    173.125199954    0.0    0
296    1563520084.99    1563520257.83    172.840999842    64    0.0125    0.8    172.853499842    0.0    0
297    1563520085.09    1563520258.04    172.947000027    4    0.0284    0.1136    172.975400027    0.0    0
298    1563520085.25    1563520258.04    172.792999983    256    0.7528    192.7168    173.545799983    0.0    0
299    1563520085.27    1563520261.82    176.551999807    16    0.0285    0.456    176.580499807    0.0    0
300    1563520085.41    1563520261.84    176.423000097    16    0.4243    6.7888    176.847300097    0.0    0
301    1563520085.52    1563520261.85    176.337000132    64    0.0055    0.352    176.342500132    0.0    0
302    1563520085.7    1563520262.06    176.362999916    4    0.0059    0.0236    176.368899916    0.0    0
303    1563520085.86    1563520262.07    176.203999996    256    0.8    204.8    177.003999996    0.0    0
304    1563520085.88    1563520265.84    179.957999945    4    1.1283    4.5132    181.086299945    0.0    0
305    1563520085.94    1563520265.84    179.903000116    64    0.0055    0.352    179.908500116    0.0    0
306    1563520086.07    1563520266.07    180.003999949    4    0.0059    0.0236    180.009899949    0.0    0
307    1563520086.14    1563520266.07    179.930999994    4    0.5956    2.3824    180.526599994    0.0    0
308    1563520086.44    1563520266.07    179.63499999    16    0.7616    12.1856    180.39659999    0.0    0
309    1563520086.75    1563520266.09    179.340999842    4    0.0832    0.3328    179.424199842    0.0    0
310    1563520087.42    1563520266.1    178.674000025    4    0.6452    2.5808    179.319200025    0.0    0
311    1563520087.59    1563520266.1    178.506000042    64    0.0055    0.352    178.511500042    0.0    0
312    1563520087.61    1563520266.33    178.717000008    4    0.0284    0.1136    178.745400008    0.0    0
313    1563520088.24    1563520266.33    178.088999987    256    0.7528    192.7168    178.841799987    0.0    0
314    1563520089.13    1563520270.09    180.962000132    16    0.4243    6.7888    181.386300132    0.0    0
315    1563520089.84    1563520270.11    180.270999908    256    0.0057    1.4592    180.276699908    0.0    0
316    1563520089.98    1563520273.88    183.904000044    256    0.0177    4.5312    183.921700044    0.0    0
317    1563520090.2    1563520277.39    187.184999943    64    0.1855    11.872    187.370499943    0.0    0
318    1563520090.49    1563520277.61    187.110000134    16    0.8805    14.088    187.990500134    0.0    0
319    1563520090.7    1563520277.62    186.917999983    64    0.4167    26.6688    187.334699983    0.0    0
320    1563520090.9    1563520277.83    186.926000118    4    0.5956    2.3824    187.521600118    0.0    0
321    1563520091.22    1563520277.83    186.608999968    256    0.8    204.8    187.408999968    0.0    0
322    1563520091.3    1563520281.4    190.097000122    4    0.6452    2.5808    190.742200122    0.0    0
323    1563520091.35    1563520281.4    190.05099988    256    0.4221    108.0576    190.47309988    0.0    0
324    1563520091.56    1563520285.08    193.513999939    16    0.0297    0.4752    193.543699939    0.0    0
325    1563520093.48    1563520285.09    191.611000061    4    0.0832    0.3328    191.694200061    0.0    0
326    1563520093.59    1563520285.09    191.503999949    16    0.7616    12.1856    192.265599949    0.0    0
327    1563520093.79    1563520285.1    191.315000057    4    0.0059    0.0236    191.320900057    0.0    0
328    1563520094.0    1563520285.11    191.102999926    16    0.0297    0.4752    191.132699926    0.0    0
329    1563520094.46    1563520285.12    190.667999983    256    0.4221    108.0576    191.090099983    0.0    0
330    1563520094.96    1563520288.73    193.769999981    4    0.0832    0.3328    193.853199981    0.0    0
331    1563520095.87    1563520288.73    192.868999958    64    0.4167    26.6688    193.285699958    0.0    0
332    1563520095.97    1563520288.93    192.963999987    64    0.1855    11.872    193.149499987    0.0    0
333    1563520096.19    1563520289.13    192.940999985    16    0.0429    0.6864    192.983899985    0.0    0
334    1563520096.71    1563520289.15    192.438999891    4    0.6452    2.5808    193.084199891    0.0    0
335    1563520096.74    1563520289.15    192.410000086    64    0.4167    26.6688    192.826700086    0.0    0
336    1563520096.78    1563520289.37    192.590000153    256    0.0057    1.4592    192.595700153    0.0    0
337    1563520096.92    1563520292.92    195.996000051    4    0.0832    0.3328    196.079200051    0.0    0
338    1563520097.41    1563520292.92    195.512000084    64    0.0055    0.352    195.517500084    0.0    0
339    1563520097.57    1563520293.14    195.568000078    256    0.0057    1.4592    195.573700078    0.0    0
340    1563520097.76    1563520296.81    199.051999807    64    0.0125    0.8    199.064499807    0.0    0
341    1563520097.99    1563520297.02    199.03399992    4    0.0522    0.2088    199.08619992    0.0    0
342    1563520098.08    1563520297.03    198.950000048    256    0.4221    108.0576    199.372100048    0.0    0
343    1563520098.09    1563520300.62    202.526000023    256    0.8    204.8    203.326000023    0.0    0
344    1563520098.22    1563520305.7    207.48300004    64    0.1855    11.872    207.66850004    0.0    0
345    1563520098.65    1563520305.99    207.335000038    256    0.7528    192.7168    208.087800038    0.0    0
346    1563520098.73    1563520310.07    211.338000059    4    0.0284    0.1136    211.366400059    0.0    0
347    1563520099.39    1563520310.08    210.687000036    4    0.0059    0.0236    210.692900036    0.0    0
348    1563520099.45    1563520310.08    210.629999876    256    0.0177    4.5312    210.647699876    0.0    0
349    1563520099.63    1563520313.8    214.174999952    64    0.0055    0.352    214.180499952    0.0    0
350    1563520099.85    1563520314.14    214.294000149    256    0.0057    1.4592    214.299700149    0.0    0
351    1563520099.95    1563520319.19    219.238000154    4    0.0284    0.1136    219.266400154    0.0    0
352    1563520100.01    1563520319.2    219.197000027    256    0.8    204.8    219.997000027    0.0    0
353    1563520100.47    1563520323.33    222.86500001    16    0.8805    14.088    223.74550001    0.0    0
354    1563520100.7    1563520323.35    222.644999981    4    0.6452    2.5808    223.290199981    0.0    0
355    1563520100.74    1563520323.35    222.605999947    16    0.4243    6.7888    223.030299947    0.0    0
356    1563520101.26    1563520323.37    222.108999968    16    0.7616    12.1856    222.870599968    0.0    0
357    1563520101.27    1563520323.38    222.11500001    4    1.1283    4.5132    223.24330001    0.0    0
358    1563520101.49    1563520323.38    221.889999866    4    0.0522    0.2088    221.942199866    0.0    0
359    1563520101.51    1563520323.38    221.877000093    16    0.8805    14.088    222.757500093    0.0    0
360    1563520101.64    1563520323.4    221.759000063    256    0.7528    192.7168    222.511800063    0.0    0
361    1563520101.93    1563520327.7    225.773999929    4    0.0059    0.0236    225.779899929    0.0    0
362    1563520102.3    1563520327.71    225.40899992    256    0.4221    108.0576    225.83109992    0.0    0
363    1563520102.62    1563520331.46    228.836000204    4    0.5956    2.3824    229.431600204    0.0    0
364    1563520102.69    1563520331.46    228.774999857    4    0.0059    0.0236    228.780899857    0.0    0
365    1563520102.84    1563520331.46    228.624000072    16    0.7616    12.1856    229.385600072    0.0    0
366    1563520103.38    1563520331.48    228.103999853    256    0.8    204.8    228.903999853    0.0    0
367    1563520103.6    1563520335.54    231.93900013    16    0.8805    14.088    232.81950013    0.0    0
368    1563520103.61    1563520335.55    231.947000027    64    0.6779    43.3856    232.624900027    0.0    0
369    1563520103.94    1563520335.81    231.865999937    4    0.6452    2.5808    232.511199937    0.0    0
370    1563520104.1    1563520335.81    231.712000132    256    0.6189    158.4384    232.330900132    0.0    0
371    1563520104.37    1563520341.89    237.523999929    16    0.0098    0.1568    237.533799929    0.0    0
372    1563520104.49    1563520341.91    237.420000076    256    0.6189    158.4384    238.038900076    0.0    0
373    1563520104.71    1563520347.12    242.417999983    64    0.0125    0.8    242.430499983    0.0    0
374    1563520106.04    1563520347.44    241.404999971    4    0.0832    0.3328    241.488199971    0.0    0
375    1563520106.31    1563520347.44    241.138000011    64    0.9446    60.4544    242.082600011    0.0    0
376    1563520106.69    1563520347.79    241.102999926    256    0.6189    158.4384    241.721899926    0.0    0
377    1563520106.81    1563520352.47    245.661000013    4    0.6452    2.5808    246.306200013    0.0    0
378    1563520107.49    1563520352.47    244.978999853    16    0.0098    0.1568    244.988799853    0.0    0
379    1563520107.77    1563520352.49    244.720000029    4    0.0832    0.3328    244.803200029    0.0    0
380    1563520108.32    1563520352.5    244.176000118    256    0.0057    1.4592    244.181700118    0.0    0
381    1563520108.45    1563520356.15    247.703000069    16    0.7616    12.1856    248.464600069    0.0    0
382    1563520108.54    1563520356.17    247.63499999    4    0.0832    0.3328    247.71819999    0.0    0
383    1563520108.58    1563520356.18    247.601000071    64    0.6779    43.3856    248.278900071    0.0    0
384    1563520108.58    1563520356.37    247.792999983    64    0.1855    11.872    247.978499983    0.0    0
385    1563520108.64    1563520356.58    247.932999849    16    0.0297    0.4752    247.962699849    0.0    0
386    1563520108.89    1563520356.59    247.703000069    64    0.0055    0.352    247.708500069    0.0    0
387    1563520108.98    1563520356.83    247.842000008    4    0.0284    0.1136    247.870400008    0.0    0
388    1563520109.03    1563520356.83    247.805000067    256    0.7528    192.7168    248.557800067    0.0    0
389    1563520109.18    1563520360.53    251.344000101    4    0.5956    2.3824    251.939600101    0.0    0
390    1563520109.23    1563520360.53    251.293000221    64    0.0234    1.4976    251.316400221    0.0    0
391    1563520109.42    1563520360.73    251.309999943    256    0.0057    1.4592    251.315699943    0.0    0
392    1563520110.02    1563520364.34    254.325999975    256    0.7528    192.7168    255.078799975    0.0    0
393    1563520110.44    1563520367.85    257.407999992    4    1.1283    4.5132    258.536299992    0.0    0
394    1563520110.55    1563520367.86    257.305999994    4    1.1283    4.5132    258.434299994    0.0    0
395    1563520110.66    1563520367.86    257.190999985    16    0.4243    6.7888    257.615299985    0.0    0
396    1563520110.69    1563520367.87    257.184000015    256    0.6189    158.4384    257.802900015    0.0    0
397    1563520110.77    1563520371.52    260.75    16    0.4243    6.7888    261.1743    0.0    0
398    1563520110.91    1563520371.53    260.618999958    16    0.7616    12.1856    261.380599958    0.0    0
399    1563520111.01    1563520371.55    260.534000158    64    0.1855    11.872    260.719500158    0.0    0
400    1563520111.53    1563520371.76    260.230999947    4    1.1283    4.5132    261.359299947    0.0    0
401    1563520111.53    1563520371.76    260.226000071    16    0.0429    0.6864    260.268900071    0.0    0
402    1563520111.65    1563520371.78    260.129000187    64    0.1855    11.872    260.314500187    0.0    0
403    1563520111.66    1563520371.99    260.326999903    64    0.4167    26.6688    260.743699903    0.0    0
404    1563520111.74    1563520372.24    260.508999825    16    0.8805    14.088    261.389499825    0.0    0
405    1563520111.78    1563520372.26    260.484999895    4    0.0832    0.3328    260.568199895    0.0    0
406    1563520111.8    1563520372.26    260.460999966    64    0.0055    0.352    260.466499966    0.0    0
407    1563520111.92    1563520372.5    260.58100009    4    0.0284    0.1136    260.60940009    0.0    0
408    1563520111.99    1563520372.51    260.512000084    64    0.9446    60.4544    261.456600084    0.0    0
409    1563520112.02    1563520372.73    260.707000017    256    0.0177    4.5312    260.724700017    0.0    0
410    1563520112.2    1563520376.52    264.322000027    256    0.0177    4.5312    264.339700027    0.0    0
411    1563520112.36    1563520380.21    267.845000029    256    0.6189    158.4384    268.463900029    0.0    0
412    1563520112.5    1563520383.95    271.447999954    16    0.0098    0.1568    271.457799954    0.0    0
413    1563520112.73    1563520383.96    271.238999844    4    1.1283    4.5132    272.367299844    0.0    0
414    1563520112.77    1563520383.97    271.194000006    4    0.5956    2.3824    271.789600006    0.0    0
415    1563520113.01    1563520383.97    270.957000017    4    0.5956    2.3824    271.552600017    0.0    0
416    1563520113.18    1563520383.97    270.792999983    4    0.0284    0.1136    270.821399983    0.0    0
417    1563520113.22    1563520383.97    270.756999969    4    0.0059    0.0236    270.762899969    0.0    0
418    1563520113.34    1563520383.98    270.639999866    64    0.0055    0.352    270.645499866    0.0    0
419    1563520113.44    1563520384.2    270.756999969    4    0.6452    2.5808    271.402199969    0.0    0
420    1563520113.63    1563520384.2    270.566999912    64    0.0055    0.352    270.572499912    0.0    0
421    1563520113.78    1563520384.41    270.631000042    256    0.7528    192.7168    271.383800042    0.0    0
422    1563520113.86    1563520388.2    274.342000008    16    0.0429    0.6864    274.384900008    0.0    0
423    1563520114.25    1563520388.21    273.965000153    16    0.7616    12.1856    274.726600153    0.0    0
424    1563520114.4    1563520388.23    273.829999924    64    0.6779    43.3856    274.507899924    0.0    0
425    1563520114.76    1563520388.43    273.675000191    64    0.0055    0.352    273.680500191    0.0    0
426    1563520114.92    1563520388.68    273.758000135    16    0.0285    0.456    273.786500135    0.0    0
427    1563520115.18    1563520388.69    273.510999918    64    0.0055    0.352    273.516499918    0.0    0
428    1563520115.55    1563520388.91    273.365999937    256    0.0177    4.5312    273.383699937    0.0    0
429    1563520115.74    1563520392.63    276.891000032    256    0.0057    1.4592    276.896700032    0.0    0
430    1563520115.84    1563520396.26    280.417999983    256    0.0177    4.5312    280.435699983    0.0    0
431    1563520116.08    1563520399.91    283.829999924    64    0.1855    11.872    284.015499924    0.0    0
432    1563520116.1    1563520400.13    284.025000095    16    0.0098    0.1568    284.034800095    0.0    0
433    1563520116.32    1563520400.14    283.829999924    256    0.8    204.8    284.629999924    0.0    0
434    1563520116.37    1563520403.77    287.395999908    16    0.0098    0.1568    287.405799908    0.0    0
435    1563520116.38    1563520403.78    287.399999857    64    0.9446    60.4544    288.344599857    0.0    0
436    1563520116.42    1563520403.98    287.562000036    4    0.0059    0.0236    287.567900036    0.0    0
437    1563520116.45    1563520403.98    287.532000065    4    0.5956    2.3824    288.127600065    0.0    0
438    1563520116.48    1563520403.98    287.505999804    256    0.7528    192.7168    288.258799804    0.0    0
439    1563520116.7    1563520407.63    290.927000046    64    0.0055    0.352    290.932500046    0.0    0
440    1563520116.93    1563520407.83    290.893999815    64    0.4167    26.6688    291.310699815    0.0    0
441    1563520117.08    1563520408.03    290.952000141    16    0.4243    6.7888    291.376300141    0.0    0
442    1563520117.15    1563520408.04    290.887000084    64    0.9446    60.4544    291.831600084    0.0    0
443    1563520117.28    1563520408.26    290.986000061    256    0.0057    1.4592    290.991700061    0.0    0
444    1563520117.33    1563520411.85    294.523999929    16    0.8805    14.088    295.404499929    0.0    0
445    1563520117.4    1563520411.87    294.470999956    4    1.1283    4.5132    295.599299956    0.0    0
446    1563520118.06    1563520411.88    293.813999891    4    0.0832    0.3328    293.897199891    0.0    0
447    1563520118.59    1563520411.88    293.291000128    16    0.0297    0.4752    293.320700128    0.0    0
448    1563520118.68    1563520411.89    293.215000153    256    0.6189    158.4384    293.833900153    0.0    0
449    1563520118.75    1563520415.54    296.786999941    256    0.7528    192.7168    297.539799941    0.0    0
450    1563520119.27    1563520419.05    299.785000086    4    0.0832    0.3328    299.868200086    0.0    0
451    1563520119.35    1563520419.05    299.703999996    16    0.7616    12.1856    300.465599996    0.0    0
452    1563520119.54    1563520419.07    299.522000074    64    0.0234    1.4976    299.545400074    0.0    0
453    1563520119.9    1563520419.25    299.355000019    4    0.6452    2.5808    300.000200019    0.0    0
454    1563520120.06    1563520419.25    299.194000006    64    0.6779    43.3856    299.871900006    0.0    0
455    1563520120.47    1563520419.47    299.005000114    256    0.8    204.8    299.805000114    0.0    0
456    1563520121.27    1563520422.96    301.684000015    256    0.0057    1.4592    301.689700015    0.0    0
457    1563520121.45    1563520426.43    304.974999905    4    0.0832    0.3328    305.058199905    0.0    0
458    1563520121.59    1563520426.43    304.8349998    4    0.6452    2.5808    305.4801998    0.0    0
459    1563520121.65    1563520426.44    304.792999983    256    0.8    204.8    305.592999983    0.0    0
460    1563520121.77    1563520429.97    308.201999903    256    0.0177    4.5312    308.219699903    0.0    0
461    1563520122.19    1563520433.57    311.381000042    64    0.0055    0.352    311.386500042    0.0    0
462    1563520122.29    1563520433.77    311.486999989    64    0.4167    26.6688    311.903699989    0.0    0
463    1563520122.32    1563520434.0    311.687999964    64    0.4167    26.6688    312.104699964    0.0    0
464    1563520122.41    1563520434.22    311.813000202    256    0.8    204.8    312.613000202    0.0    0
465    1563520122.44    1563520437.87    315.427000046    64    0.1855    11.872    315.612500046    0.0    0
466    1563520122.9    1563520438.09    315.186000109    16    0.0285    0.456    315.214500109    0.0    0
467    1563520122.95    1563520438.11    315.151000023    256    0.0177    4.5312    315.168700023    0.0    0
468    1563520122.99    1563520441.74    318.752999783    256    0.7528    192.7168    319.505799783    0.0    0
469    1563520123.0    1563520445.45    322.45299983    256    0.0057    1.4592    322.45869983    0.0    0
470    1563520123.49    1563520449.04    325.545000076    64    0.4167    26.6688    325.961700076    0.0    0
471    1563520123.67    1563520449.24    325.571000099    64    0.0125    0.8    325.583500099    0.0    0
472    1563520124.07    1563520449.48    325.410000086    4    0.0832    0.3328    325.493200086    0.0    0
473    1563520124.13    1563520449.48    325.351999998    4    0.6452    2.5808    325.997199998    0.0    0
474    1563520124.45    1563520449.49    325.039000034    64    0.0055    0.352    325.044500034    0.0    0
475    1563520124.51    1563520449.72    325.211999893    16    0.0098    0.1568    325.221799893    0.0    0
476    1563520124.59    1563520449.73    325.145999908    64    0.0055    0.352    325.151499908    0.0    0
477    1563520124.71    1563520449.95    325.241000175    256    0.0057    1.4592    325.246700175    0.0    0
478    1563520125.03    1563520453.58    328.55099988    16    0.0429    0.6864    328.59389988    0.0    0
479    1563520125.31    1563520453.6    328.289000034    64    0.0234    1.4976    328.312400034    0.0    0
480    1563520125.51    1563520453.8    328.289999962    4    1.1283    4.5132    329.418299962    0.0    0
481    1563520125.55    1563520453.81    328.252000093    4    0.0832    0.3328    328.335200093    0.0    0
482    1563520125.94    1563520453.81    327.871000051    256    0.8    204.8    328.671000051    0.0    0
483    1563520126.23    1563520457.49    331.259000063    256    0.4221    108.0576    331.681100063    0.0    0
484    1563520126.69    1563520461.02    334.332000017    4    0.0284    0.1136    334.360400017    0.0    0
485    1563520127.23    1563520461.02    333.792999983    16    0.0285    0.456    333.821499983    0.0    0
486    1563520127.32    1563520461.04    333.721999884    16    0.0285    0.456    333.750499884    0.0    0
487    1563520127.38    1563520461.05    333.672999859    64    0.1855    11.872    333.858499859    0.0    0
488    1563520128.05    1563520461.25    333.200999975    16    0.0429    0.6864    333.243899975    0.0    0
489    1563520128.13    1563520461.26    333.133999825    16    0.7616    12.1856    333.895599825    0.0    0
490    1563520128.19    1563520461.28    333.086999893    256    0.8    204.8    333.886999893    0.0    0
491    1563520128.3    1563520464.84    336.538000107    256    0.0177    4.5312    336.555700107    0.0    0
492    1563520128.38    1563520468.32    339.945999861    64    0.6779    43.3856    340.623899861    0.0    0
493    1563520128.67    1563520468.52    339.852999926    4    0.0284    0.1136    339.881399926    0.0    0
494    1563520128.74    1563520468.53    339.781000137    64    0.0055    0.352    339.786500137    0.0    0
495    1563520128.99    1563520468.73    339.735999823    64    0.9446    60.4544    340.680599823    0.0    0
496    1563520129.02    1563520468.99    339.969000101    256    0.0057    1.4592    339.974700101    0.0    0
497    1563520129.17    1563520472.47    343.296999931    4    0.0284    0.1136    343.325399931    0.0    0
498    1563520129.22    1563520472.47    343.254999876    64    0.9446    60.4544    344.199599876    0.0    0
499    1563520129.4    1563520472.67    343.269999981    4    0.0284    0.1136    343.298399981    0.0    0

dispatched jobs are: 500 out of 500
average queue time is: 147.953621998
fso links are used for 0 times
overall utilization is 0.0337488273011
average response time is 148.318472398
average weighted response time is 161.879521093
average slowdown is 236.360308388
cpu_request: 39824, cpu_run: 39824
ssd_request: 19339, ssd_run: 0
gpu_request: 18326, gpu_run: 0
cpu aspl: 0.0
cpu diameter: 0.0
job x: 0.0
job y: 0.0
job z: 0.0
