#timestep  occupied-CPU  total-CPU  utilization  queuingjobs
1    4    4096    0.0009765625    0
2    20    4096    0.0048828125    0
3    384    4096    0.09375    0
4    0    4096    0.0    0
5    264    4096    0.064453125    0
6    76    4096    0.0185546875    0
7    256    4096    0.0625    0
8    28    4096    0.0068359375    0
9    16    4096    0.00390625    0
10    276    4096    0.0673828125    0
11    272    4096    0.06640625    0
12    0    4096    0.0    0
13    0    4096    0.0    0
14    4    4096    0.0009765625    0
15    12    4096    0.0029296875    0
16    8    4096    0.001953125    0
17    24    4096    0.005859375    0
18    256    4096    0.0625    0
19    4    4096    0.0009765625    0
20    324    4096    0.0791015625    0
21    260    4096    0.0634765625    0
22    24    4096    0.005859375    1
23    4    4096    0.0009765625    0
24    20    4096    0.0048828125    0
25    272    4096    0.06640625    0
26    0    4096    0.0    0
27    96    4096    0.0234375    0
28    84    4096    0.0205078125    0
29    192    4096    0.046875    0
30    272    4096    0.06640625    0
31    320    4096    0.078125    0
32    64    4096    0.015625    0
33    16    4096    0.00390625    0
34    0    4096    0.0    0
35    12    4096    0.0029296875    0
36    256    4096    0.0625    1
37    256    4096    0.0625    0
38    64    4096    0.015625    0
39    384    4096    0.09375    0
40    80    4096    0.01953125    0
41    64    4096    0.015625    0
42    8    4096    0.001953125    0
43    512    4096    0.125    1
44    516    4096    0.1259765625    0
45    260    4096    0.0634765625    0
46    20    4096    0.0048828125    0
47    0    4096    0.0    0
48    256    4096    0.0625    0
49    64    4096    0.015625    0
50    84    4096    0.0205078125    0
51    260    4096    0.0634765625    0
52    260    4096    0.0634765625    0
53    512    4096    0.125    0
54    64    4096    0.015625    1
55    256    4096    0.0625    0
56    280    4096    0.068359375    0
57    4    4096    0.0009765625    1
58    256    4096    0.0625    0
59    0    4096    0.0    0
60    80    4096    0.01953125    0
61    260    4096    0.0634765625    0
62    0    4096    0.0    0
63    16    4096    0.00390625    0
64    4    4096    0.0009765625    0
65    128    4096    0.03125    0
66    4    4096    0.0009765625    0
67    576    4096    0.140625    0
68    256    4096    0.0625    0
69    256    4096    0.0625    0
70    20    4096    0.0048828125    1
71    256    4096    0.0625    0
72    272    4096    0.06640625    0
73    512    4096    0.125    1
74    0    4096    0.0    0
75    320    4096    0.078125    0
76    0    4096    0.0    0
77    80    4096    0.01953125    0
78    0    4096    0.0    0
79    360    4096    0.087890625    0
80    84    4096    0.0205078125    1
81    12    4096    0.0029296875    0
82    272    4096    0.06640625    0
83    0    4096    0.0    0
84    320    4096    0.078125    1
85    84    4096    0.0205078125    0
86    0    4096    0.0    0
87    16    4096    0.00390625    0
88    320    4096    0.078125    0
89    260    4096    0.0634765625    0
90    256    4096    0.0625    0
91    0    4096    0.0    0
92    0    4096    0.0    0
93    260    4096    0.0634765625    0
94    0    4096    0.0    0
95    272    4096    0.06640625    0
96    128    4096    0.03125    0
97    0    4096    0.0    0

average cpu utilization is: 0.0359012564433
average ssd utilization is: 1.0
average gpu utilization is: 1.0
average utilization is: 0.678633752148
average queuing jobs are: 0.0927835051546
maximum queuing jobs are: 1


#job_number  submit  dispatch  queue  cpu#  runtime  weight  response(turnaround)  cpu_aspl  cpu_diameter
0    1607332344.97    1607332432.03    87.0620000362    4    0.0522    0.2088    87.1142000362    0    0
1    1607332432.23    1607332432.23    0.0    64    0.0125    0.8    0.0125    1.0    1
2    1607332432.38    1607332432.38    0.00100016593933    64    0.1855    11.872    0.186500165939    1.0    1
3    1607332432.56    1607332432.56    0.0    16    0.0098    0.1568    0.0098    0    0
4    1607332432.64    1607332432.65    0.00999999046326    256    0.4221    108.0576    0.432099990463    1.0    1
5    1607332432.76    1607332432.76    0.00100016593933    16    0.7616    12.1856    0.762600165939    0    0
6    1607332432.93    1607332432.93    0.0    4    0.6452    2.5808    0.6452    0    0
7    1607332433.1    1607332433.1    0.00300002098083    64    0.0055    0.352    0.00850002098083    1.0    1
8    1607332433.34    1607332433.34    0.0    4    0.6452    2.5808    0.6452    0    0
9    1607332433.38    1607332433.4    0.0139999389648    256    0.8    204.8    0.813999938965    1.0    1
10    1607332433.83    1607332433.83    0.0019998550415    64    0.4167    26.6688    0.418699855042    1.0    1
11    1607332434.01    1607332434.03    0.0190000534058    256    0.0177    4.5312    0.0367000534058    1.19444444444    2
12    1607332434.11    1607332434.11    0.00200009346008    64    0.1855    11.872    0.18750009346    1.0    1
13    1607332434.37    1607332434.38    0.0090000629425    256    0.0057    1.4592    0.0147000629425    1.0    1
14    1607332434.62    1607332434.63    0.0090000629425    256    0.4221    108.0576    0.431100062943    1.0    1
15    1607332435.09    1607332435.09    0.0    16    0.0285    0.456    0.0285    0    0
16    1607332435.19    1607332435.19    0.000999927520752    16    0.0098    0.1568    0.0107999275208    0    0
17    1607332435.55    1607332435.55    0.0    16    0.7616    12.1856    0.7616    0    0
18    1607332435.61    1607332435.61    0.0    16    0.0285    0.456    0.0285    0    0
19    1607332435.84    1607332435.85    0.0110001564026    256    0.4221    108.0576    0.433100156403    1.0    1
20    1607332436.08    1607332436.08    0.000999927520752    4    0.5956    2.3824    0.596599927521    0    0
21    1607332436.09    1607332436.09    0.000999927520752    4    1.1283    4.5132    1.12929992752    0    0
22    1607332436.12    1607332436.13    0.0169999599457    256    0.6189    158.4384    0.635899959946    1    2
23    1607332436.53    1607332436.53    0.0    4    1.1283    4.5132    1.1283    0    0
24    1607332436.83    1607332436.83    0.0    4    1.1283    4.5132    1.1283    0    0
25    1607332436.87    1607332436.87    0.000999927520752    64    0.9446    60.4544    0.945599927521    1.0    1
26    1607332436.93    1607332436.93    0.0    4    0.6452    2.5808    0.6452    0    0
27    1607332437.01    1607332437.01    0.0    4    0.0832    0.3328    0.0832    0    0
28    1607332437.26    1607332437.26    0.0    4    0.0522    0.2088    0.0522    0    0
29    1607332437.56    1607332437.56    0.000999927520752    64    0.1855    11.872    0.186499927521    1.0    1
30    1607332437.66    1607332437.66    0.00100016593933    64    0.4167    26.6688    0.417700165939    1.0    1
31    1607332437.67    1607332437.69    0.0189998149872    256    0.8    204.8    0.818999814987    1.17777777778    2
32    1607332438.49    1607332438.51    0.0170001983643    64    0.4167    26.6688    0.433700198364    1.0    1
33    1607332438.55    1607332438.55    0.000999927520752    16    0.7616    12.1856    0.762599927521    1.0    1
34    1607332438.9    1607332438.9    0.0    16    0.7616    12.1856    0.7616    0    0
35    1607332438.96    1607332438.96    0.000999927520752    64    0.0234    1.4976    0.0243999275208    1.0    1
36    1607332438.97    1607332438.97    0.0    16    0.0285    0.456    0.0285    0    0
37    1607332439.09    1607332439.09    0.0    4    1.1283    4.5132    1.1283    0    0
38    1607332439.23    1607332439.25    0.0130000114441    256    0.0177    4.5312    0.0307000114441    1.0    1
39    1607332439.38    1607332439.38    0.0    4    0.5956    2.3824    0.5956    0    0
40    1607332439.46    1607332439.46    0.000999927520752    64    0.0125    0.8    0.0134999275208    1.0    1
41    1607332439.47    1607332439.47    0.00100016593933    64    0.0125    0.8    0.0135001659393    1.0    1
42    1607332439.54    1607332439.54    0.0    4    0.0284    0.1136    0.0284    0    0
43    1607332439.7    1607332439.7    0.0    4    0.0832    0.3328    0.0832    0    0
44    1607332439.71    1607332439.71    0.0    4    0.0284    0.1136    0.0284    0    0
45    1607332440.1    1607332440.1    0.000999927520752    16    0.8805    14.088    0.881499927521    0    0
46    1607332440.22    1607332440.22    0.00100016593933    16    0.0098    0.1568    0.0108001659393    0    0
47    1607332440.25    1607332440.25    0.000999927520752    64    0.0125    0.8    0.0134999275208    1.0    1
48    1607332440.27    1607332440.27    0.000999927520752    16    0.0429    0.6864    0.0438999275208    0    0
49    1607332440.72    1607332440.72    0.0    4    0.0284    0.1136    0.0284    0    0
50    1607332441.09    1607332441.09    0.0    4    0.0832    0.3328    0.0832    0    0
51    1607332441.09    1607332441.09    0.0    16    0.0297    0.4752    0.0297    0    0
52    1607332441.11    1607332441.12    0.010999917984    256    0.6189    158.4384    0.629899917984    1.0    1
53    1607332441.12    1607332441.12    0.00200009346008    4    0.5956    2.3824    0.59760009346    0    0
54    1607332441.15    1607332441.15    0.00300002098083    64    0.0055    0.352    0.00850002098083    1.0    1
55    1607332441.4    1607332441.4    0.00300002098083    64    0.1855    11.872    0.188500020981    1.0    1
56    1607332441.48    1607332441.48    0.00200009346008    64    0.0234    1.4976    0.0254000934601    1.0    1
57    1607332441.65    1607332441.65    0.0    16    0.8805    14.088    0.8805    0    0
58    1607332441.73    1607332441.73    0.00399994850159    16    0.0429    0.6864    0.0468999485016    1.0    1
59    1607332442.12    1607332442.12    0.000999927520752    64    0.4167    26.6688    0.417699927521    1.0    1
60    1607332442.23    1607332442.23    0.0    16    0.8805    14.088    0.8805    0    0
61    1607332442.53    1607332442.53    0.0    4    0.0522    0.2088    0.0522    0    0
62    1607332442.73    1607332442.74    0.0130000114441    256    0.6189    158.4384    0.631900011444    1.0    1
63    1607332442.8    1607332442.8    0.000999927520752    4    0.0284    0.1136    0.0293999275208    0    0
64    1607332442.85    1607332442.85    0.00300002098083    4    0.5956    2.3824    0.598600020981    0    0
65    1607332443.35    1607332443.35    0.000999927520752    16    0.0429    0.6864    0.0438999275208    0    0
66    1607332443.48    1607332443.48    0.0    4    0.0284    0.1136    0.0284    0    0
67    1607332443.74    1607332443.75    0.0110001564026    256    0.0057    1.4592    0.0167001564026    1.0    1
68    1607332443.83    1607332443.83    0.0    64    0.0234    1.4976    0.0234    1.0    1
69    1607332444.05    1607332444.06    0.00100016593933    16    0.0429    0.6864    0.0439001659393    0    0
70    1607332444.63    1607332444.63    0.0090000629425    256    0.0177    4.5312    0.0267000629425    1.0    1
71    1607332444.9    1607332444.9    0.0    16    0.0098    0.1568    0.0098    0    0
72    1607332444.99    1607332444.99    0.0    4    1.1283    4.5132    1.1283    0    0
73    1607332445.36    1607332445.36    0.0    4    0.0522    0.2088    0.0522    0    0
74    1607332446.35    1607332446.35    0.0    64    0.0234    1.4976    0.0234    1.0    1
75    1607332446.76    1607332446.76    0.0    4    1.1283    4.5132    1.1283    0    0
76    1607332446.8    1607332446.8    0.000999927520752    4    1.1283    4.5132    1.12929992752    0    0
77    1607332447.0    1607332447.0    0.000999927520752    64    0.0234    1.4976    0.0243999275208    1.0    1
78    1607332447.01    1607332447.01    0.0    4    0.0832    0.3328    0.0832    0    0
79    1607332447.26    1607332447.26    0.0    4    0.5956    2.3824    0.5956    0    0
80    1607332447.36    1607332447.36    0.0    16    0.0098    0.1568    0.0098    0    0
81    1607332447.61    1607332447.61    0.000999927520752    64    0.1855    11.872    0.186499927521    1.0    1
82    1607332447.7    1607332447.7    0.0    4    0.6452    2.5808    0.6452    0    0
83    1607332447.99    1607332447.99    0.0    4    0.6452    2.5808    0.6452    0    0
84    1607332448.31    1607332448.31    0.000999927520752    16    0.8805    14.088    0.881499927521    0    0
85    1607332448.59    1607332448.59    0.0    4    0.5956    2.3824    0.5956    0    0
86    1607332448.68    1607332448.68    0.0    16    0.8805    14.088    0.8805    1.0    1
87    1607332448.7    1607332448.7    0.0    16    0.0297    0.4752    0.0297    0    0
88    1607332448.98    1607332448.98    0.0    4    0.5956    2.3824    0.5956    0    0
89    1607332449.13    1607332449.13    0.00200009346008    64    0.0234    1.4976    0.0254000934601    1.0    1
90    1607332449.21    1607332449.21    0.0    4    0.6452    2.5808    0.6452    0    0
91    1607332449.55    1607332449.56    0.00999999046326    256    0.8    204.8    0.809999990463    1.0    1
92    1607332449.82    1607332449.82    0.00399994850159    64    0.0055    0.352    0.00949994850159    1.0    1
93    1607332449.84    1607332449.84    0.0    16    0.0285    0.456    0.0285    1.0    1
94    1607332450.68    1607332450.68    0.000999927520752    64    0.4167    26.6688    0.417699927521    1.0    1
95    1607332450.68    1607332450.69    0.0130000114441    256    0.0057    1.4592    0.0187000114441    1.0    1
96    1607332451.03    1607332451.03    0.0    4    0.0832    0.3328    0.0832    0    0
97    1607332451.26    1607332451.26    0.0    4    0.6452    2.5808    0.6452    0    0
98    1607332451.48    1607332451.48    0.00100016593933    64    0.0234    1.4976    0.0244001659393    1.0    1
99    1607332451.61    1607332451.61    0.000999927520752    4    1.1283    4.5132    1.12929992752    0    0
100    1607332451.7    1607332451.71    0.0120000839233    256    0.7528    192.7168    0.764800083923    1.0    1
101    1607332452.21    1607332452.21    0.0019998550415    64    0.9446    60.4544    0.946599855042    1.0    1
102    1607332452.55    1607332452.56    0.0120000839233    256    0.0177    4.5312    0.0297000839233    1.0    1
103    1607332453.07    1607332453.07    0.000999927520752    64    0.0125    0.8    0.0134999275208    1.0    1
104    1607332453.09    1607332453.09    0.0    4    0.0284    0.1136    0.0284    0    0
105    1607332453.18    1607332453.18    0.0    4    0.6452    2.5808    0.6452    0    0
106    1607332453.27    1607332453.28    0.00100016593933    16    0.0297    0.4752    0.0307001659393    0    0
107    1607332453.36    1607332453.36    0.0    64    0.0055    0.352    0.0055    1.0    1
108    1607332453.44    1607332453.45    0.0139999389648    256    0.7528    192.7168    0.766799938965    1.0    1
109    1607332453.46    1607332453.48    0.0199999809265    256    0.0057    1.4592    0.0256999809265    1    2
110    1607332453.61    1607332453.61    0.0    4    0.0059    0.0236    0.0059    0    0
111    1607332453.94    1607332453.94    0.0    4    0.6452    2.5808    0.6452    0    0
112    1607332453.94    1607332453.94    0.000999927520752    4    1.1283    4.5132    1.12929992752    0    0
113    1607332454.07    1607332454.07    0.0    16    0.0429    0.6864    0.0429    0    0
114    1607332454.19    1607332454.19    0.000999927520752    16    0.4243    6.7888    0.425299927521    0    0
115    1607332454.62    1607332454.65    0.0320000648499    256    0.8    204.8    0.83200006485    1.0    1
116    1607332454.88    1607332454.88    0.000999927520752    16    0.4243    6.7888    0.425299927521    0    0
117    1607332455.25    1607332455.25    0.000999927520752    4    1.1283    4.5132    1.12929992752    0    0
118    1607332455.66    1607332455.66    0.0019998550415    64    0.6779    43.3856    0.679899855042    1.0    1
119    1607332455.87    1607332455.87    0.000999927520752    64    0.6779    43.3856    0.678899927521    1.0    1
120    1607332455.94    1607332455.94    0.000999927520752    64    0.0234    1.4976    0.0243999275208    1.0    1
121    1607332456.12    1607332456.12    0.0    4    1.1283    4.5132    1.1283    0    0
122    1607332456.12    1607332456.13    0.0019998550415    64    0.0055    0.352    0.0074998550415    1.0    1
123    1607332456.32    1607332456.32    0.0    16    0.7616    12.1856    0.7616    0    0
124    1607332456.89    1607332456.89    0.0    4    0.0832    0.3328    0.0832    0    0
125    1607332456.91    1607332456.92    0.0150001049042    256    0.0057    1.4592    0.0207001049042    1.0    1
126    1607332456.92    1607332456.93    0.00999999046326    16    0.7616    12.1856    0.771599990463    1.0    1
127    1607332457.25    1607332457.25    0.000999927520752    64    0.4167    26.6688    0.417699927521    1.0    1
128    1607332457.41    1607332457.41    0.0    16    0.8805    14.088    0.8805    0    0
129    1607332457.53    1607332457.54    0.0130000114441    256    0.6189    158.4384    0.631900011444    1.0    1
130    1607332457.92    1607332457.92    0.000999927520752    64    0.4167    26.6688    0.417699927521    1.0    1
131    1607332458.29    1607332458.29    0.00100016593933    16    0.4243    6.7888    0.425300165939    0    0
132    1607332458.5    1607332458.5    0.000999927520752    64    0.1855    11.872    0.186499927521    1.0    1
133    1607332459.28    1607332459.28    0.0    4    0.0059    0.0236    0.0059    0    0
134    1607332459.45    1607332459.45    0.000999927520752    64    0.0055    0.352    0.00649992752075    1.0    1
135    1607332459.61    1607332459.61    0.0    4    0.0522    0.2088    0.0522    0    0
136    1607332459.62    1607332459.62    0.0    16    0.0297    0.4752    0.0297    0    0
137    1607332459.69    1607332459.69    0.000999927520752    64    0.6779    43.3856    0.678899927521    1.0    1
138    1607332459.85    1607332459.85    0.0    16    0.8805    14.088    0.8805    0    0
139    1607332459.93    1607332459.94    0.00100016593933    16    0.7616    12.1856    0.762600165939    0    0
140    1607332460.2    1607332460.21    0.0110001564026    256    0.4221    108.0576    0.433100156403    1.0    1
141    1607332460.49    1607332460.5    0.00100016593933    64    0.0234    1.4976    0.0244001659393    1.0    1
142    1607332460.74    1607332460.74    0.000999927520752    16    0.0297    0.4752    0.0306999275208    0    0
143    1607332460.75    1607332460.75    0.0019998550415    64    0.4167    26.6688    0.418699855042    1.0    1
144    1607332460.75    1607332460.76    0.00200009346008    4    0.5956    2.3824    0.59760009346    0    0
145    1607332461.04    1607332461.04    0.0    16    0.8805    14.088    0.8805    0    0
146    1607332461.22    1607332461.22    0.000999927520752    64    0.9446    60.4544    0.945599927521    1.0    1
147    1607332461.31    1607332461.31    0.0    4    0.0284    0.1136    0.0284    0    0
148    1607332461.35    1607332461.35    0.0019998550415    64    0.9446    60.4544    0.946599855042    1.0    1
149    1607332461.62    1607332461.64    0.0150001049042    256    0.4221    108.0576    0.437100104904    1.0    1
150    1607332461.63    1607332461.64    0.0090000629425    64    0.0234    1.4976    0.0324000629425    1    2
151    1607332461.75    1607332461.75    0.00100016593933    16    0.0429    0.6864    0.0439001659393    0    0
152    1607332461.83    1607332461.83    0.00100016593933    4    0.0832    0.3328    0.0842001659393    0    0
153    1607332461.98    1607332461.98    0.00300002098083    64    0.6779    43.3856    0.680900020981    1.0    1
154    1607332462.64    1607332462.65    0.0110001564026    256    0.6189    158.4384    0.629900156403    1.0    1
155    1607332462.9    1607332462.9    0.0    16    0.0297    0.4752    0.0297    0    0
156    1607332463.08    1607332463.08    0.0    16    0.8805    14.088    0.8805    0    0
157    1607332463.41    1607332463.41    0.0    4    0.5956    2.3824    0.5956    0    0
158    1607332463.51    1607332463.51    0.000999927520752    64    0.0234    1.4976    0.0243999275208    1.0    1
159    1607332463.7    1607332463.71    0.0130000114441    256    0.8    204.8    0.813000011444    1.0    1
160    1607332463.72    1607332463.73    0.00100016593933    16    0.0297    0.4752    0.0307001659393    1.0    1
161    1607332463.88    1607332463.88    0.0    4    0.0832    0.3328    0.0832    0    0
162    1607332464.11    1607332464.12    0.00300002098083    64    0.4167    26.6688    0.419700020981    1.0    1
163    1607332464.15    1607332464.15    0.000999927520752    16    0.0285    0.456    0.0294999275208    0    0
164    1607332464.37    1607332464.37    0.00100016593933    16    0.0098    0.1568    0.0108001659393    0    0
165    1607332464.37    1607332464.37    0.00100016593933    4    0.6452    2.5808    0.646200165939    0    0
166    1607332464.43    1607332464.43    0.0019998550415    64    0.9446    60.4544    0.946599855042    1.0    1
167    1607332464.72    1607332464.72    0.0    4    0.0059    0.0236    0.0059    0    0
168    1607332464.78    1607332464.78    0.0    4    0.0059    0.0236    0.0059    0    0
169    1607332465.39    1607332465.39    0.0    16    0.7616    12.1856    0.7616    0    0
170    1607332465.53    1607332465.53    0.00100016593933    64    0.1855    11.872    0.186500165939    1.0    1
171    1607332465.56    1607332465.58    0.0130000114441    256    0.7528    192.7168    0.765800011444    1.0    1
172    1607332466.06    1607332466.06    0.000999927520752    16    0.0297    0.4752    0.0306999275208    0    0
173    1607332466.14    1607332466.14    0.0    4    0.0059    0.0236    0.0059    0    0
174    1607332466.29    1607332466.29    0.0    16    0.7616    12.1856    0.7616    0    0
175    1607332466.73    1607332466.73    0.0    16    0.4243    6.7888    0.4243    0    0
176    1607332466.87    1607332466.87    0.00100016593933    4    0.0832    0.3328    0.0842001659393    0    0
177    1607332467.08    1607332467.09    0.010999917984    256    0.0177    4.5312    0.028699917984    1.0    1
178    1607332467.1    1607332467.13    0.0250000953674    256    0.0057    1.4592    0.0307000953674    1    2
179    1607332467.14    1607332467.14    0.0    16    0.0098    0.1568    0.0098    0    0
180    1607332467.28    1607332467.28    0.0    4    0.0522    0.2088    0.0522    0    0
181    1607332467.81    1607332467.81    0.000999927520752    4    1.1283    4.5132    1.12929992752    0    0
182    1607332468.11    1607332468.11    0.0    4    0.6452    2.5808    0.6452    0    0
183    1607332468.55    1607332468.55    0.0    4    0.6452    2.5808    0.6452    0    0
184    1607332469.33    1607332469.33    0.000999927520752    64    0.0125    0.8    0.0134999275208    1.0    1
185    1607332469.52    1607332469.53    0.00999999046326    256    0.7528    192.7168    0.762799990463    1.0    1
186    1607332469.76    1607332469.8    0.0390000343323    256    0.0057    1.4592    0.0447000343323    1    2
187    1607332469.93    1607332469.93    0.0019998550415    64    0.6779    43.3856    0.679899855042    1.0    1
188    1607332469.97    1607332469.99    0.0220000743866    256    0.0057    1.4592    0.0277000743866    1    2
189    1607332469.98    1607332470.0    0.0209999084473    64    0.4167    26.6688    0.437699908447    1.0    1
190    1607332470.26    1607332470.28    0.018000125885    256    0.0057    1.4592    0.023700125885    1    2
191    1607332470.69    1607332470.7    0.0120000839233    256    0.0177    4.5312    0.0297000839233    1.0    1
192    1607332470.69    1607332470.73    0.039999961853    256    0.7528    192.7168    0.792799961853    1    2
193    1607332470.71    1607332470.74    0.0289998054504    64    0.0055    0.352    0.0344998054504    1.0    1
194    1607332470.86    1607332470.86    0.000999927520752    64    0.9446    60.4544    0.945599927521    1.0    1
195    1607332471.16    1607332471.19    0.0349998474121    256    0.6189    158.4384    0.653899847412    1.0    1
196    1607332471.31    1607332471.32    0.00200009346008    64    0.6779    43.3856    0.67990009346    1.0    1
197    1607332471.39    1607332471.39    0.00200009346008    64    0.4167    26.6688    0.41870009346    1.0    1
198    1607332472.13    1607332472.13    0.0    64    0.6779    43.3856    0.6779    1.0    1
199    1607332472.27    1607332472.28    0.010999917984    256    0.0177    4.5312    0.028699917984    1.0    1
200    1607332472.46    1607332472.47    0.00100016593933    64    0.0234    1.4976    0.0244001659393    1.0    1
201    1607332472.61    1607332472.61    0.00100016593933    64    0.0125    0.8    0.0135001659393    1.0    1
202    1607332472.64    1607332472.64    0.00100016593933    64    0.6779    43.3856    0.678900165939    1.0    1
203    1607332472.64    1607332472.65    0.0139999389648    256    0.6189    158.4384    0.632899938965    1.0    1
204    1607332472.77    1607332472.77    0.0019998550415    64    0.6779    43.3856    0.679899855042    1.0    1
205    1607332472.83    1607332472.83    0.0    16    0.0429    0.6864    0.0429    0    0
206    1607332473.15    1607332473.15    0.0    16    0.8805    14.088    0.8805    0    0
207    1607332473.57    1607332473.57    0.00100016593933    64    0.6779    43.3856    0.678900165939    1.0    1
208    1607332474.24    1607332474.24    0.0    4    0.0059    0.0236    0.0059    0    0
209    1607332474.27    1607332474.27    0.0    16    0.0098    0.1568    0.0098    0    0
210    1607332474.31    1607332474.31    0.000999927520752    64    0.4167    26.6688    0.417699927521    1.0    1
211    1607332474.31    1607332474.31    0.000999927520752    16    0.7616    12.1856    0.762599927521    0    0
212    1607332474.36    1607332474.36    0.00100016593933    16    0.0297    0.4752    0.0307001659393    0    0
213    1607332474.4    1607332474.4    0.0    4    0.6452    2.5808    0.6452    0    0
214    1607332474.5    1607332474.51    0.010999917984    256    0.0177    4.5312    0.028699917984    1.0    1
215    1607332474.66    1607332474.67    0.0119998455048    256    0.0057    1.4592    0.0176998455048    1.0    1
216    1607332474.86    1607332474.86    0.000999927520752    64    0.4167    26.6688    0.417699927521    1.0    1
217    1607332474.87    1607332474.88    0.0140001773834    256    0.0057    1.4592    0.0197001773834    1.0    1
218    1607332475.7    1607332475.7    0.0    64    0.1855    11.872    0.1855    1.0    1
219    1607332475.74    1607332475.74    0.0    4    0.0832    0.3328    0.0832    0    0
220    1607332475.95    1607332475.95    0.0    4    1.1283    4.5132    1.1283    0    0
221    1607332476.02    1607332476.02    0.0    16    0.0429    0.6864    0.0429    0    0
222    1607332476.13    1607332476.13    0.0    4    0.0832    0.3328    0.0832    0    0
223    1607332476.14    1607332476.17    0.0269999504089    256    0.6189    158.4384    0.645899950409    1.0    1
224    1607332476.19    1607332476.2    0.00999999046326    64    0.4167    26.6688    0.426699990463    1.0    1
225    1607332476.2    1607332476.21    0.0149998664856    4    0.6452    2.5808    0.660199866486    0    0
226    1607332476.2    1607332476.22    0.0190000534058    4    0.0284    0.1136    0.0474000534058    0    0
227    1607332476.39    1607332476.39    0.00200009346008    16    0.0297    0.4752    0.0317000934601    1.0    1
228    1607332476.74    1607332476.76    0.0189998149872    256    0.7528    192.7168    0.771799814987    1.17777777778    2
229    1607332476.78    1607332476.78    0.000999927520752    4    0.0059    0.0236    0.00689992752075    0    0
230    1607332476.84    1607332476.85    0.0130000114441    256    0.7528    192.7168    0.765800011444    1.0    1
231    1607332477.25    1607332477.34    0.0929999351501    256    0.0057    1.4592    0.0986999351501    1.0    1
232    1607332477.49    1607332477.49    0.00299978256226    64    0.0125    0.8    0.0154997825623    1.0    1
233    1607332477.77    1607332477.79    0.0120000839233    256    0.7528    192.7168    0.764800083923    1.0    1
234    1607332477.8    1607332477.82    0.0190000534058    256    0.0057    1.4592    0.0247000534058    1    2
235    1607332477.81    1607332477.85    0.0409998893738    256    0.6189    158.4384    0.659899889374    1.0    1
236    1607332478.0    1607332478.0    0.000999927520752    4    0.6452    2.5808    0.646199927521    0    0
237    1607332478.23    1607332478.23    0.00100016593933    16    0.0285    0.456    0.0295001659393    0    0
238    1607332478.45    1607332478.48    0.0309998989105    256    0.8    204.8    0.830999898911    1    2
239    1607332478.65    1607332478.65    0.0    4    0.5956    2.3824    0.5956    0    0
240    1607332478.75    1607332478.75    0.000999927520752    64    0.4167    26.6688    0.417699927521    1.0    1
241    1607332478.83    1607332478.87    0.0369999408722    256    0.0177    4.5312    0.0546999408722    1.0    1
242    1607332478.9    1607332478.9    0.0019998550415    64    0.1855    11.872    0.187499855042    1.0    1
243    1607332478.96    1607332478.96    0.0    4    0.6452    2.5808    0.6452    0    0
244    1607332479.39    1607332479.4    0.0139999389648    256    0.6189    158.4384    0.632899938965    1.0    1
245    1607332479.4    1607332479.49    0.0880000591278    256    0.7528    192.7168    0.840800059128    1    2
246    1607332479.43    1607332479.51    0.0710000991821    4    1.1283    4.5132    1.19930009918    0    0
247    1607332479.6    1607332479.6    0.000999927520752    4    0.5956    2.3824    0.596599927521    0    0
248    1607332479.64    1607332479.64    0.0019998550415    16    0.0098    0.1568    0.0117998550415    1.0    1
249    1607332480.04    1607332480.04    0.0    16    0.7616    12.1856    0.7616    0    0
250    1607332480.25    1607332480.25    0.000999927520752    64    0.0055    0.352    0.00649992752075    1.0    1
251    1607332480.31    1607332480.31    0.0    4    0.0059    0.0236    0.0059    0    0
252    1607332480.54    1607332480.54    0.00200009346008    16    0.0285    0.456    0.0305000934601    0    0
253    1607332480.71    1607332480.71    0.000999927520752    64    0.0234    1.4976    0.0243999275208    1.0    1
254    1607332480.77    1607332480.77    0.0    4    0.0284    0.1136    0.0284    0    0
255    1607332481.02    1607332481.02    0.0    16    0.4243    6.7888    0.4243    0    0
256    1607332481.07    1607332481.08    0.0100002288818    256    0.0057    1.4592    0.0157002288818    1.0    1
257    1607332481.67    1607332481.67    0.000999927520752    64    0.4167    26.6688    0.417699927521    1.0    1
258    1607332481.74    1607332481.74    0.000999927520752    4    0.0059    0.0236    0.00689992752075    0    0
259    1607332481.84    1607332481.85    0.000999927520752    4    0.0284    0.1136    0.0293999275208    0    0
260    1607332481.98    1607332481.98    0.000999927520752    4    0.5956    2.3824    0.596599927521    0    0
261    1607332482.05    1607332482.07    0.0160000324249    256    0.8    204.8    0.816000032425    1.0    1
262    1607332482.36    1607332482.36    0.0    4    0.0059    0.0236    0.0059    0    0
263    1607332482.66    1607332482.67    0.0019998550415    64    0.4167    26.6688    0.418699855042    1.0    1
264    1607332482.94    1607332482.94    0.0    16    0.0297    0.4752    0.0297    0    0
265    1607332483.24    1607332483.24    0.0    64    0.9446    60.4544    0.9446    1.0    1
266    1607332483.7    1607332483.7    0.000999927520752    16    0.0098    0.1568    0.0107999275208    0    0
267    1607332483.9    1607332483.91    0.010999917984    256    0.8    204.8    0.810999917984    1.0    1
268    1607332483.99    1607332484.0    0.00100016593933    4    1.1283    4.5132    1.12930016594    0    0
269    1607332484.39    1607332484.39    0.000999927520752    64    0.6779    43.3856    0.678899927521    1.0    1
270    1607332484.55    1607332484.55    0.000999927520752    16    0.0429    0.6864    0.0438999275208    0    0
271    1607332484.79    1607332484.79    0.000999927520752    16    0.0429    0.6864    0.0438999275208    0    0
272    1607332485.05    1607332485.05    0.0    16    0.0429    0.6864    0.0429    0    0
273    1607332485.35    1607332485.36    0.000999927520752    64    0.0234    1.4976    0.0243999275208    1.0    1
274    1607332485.44    1607332485.44    0.0    4    1.1283    4.5132    1.1283    0    0
275    1607332485.51    1607332485.51    0.000999927520752    16    0.0285    0.456    0.0294999275208    0    0
276    1607332485.68    1607332485.68    0.0    16    0.0098    0.1568    0.0098    0    0
277    1607332485.81    1607332485.82    0.0119998455048    256    0.4221    108.0576    0.434099845505    1.0    1
278    1607332485.94    1607332485.94    0.00100016593933    4    1.1283    4.5132    1.12930016594    0    0
279    1607332486.16    1607332486.16    0.0    16    0.4243    6.7888    0.4243    0    0
280    1607332486.32    1607332486.32    0.000999927520752    16    0.4243    6.7888    0.425299927521    0    0
281    1607332486.46    1607332486.46    0.000999927520752    4    0.0832    0.3328    0.0841999275208    0    0
282    1607332486.71    1607332486.73    0.0120000839233    256    0.6189    158.4384    0.630900083923    1.0    1
283    1607332486.78    1607332486.78    0.0    16    0.0297    0.4752    0.0297    0    0
284    1607332487.28    1607332487.3    0.0199999809265    256    0.6189    158.4384    0.638899980927    1.19444444444    2
285    1607332487.3    1607332487.32    0.0260000228882    256    0.7528    192.7168    0.778800022888    1.0    1
286    1607332487.3    1607332487.33    0.0269999504089    4    0.0059    0.0236    0.0328999504089    0    0
287    1607332487.62    1607332487.63    0.0120000839233    256    0.4221    108.0576    0.434100083923    1.0    1
288    1607332487.92    1607332487.93    0.0090000629425    16    0.0098    0.1568    0.0188000629425    1.0    1
289    1607332488.23    1607332488.24    0.0090000629425    256    0.4221    108.0576    0.431100062943    1.0    1
290    1607332488.28    1607332488.28    0.00100016593933    16    0.7616    12.1856    0.762600165939    0    0
291    1607332488.85    1607332488.85    0.0    64    0.4167    26.6688    0.4167    1.0    1
292    1607332488.89    1607332488.9    0.000999927520752    64    0.0234    1.4976    0.0243999275208    1.0    1
293    1607332489.15    1607332489.15    0.00300002098083    64    0.1855    11.872    0.188500020981    1.0    1
294    1607332489.16    1607332489.16    0.00399994850159    64    0.0234    1.4976    0.0273999485016    1.0    1
295    1607332489.53    1607332489.53    0.0    4    0.0522    0.2088    0.0522    0    0
296    1607332489.76    1607332489.77    0.00100016593933    64    0.0125    0.8    0.0135001659393    1.0    1
297    1607332489.87    1607332489.87    0.0    4    0.0284    0.1136    0.0284    0    0
298    1607332490.02    1607332490.04    0.0110001564026    256    0.7528    192.7168    0.763800156403    1.0    1
299    1607332490.05    1607332490.05    0.0    16    0.0285    0.456    0.0285    0    0
300    1607332490.19    1607332490.2    0.00300002098083    16    0.4243    6.7888    0.427300020981    0    0
301    1607332490.3    1607332490.3    0.00200009346008    64    0.0055    0.352    0.00750009346008    1.0    1
302    1607332490.48    1607332490.48    0.000999927520752    4    0.0059    0.0236    0.00689992752075    0    0
303    1607332490.64    1607332490.66    0.0150001049042    256    0.8    204.8    0.815000104904    1    2
304    1607332490.66    1607332490.66    0.000999927520752    4    1.1283    4.5132    1.12929992752    0    0
305    1607332490.72    1607332490.72    0.00200009346008    64    0.0055    0.352    0.00750009346008    1.0    1
306    1607332490.85    1607332490.85    0.0    4    0.0059    0.0236    0.0059    0    0
307    1607332490.92    1607332490.92    0.0    4    0.5956    2.3824    0.5956    0    0
308    1607332491.22    1607332491.22    0.0    16    0.7616    12.1856    0.7616    0    0
309    1607332491.54    1607332491.54    0.0    4    0.0832    0.3328    0.0832    0    0
310    1607332492.21    1607332492.21    0.0    4    0.6452    2.5808    0.6452    0    0
311    1607332492.38    1607332492.38    0.00500011444092    64    0.0055    0.352    0.0105001144409    1.0    1
312    1607332492.39    1607332492.39    0.0    4    0.0284    0.1136    0.0284    0    0
313    1607332493.02    1607332493.03    0.00999999046326    256    0.7528    192.7168    0.762799990463    1.0    1
314    1607332493.91    1607332493.91    0.000999927520752    16    0.4243    6.7888    0.425299927521    0    0
315    1607332494.62    1607332494.63    0.010999917984    256    0.0057    1.4592    0.016699917984    1.0    1
316    1607332494.76    1607332494.77    0.0090000629425    256    0.0177    4.5312    0.0267000629425    1.0    1
317    1607332494.99    1607332494.99    0.0    64    0.1855    11.872    0.1855    1.0    1
318    1607332495.28    1607332495.28    0.0    16    0.8805    14.088    0.8805    0    0
319    1607332495.48    1607332495.49    0.00100016593933    64    0.4167    26.6688    0.417700165939    1.0    1
320    1607332495.68    1607332495.68    0.0    4    0.5956    2.3824    0.5956    0    0
321    1607332496.01    1607332496.02    0.0119998455048    256    0.8    204.8    0.811999845505    1.0    1
322    1607332496.08    1607332496.08    0.00100016593933    4    0.6452    2.5808    0.646200165939    0    0
323    1607332496.13    1607332496.15    0.0169999599457    256    0.4221    108.0576    0.439099959946    1    2
324    1607332496.35    1607332496.35    0.000999927520752    16    0.0297    0.4752    0.0306999275208    0    0
325    1607332498.26    1607332498.26    0.0    4    0.0832    0.3328    0.0832    0    0
326    1607332498.37    1607332498.37    0.0    16    0.7616    12.1856    0.7616    0    0
327    1607332498.57    1607332498.57    0.0    4    0.0059    0.0236    0.0059    0    0
328    1607332498.79    1607332498.79    0.0    16    0.0297    0.4752    0.0297    0    0
329    1607332499.24    1607332499.25    0.0110001564026    256    0.4221    108.0576    0.433100156403    1.0    1
330    1607332499.74    1607332499.74    0.000999927520752    4    0.0832    0.3328    0.0841999275208    0    0
331    1607332500.65    1607332500.65    0.0    64    0.4167    26.6688    0.4167    1.0    1
332    1607332500.75    1607332500.75    0.000999927520752    64    0.1855    11.872    0.186499927521    1.0    1
333    1607332500.98    1607332500.98    0.00100016593933    16    0.0429    0.6864    0.0439001659393    0    0
334    1607332501.49    1607332501.49    0.000999927520752    4    0.6452    2.5808    0.646199927521    0    0
335    1607332501.53    1607332501.53    0.000999927520752    64    0.4167    26.6688    0.417699927521    1.0    1
336    1607332501.57    1607332501.58    0.0130000114441    256    0.0057    1.4592    0.0187000114441    1.0    1
337    1607332501.71    1607332501.71    0.000999927520752    4    0.0832    0.3328    0.0841999275208    0    0
338    1607332502.2    1607332502.2    0.0    64    0.0055    0.352    0.0055    1.0    1
339    1607332502.36    1607332502.37    0.00999999046326    256    0.0057    1.4592    0.0156999904633    1.0    1
340    1607332502.55    1607332502.55    0.00100016593933    64    0.0125    0.8    0.0135001659393    1.0    1
341    1607332502.78    1607332502.78    0.0    4    0.0522    0.2088    0.0522    0    0
342    1607332502.87    1607332502.88    0.00999999046326    256    0.4221    108.0576    0.432099990463    1.0    1
343    1607332502.88    1607332502.9    0.018000125885    256    0.8    204.8    0.818000125885    1    2
344    1607332503.01    1607332503.01    0.00100016593933    64    0.1855    11.872    0.186500165939    1.0    1
345    1607332503.44    1607332503.45    0.010999917984    256    0.7528    192.7168    0.763799917984    1.0    1
346    1607332503.52    1607332503.52    0.000999927520752    4    0.0284    0.1136    0.0293999275208    0    0
347    1607332504.18    1607332504.18    0.0    4    0.0059    0.0236    0.0059    0    0
348    1607332504.24    1607332504.25    0.0090000629425    256    0.0177    4.5312    0.0267000629425    1.0    1
349    1607332504.42    1607332504.42    0.0    64    0.0055    0.352    0.0055    1.0    1
350    1607332504.64    1607332504.65    0.00999999046326    256    0.0057    1.4592    0.0156999904633    1.0    1
351    1607332504.74    1607332504.74    0.0    4    0.0284    0.1136    0.0284    0    0
352    1607332504.8    1607332504.81    0.00899982452393    256    0.8    204.8    0.808999824524    1.0    1
353    1607332505.26    1607332505.26    0.000999927520752    16    0.8805    14.088    0.881499927521    0    0
354    1607332505.49    1607332505.49    0.0    4    0.6452    2.5808    0.6452    0    0
355    1607332505.53    1607332505.53    0.000999927520752    16    0.4243    6.7888    0.425299927521    1.0    1
356    1607332506.05    1607332506.05    0.0    16    0.7616    12.1856    0.7616    0    0
357    1607332506.06    1607332506.06    0.0    4    1.1283    4.5132    1.1283    0    0
358    1607332506.28    1607332506.28    0.0    4    0.0522    0.2088    0.0522    0    0
359    1607332506.3    1607332506.3    0.000999927520752    16    0.8805    14.088    0.881499927521    1.0    1
360    1607332506.43    1607332506.44    0.0120000839233    256    0.7528    192.7168    0.764800083923    1.0    1
361    1607332506.72    1607332506.72    0.000999927520752    4    0.0059    0.0236    0.00689992752075    0    0
362    1607332507.09    1607332507.11    0.0179998874664    256    0.4221    108.0576    0.440099887466    1.19444444444    2
363    1607332507.41    1607332507.41    0.0    4    0.5956    2.3824    0.5956    0    0
364    1607332507.47    1607332507.47    0.0    4    0.0059    0.0236    0.0059    0    0
365    1607332507.63    1607332507.63    0.0    16    0.7616    12.1856    0.7616    0    0
366    1607332508.17    1607332508.18    0.010999917984    256    0.8    204.8    0.810999917984    1.0    1
367    1607332508.39    1607332508.39    0.00300002098083    16    0.8805    14.088    0.883500020981    0    0
368    1607332508.4    1607332508.41    0.0149998664856    64    0.6779    43.3856    0.692899866486    1.0    1
369    1607332508.73    1607332508.73    0.0    4    0.6452    2.5808    0.6452    0    0
370    1607332508.89    1607332508.91    0.0200002193451    256    0.6189    158.4384    0.638900219345    1    2
371    1607332509.16    1607332509.16    0.0    16    0.0098    0.1568    0.0098    0    0
372    1607332509.28    1607332509.29    0.00999999046326    256    0.6189    158.4384    0.628899990463    1.0    1
373    1607332509.5    1607332509.5    0.00500011444092    64    0.0125    0.8    0.0175001144409    1.0    1
374    1607332510.83    1607332510.83    0.0    4    0.0832    0.3328    0.0832    0    0
375    1607332511.1    1607332511.1    0.0    64    0.9446    60.4544    0.9446    1.0    1
376    1607332511.48    1607332511.49    0.00999999046326    256    0.6189    158.4384    0.628899990463    1.0    1
377    1607332511.6    1607332511.6    0.00300002098083    4    0.6452    2.5808    0.648200020981    0    0
378    1607332512.28    1607332512.28    0.0    16    0.0098    0.1568    0.0098    0    0
379    1607332512.56    1607332512.56    0.0    4    0.0832    0.3328    0.0832    0    0
380    1607332513.12    1607332513.13    0.010999917984    256    0.0057    1.4592    0.016699917984    1.0    1
381    1607332513.24    1607332513.24    0.0    16    0.7616    12.1856    0.7616    0    0
382    1607332513.33    1607332513.34    0.000999927520752    4    0.0832    0.3328    0.0841999275208    0    0
383    1607332513.37    1607332513.37    0.000999927520752    64    0.6779    43.3856    0.678899927521    1.0    1
384    1607332513.38    1607332513.38    0.000999927520752    64    0.1855    11.872    0.186499927521    1.0    1
385    1607332513.44    1607332513.44    0.000999927520752    16    0.0297    0.4752    0.0306999275208    1.0    1
386    1607332513.68    1607332513.69    0.00200009346008    64    0.0055    0.352    0.00750009346008    1.0    1
387    1607332513.78    1607332513.78    0.00100016593933    4    0.0284    0.1136    0.0294001659393    0    0
388    1607332513.82    1607332513.84    0.0139999389648    256    0.7528    192.7168    0.766799938965    1.0    1
389    1607332513.98    1607332513.98    0.00100016593933    4    0.5956    2.3824    0.596600165939    0    0
390    1607332514.03    1607332514.04    0.00399994850159    64    0.0234    1.4976    0.0273999485016    1.0    1
391    1607332514.21    1607332514.24    0.0280001163483    256    0.0057    1.4592    0.0337001163483    1.17777777778    2
392    1607332514.81    1607332514.87    0.0550000667572    256    0.7528    192.7168    0.807800066757    1.0    1
393    1607332515.24    1607332515.24    0.000999927520752    4    1.1283    4.5132    1.12929992752    0    0
394    1607332515.35    1607332515.35    0.0    4    1.1283    4.5132    1.1283    0    0
395    1607332515.46    1607332515.46    0.000999927520752    16    0.4243    6.7888    0.425299927521    0    0
396    1607332515.48    1607332515.5    0.0169999599457    256    0.6189    158.4384    0.635899959946    1    2
397    1607332515.57    1607332515.57    0.0019998550415    16    0.4243    6.7888    0.426299855042    1.0    1
398    1607332515.71    1607332515.71    0.000999927520752    16    0.7616    12.1856    0.762599927521    0    0
399    1607332515.81    1607332515.81    0.000999927520752    64    0.1855    11.872    0.186499927521    1.0    1
400    1607332516.32    1607332516.32    0.0    4    1.1283    4.5132    1.1283    0    0
401    1607332516.33    1607332516.33    0.0    16    0.0429    0.6864    0.0429    1.0    1
402    1607332516.44    1607332516.44    0.0    64    0.1855    11.872    0.1855    1.0    1
403    1607332516.46    1607332516.46    0.00100016593933    64    0.4167    26.6688    0.417700165939    1.0    1
404    1607332516.54    1607332516.54    0.000999927520752    16    0.8805    14.088    0.881499927521    0    0
405    1607332516.57    1607332516.57    0.0    4    0.0832    0.3328    0.0832    0    0
406    1607332516.6    1607332516.6    0.000999927520752    64    0.0055    0.352    0.00649992752075    1.0    1
407    1607332516.72    1607332516.72    0.0    4    0.0284    0.1136    0.0284    0    0
408    1607332516.79    1607332516.79    0.000999927520752    64    0.9446    60.4544    0.945599927521    1.0    1
409    1607332516.82    1607332516.84    0.0139999389648    256    0.0177    4.5312    0.0316999389648    1.0    1
410    1607332517.0    1607332517.04    0.0360000133514    256    0.0177    4.5312    0.0537000133514    1.0    1
411    1607332517.16    1607332517.17    0.0119998455048    256    0.6189    158.4384    0.630899845505    1.0    1
412    1607332517.3    1607332517.31    0.00100016593933    16    0.0098    0.1568    0.0108001659393    1.0    1
413    1607332517.53    1607332517.53    0.00100016593933    4    1.1283    4.5132    1.12930016594    0    0
414    1607332517.58    1607332517.58    0.0    4    0.5956    2.3824    0.5956    0    0
415    1607332517.81    1607332517.81    0.0    4    0.5956    2.3824    0.5956    0    0
416    1607332517.98    1607332517.98    0.0    4    0.0284    0.1136    0.0284    0    0
417    1607332518.02    1607332518.02    0.0    4    0.0059    0.0236    0.0059    0    0
418    1607332518.14    1607332518.14    0.00100016593933    64    0.0055    0.352    0.00650016593933    1.0    1
419    1607332518.24    1607332518.24    0.0    4    0.6452    2.5808    0.6452    0    0
420    1607332518.43    1607332518.43    0.00100016593933    64    0.0055    0.352    0.00650016593933    1.0    1
421    1607332518.58    1607332518.59    0.010999917984    256    0.7528    192.7168    0.763799917984    1.0    1
422    1607332518.65    1607332518.66    0.000999927520752    16    0.0429    0.6864    0.0438999275208    0    0
423    1607332519.04    1607332519.05    0.00200009346008    16    0.7616    12.1856    0.76360009346    1.0    1
424    1607332519.19    1607332519.2    0.00200009346008    64    0.6779    43.3856    0.67990009346    1.0    1
425    1607332519.56    1607332519.56    0.0    64    0.0055    0.352    0.0055    1.0    1
426    1607332519.72    1607332519.72    0.0    16    0.0285    0.456    0.0285    0    0
427    1607332519.99    1607332520.0    0.00399994850159    64    0.0055    0.352    0.00949994850159    1.0    1
428    1607332520.36    1607332520.37    0.00999999046326    256    0.0177    4.5312    0.0276999904633    1.0    1
429    1607332520.55    1607332520.56    0.010999917984    256    0.0057    1.4592    0.016699917984    1.0    1
430    1607332520.65    1607332520.66    0.0090000629425    256    0.0177    4.5312    0.0267000629425    1.0    1
431    1607332520.9    1607332520.9    0.00100016593933    64    0.1855    11.872    0.186500165939    1.0    1
432    1607332520.91    1607332520.92    0.000999927520752    16    0.0098    0.1568    0.0107999275208    0    0
433    1607332521.13    1607332521.14    0.00999999046326    256    0.8    204.8    0.809999990463    1.0    1
434    1607332521.18    1607332521.18    0.0    16    0.0098    0.1568    0.0098    0    0
435    1607332521.19    1607332521.19    0.00499987602234    64    0.9446    60.4544    0.949599876022    1.0    1
436    1607332521.23    1607332521.23    0.000999927520752    4    0.0059    0.0236    0.00689992752075    0    0
437    1607332521.26    1607332521.26    0.00300002098083    4    0.5956    2.3824    0.598600020981    0    0
438    1607332521.29    1607332521.33    0.0439999103546    256    0.7528    192.7168    0.796799910355    1    2
439    1607332521.51    1607332521.52    0.00300002098083    64    0.0055    0.352    0.00850002098083    1.0    1
440    1607332521.74    1607332521.75    0.00200009346008    64    0.4167    26.6688    0.41870009346    1.0    1
441    1607332521.89    1607332521.89    0.00300002098083    16    0.4243    6.7888    0.427300020981    1.0    1
442    1607332521.96    1607332521.97    0.00100016593933    64    0.9446    60.4544    0.945600165939    1.0    1
443    1607332522.09    1607332522.12    0.0280001163483    256    0.0057    1.4592    0.0337001163483    1.0    1
444    1607332522.14    1607332522.14    0.000999927520752    16    0.8805    14.088    0.881499927521    0    0
445    1607332522.21    1607332522.21    0.0    4    1.1283    4.5132    1.1283    0    0
446    1607332522.87    1607332522.87    0.0    4    0.0832    0.3328    0.0832    0    0
447    1607332523.4    1607332523.4    -0.000999927520752    16    0.0297    0.4752    0.0287000724792    0    0
448    1607332523.5    1607332523.51    0.00999999046326    256    0.6189    158.4384    0.628899990463    1.0    1
449    1607332523.57    1607332523.58    0.0149998664856    256    0.7528    192.7168    0.767799866486    1    2
450    1607332524.08    1607332524.08    0.00100016593933    4    0.0832    0.3328    0.0842001659393    0    0
451    1607332524.17    1607332524.17    0.0    16    0.7616    12.1856    0.7616    0    0
452    1607332524.36    1607332524.36    0.00100016593933    64    0.0234    1.4976    0.0244001659393    1.0    1
453    1607332524.71    1607332524.71    0.0    4    0.6452    2.5808    0.6452    0    0
454    1607332524.88    1607332524.88    0.000999927520752    64    0.6779    43.3856    0.678899927521    1.0    1
455    1607332525.29    1607332525.3    0.0150001049042    256    0.8    204.8    0.815000104904    1.0    1
456    1607332526.09    1607332526.12    0.0289998054504    256    0.0057    1.4592    0.0346998054504    1.19444444444    2
457    1607332526.27    1607332526.27    0.0    4    0.0832    0.3328    0.0832    0    0
458    1607332526.41    1607332526.41    0.0    4    0.6452    2.5808    0.6452    0    0
459    1607332526.47    1607332526.48    0.0130000114441    256    0.8    204.8    0.813000011444    1.0    1
460    1607332526.59    1607332526.66    0.069000005722    256    0.0177    4.5312    0.086700005722    1    2
461    1607332527.01    1607332527.01    0.0019998550415    64    0.0055    0.352    0.0074998550415    1.0    1
462    1607332527.11    1607332527.11    0.000999927520752    64    0.4167    26.6688    0.417699927521    1.0    1
463    1607332527.14    1607332527.14    0.000999927520752    64    0.4167    26.6688    0.417699927521    1.0    1
464    1607332527.23    1607332527.24    0.0159997940063    256    0.8    204.8    0.815999794006    1    2
465    1607332527.26    1607332527.26    0.0019998550415    64    0.1855    11.872    0.187499855042    1.0    1
466    1607332527.73    1607332527.73    0.000999927520752    16    0.0285    0.456    0.0294999275208    0    0
467    1607332527.78    1607332527.79    0.00899982452393    256    0.0177    4.5312    0.0266998245239    1.0    1
468    1607332527.82    1607332527.83    0.0130000114441    256    0.7528    192.7168    0.765800011444    1.0    1
469    1607332527.83    1607332527.87    0.0390000343323    256    0.0057    1.4592    0.0447000343323    1.0    1
470    1607332528.32    1607332528.32    0.000999927520752    64    0.4167    26.6688    0.417699927521    1.0    1
471    1607332528.49    1607332528.49    0.00200009346008    64    0.0125    0.8    0.0145000934601    1.0    1
472    1607332528.9    1607332528.9    0.0    4    0.0832    0.3328    0.0832    0    0
473    1607332528.96    1607332528.96    0.0    4    0.6452    2.5808    0.6452    0    0
474    1607332529.28    1607332529.28    0.000999927520752    64    0.0055    0.352    0.00649992752075    1.0    1
475    1607332529.33    1607332529.33    0.0    16    0.0098    0.1568    0.0098    0    0
476    1607332529.42    1607332529.42    0.00100016593933    64    0.0055    0.352    0.00650016593933    1.0    1
477    1607332529.54    1607332529.55    0.0119998455048    256    0.0057    1.4592    0.0176998455048    1.0    1
478    1607332529.85    1607332529.85    0.000999927520752    16    0.0429    0.6864    0.0438999275208    0    0
479    1607332530.14    1607332530.14    0.0    64    0.0234    1.4976    0.0234    1.0    1
480    1607332530.34    1607332530.34    0.000999927520752    4    1.1283    4.5132    1.12929992752    0    0
481    1607332530.38    1607332530.38    0.0    4    0.0832    0.3328    0.0832    0    0
482    1607332530.77    1607332530.78    0.0120000839233    256    0.8    204.8    0.812000083923    1.0    1
483    1607332531.06    1607332531.08    0.0199999809265    256    0.4221    108.0576    0.442099980927    1    2
484    1607332531.52    1607332531.52    0.0    4    0.0284    0.1136    0.0284    0    0
485    1607332532.06    1607332532.06    0.0    16    0.0285    0.456    0.0285    0    0
486    1607332532.14    1607332532.14    0.0    16    0.0285    0.456    0.0285    0    0
487    1607332532.2    1607332532.2    0.000999927520752    64    0.1855    11.872    0.186499927521    1.0    1
488    1607332532.88    1607332532.88    0.0    16    0.0429    0.6864    0.0429    0    0
489    1607332532.96    1607332532.96    0.0    16    0.7616    12.1856    0.7616    0    0
490    1607332533.02    1607332533.04    0.0130000114441    256    0.8    204.8    0.813000011444    1.0    1
491    1607332533.13    1607332533.15    0.0199999809265    256    0.0177    4.5312    0.0376999809265    1    2
492    1607332533.21    1607332533.21    0.0019998550415    64    0.6779    43.3856    0.679899855042    1.0    1
493    1607332533.5    1607332533.5    0.000999927520752    4    0.0284    0.1136    0.0293999275208    0    0
494    1607332533.57    1607332533.58    0.00200009346008    64    0.0055    0.352    0.00750009346008    1.0    1
495    1607332533.82    1607332533.83    0.00399994850159    64    0.9446    60.4544    0.948599948502    1.0    1
496    1607332533.85    1607332533.86    0.010999917984    256    0.0057    1.4592    0.016699917984    1.0    1
497    1607332534.0    1607332534.0    0.0    4    0.0284    0.1136    0.0284    0    0
498    1607332534.05    1607332534.05    0.00100016593933    64    0.9446    60.4544    0.945600165939    1.0    1
499    1607332534.24    1607332534.24    0.0    4    0.0284    0.1136    0.0284    0    0

dispatched jobs are: 500 out of 500
average queue time is: 0.179329998493
fso links are used for 0 times
overall utilization is 0.0360828345896
average response time is 0.544180398493
average weighted response time is 0.70032635068
average slowdown is 1.0225465896
cpu_request: 39824, cpu_run: 39824
ssd_request: 19339, ssd_run: 0
gpu_request: 18326, gpu_run: 0
cpu aspl: 1.00504273504
cpu diameter: 1.11153846154
job x: 0.0
job y: 0.0
job z: 0.0
