#timestep  occupied-CPU  total-CPU  utilization  queuingjobs
1    30    4096    0.00732421875    0
2    72    4096    0.017578125    0
3    52    4096    0.0126953125    0
4    32    4096    0.0078125    0
5    52    4096    0.0126953125    0
6    20    4096    0.0048828125    0
7    4    4096    0.0009765625    0
8    64    4096    0.015625    0
9    8    4096    0.001953125    0
10    404    4096    0.0986328125    0
11    0    4096    0.0    0
12    272    4096    0.06640625    0
13    340    4096    0.0830078125    0
14    40    4096    0.009765625    0
15    264    4096    0.064453125    0
16    320    4096    0.078125    0
17    16    4096    0.00390625    0
18    272    4096    0.06640625    0
19    1104    4096    0.26953125    0
20    4    4096    0.0009765625    0
21    72    4096    0.017578125    0
22    68    4096    0.0166015625    0
23    24    4096    0.005859375    0
24    340    4096    0.0830078125    0
25    4    4096    0.0009765625    0
26    160    4096    0.0390625    0
27    192    4096    0.046875    0
28    368    4096    0.08984375    0
29    256    4096    0.0625    0
30    260    4096    0.0634765625    0
31    596    4096    0.1455078125    0
32    0    4096    0.0    0
33    0    4096    0.0    0
34    472    4096    0.115234375    0
35    64    4096    0.015625    0
36    0    4096    0.0    0
37    256    4096    0.0625    0
38    4    4096    0.0009765625    0
39    64    4096    0.015625    0
40    256    4096    0.0625    0
41    332    4096    0.0810546875    0
42    0    4096    0.0    0
43    196    4096    0.0478515625    0
44    320    4096    0.078125    0
45    520    4096    0.126953125    0
46    16    4096    0.00390625    0
47    532    4096    0.1298828125    0
48    4    4096    0.0009765625    0
49    144    4096    0.03515625    0
50    516    4096    0.1259765625    0
51    628    4096    0.1533203125    0
52    272    4096    0.06640625    1
53    68    4096    0.0166015625    0
54    280    4096    0.068359375    0
55    652    4096    0.1591796875    0
56    528    4096    0.12890625    0
57    328    4096    0.080078125    0
58    4    4096    0.0009765625    0
59    384    4096    0.09375    0
60    16    4096    0.00390625    0
61    260    4096    0.0634765625    0
62    368    4096    0.08984375    0
63    260    4096    0.0634765625    0
64    4    4096    0.0009765625    0
65    264    4096    0.064453125    1
66    260    4096    0.0634765625    0
67    684    4096    0.1669921875    0
68    536    4096    0.130859375    1
69    64    4096    0.015625    0
70    272    4096    0.06640625    0
71    576    4096    0.140625    1
72    852    4096    0.2080078125    0
73    20    4096    0.0048828125    0
74    836    4096    0.2041015625    1
75    272    4096    0.06640625    0
76    352    4096    0.0859375    1
77    404    4096    0.0986328125    0
78    72    4096    0.017578125    0
79    140    4096    0.0341796875    0
80    592    4096    0.14453125    0
81    4    4096    0.0009765625    0
82    20    4096    0.0048828125    0
83    560    4096    0.13671875    0
84    20    4096    0.0048828125    0
85    148    4096    0.0361328125    0
86    564    4096    0.1376953125    0
87    256    4096    0.0625    0
88    580    4096    0.1416015625    0
89    548    4096    0.1337890625    0
90    64    4096    0.015625    0
91    24    4096    0.005859375    0
92    0    4096    0.0    0
93    532    4096    0.1298828125    0
94    0    4096    0.0    0
95    0    4096    0.0    0
96    336    4096    0.08203125    0
97    384    4096    0.09375    0
98    0    4096    0.0    0

average cpu utilization is: 0.0590272241709
average ssd utilization is: 1.0
average gpu utilization is: 1.0
average utilization is: 0.686342408057
average queuing jobs are: 0.0612244897959
maximum queuing jobs are: 1


#job_number  submit  dispatch  queue  cpu#  runtime  weight  response(turnaround)  cpu_aspl  cpu_diameter
0    1607338766.34    1607338834.58    68.2400000095    256    0.4221    108.0576    68.6621000095    3    6
1    1607338834.59    1607338834.6    0.010999917984    4    1.1322    4.5288    1.14319991798    2    2
2    1607338834.62    1607338834.62    0.000999927520752    16    0.7616    12.1856    0.762599927521    2    2
3    1607338834.66    1607338834.66    0.000999927520752    16    0.0285    0.456    0.0294999275208    2    5
4    1607338834.68    1607338834.68    0.00100016593933    64    0.4167    26.6688    0.417700165939    2    6
5    1607338834.71    1607338834.71    0.0    16    0.0098    0.1568    0.0098    2    5
6    1607338834.77    1607338834.77    0.000999927520752    16    0.0429    0.6864    0.0438999275208    2    5
7    1607338834.84    1607338834.84    0.000999927520752    64    0.9446    60.4544    0.945599927521    3    6
8    1607338834.97    1607338834.97    0.0    4    0.6477    2.5908    0.6477    2    2
9    1607338835.09    1607338835.09    0.000999927520752    64    0.4167    26.6688    0.417699927521    2    5
10    1607338835.12    1607338835.12    0.0    64    0.0055    0.352    0.0055    2    5
11    1607338835.56    1607338835.56    0.0    4    0.6477    2.5908    0.6477    2    2
12    1607338835.64    1607338835.64    0.0    16    0.0098    0.1568    0.0098    2    2
13    1607338835.78    1607338835.78    0.0    64    0.9446    60.4544    0.9446    2    6
14    1607338835.91    1607338835.91    0.000999927520752    256    0.0177    4.5312    0.0186999275208    3    6
15    1607338835.95    1607338835.95    0.000999927520752    256    0.6189    158.4384    0.619899927521    3    6
16    1607338836.1    1607338836.1    0.0    4    0.6477    2.5908    0.6477    2    2
17    1607338836.25    1607338836.25    0.0    16    0.4243    6.7888    0.4243    2    3
18    1607338836.33    1607338836.33    0.00100016593933    4    0.0059    0.0236    0.00690016593933    2    2
19    1607338836.35    1607338836.35    0.000999927520752    16    0.0098    0.1568    0.0107999275208    2    5
20    1607338836.37    1607338836.37    0.0    4    1.1322    4.5288    1.1322    2    2
21    1607338836.47    1607338836.47    0.0    16    0.4243    6.7888    0.4243    2    5
22    1607338836.58    1607338836.58    0.0    16    0.7616    12.1856    0.7616    2    2
23    1607338836.62    1607338836.62    0.0    16    0.0429    0.6864    0.0429    2    5
24    1607338836.71    1607338836.71    0.0    16    0.7616    12.1856    0.7616    2    3
25    1607338836.72    1607338836.72    0.00100016593933    256    0.0177    4.5312    0.0187001659393    3    6
26    1607338836.74    1607338836.75    0.0120000839233    256    0.8    204.8    0.812000083923    3    6
27    1607338836.76    1607338836.77    0.0090000629425    4    0.0059    0.0236    0.0149000629425    2    2
28    1607338836.94    1607338836.94    0.000999927520752    256    0.0057    1.4592    0.00669992752075    3    6
29    1607338837.17    1607338837.17    0.0    64    0.0234    1.4976    0.0234    2    6
30    1607338837.45    1607338837.45    0.0    64    0.0234    1.4976    0.0234    3    6
31    1607338837.49    1607338837.49    0.000999927520752    16    0.7616    12.1856    0.762599927521    2    3
32    1607338837.62    1607338837.62    0.0    16    0.7616    12.1856    0.7616    2    2
33    1607338837.87    1607338837.87    0.0    256    0.4221    108.0576    0.4221    3    6
34    1607338837.95    1607338837.95    0.000999927520752    64    0.0125    0.8    0.0134999275208    3    6
35    1607338838.01    1607338838.01    0.0    4    0.0059    0.0236    0.0059    2    2
36    1607338838.07    1607338838.07    0.000999927520752    16    0.8805    14.088    0.881499927521    2    2
37    1607338838.31    1607338838.31    0.000999927520752    16    0.4243    6.7888    0.425299927521    2    2
38    1607338838.68    1607338838.68    0.0    16    0.0285    0.456    0.0285    2    2
39    1607338838.72    1607338838.72    0.0    16    0.7616    12.1856    0.7616    2    2
40    1607338838.77    1607338838.77    0.0    4    0.0526    0.2104    0.0526    2    2
41    1607338838.79    1607338838.79    0.0    4    0.6477    2.5908    0.6477    2    2
42    1607338838.85    1607338838.85    0.0    16    0.4243    6.7888    0.4243    2    5
43    1607338838.9    1607338838.9    0.00200009346008    256    0.6189    158.4384    0.62090009346    3    6
44    1607338839.04    1607338839.04    0.0    4    0.0834    0.3336    0.0834    2    2
45    1607338839.05    1607338839.05    0.000999927520752    256    0.0177    4.5312    0.0186999275208    3    6
46    1607338839.61    1607338839.61    0.0    256    0.0057    1.4592    0.0057    3    6
47    1607338839.66    1607338839.66    0.0    16    0.8805    14.088    0.8805    2    2
48    1607338839.88    1607338839.88    0.0    4    0.0834    0.3336    0.0834    2    2
49    1607338840.07    1607338840.07    0.0    4    0.0834    0.3336    0.0834    2    2
50    1607338840.1    1607338840.1    0.0    16    0.8805    14.088    0.8805    2    5
51    1607338840.36    1607338840.36    0.00100016593933    64    0.4167    26.6688    0.417700165939    2    6
52    1607338840.43    1607338840.43    0.0    256    0.0177    4.5312    0.0177    3    6
53    1607338840.99    1607338840.99    0.0    4    0.0526    0.2104    0.0526    2    2
54    1607338841.05    1607338841.05    0.0    4    0.0834    0.3336    0.0834    2    2
55    1607338841.47    1607338841.47    0.000999927520752    64    0.6779    43.3856    0.678899927521    2    5
56    1607338841.8    1607338841.8    0.0    4    0.0526    0.2104    0.0526    2    2
57    1607338841.85    1607338841.85    0.0    4    0.0526    0.2104    0.0526    2    2
58    1607338842.06    1607338842.06    0.0    64    0.0055    0.352    0.0055    2    5
59    1607338842.24    1607338842.24    0.0    4    1.1322    4.5288    1.1322    2    2
60    1607338842.46    1607338842.46    0.0    256    0.0057    1.4592    0.0057    3    6
61    1607338842.62    1607338842.62    0.0    4    0.0526    0.2104    0.0526    2    2
62    1607338842.8    1607338842.8    0.0    4    0.0284    0.1136    0.0284    2    2
63    1607338842.85    1607338842.85    0.000999927520752    64    0.0055    0.352    0.00649992752075    2    6
64    1607338842.99    1607338842.99    0.0    4    0.6477    2.5908    0.6477    2    2
65    1607338843.05    1607338843.05    0.0    16    0.0429    0.6864    0.0429    2    2
66    1607338843.13    1607338843.13    0.0    4    1.1322    4.5288    1.1322    2    2
67    1607338843.31    1607338843.31    0.000999927520752    64    0.1855    11.872    0.186499927521    2    6
68    1607338843.57    1607338843.57    0.000999927520752    256    0.7528    192.7168    0.753799927521    3    6
69    1607338843.61    1607338843.62    0.000999927520752    16    0.7616    12.1856    0.762599927521    2    2
70    1607338843.62    1607338843.62    0.0    256    0.0177    4.5312    0.0177    3    6
71    1607338843.69    1607338843.69    0.0    4    0.0526    0.2104    0.0526    2    2
72    1607338843.74    1607338843.74    0.0    4    0.0059    0.0236    0.0059    2    2
73    1607338843.78    1607338843.78    0.0    4    0.0059    0.0236    0.0059    2    2
74    1607338843.8    1607338843.8    0.0    64    0.9446    60.4544    0.9446    2    6
75    1607338843.84    1607338843.84    0.0    4    0.0284    0.1136    0.0284    2    2
76    1607338844.15    1607338844.15    0.0    64    0.4167    26.6688    0.4167    2    6
77    1607338844.33    1607338844.33    0.0    16    0.4243    6.7888    0.4243    2    2
78    1607338844.52    1607338844.52    0.0    16    0.0429    0.6864    0.0429    2    5
79    1607338844.95    1607338844.95    0.000999927520752    256    0.0057    1.4592    0.00669992752075    3    6
80    1607338845.08    1607338845.08    0.00100016593933    64    0.0234    1.4976    0.0244001659393    2    5
81    1607338845.36    1607338845.36    0.000999927520752    256    0.4221    108.0576    0.423099927521    3    6
82    1607338845.52    1607338845.52    0.0    16    0.0098    0.1568    0.0098    2    2
83    1607338845.59    1607338845.59    0.000999927520752    16    0.0098    0.1568    0.0107999275208    2    2
84    1607338845.85    1607338845.85    0.0    4    0.0284    0.1136    0.0284    2    2
85    1607338845.86    1607338845.86    0.0    16    0.0297    0.4752    0.0297    2    2
86    1607338845.92    1607338845.92    0.0    16    0.0098    0.1568    0.0098    2    2
87    1607338846.12    1607338846.12    0.000999927520752    256    0.7528    192.7168    0.753799927521    3    6
88    1607338846.12    1607338846.13    0.00399994850159    16    0.7616    12.1856    0.765599948502    2    2
89    1607338846.13    1607338846.13    0.0    16    0.0098    0.1568    0.0098    2    2
90    1607338846.24    1607338846.24    0.000999927520752    16    0.0285    0.456    0.0294999275208    2    2
91    1607338846.45    1607338846.45    0.000999927520752    64    0.4167    26.6688    0.417699927521    2    6
92    1607338846.47    1607338846.47    0.000999927520752    256    0.7528    192.7168    0.753799927521    3    6
93    1607338846.47    1607338846.47    0.00300002098083    64    0.9446    60.4544    0.947600020981    2    6
94    1607338846.51    1607338846.51    0.000999927520752    16    0.0297    0.4752    0.0306999275208    2    2
95    1607338846.54    1607338846.54    0.000999927520752    4    0.6477    2.5908    0.648699927521    2    2
96    1607338846.58    1607338846.58    0.000999927520752    4    0.0284    0.1136    0.0293999275208    2    2
97    1607338846.66    1607338846.66    0.000999927520752    64    0.4167    26.6688    0.417699927521    2    6
98    1607338846.78    1607338846.78    0.000999927520752    4    0.0834    0.3336    0.0843999275208    2    2
99    1607338846.93    1607338846.93    0.0    256    0.7528    192.7168    0.7528    3    6
100    1607338847.15    1607338847.15    0.0    4    0.6477    2.5908    0.6477    2    2
101    1607338847.32    1607338847.32    0.0    16    0.4243    6.7888    0.4243    2    2
102    1607338847.38    1607338847.38    0.00200009346008    4    1.1322    4.5288    1.13420009346    2    2
103    1607338847.47    1607338847.47    0.0    4    0.0526    0.2104    0.0526    2    2
104    1607338847.49    1607338847.49    0.000999927520752    256    0.0057    1.4592    0.00669992752075    3    6
105    1607338847.52    1607338847.52    0.0    4    0.0284    0.1136    0.0284    2    2
106    1607338847.59    1607338847.59    0.0    64    0.0055    0.352    0.0055    2    6
107    1607338847.59    1607338847.59    0.00100016593933    16    0.0297    0.4752    0.0307001659393    2    5
108    1607338847.69    1607338847.69    0.00399994850159    256    0.0177    4.5312    0.0216999485016    3    6
109    1607338848.07    1607338848.07    0.0    4    0.0284    0.1136    0.0284    2    2
110    1607338848.1    1607338848.1    0.0    64    0.0055    0.352    0.0055    2    5
111    1607338848.12    1607338848.12    0.000999927520752    4    0.0284    0.1136    0.0293999275208    2    2
112    1607338848.13    1607338848.13    0.0    16    0.4243    6.7888    0.4243    2    2
113    1607338848.15    1607338848.15    0.0    64    0.0125    0.8    0.0125    2    6
114    1607338848.34    1607338848.34    0.0    64    0.0055    0.352    0.0055    2    6
115    1607338848.36    1607338848.36    0.0    4    1.1322    4.5288    1.1322    2    2
116    1607338848.41    1607338848.41    0.0    16    0.0098    0.1568    0.0098    2    5
117    1607338848.44    1607338848.44    0.00100016593933    64    0.4167    26.6688    0.417700165939    2    6
118    1607338848.45    1607338848.45    0.000999927520752    16    0.0429    0.6864    0.0438999275208    2    5
119    1607338848.5    1607338848.5    0.00100016593933    64    0.0055    0.352    0.00650016593933    2    6
120    1607338848.51    1607338848.51    0.00200009346008    4    0.0059    0.0236    0.00790009346008    2    2
121    1607338848.75    1607338848.75    0.00100016593933    256    0.0177    4.5312    0.0187001659393    3    6
122    1607338848.89    1607338848.89    0.0    64    0.0234    1.4976    0.0234    2    6
123    1607338848.92    1607338848.92    0.00100016593933    256    0.4221    108.0576    0.423100165939    3    6
124    1607338849.01    1607338849.01    0.000999927520752    16    0.0297    0.4752    0.0306999275208    2    2
125    1607338849.07    1607338849.07    0.000999927520752    256    0.8    204.8    0.800999927521    3    6
126    1607338849.08    1607338849.08    0.000999927520752    4    0.5984    2.3936    0.599399927521    2    2
127    1607338849.39    1607338849.39    0.0    4    0.0284    0.1136    0.0284    2    2
128    1607338849.41    1607338849.41    0.0    4    0.0059    0.0236    0.0059    2    2
129    1607338849.5    1607338849.5    0.0    16    0.0429    0.6864    0.0429    2    2
130    1607338849.72    1607338849.72    0.0    4    0.0526    0.2104    0.0526    2    2
131    1607338849.76    1607338849.76    0.0    4    0.0059    0.0236    0.0059    2    2
132    1607338849.89    1607338849.89    0.0    64    0.9446    60.4544    0.9446    2    5
133    1607338850.15    1607338850.15    0.000999927520752    16    0.0297    0.4752    0.0306999275208    2    2
134    1607338850.24    1607338850.24    0.00100016593933    64    0.0234    1.4976    0.0244001659393    2    5
135    1607338850.24    1607338850.24    0.0    256    0.6189    158.4384    0.6189    3    6
136    1607338850.56    1607338850.56    0.00300002098083    256    0.6189    158.4384    0.621900020981    3    6
137    1607338850.58    1607338850.58    0.00600004196167    256    0.4221    108.0576    0.428100041962    3    6
138    1607338850.66    1607338850.67    0.00200009346008    256    0.6189    158.4384    0.62090009346    3    6
139    1607338850.99    1607338850.99    0.000999927520752    256    0.0177    4.5312    0.0186999275208    3    6
140    1607338851.2    1607338851.2    0.000999927520752    16    0.0098    0.1568    0.0107999275208    2    2
141    1607338851.5    1607338851.5    0.0    16    0.7616    12.1856    0.7616    2    2
142    1607338851.63    1607338851.63    0.0    64    0.0234    1.4976    0.0234    2    6
143    1607338851.72    1607338851.72    0.0    16    0.0429    0.6864    0.0429    2    2
144    1607338851.96    1607338851.96    0.0    4    0.6477    2.5908    0.6477    2    2
145    1607338852.1    1607338852.1    0.0    16    0.8805    14.088    0.8805    2    5
146    1607338852.15    1607338852.15    0.0    256    0.7528    192.7168    0.7528    3    6
147    1607338852.4    1607338852.4    0.0    16    0.0098    0.1568    0.0098    2    2
148    1607338852.53    1607338852.53    0.0    16    0.0285    0.456    0.0285    2    2
149    1607338852.69    1607338852.69    0.0    16    0.0429    0.6864    0.0429    2    2
150    1607338852.74    1607338852.74    0.0    256    0.8    204.8    0.8    3    6
151    1607338852.75    1607338852.75    0.000999927520752    256    0.0177    4.5312    0.0186999275208    3    6
152    1607338852.79    1607338852.79    0.000999927520752    64    0.1855    11.872    0.186499927521    2    6
153    1607338852.81    1607338852.81    0.0    64    0.1855    11.872    0.1855    2    6
154    1607338852.82    1607338852.82    0.000999927520752    64    0.0055    0.352    0.00649992752075    2    6
155    1607338852.93    1607338852.93    0.0    64    0.0234    1.4976    0.0234    2    6
156    1607338853.11    1607338853.11    0.0    64    0.6779    43.3856    0.6779    2    6
157    1607338853.13    1607338853.13    0.00100016593933    256    0.8    204.8    0.801000165939    3    6
158    1607338853.14    1607338853.14    0.000999927520752    256    0.6189    158.4384    0.619899927521    3    6
159    1607338853.31    1607338853.31    0.000999927520752    64    0.4167    26.6688    0.417699927521    2    5
160    1607338853.32    1607338853.32    0.000999927520752    256    0.4221    108.0576    0.423099927521    3    6
161    1607338853.41    1607338853.41    0.0019998550415    256    0.4221    108.0576    0.424099855042    3    6
162    1607338853.43    1607338853.43    0.000999927520752    16    0.0285    0.456    0.0294999275208    2    2
163    1607338853.56    1607338853.56    0.00100016593933    256    0.6189    158.4384    0.619900165939    3    6
164    1607338853.58    1607338853.58    0.00200009346008    16    0.8805    14.088    0.88250009346    2    2
165    1607338854.23    1607338854.23    0.0    4    0.0059    0.0236    0.0059    2    2
166    1607338854.6    1607338854.6    0.0    64    0.0234    1.4976    0.0234    2    5
167    1607338854.67    1607338854.67    0.0    4    0.0526    0.2104    0.0526    2    2
168    1607338854.71    1607338854.71    0.0    4    0.0284    0.1136    0.0284    2    2
169    1607338854.76    1607338854.76    0.0    4    0.0834    0.3336    0.0834    2    2
170    1607338854.89    1607338854.89    0.0    16    0.0429    0.6864    0.0429    2    2
171    1607338855.06    1607338855.06    0.0    64    0.1855    11.872    0.1855    2    5
172    1607338855.1    1607338855.1    0.0    4    0.0526    0.2104    0.0526    2    2
173    1607338855.13    1607338855.13    0.0    64    0.0055    0.352    0.0055    2    6
174    1607338855.4    1607338855.4    0.0    4    0.0526    0.2104    0.0526    2    2
175    1607338855.49    1607338855.49    0.000999927520752    64    0.0234    1.4976    0.0243999275208    2    5
176    1607338855.49    1607338855.49    0.0    4    0.6477    2.5908    0.6477    2    2
177    1607338855.62    1607338855.62    0.0    4    1.1322    4.5288    1.1322    2    2
178    1607338855.72    1607338855.72    0.000999927520752    64    0.1855    11.872    0.186499927521    2    6
179    1607338855.91    1607338855.91    0.0    16    0.4243    6.7888    0.4243    2    2
180    1607338856.05    1607338856.05    0.0    4    0.0834    0.3336    0.0834    2    2
181    1607338856.06    1607338856.06    0.000999927520752    16    0.0297    0.4752    0.0306999275208    2    5
182    1607338856.28    1607338856.28    0.0    4    0.5984    2.3936    0.5984    2    2
183    1607338856.28    1607338856.28    0.000999927520752    64    0.6779    43.3856    0.678899927521    2    6
184    1607338856.49    1607338856.49    0.0    16    0.0285    0.456    0.0285    2    2
185    1607338856.55    1607338856.55    0.0    4    0.0284    0.1136    0.0284    2    2
186    1607338856.57    1607338856.57    0.0    64    0.0234    1.4976    0.0234    2    6
187    1607338856.6    1607338856.6    0.0    64    0.1855    11.872    0.1855    2    6
188    1607338856.66    1607338856.66    0.0    4    1.1322    4.5288    1.1322    2    2
189    1607338856.75    1607338856.75    0.0    4    0.0284    0.1136    0.0284    2    2
190    1607338856.8    1607338856.8    0.0    4    0.0526    0.2104    0.0526    2    2
191    1607338856.92    1607338856.92    0.0    64    0.0055    0.352    0.0055    2    6
192    1607338857.21    1607338857.21    0.00100016593933    64    0.0055    0.352    0.00650016593933    2    5
193    1607338857.34    1607338857.34    0.0    16    0.7616    12.1856    0.7616    2    2
194    1607338857.45    1607338857.45    0.0    16    0.0297    0.4752    0.0297    2    2
195    1607338857.47    1607338857.47    0.0    4    0.6477    2.5908    0.6477    2    2
196    1607338857.49    1607338857.49    0.0    4    0.0284    0.1136    0.0284    2    2
197    1607338857.83    1607338857.83    0.000999927520752    64    0.0055    0.352    0.00649992752075    2    6
198    1607338857.9    1607338857.9    0.0    4    0.5984    2.3936    0.5984    2    2
199    1607338857.99    1607338857.99    0.0    4    0.0059    0.0236    0.0059    2    2
200    1607338858.19    1607338858.19    0.0    256    0.4221    108.0576    0.4221    3    6
201    1607338858.21    1607338858.21    0.0    64    0.0055    0.352    0.0055    2    6
202    1607338858.31    1607338858.31    0.000999927520752    64    0.6779    43.3856    0.678899927521    2    6
203    1607338858.41    1607338858.41    0.0    64    0.6779    43.3856    0.6779    2    6
204    1607338858.5    1607338858.5    0.0    64    0.4167    26.6688    0.4167    2    6
205    1607338858.59    1607338858.59    0.0    16    0.7616    12.1856    0.7616    2    2
206    1607338858.61    1607338858.61    0.0    4    0.6477    2.5908    0.6477    2    2
207    1607338858.7    1607338858.7    0.0    16    0.0098    0.1568    0.0098    2    2
208    1607338858.74    1607338858.74    0.0    256    0.7528    192.7168    0.7528    3    6
209    1607338858.9    1607338858.9    0.00100016593933    16    0.0285    0.456    0.0295001659393    2    5
210    1607338858.96    1607338858.96    0.0    64    0.0055    0.352    0.0055    2    6
211    1607338859.04    1607338859.04    0.000999927520752    64    0.0125    0.8    0.0134999275208    2    6
212    1607338859.06    1607338859.06    0.0    4    1.1322    4.5288    1.1322    2    2
213    1607338859.16    1607338859.17    0.000999927520752    4    0.0284    0.1136    0.0293999275208    2    2
214    1607338859.3    1607338859.3    0.0    4    0.6477    2.5908    0.6477    2    2
215    1607338859.31    1607338859.31    0.0    64    0.0055    0.352    0.0055    2    6
216    1607338859.63    1607338859.63    0.0    4    0.0284    0.1136    0.0284    2    2
217    1607338859.68    1607338859.68    0.000999927520752    64    0.1855    11.872    0.186499927521    2    6
218    1607338859.69    1607338859.69    0.0    4    0.0834    0.3336    0.0834    2    2
219    1607338860.07    1607338860.07    0.0    4    0.0059    0.0236    0.0059    2    2
220    1607338860.13    1607338860.14    0.00200009346008    256    0.7528    192.7168    0.75480009346    3    6
221    1607338860.25    1607338860.25    0.000999927520752    64    0.6779    43.3856    0.678899927521    2    6
222    1607338860.38    1607338860.38    0.0    4    0.5984    2.3936    0.5984    2    2
223    1607338860.43    1607338860.43    0.000999927520752    64    0.0055    0.352    0.00649992752075    2    6
224    1607338860.48    1607338860.48    0.0    16    0.8805    14.088    0.8805    2    2
225    1607338860.55    1607338860.55    0.00100016593933    64    0.6779    43.3856    0.678900165939    2    6
226    1607338860.62    1607338860.62    0.0    4    0.0284    0.1136    0.0284    2    2
227    1607338860.66    1607338860.66    0.00100016593933    256    0.0057    1.4592    0.00670016593933    3    6
228    1607338860.67    1607338860.67    0.00399994850159    16    0.4243    6.7888    0.428299948502    2    5
229    1607338861.17    1607338861.17    0.0    16    0.7616    12.1856    0.7616    2    2
230    1607338861.19    1607338861.19    0.000999927520752    64    0.9446    60.4544    0.945599927521    2    6
231    1607338861.22    1607338861.22    0.000999927520752    16    0.0098    0.1568    0.0107999275208    2    2
232    1607338861.27    1607338861.27    0.000999927520752    16    0.0297    0.4752    0.0306999275208    2    2
233    1607338861.4    1607338861.4    0.000999927520752    64    0.4167    26.6688    0.417699927521    2    6
234    1607338861.51    1607338861.51    0.0    4    0.5984    2.3936    0.5984    2    2
235    1607338861.6    1607338861.6    0.0    64    0.6779    43.3856    0.6779    2    6
236    1607338861.91    1607338861.91    0.000999927520752    64    0.9446    60.4544    0.945599927521    2    6
237    1607338861.95    1607338861.95    0.0    64    0.1855    11.872    0.1855    2    6
238    1607338862.03    1607338862.03    0.0    64    0.0055    0.352    0.0055    2    6
239    1607338862.12    1607338862.12    0.0    64    0.0055    0.352    0.0055    2    6
240    1607338862.13    1607338862.13    0.0    4    0.0834    0.3336    0.0834    2    2
241    1607338862.13    1607338862.14    0.000999927520752    64    0.4167    26.6688    0.417699927521    2    6
242    1607338862.61    1607338862.61    0.0    64    0.9446    60.4544    0.9446    2    5
243    1607338862.64    1607338862.64    0.0    4    0.6477    2.5908    0.6477    2    2
244    1607338862.72    1607338862.72    0.0    16    0.0297    0.4752    0.0297    2    3
245    1607338862.79    1607338862.79    0.0    16    0.8805    14.088    0.8805    2    3
246    1607338862.83    1607338862.83    0.0    256    0.6189    158.4384    0.6189    3    6
247    1607338862.9    1607338862.9    0.0    16    0.7616    12.1856    0.7616    2    2
248    1607338863.19    1607338863.19    0.0    16    0.8805    14.088    0.8805    2    2
249    1607338863.48    1607338863.48    0.0    4    0.0284    0.1136    0.0284    2    2
250    1607338863.62    1607338863.62    0.0    4    0.6477    2.5908    0.6477    2    2
251    1607338863.63    1607338863.63    0.0    64    0.0055    0.352    0.0055    2    6
252    1607338863.66    1607338863.66    0.0    4    0.0526    0.2104    0.0526    2    2
253    1607338863.74    1607338863.74    0.0    4    0.0284    0.1136    0.0284    2    2
254    1607338863.9    1607338863.9    0.0    4    0.0059    0.0236    0.0059    2    2
255    1607338864.03    1607338864.03    0.00100016593933    256    0.7528    192.7168    0.753800165939    3    6
256    1607338864.5    1607338864.5    0.00100016593933    16    0.0297    0.4752    0.0307001659393    3    6
257    1607338864.55    1607338864.56    0.00100016593933    256    0.6189    158.4384    0.619900165939    3    6
258    1607338864.62    1607338864.62    0.000999927520752    16    0.4243    6.7888    0.425299927521    2    2
259    1607338864.67    1607338864.67    0.00100016593933    256    0.6189    158.4384    0.619900165939    3    6
260    1607338864.71    1607338864.71    0.000999927520752    4    0.0526    0.2104    0.0535999275208    2    2
261    1607338864.73    1607338864.73    0.00200009346008    256    0.8    204.8    0.80200009346    3    6
262    1607338865.15    1607338865.15    0.0    4    0.0059    0.0236    0.0059    2    2
263    1607338865.35    1607338865.35    0.0    64    0.0055    0.352    0.0055    2    5
264    1607338865.42    1607338865.42    0.0    4    0.5984    2.3936    0.5984    2    2
265    1607338865.64    1607338865.64    0.0    64    0.9446    60.4544    0.9446    2    6
266    1607338865.71    1607338865.71    0.000999927520752    16    0.0297    0.4752    0.0306999275208    2    2
267    1607338866.02    1607338866.02    0.000999927520752    4    0.5984    2.3936    0.599399927521    2    2
268    1607338866.12    1607338866.12    0.0    256    0.7528    192.7168    0.7528    3    6
269    1607338866.15    1607338866.15    0.00100016593933    256    0.4221    108.0576    0.423100165939    3    6
270    1607338866.18    1607338866.18    0.0    16    0.0429    0.6864    0.0429    2    2
271    1607338866.28    1607338866.28    0.00100016593933    16    0.8805    14.088    0.881500165939    2    2
272    1607338866.36    1607338866.36    0.00100016593933    16    0.0285    0.456    0.0295001659393    2    5
273    1607338866.54    1607338866.54    0.00200009346008    16    0.4243    6.7888    0.42630009346    2    5
274    1607338866.66    1607338866.66    0.0    64    0.0055    0.352    0.0055    2    6
275    1607338866.67    1607338866.67    0.0    16    0.4243    6.7888    0.4243    2    3
276    1607338866.78    1607338866.78    0.0    64    0.1855    11.872    0.1855    2    6
277    1607338867.09    1607338867.09    0.000999927520752    64    0.0234    1.4976    0.0243999275208    2    5
278    1607338867.25    1607338867.25    0.0    16    0.0098    0.1568    0.0098    2    2
279    1607338867.6    1607338867.6    0.0    4    0.0059    0.0236    0.0059    2    2
280    1607338867.71    1607338867.71    0.0    16    0.0098    0.1568    0.0098    2    2
281    1607338867.81    1607338867.81    0.000999927520752    256    0.4221    108.0576    0.423099927521    3    6
282    1607338867.88    1607338867.88    0.000999927520752    4    0.0059    0.0236    0.00689992752075    2    2
283    1607338868.73    1607338868.73    0.0    16    0.0098    0.1568    0.0098    2    2
284    1607338868.77    1607338868.77    0.0    16    0.0297    0.4752    0.0297    2    2
285    1607338868.78    1607338868.78    0.0    64    0.9446    60.4544    0.9446    2    6
286    1607338869.2    1607338869.2    0.000999927520752    64    0.0055    0.352    0.00649992752075    2    6
287    1607338869.35    1607338869.35    0.00100016593933    256    0.7528    192.7168    0.753800165939    3    6
288    1607338869.44    1607338869.44    0.000999927520752    64    0.4167    26.6688    0.417699927521    2    5
289    1607338869.5    1607338869.5    0.0    4    0.5984    2.3936    0.5984    2    2
290    1607338869.53    1607338869.54    0.00100016593933    16    0.4243    6.7888    0.425300165939    2    2
291    1607338869.55    1607338869.55    0.0    4    0.5984    2.3936    0.5984    2    2
292    1607338869.67    1607338869.67    0.00100016593933    64    0.9446    60.4544    0.945600165939    2    6
293    1607338869.71    1607338869.72    0.00400018692017    256    0.7528    192.7168    0.75680018692    3    6
294    1607338869.75    1607338869.76    0.00200009346008    256    0.7528    192.7168    0.75480009346    3    6
295    1607338870.05    1607338870.05    0.0    4    0.0284    0.1136    0.0284    2    2
296    1607338870.13    1607338870.13    0.000999927520752    64    0.6779    43.3856    0.678899927521    2    6
297    1607338870.18    1607338870.18    0.000999927520752    256    0.0057    1.4592    0.00669992752075    3    6
298    1607338870.23    1607338870.23    0.000999927520752    64    0.0055    0.352    0.00649992752075    2    5
299    1607338870.6    1607338870.6    0.00100016593933    256    0.0057    1.4592    0.00670016593933    3    6
300    1607338870.69    1607338870.69    0.0    4    0.0284    0.1136    0.0284    2    2
301    1607338870.92    1607338870.92    0.00100016593933    16    0.0297    0.4752    0.0307001659393    2    2
302    1607338870.98    1607338870.98    0.000999927520752    64    0.0234    1.4976    0.0243999275208    2    5
303    1607338871.0    1607338871.0    0.000999927520752    256    0.7528    192.7168    0.753799927521    3    6
304    1607338871.09    1607338871.09    0.0    4    0.0059    0.0236    0.0059    2    2
305    1607338871.33    1607338871.33    0.0    16    0.4243    6.7888    0.4243    2    2
306    1607338871.4    1607338871.4    0.000999927520752    256    0.0177    4.5312    0.0186999275208    3    6
307    1607338871.6    1607338871.6    0.000999927520752    64    0.0055    0.352    0.00649992752075    2    6
308    1607338871.74    1607338871.74    0.00100016593933    256    0.0177    4.5312    0.0187001659393    3    6
309    1607338871.74    1607338871.74    0.00399994850159    4    0.0059    0.0236    0.00989994850159    2    2
310    1607338872.01    1607338872.01    0.0    16    0.7616    12.1856    0.7616    2    2
311    1607338872.02    1607338872.02    0.0    16    0.0098    0.1568    0.0098    2    2
312    1607338872.15    1607338872.15    0.0    16    0.0098    0.1568    0.0098    2    2
313    1607338872.37    1607338872.37    0.0    256    0.6189    158.4384    0.6189    3    6
314    1607338872.41    1607338872.41    0.0    64    0.0125    0.8    0.0125    2    6
315    1607338872.79    1607338872.79    0.0    64    0.0125    0.8    0.0125    2    6
316    1607338872.88    1607338872.88    0.00300002098083    256    0.0177    4.5312    0.0207000209808    3    6
317    1607338873.2    1607338873.2    0.0    16    0.0285    0.456    0.0285    2    2
318    1607338873.2    1607338873.2    0.0    16    0.0098    0.1568    0.0098    2    2
319    1607338873.21    1607338873.21    0.0    4    0.6477    2.5908    0.6477    2    2
320    1607338873.28    1607338873.28    0.0    4    1.1322    4.5288    1.1322    2    2
321    1607338873.94    1607338873.94    0.0    4    0.0284    0.1136    0.0284    2    2
322    1607338874.05    1607338874.05    0.0    16    0.0429    0.6864    0.0429    2    2
323    1607338874.05    1607338874.05    0.0    4    0.0059    0.0236    0.0059    2    2
324    1607338874.42    1607338874.42    0.0    64    0.9446    60.4544    0.9446    2    5
325    1607338874.49    1607338874.49    0.0    16    0.0098    0.1568    0.0098    2    2
326    1607338874.53    1607338874.53    0.000999927520752    16    0.0429    0.6864    0.0438999275208    2    2
327    1607338874.79    1607338874.79    0.0    64    0.0125    0.8    0.0125    2    5
328    1607338874.97    1607338874.97    0.000999927520752    64    0.0125    0.8    0.0134999275208    2    5
329    1607338875.12    1607338875.12    0.0    4    0.0284    0.1136    0.0284    2    2
330    1607338875.13    1607338875.13    0.0    4    0.6477    2.5908    0.6477    2    2
331    1607338875.18    1607338875.18    0.0    16    0.0429    0.6864    0.0429    2    2
332    1607338875.22    1607338875.22    0.000999927520752    256    0.6189    158.4384    0.619899927521    3    6
333    1607338875.29    1607338875.29    0.0    4    0.0059    0.0236    0.0059    2    2
334    1607338875.36    1607338875.36    0.00100016593933    256    0.0057    1.4592    0.00670016593933    3    6
335    1607338875.38    1607338875.38    0.0    16    0.0098    0.1568    0.0098    2    2
336    1607338875.41    1607338875.41    -0.000999927520752    16    0.0297    0.4752    0.0287000724792    2    2
337    1607338875.46    1607338875.46    0.0    4    0.0284    0.1136    0.0284    2    2
338    1607338875.51    1607338875.51    0.0    256    0.4221    108.0576    0.4221    3    6
339    1607338875.76    1607338875.76    0.000999927520752    256    0.7528    192.7168    0.753799927521    3    6
340    1607338875.78    1607338875.78    0.00200009346008    4    0.0834    0.3336    0.0854000934601    2    2
341    1607338875.98    1607338875.98    0.0    16    0.0098    0.1568    0.0098    2    2
342    1607338876.02    1607338876.02    0.0    4    0.0284    0.1136    0.0284    2    2
343    1607338876.14    1607338876.14    0.0    64    0.0055    0.352    0.0055    2    5
344    1607338876.17    1607338876.17    0.0    4    1.1322    4.5288    1.1322    2    2
345    1607338876.4    1607338876.4    0.00100016593933    256    0.7528    192.7168    0.753800165939    3    6
346    1607338876.47    1607338876.47    0.00100016593933    64    0.0234    1.4976    0.0244001659393    2    6
347    1607338876.64    1607338876.65    0.000999927520752    16    0.0297    0.4752    0.0306999275208    2    2
348    1607338876.75    1607338876.75    0.000999927520752    4    0.6477    2.5908    0.648699927521    2    2
349    1607338876.88    1607338876.88    0.0    16    0.0285    0.456    0.0285    2    2
350    1607338876.92    1607338876.92    0.0    64    0.4167    26.6688    0.4167    2    6
351    1607338877.0    1607338877.0    0.0    4    0.6477    2.5908    0.6477    2    2
352    1607338877.17    1607338877.17    0.0    4    0.0059    0.0236    0.0059    2    2
353    1607338877.17    1607338877.17    0.0    4    0.0834    0.3336    0.0834    2    2
354    1607338877.5    1607338877.5    0.0    16    0.4243    6.7888    0.4243    2    2
355    1607338877.56    1607338877.56    0.0    4    0.0059    0.0236    0.0059    2    2
356    1607338877.67    1607338877.67    0.0    16    0.0285    0.456    0.0285    2    2
357    1607338877.9    1607338877.9    0.0    256    0.0057    1.4592    0.0057    3    6
358    1607338878.29    1607338878.29    0.000999927520752    64    0.1855    11.872    0.186499927521    2    5
359    1607338878.33    1607338878.33    0.0    64    0.9446    60.4544    0.9446    2    5
360    1607338878.46    1607338878.47    0.00100016593933    64    0.4167    26.6688    0.417700165939    2    5
361    1607338878.48    1607338878.48    0.00300002098083    64    0.0234    1.4976    0.0264000209808    2    5
362    1607338878.54    1607338878.54    0.0    4    0.5984    2.3936    0.5984    2    2
363    1607338878.78    1607338878.78    0.0    256    0.0057    1.4592    0.0057    3    6
364    1607338878.8    1607338878.8    0.0    64    0.6779    43.3856    0.6779    2    6
365    1607338879.04    1607338879.04    0.0    64    0.6779    43.3856    0.6779    2    5
366    1607338879.09    1607338879.09    0.0    4    0.6477    2.5908    0.6477    2    2
367    1607338879.37    1607338879.37    0.0    64    0.9446    60.4544    0.9446    2    6
368    1607338879.37    1607338879.37    0.0    16    0.4243    6.7888    0.4243    3    6
369    1607338879.49    1607338879.49    0.0    64    0.1855    11.872    0.1855    2    6
370    1607338879.51    1607338879.51    0.0    64    0.6779    43.3856    0.6779    2    6
371    1607338879.53    1607338879.53    0.00100016593933    64    0.0234    1.4976    0.0244001659393    2    6
372    1607338879.73    1607338879.73    0.0    256    0.4221    108.0576    0.4221    3    6
373    1607338879.86    1607338879.86    0.00100016593933    256    0.7528    192.7168    0.753800165939    3    6
374    1607338879.92    1607338879.92    0.00100016593933    16    0.0429    0.6864    0.0439001659393    2    2
375    1607338879.94    1607338879.94    0.000999927520752    4    0.0834    0.3336    0.0843999275208    2    2
376    1607338879.99    1607338879.99    0.000999927520752    4    0.0284    0.1136    0.0293999275208    2    2
377    1607338880.45    1607338880.45    0.0    4    1.1322    4.5288    1.1322    2    2
378    1607338880.48    1607338880.48    0.0    4    0.0526    0.2104    0.0526    2    2
379    1607338880.61    1607338880.61    0.00100016593933    64    0.0234    1.4976    0.0244001659393    2    6
380    1607338880.78    1607338880.78    0.0    4    0.6477    2.5908    0.6477    2    2
381    1607338880.81    1607338880.81    0.0    4    0.0526    0.2104    0.0526    2    2
382    1607338880.9    1607338880.9    0.000999927520752    64    0.4167    26.6688    0.417699927521    2    6
383    1607338880.98    1607338880.98    0.00100016593933    256    0.8    204.8    0.801000165939    3    6
384    1607338881.08    1607338881.08    0.000999927520752    256    0.6189    158.4384    0.619899927521    3    6
385    1607338881.09    1607338881.09    0.000999927520752    16    0.0285    0.456    0.0294999275208    2    2
386    1607338881.09    1607338881.1    0.000999927520752    16    0.0297    0.4752    0.0306999275208    2    5
387    1607338881.45    1607338881.45    0.000999927520752    256    0.7528    192.7168    0.753799927521    3    6
388    1607338881.71    1607338881.71    0.0    64    0.0125    0.8    0.0125    2    6
389    1607338881.95    1607338881.95    0.0    256    0.0057    1.4592    0.0057    3    6
390    1607338881.96    1607338881.96    0.0    256    0.0177    4.5312    0.0177    3    6
391    1607338882.05    1607338882.05    0.0    16    0.0098    0.1568    0.0098    2    3
392    1607338882.15    1607338882.15    0.0    4    0.0526    0.2104    0.0526    2    2
393    1607338882.23    1607338882.23    0.0    64    0.0055    0.352    0.0055    2    5
394    1607338882.35    1607338882.35    0.0    16    0.0098    0.1568    0.0098    2    2
395    1607338882.42    1607338882.42    0.0    16    0.0098    0.1568    0.0098    2    2
396    1607338882.42    1607338882.43    0.00100016593933    256    0.7528    192.7168    0.753800165939    3    6
397    1607338882.61    1607338882.61    0.00200009346008    256    0.6189    158.4384    0.62090009346    3    6
398    1607338882.69    1607338882.69    0.00100016593933    16    0.0098    0.1568    0.0108001659393    2    2
399    1607338882.69    1607338882.69    0.000999927520752    16    0.8805    14.088    0.881499927521    2    2
400    1607338882.83    1607338882.83    0.00100016593933    256    0.7528    192.7168    0.753800165939    3    6
401    1607338882.92    1607338882.92    0.00100016593933    256    0.0057    1.4592    0.00670016593933    3    6
402    1607338882.92    1607338882.93    0.00999999046326    256    0.6189    158.4384    0.628899990463    3    6
403    1607338882.99    1607338882.99    0.000999927520752    4    0.5984    2.3936    0.599399927521    2    2
404    1607338883.29    1607338883.29    0.0    4    0.0834    0.3336    0.0834    2    2
405    1607338883.54    1607338883.54    0.0    4    0.0059    0.0236    0.0059    2    2
406    1607338883.56    1607338883.56    0.0    256    0.8    204.8    0.8    3    6
407    1607338883.68    1607338883.68    0.0    4    1.1322    4.5288    1.1322    2    2
408    1607338883.81    1607338883.81    0.0    256    0.0057    1.4592    0.0057    3    6
409    1607338883.81    1607338883.82    0.00200009346008    4    0.6477    2.5908    0.64970009346    2    2
410    1607338883.85    1607338883.85    0.000999927520752    64    0.0055    0.352    0.00649992752075    2    6
411    1607338883.94    1607338883.94    0.00100016593933    16    0.0285    0.456    0.0295001659393    2    2
412    1607338884.06    1607338884.06    0.0    16    0.0098    0.1568    0.0098    2    2
413    1607338884.09    1607338884.09    0.0    16    0.0098    0.1568    0.0098    2    2
414    1607338884.27    1607338884.27    0.0    16    0.0285    0.456    0.0285    2    2
415    1607338884.62    1607338884.62    0.0    64    0.1855    11.872    0.1855    2    5
416    1607338884.77    1607338884.77    0.0    256    0.0057    1.4592    0.0057    3    6
417    1607338884.79    1607338884.79    0.0    16    0.8805    14.088    0.8805    2    2
418    1607338884.82    1607338884.82    0.0    4    0.5984    2.3936    0.5984    2    2
419    1607338884.91    1607338884.91    0.000999927520752    256    0.6189    158.4384    0.619899927521    3    6
420    1607338884.94    1607338884.94    0.0    4    0.5984    2.3936    0.5984    2    2
421    1607338885.33    1607338885.33    0.0    4    0.0284    0.1136    0.0284    2    2
422    1607338885.43    1607338885.43    0.000999927520752    256    0.0177    4.5312    0.0186999275208    3    6
423    1607338885.49    1607338885.49    0.0    256    0.0177    4.5312    0.0177    3    6
424    1607338885.53    1607338885.53    0.000999927520752    64    0.4167    26.6688    0.417699927521    2    6
425    1607338885.61    1607338885.61    0.000999927520752    64    0.4167    26.6688    0.417699927521    2    6
426    1607338885.64    1607338885.64    0.0    4    0.0059    0.0236    0.0059    2    2
427    1607338885.69    1607338885.69    0.0    4    0.0834    0.3336    0.0834    2    2
428    1607338885.71    1607338885.71    0.000999927520752    64    0.0234    1.4976    0.0243999275208    2    6
429    1607338885.81    1607338885.81    0.0    4    0.0284    0.1136    0.0284    2    2
430    1607338886.14    1607338886.14    0.000999927520752    256    0.6189    158.4384    0.619899927521    3    6
431    1607338886.27    1607338886.27    0.0    64    0.1855    11.872    0.1855    2    5
432    1607338886.29    1607338886.29    0.000999927520752    256    0.8    204.8    0.800999927521    3    6
433    1607338886.44    1607338886.44    0.000999927520752    4    0.6477    2.5908    0.648699927521    2    2
434    1607338886.74    1607338886.74    0.0    4    0.6477    2.5908    0.6477    2    2
435    1607338886.92    1607338886.92    0.0    4    1.1322    4.5288    1.1322    2    2
436    1607338887.03    1607338887.03    0.0    4    0.0059    0.0236    0.0059    2    2
437    1607338887.04    1607338887.04    0.0    16    0.8805    14.088    0.8805    2    2
438    1607338887.1    1607338887.1    0.000999927520752    64    0.0125    0.8    0.0134999275208    2    6
439    1607338887.18    1607338887.18    0.0    16    0.4243    6.7888    0.4243    2    5
440    1607338887.19    1607338887.19    0.0    256    0.4221    108.0576    0.4221    3    6
441    1607338887.2    1607338887.2    0.0    16    0.7616    12.1856    0.7616    2    2
442    1607338887.2    1607338887.2    0.0    64    0.4167    26.6688    0.4167    2    6
443    1607338887.25    1607338887.25    0.000999927520752    64    0.9446    60.4544    0.945599927521    2    6
444    1607338887.29    1607338887.29    0.0    256    0.6189    158.4384    0.6189    3    6
445    1607338887.37    1607338887.37    0.000999927520752    16    0.0285    0.456    0.0294999275208    3    6
446    1607338887.42    1607338887.42    0.00200009346008    256    0.8    204.8    0.80200009346    3    6
447    1607338887.42    1607338887.42    0.00499987602234    16    0.8805    14.088    0.885499876022    3    6
448    1607338887.46    1607338887.46    0.000999927520752    64    0.1855    11.872    0.186499927521    2    6
449    1607338887.69    1607338887.69    0.0    64    0.0234    1.4976    0.0234    2    6
450    1607338887.8    1607338887.8    0.0    16    0.0285    0.456    0.0285    2    5
451    1607338887.98    1607338887.98    0.0    4    0.0526    0.2104    0.0526    2    2
452    1607338888.03    1607338888.03    0.0    16    0.8805    14.088    0.8805    2    2
453    1607338888.12    1607338888.12    0.0    256    0.4221    108.0576    0.4221    3    6
454    1607338888.21    1607338888.21    0.0    4    0.0834    0.3336    0.0834    2    2
455    1607338888.32    1607338888.32    0.0    64    0.0234    1.4976    0.0234    2    6
456    1607338888.4    1607338888.4    0.0    16    0.0285    0.456    0.0285    2    2
457    1607338888.44    1607338888.44    0.000999927520752    4    0.0526    0.2104    0.0535999275208    2    2
458    1607338888.6    1607338888.6    0.000999927520752    64    0.0125    0.8    0.0134999275208    2    6
459    1607338888.65    1607338888.66    0.000999927520752    16    0.0429    0.6864    0.0438999275208    2    2
460    1607338888.78    1607338888.78    0.0    256    0.0177    4.5312    0.0177    3    6
461    1607338888.83    1607338888.83    0.000999927520752    64    0.9446    60.4544    0.945599927521    2    6
462    1607338888.84    1607338888.84    0.00200009346008    256    0.0177    4.5312    0.0197000934601    3    6
463    1607338888.86    1607338888.86    0.00299978256226    4    0.5984    2.3936    0.601399782562    2    2
464    1607338888.94    1607338888.94    0.0    4    0.5984    2.3936    0.5984    2    2
465    1607338889.04    1607338889.04    0.000999927520752    16    0.0285    0.456    0.0294999275208    2    3
466    1607338889.1    1607338889.1    0.0    64    0.6779    43.3856    0.6779    2    6
467    1607338889.34    1607338889.34    0.00100016593933    256    0.0057    1.4592    0.00670016593933    3    6
468    1607338889.34    1607338889.34    0.00200009346008    4    0.0834    0.3336    0.0854000934601    2    2
469    1607338889.38    1607338889.38    0.000999927520752    16    0.4243    6.7888    0.425299927521    2    2
470    1607338889.57    1607338889.57    0.000999927520752    16    0.0285    0.456    0.0294999275208    2    3
471    1607338889.63    1607338889.63    0.0    64    0.9446    60.4544    0.9446    2    6
472    1607338889.81    1607338889.81    0.0    4    0.0834    0.3336    0.0834    2    2
473    1607338889.96    1607338889.96    0.0    4    0.5984    2.3936    0.5984    2    2
474    1607338890.34    1607338890.34    0.0    4    0.0059    0.0236    0.0059    2    2
475    1607338890.36    1607338890.36    0.000999927520752    256    0.0177    4.5312    0.0186999275208    3    6
476    1607338890.4    1607338890.4    0.0    4    1.1322    4.5288    1.1322    2    2
477    1607338890.42    1607338890.43    0.00100016593933    16    0.0285    0.456    0.0295001659393    2    2
478    1607338890.48    1607338890.48    0.000999927520752    256    0.7528    192.7168    0.753799927521    3    6
479    1607338890.49    1607338890.49    0.000999927520752    4    0.5984    2.3936    0.599399927521    2    2
480    1607338890.52    1607338890.52    0.0    16    0.7616    12.1856    0.7616    2    2
481    1607338890.53    1607338890.53    0.000999927520752    64    0.1855    11.872    0.186499927521    2    6
482    1607338890.64    1607338890.64    0.0    16    0.0297    0.4752    0.0297    2    3
483    1607338891.02    1607338891.02    0.0    16    0.7616    12.1856    0.7616    2    3
484    1607338891.1    1607338891.1    0.0    16    0.0285    0.456    0.0285    2    5
485    1607338891.17    1607338891.17    0.000999927520752    256    0.8    204.8    0.800999927521    3    6
486    1607338891.29    1607338891.29    0.0    4    1.1322    4.5288    1.1322    2    2
487    1607338891.32    1607338891.32    0.000999927520752    64    0.0055    0.352    0.00649992752075    2    6
488    1607338891.32    1607338891.32    0.0    4    0.0834    0.3336    0.0834    2    2
489    1607338891.36    1607338891.36    0.0    4    0.0059    0.0236    0.0059    2    2
490    1607338891.37    1607338891.37    0.0    4    0.0284    0.1136    0.0284    2    2
491    1607338891.45    1607338891.45    0.0    64    0.9446    60.4544    0.9446    2    6
492    1607338891.49    1607338891.49    0.0    64    0.6779    43.3856    0.6779    2    6
493    1607338891.51    1607338891.51    0.0    4    1.1322    4.5288    1.1322    2    2
494    1607338891.54    1607338891.54    0.000999927520752    256    0.8    204.8    0.800999927521    3    6
495    1607338891.6    1607338891.6    0.000999927520752    16    0.0285    0.456    0.0294999275208    2    5
496    1607338891.69    1607338891.69    0.000999927520752    64    0.0125    0.8    0.0134999275208    2    6
497    1607338891.79    1607338891.79    0.000999927520752    256    0.7528    192.7168    0.753799927521    3    6
498    1607338891.92    1607338891.92    0.000999927520752    4    0.0834    0.3336    0.0843999275208    2    2
499    1607338892.2    1607338892.2    0.0    4    0.0284    0.1136    0.0284    2    2
500    1607338892.63    1607338892.63    0.0    4    0.0284    0.1136    0.0284    2    2
501    1607338892.67    1607338892.67    0.00100016593933    256    0.0057    1.4592    0.00670016593933    3    6
502    1607338892.76    1607338892.76    0.00100016593933    16    0.8805    14.088    0.881500165939    2    2
503    1607338892.93    1607338892.93    0.000999927520752    256    0.6189    158.4384    0.619899927521    3    6
504    1607338893.05    1607338893.05    0.00300002098083    256    0.0177    4.5312    0.0207000209808    3    6
505    1607338893.1    1607338893.1    0.0019998550415    4    0.6477    2.5908    0.649699855042    2    2
506    1607338893.24    1607338893.24    0.00100016593933    64    0.0234    1.4976    0.0244001659393    2    6
507    1607338893.25    1607338893.25    0.000999927520752    64    0.4167    26.6688    0.417699927521    2    6
508    1607338893.29    1607338893.29    0.0    64    0.4167    26.6688    0.4167    2    6
509    1607338893.43    1607338893.43    0.0    4    0.0834    0.3336    0.0834    2    2
510    1607338893.49    1607338893.49    0.0    4    0.5984    2.3936    0.5984    2    2
511    1607338893.7    1607338893.7    0.0    16    0.0429    0.6864    0.0429    2    2
512    1607338893.81    1607338893.81    0.00100016593933    64    0.9446    60.4544    0.945600165939    2    5
513    1607338893.93    1607338893.93    0.0    4    0.0526    0.2104    0.0526    2    2
514    1607338893.96    1607338893.96    0.0    4    0.5984    2.3936    0.5984    2    2
515    1607338894.08    1607338894.08    0.0    256    0.8    204.8    0.8    3    6
516    1607338894.13    1607338894.13    0.00200009346008    4    0.0284    0.1136    0.0304000934601    2    2
517    1607338894.14    1607338894.14    0.00300002098083    256    0.8    204.8    0.803000020981    3    6
518    1607338894.18    1607338894.18    0.00299978256226    64    0.0125    0.8    0.0154997825623    2    6
519    1607338894.31    1607338894.32    0.00100016593933    256    0.8    204.8    0.801000165939    3    6
520    1607338894.43    1607338894.43    0.0    4    0.0526    0.2104    0.0526    2    2
521    1607338894.46    1607338894.46    0.000999927520752    4    0.6477    2.5908    0.648699927521    2    2
522    1607338894.58    1607338894.58    0.000999927520752    16    0.0429    0.6864    0.0438999275208    2    3
523    1607338894.66    1607338894.66    0.000999927520752    256    0.4221    108.0576    0.423099927521    3    6
524    1607338894.81    1607338894.81    0.0    4    0.0284    0.1136    0.0284    2    2
525    1607338894.84    1607338894.84    0.0    64    0.1855    11.872    0.1855    2    5
526    1607338894.86    1607338894.86    0.000999927520752    4    0.5984    2.3936    0.599399927521    2    2
527    1607338895.27    1607338895.27    0.0    4    0.0284    0.1136    0.0284    2    2
528    1607338895.39    1607338895.39    0.0    16    0.0285    0.456    0.0285    2    2
529    1607338895.88    1607338895.88    0.0    4    0.0284    0.1136    0.0284    2    2
530    1607338895.93    1607338895.93    0.0    64    0.4167    26.6688    0.4167    2    5
531    1607338896.05    1607338896.05    0.000999927520752    16    0.0098    0.1568    0.0107999275208    2    2
532    1607338896.16    1607338896.16    0.0    256    0.8    204.8    0.8    3    6
533    1607338896.22    1607338896.22    0.0    64    0.1855    11.872    0.1855    2    5
534    1607338896.29    1607338896.29    0.0019998550415    4    0.6477    2.5908    0.649699855042    2    2
535    1607338896.32    1607338896.32    0.000999927520752    64    0.4167    26.6688    0.417699927521    2    6
536    1607338896.38    1607338896.38    0.0    4    0.0284    0.1136    0.0284    2    2
537    1607338896.56    1607338896.56    0.00100016593933    256    0.0057    1.4592    0.00670016593933    3    6
538    1607338896.61    1607338896.61    0.0    16    0.0285    0.456    0.0285    2    2
539    1607338896.67    1607338896.67    0.000999927520752    64    0.0125    0.8    0.0134999275208    2    5
540    1607338896.82    1607338896.82    0.0    64    0.0055    0.352    0.0055    2    5
541    1607338896.84    1607338896.84    0.0    16    0.7616    12.1856    0.7616    2    2
542    1607338896.89    1607338896.89    0.000999927520752    16    0.0098    0.1568    0.0107999275208    2    2
543    1607338896.97    1607338896.97    0.0    4    0.0284    0.1136    0.0284    2    2
544    1607338897.2    1607338897.2    0.0    16    0.0098    0.1568    0.0098    2    2
545    1607338897.4    1607338897.4    0.0    4    0.0284    0.1136    0.0284    2    2
546    1607338897.5    1607338897.5    0.0    256    0.8    204.8    0.8    3    6
547    1607338897.53    1607338897.53    0.0    16    0.0429    0.6864    0.0429    2    2
548    1607338897.66    1607338897.66    0.0    16    0.0098    0.1568    0.0098    2    2
549    1607338897.67    1607338897.67    0.0    64    0.6779    43.3856    0.6779    2    6
550    1607338897.87    1607338897.87    0.000999927520752    256    0.6189    158.4384    0.619899927521    3    6
551    1607338897.94    1607338897.94    0.00100016593933    256    0.0177    4.5312    0.0187001659393    3    6
552    1607338898.24    1607338898.24    0.0    4    1.1322    4.5288    1.1322    2    2
553    1607338898.26    1607338898.26    0.000999927520752    4    0.0284    0.1136    0.0293999275208    2    2
554    1607338898.31    1607338898.31    0.00200009346008    64    0.0055    0.352    0.00750009346008    2    6
555    1607338898.31    1607338898.31    0.00100016593933    4    0.0284    0.1136    0.0294001659393    2    2
556    1607338898.54    1607338898.54    0.0    16    0.4243    6.7888    0.4243    2    2
557    1607338898.66    1607338898.66    0.0    16    0.0285    0.456    0.0285    2    2
558    1607338898.73    1607338898.73    0.00100016593933    256    0.7528    192.7168    0.753800165939    3    6
559    1607338898.8    1607338898.8    0.0    16    0.8805    14.088    0.8805    2    2
560    1607338898.93    1607338898.93    0.0    64    0.4167    26.6688    0.4167    3    6
561    1607338899.11    1607338899.11    0.0    16    0.8805    14.088    0.8805    2    2
562    1607338899.19    1607338899.19    0.0    16    0.0285    0.456    0.0285    2    2
563    1607338899.2    1607338899.2    0.000999927520752    16    0.4243    6.7888    0.425299927521    2    2
564    1607338899.36    1607338899.36    0.0    64    0.4167    26.6688    0.4167    3    6
565    1607338899.41    1607338899.41    0.0    16    0.0098    0.1568    0.0098    2    2
566    1607338899.45    1607338899.45    0.00300002098083    256    0.8    204.8    0.803000020981    3    6
567    1607338899.53    1607338899.53    0.0    16    0.4243    6.7888    0.4243    2    2
568    1607338899.59    1607338899.59    0.000999927520752    256    0.6189    158.4384    0.619899927521    3    6
569    1607338899.82    1607338899.82    0.0    4    1.1322    4.5288    1.1322    2    2
570    1607338900.05    1607338900.05    0.0    64    0.0234    1.4976    0.0234    2    6
571    1607338900.2    1607338900.2    0.000999927520752    256    0.8    204.8    0.800999927521    3    6
572    1607338900.68    1607338900.68    0.000999927520752    256    0.0057    1.4592    0.00669992752075    3    6
573    1607338900.71    1607338900.71    0.000999927520752    64    0.0055    0.352    0.00649992752075    3    6
574    1607338900.9    1607338900.9    0.0    64    0.0234    1.4976    0.0234    3    6
575    1607338900.97    1607338900.97    0.0    64    0.1855    11.872    0.1855    3    6
576    1607338901.24    1607338901.24    0.0    4    0.0526    0.2104    0.0526    2    2
577    1607338901.27    1607338901.27    0.0    64    0.0125    0.8    0.0125    2    6
578    1607338901.51    1607338901.51    0.0    4    0.0284    0.1136    0.0284    2    2
579    1607338901.56    1607338901.56    0.0    4    0.0834    0.3336    0.0834    2    2
580    1607338901.8    1607338901.8    0.0    16    0.0285    0.456    0.0285    2    2
581    1607338902.12    1607338902.12    0.0    64    0.0055    0.352    0.0055    2    5
582    1607338902.14    1607338902.14    0.0    4    0.5984    2.3936    0.5984    2    2
583    1607338902.15    1607338902.15    0.0    4    1.1322    4.5288    1.1322    2    2
584    1607338902.33    1607338902.33    0.0    16    0.0098    0.1568    0.0098    2    2
585    1607338902.6    1607338902.6    0.0    256    0.4221    108.0576    0.4221    3    6
586    1607338902.68    1607338902.69    0.00300002098083    256    0.0177    4.5312    0.0207000209808    3    6
587    1607338902.79    1607338902.79    0.0    4    0.0284    0.1136    0.0284    2    2
588    1607338902.79    1607338902.79    0.0    16    0.0098    0.1568    0.0098    2    2
589    1607338902.99    1607338902.99    0.000999927520752    256    0.7528    192.7168    0.753799927521    3    6
590    1607338903.34    1607338903.34    0.0    4    0.0284    0.1136    0.0284    2    2
591    1607338903.34    1607338903.34    0.0    4    0.6477    2.5908    0.6477    2    2
592    1607338903.54    1607338903.54    0.0    4    0.0834    0.3336    0.0834    2    2
593    1607338903.7    1607338903.7    0.0    4    0.0059    0.0236    0.0059    2    2
594    1607338903.84    1607338903.84    0.0    64    0.9446    60.4544    0.9446    2    6
595    1607338904.17    1607338904.17    0.0    4    1.1322    4.5288    1.1322    2    2
596    1607338904.18    1607338904.18    0.0    64    0.9446    60.4544    0.9446    2    6
597    1607338904.29    1607338904.29    0.000999927520752    256    0.8    204.8    0.800999927521    3    6
598    1607338904.37    1607338904.37    0.0    4    0.0834    0.3336    0.0834    2    2
599    1607338904.4    1607338904.4    0.000999927520752    4    1.1322    4.5288    1.13319992752    2    2
600    1607338904.5    1607338904.5    0.000999927520752    4    1.1322    4.5288    1.13319992752    2    2
601    1607338904.53    1607338904.53    0.000999927520752    256    0.6189    158.4384    0.619899927521    3    6
602    1607338904.55    1607338904.55    0.0    16    0.0098    0.1568    0.0098    2    2
603    1607338904.7    1607338904.7    0.000999927520752    16    0.7616    12.1856    0.762599927521    2    2
604    1607338904.74    1607338904.74    0.00100016593933    16    0.4243    6.7888    0.425300165939    2    5
605    1607338904.83    1607338904.83    0.0    64    0.4167    26.6688    0.4167    2    6
606    1607338904.85    1607338904.86    0.000999927520752    256    0.0177    4.5312    0.0186999275208    3    6
607    1607338904.95    1607338904.95    0.00100016593933    16    0.0297    0.4752    0.0307001659393    2    2
608    1607338904.97    1607338904.97    0.000999927520752    4    0.0834    0.3336    0.0843999275208    2    2
609    1607338905.07    1607338905.07    0.000999927520752    64    0.0055    0.352    0.00649992752075    2    6
610    1607338905.15    1607338905.15    0.000999927520752    4    1.1322    4.5288    1.13319992752    2    2
611    1607338905.25    1607338905.25    0.0    4    0.0526    0.2104    0.0526    2    2
612    1607338905.27    1607338905.27    0.0    16    0.0429    0.6864    0.0429    2    2
613    1607338905.29    1607338905.29    0.0    4    0.5984    2.3936    0.5984    2    2
614    1607338905.45    1607338905.45    0.0    16    0.7616    12.1856    0.7616    2    2
615    1607338905.47    1607338905.47    0.000999927520752    64    0.1855    11.872    0.186499927521    2    6
616    1607338905.5    1607338905.5    0.00100016593933    256    0.0177    4.5312    0.0187001659393    3    6
617    1607338905.61    1607338905.61    0.000999927520752    256    0.0177    4.5312    0.0186999275208    3    6
618    1607338905.61    1607338905.61    0.000999927520752    256    0.8    204.8    0.800999927521    3    6
619    1607338905.68    1607338905.68    0.0    4    0.0059    0.0236    0.0059    2    2
620    1607338905.77    1607338905.77    0.0    16    0.0098    0.1568    0.0098    2    5
621    1607338905.79    1607338905.79    0.000999927520752    256    0.4221    108.0576    0.423099927521    3    6
622    1607338905.86    1607338905.86    0.0019998550415    4    0.0059    0.0236    0.0078998550415    2    2
623    1607338905.87    1607338905.88    0.00399994850159    256    0.6189    158.4384    0.622899948502    3    6
624    1607338905.92    1607338905.92    0.0    4    0.6477    2.5908    0.6477    2    2
625    1607338905.95    1607338905.95    0.000999927520752    256    0.0177    4.5312    0.0186999275208    3    6
626    1607338906.05    1607338906.05    0.00200009346008    256    0.0177    4.5312    0.0197000934601    3    6
627    1607338906.08    1607338906.08    0.00699996948242    256    0.4221    108.0576    0.429099969482    3    6
628    1607338906.09    1607338906.09    0.000999927520752    64    0.0234    1.4976    0.0243999275208    2    6
629    1607338906.5    1607338906.5    0.000999927520752    64    0.6779    43.3856    0.678899927521    2    6
630    1607338906.69    1607338906.69    0.0    16    0.0098    0.1568    0.0098    2    3
631    1607338906.89    1607338906.89    0.00200009346008    256    0.0057    1.4592    0.00770009346008    3    6
632    1607338907.31    1607338907.31    0.0    64    0.0234    1.4976    0.0234    2    5
633    1607338907.54    1607338907.54    0.0    16    0.0297    0.4752    0.0297    2    2
634    1607338907.61    1607338907.61    0.0    64    0.0234    1.4976    0.0234    2    5
635    1607338907.63    1607338907.63    0.00299978256226    256    0.6189    158.4384    0.621899782562    3    6
636    1607338907.69    1607338907.69    0.0    4    0.0059    0.0236    0.0059    2    2
637    1607338907.79    1607338907.79    0.0    16    0.7616    12.1856    0.7616    2    2
638    1607338907.82    1607338907.82    0.0    16    0.0297    0.4752    0.0297    2    2
639    1607338908.03    1607338908.03    0.0    4    0.0284    0.1136    0.0284    2    2
640    1607338908.17    1607338908.17    0.000999927520752    256    0.0057    1.4592    0.00669992752075    3    6
641    1607338908.21    1607338908.21    0.000999927520752    64    0.0125    0.8    0.0134999275208    2    6
642    1607338908.24    1607338908.24    0.0    4    0.0059    0.0236    0.0059    2    2
643    1607338908.31    1607338908.31    0.0    256    0.4221    108.0576    0.4221    3    6
644    1607338908.88    1607338908.88    0.0    64    0.9446    60.4544    0.9446    2    5
645    1607338908.93    1607338908.93    0.000999927520752    256    0.8    204.8    0.800999927521    3    6
646    1607338908.98    1607338908.98    0.000999927520752    256    0.6189    158.4384    0.619899927521    3    6
647    1607338909.07    1607338909.08    0.00399994850159    256    0.8    204.8    0.803999948502    3    6
648    1607338909.11    1607338909.11    0.000999927520752    16    0.0297    0.4752    0.0306999275208    2    2
649    1607338909.39    1607338909.39    0.000999927520752    64    0.6779    43.3856    0.678899927521    2    5
650    1607338909.57    1607338909.57    0.000999927520752    4    0.0059    0.0236    0.00689992752075    2    2
651    1607338909.66    1607338909.66    0.0    64    0.6779    43.3856    0.6779    2    5
652    1607338909.67    1607338909.67    0.000999927520752    256    0.8    204.8    0.800999927521    3    6
653    1607338909.73    1607338909.73    0.000999927520752    4    1.1322    4.5288    1.13319992752    2    2
654    1607338909.77    1607338909.77    0.000999927520752    256    0.4221    108.0576    0.423099927521    3    6
655    1607338909.89    1607338909.89    0.000999927520752    256    0.4221    108.0576    0.423099927521    3    6
656    1607338909.91    1607338909.91    0.00100016593933    16    0.8805    14.088    0.881500165939    2    2
657    1607338910.12    1607338910.12    0.00400018692017    4    0.0526    0.2104    0.0566001869202    2    2
658    1607338910.16    1607338910.16    0.00100016593933    16    0.0098    0.1568    0.0108001659393    2    5
659    1607338910.2    1607338910.2    0.000999927520752    4    0.0284    0.1136    0.0293999275208    2    2
660    1607338910.23    1607338910.23    0.0    256    0.4221    108.0576    0.4221    3    6
661    1607338910.28    1607338910.28    0.00100016593933    256    0.0057    1.4592    0.00670016593933    3    6
662    1607338910.32    1607338910.32    0.000999927520752    16    0.8805    14.088    0.881499927521    2    2
663    1607338910.48    1607338910.48    0.0    4    1.1322    4.5288    1.1322    2    2
664    1607338910.5    1607338910.5    0.0    4    0.0059    0.0236    0.0059    2    2
665    1607338910.53    1607338910.53    0.0    16    0.0285    0.456    0.0285    2    2
666    1607338910.64    1607338910.64    0.000999927520752    256    0.0177    4.5312    0.0186999275208    3    6
667    1607338910.68    1607338910.68    0.0    256    0.0057    1.4592    0.0057    3    6
668    1607338911.04    1607338911.04    0.0    64    0.0234    1.4976    0.0234    2    6
669    1607338911.13    1607338911.13    0.0    4    0.0059    0.0236    0.0059    2    2
670    1607338911.25    1607338911.25    0.0    4    0.0284    0.1136    0.0284    2    2
671    1607338911.54    1607338911.54    0.0    4    0.0059    0.0236    0.0059    2    2
672    1607338911.62    1607338911.62    0.0    64    0.9446    60.4544    0.9446    2    6
673    1607338911.63    1607338911.63    0.0    4    0.0284    0.1136    0.0284    2    2
674    1607338911.64    1607338911.64    0.000999927520752    16    0.0429    0.6864    0.0438999275208    2    2
675    1607338911.71    1607338911.71    0.0    4    0.5984    2.3936    0.5984    2    2
676    1607338911.77    1607338911.77    0.00100016593933    256    0.7528    192.7168    0.753800165939    3    6
677    1607338911.85    1607338911.85    0.00100016593933    256    0.8    204.8    0.801000165939    3    6
678    1607338911.86    1607338911.86    0.00100016593933    16    0.0098    0.1568    0.0108001659393    2    2
679    1607338912.11    1607338912.11    0.000999927520752    16    0.0285    0.456    0.0294999275208    2    2
680    1607338912.15    1607338912.15    0.000999927520752    64    0.0234    1.4976    0.0243999275208    2    6
681    1607338912.16    1607338912.16    0.00100016593933    256    0.4221    108.0576    0.423100165939    3    6
682    1607338912.25    1607338912.25    0.00600004196167    256    0.6189    158.4384    0.624900041962    3    6
683    1607338912.6    1607338912.6    0.0    4    0.0526    0.2104    0.0526    2    2
684    1607338912.61    1607338912.61    0.0    64    0.4167    26.6688    0.4167    2    6
685    1607338912.9    1607338912.91    0.000999927520752    16    0.7616    12.1856    0.762599927521    2    3
686    1607338912.91    1607338912.91    0.000999927520752    256    0.7528    192.7168    0.753799927521    3    6
687    1607338913.01    1607338913.01    0.0    16    0.0429    0.6864    0.0429    2    2
688    1607338913.22    1607338913.22    0.000999927520752    256    0.0177    4.5312    0.0186999275208    3    6
689    1607338913.33    1607338913.33    0.0    4    0.6477    2.5908    0.6477    2    2
690    1607338913.49    1607338913.49    0.000999927520752    64    0.1855    11.872    0.186499927521    2    6
691    1607338913.62    1607338913.62    0.000999927520752    64    0.0234    1.4976    0.0243999275208    2    6
692    1607338913.81    1607338913.81    0.0    16    0.0297    0.4752    0.0297    2    2
693    1607338913.82    1607338913.82    0.0    16    0.8805    14.088    0.8805    2    5
694    1607338913.83    1607338913.83    0.000999927520752    16    0.7616    12.1856    0.762599927521    2    2
695    1607338913.84    1607338913.84    0.000999927520752    64    0.0234    1.4976    0.0243999275208    2    6
696    1607338913.93    1607338913.93    0.000999927520752    256    0.6189    158.4384    0.619899927521    3    6
697    1607338914.06    1607338914.06    0.0    64    0.0234    1.4976    0.0234    3    6
698    1607338914.1    1607338914.1    0.0    64    0.6779    43.3856    0.6779    3    6
699    1607338914.17    1607338914.17    0.0    4    0.0834    0.3336    0.0834    2    2
700    1607338914.21    1607338914.21    0.0    16    0.0429    0.6864    0.0429    2    2
701    1607338914.38    1607338914.38    0.000999927520752    16    0.7616    12.1856    0.762599927521    2    2
702    1607338914.42    1607338914.42    0.000999927520752    16    0.0285    0.456    0.0294999275208    2    2
703    1607338914.49    1607338914.49    0.0    16    0.4243    6.7888    0.4243    2    2
704    1607338914.54    1607338914.54    0.000999927520752    64    0.9446    60.4544    0.945599927521    2    5
705    1607338914.95    1607338914.95    0.0    4    1.1322    4.5288    1.1322    2    2
706    1607338915.04    1607338915.04    0.000999927520752    64    0.6779    43.3856    0.678899927521    2    6
707    1607338915.24    1607338915.24    0.0    256    0.8    204.8    0.8    3    6
708    1607338915.27    1607338915.27    0.0    16    0.4243    6.7888    0.4243    2    2
709    1607338915.43    1607338915.43    0.00300002098083    256    0.7528    192.7168    0.755800020981    3    6
710    1607338915.58    1607338915.58    0.0    4    0.0284    0.1136    0.0284    2    2
711    1607338915.9    1607338915.9    0.0    16    0.0429    0.6864    0.0429    2    2
712    1607338916.07    1607338916.07    0.0    64    0.9446    60.4544    0.9446    2    6
713    1607338916.37    1607338916.37    0.0    4    0.6477    2.5908    0.6477    2    2
714    1607338916.43    1607338916.43    0.0    4    1.1322    4.5288    1.1322    2    2
715    1607338916.46    1607338916.47    0.00100016593933    16    0.7616    12.1856    0.762600165939    2    2
716    1607338916.49    1607338916.49    0.000999927520752    16    0.0098    0.1568    0.0107999275208    2    5
717    1607338916.95    1607338916.95    0.0    64    0.0234    1.4976    0.0234    2    6
718    1607338917.14    1607338917.14    0.0    4    0.5984    2.3936    0.5984    2    2
719    1607338917.2    1607338917.2    0.000999927520752    64    0.6779    43.3856    0.678899927521    2    6
720    1607338917.3    1607338917.3    0.0    64    0.6779    43.3856    0.6779    2    6
721    1607338917.31    1607338917.31    0.0    4    1.1322    4.5288    1.1322    2    2
722    1607338917.41    1607338917.41    0.0    16    0.0297    0.4752    0.0297    2    2
723    1607338917.58    1607338917.58    0.0    4    0.0284    0.1136    0.0284    2    2
724    1607338917.62    1607338917.62    0.0    4    0.5984    2.3936    0.5984    2    2
725    1607338917.64    1607338917.64    0.000999927520752    256    0.7528    192.7168    0.753799927521    3    6
726    1607338917.66    1607338917.66    0.000999927520752    256    0.0057    1.4592    0.00669992752075    3    6
727    1607338917.8    1607338917.8    0.000999927520752    16    0.0285    0.456    0.0294999275208    2    3
728    1607338917.92    1607338917.92    0.0    64    0.6779    43.3856    0.6779    2    5
729    1607338917.98    1607338917.99    0.00200009346008    256    0.7528    192.7168    0.75480009346    3    6
730    1607338918.06    1607338918.06    0.000999927520752    16    0.0429    0.6864    0.0438999275208    2    2
731    1607338918.28    1607338918.28    0.000999927520752    256    0.7528    192.7168    0.753799927521    3    6
732    1607338918.44    1607338918.44    0.0    4    0.0834    0.3336    0.0834    2    2
733    1607338918.45    1607338918.45    0.000999927520752    16    0.0285    0.456    0.0294999275208    2    2
734    1607338918.46    1607338918.46    0.000999927520752    16    0.7616    12.1856    0.762599927521    2    5
735    1607338918.64    1607338918.64    0.0    256    0.6189    158.4384    0.6189    3    6
736    1607338918.77    1607338918.77    0.0    64    0.4167    26.6688    0.4167    2    6
737    1607338918.78    1607338918.78    0.0    16    0.7616    12.1856    0.7616    2    6
738    1607338918.83    1607338918.83    0.0    16    0.7616    12.1856    0.7616    2    2
739    1607338918.98    1607338918.98    0.000999927520752    64    0.4167    26.6688    0.417699927521    2    6
740    1607338919.14    1607338919.14    0.0    4    0.5984    2.3936    0.5984    2    2
741    1607338919.16    1607338919.16    0.0    64    0.4167    26.6688    0.4167    2    6
742    1607338919.2    1607338919.2    0.000999927520752    64    0.0055    0.352    0.00649992752075    2    6
743    1607338919.2    1607338919.21    0.00399994850159    16    0.0297    0.4752    0.0336999485016    3    6
744    1607338919.27    1607338919.27    0.00100016593933    4    0.0526    0.2104    0.0536001659393    2    2
745    1607338919.46    1607338919.46    0.0    16    0.0297    0.4752    0.0297    2    2
746    1607338919.5    1607338919.5    0.0    16    0.0098    0.1568    0.0098    2    2
747    1607338919.66    1607338919.66    0.0    64    0.1855    11.872    0.1855    2    5
748    1607338919.76    1607338919.76    0.000999927520752    256    0.0177    4.5312    0.0186999275208    3    6
749    1607338920.27    1607338920.27    0.0    16    0.7616    12.1856    0.7616    2    2
750    1607338920.3    1607338920.3    0.0    4    0.0059    0.0236    0.0059    2    2
751    1607338920.34    1607338920.34    0.0    256    0.0057    1.4592    0.0057    3    6
752    1607338920.4    1607338920.4    0.0    4    0.6477    2.5908    0.6477    2    2
753    1607338920.41    1607338920.41    0.000999927520752    64    0.0125    0.8    0.0134999275208    2    6
754    1607338920.58    1607338920.58    0.0    16    0.0429    0.6864    0.0429    2    5
755    1607338920.94    1607338920.94    0.0    256    0.7528    192.7168    0.7528    3    6
756    1607338920.98    1607338920.98    0.0    256    0.7528    192.7168    0.7528    3    6
757    1607338921.09    1607338921.09    0.0    4    0.5984    2.3936    0.5984    2    2
758    1607338921.14    1607338921.14    0.000999927520752    256    0.0177    4.5312    0.0186999275208    3    6
759    1607338921.3    1607338921.3    0.0    16    0.8805    14.088    0.8805    2    2
760    1607338921.37    1607338921.37    0.000999927520752    64    0.0234    1.4976    0.0243999275208    2    6
761    1607338921.39    1607338921.39    0.000999927520752    4    0.0284    0.1136    0.0293999275208    2    2
762    1607338921.4    1607338921.4    0.0    16    0.4243    6.7888    0.4243    2    5
763    1607338921.47    1607338921.47    0.000999927520752    64    0.0055    0.352    0.00649992752075    2    6
764    1607338921.49    1607338921.49    0.0    16    0.4243    6.7888    0.4243    2    2
765    1607338921.52    1607338921.52    0.000999927520752    64    0.0055    0.352    0.00649992752075    2    6
766    1607338921.67    1607338921.67    0.0    256    0.8    204.8    0.8    3    6
767    1607338921.75    1607338921.75    0.0    256    0.8    204.8    0.8    3    6
768    1607338922.12    1607338922.13    0.000999927520752    64    0.0125    0.8    0.0134999275208    2    6
769    1607338922.16    1607338922.16    0.0    4    0.6477    2.5908    0.6477    2    2
770    1607338922.2    1607338922.2    0.000999927520752    256    0.0177    4.5312    0.0186999275208    3    6
771    1607338922.21    1607338922.21    0.000999927520752    64    0.1855    11.872    0.186499927521    3    6
772    1607338922.51    1607338922.51    0.0    4    0.5984    2.3936    0.5984    2    2
773    1607338922.54    1607338922.54    0.0    64    0.1855    11.872    0.1855    2    6
774    1607338922.55    1607338922.56    0.00399994850159    16    0.7616    12.1856    0.765599948502    3    6
775    1607338922.61    1607338922.61    0.0    16    0.0098    0.1568    0.0098    2    5
776    1607338923.0    1607338923.0    0.0    256    0.0057    1.4592    0.0057    3    6
777    1607338923.06    1607338923.06    0.0    64    0.0234    1.4976    0.0234    2    6
778    1607338923.12    1607338923.12    0.0    64    0.9446    60.4544    0.9446    2    6
779    1607338923.12    1607338923.12    0.000999927520752    16    0.8805    14.088    0.881499927521    2    2
780    1607338923.2    1607338923.2    0.00100016593933    256    0.4221    108.0576    0.423100165939    3    6
781    1607338923.33    1607338923.33    0.000999927520752    16    0.0098    0.1568    0.0107999275208    3    6
782    1607338923.4    1607338923.4    0.000999927520752    256    0.4221    108.0576    0.423099927521    3    6
783    1607338923.4    1607338923.41    0.00300002098083    4    0.0284    0.1136    0.0314000209808    2    2
784    1607338923.43    1607338923.43    0.00100016593933    4    0.5984    2.3936    0.599400165939    2    2
785    1607338923.44    1607338923.44    0.000999927520752    64    0.1855    11.872    0.186499927521    2    6
786    1607338923.46    1607338923.46    0.000999927520752    64    0.0234    1.4976    0.0243999275208    2    6
787    1607338923.48    1607338923.48    0.00100016593933    64    0.6779    43.3856    0.678900165939    2    6
788    1607338923.53    1607338923.53    0.000999927520752    4    0.0526    0.2104    0.0535999275208    2    2
789    1607338923.55    1607338923.55    0.000999927520752    64    0.0055    0.352    0.00649992752075    2    6
790    1607338923.6    1607338923.6    0.000999927520752    16    0.0098    0.1568    0.0107999275208    2    5
791    1607338923.6    1607338923.6    0.0    64    0.0055    0.352    0.0055    3    6
792    1607338924.0    1607338924.0    0.0    64    0.0125    0.8    0.0125    2    6
793    1607338924.05    1607338924.05    0.0    16    0.8805    14.088    0.8805    2    3
794    1607338924.1    1607338924.1    0.0    16    0.8805    14.088    0.8805    2    2
795    1607338924.26    1607338924.26    0.0    4    0.5984    2.3936    0.5984    2    2
796    1607338924.43    1607338924.43    0.0    4    0.0526    0.2104    0.0526    2    2
797    1607338924.48    1607338924.48    0.0    4    0.0284    0.1136    0.0284    2    2
798    1607338924.6    1607338924.6    0.0    4    0.5984    2.3936    0.5984    2    2
799    1607338924.62    1607338924.62    0.000999927520752    16    0.4243    6.7888    0.425299927521    2    5
800    1607338924.74    1607338924.74    0.000999927520752    256    0.8    204.8    0.800999927521    3    6
801    1607338924.78    1607338924.78    0.000999927520752    64    0.0234    1.4976    0.0243999275208    2    6
802    1607338924.87    1607338924.87    0.0    256    0.4221    108.0576    0.4221    3    6
803    1607338924.88    1607338924.88    0.00100016593933    16    0.4243    6.7888    0.425300165939    3    6
804    1607338924.93    1607338924.93    0.000999927520752    256    0.0177    4.5312    0.0186999275208    3    6
805    1607338924.99    1607338925.0    0.00300002098083    64    0.6779    43.3856    0.680900020981    2    6
806    1607338925.11    1607338925.11    0.0    64    0.0055    0.352    0.0055    3    6
807    1607338925.11    1607338925.11    0.00200009346008    256    0.7528    192.7168    0.75480009346    3    6
808    1607338925.28    1607338925.28    0.0    4    0.6477    2.5908    0.6477    2    2
809    1607338925.34    1607338925.34    0.0    64    0.6779    43.3856    0.6779    2    6
810    1607338925.37    1607338925.38    0.000999927520752    16    0.0285    0.456    0.0294999275208    2    2
811    1607338925.47    1607338925.47    0.000999927520752    64    0.1855    11.872    0.186499927521    2    6
812    1607338925.68    1607338925.68    0.0    256    0.8    204.8    0.8    3    6
813    1607338925.84    1607338925.84    0.0    64    0.0234    1.4976    0.0234    2    6
814    1607338925.95    1607338925.95    0.0    16    0.0297    0.4752    0.0297    2    2
815    1607338926.14    1607338926.14    0.0    4    1.1322    4.5288    1.1322    2    2
816    1607338926.28    1607338926.28    0.0    4    0.0526    0.2104    0.0526    2    2
817    1607338926.29    1607338926.29    0.0    64    0.0234    1.4976    0.0234    3    6
818    1607338926.3    1607338926.3    0.000999927520752    256    0.4221    108.0576    0.423099927521    3    6
819    1607338926.33    1607338926.33    0.0    64    0.0055    0.352    0.0055    3    6
820    1607338926.44    1607338926.45    0.00100016593933    64    0.4167    26.6688    0.417700165939    3    6
821    1607338926.5    1607338926.5    0.0    4    0.0284    0.1136    0.0284    2    2
822    1607338926.63    1607338926.63    0.0    64    0.6779    43.3856    0.6779    2    6
823    1607338926.84    1607338926.84    0.000999927520752    256    0.0057    1.4592    0.00669992752075    3    6
824    1607338926.9    1607338926.9    0.0    256    0.4221    108.0576    0.4221    3    6
825    1607338927.0    1607338927.0    0.000999927520752    256    0.8    204.8    0.800999927521    3    6
826    1607338927.11    1607338927.11    0.00200009346008    4    1.1322    4.5288    1.13420009346    2    2
827    1607338927.19    1607338927.19    0.000999927520752    256    0.0057    1.4592    0.00669992752075    3    6
828    1607338927.24    1607338927.24    0.000999927520752    64    0.4167    26.6688    0.417699927521    2    6
829    1607338927.56    1607338927.56    0.0    256    0.8    204.8    0.8    3    6
830    1607338927.81    1607338927.82    0.00399994850159    16    0.8805    14.088    0.884499948502    2    2
831    1607338927.83    1607338927.83    0.000999927520752    16    0.0098    0.1568    0.0107999275208    2    2
832    1607338927.95    1607338927.95    0.000999927520752    16    0.4243    6.7888    0.425299927521    2    2
833    1607338928.03    1607338928.03    0.00100016593933    256    0.6189    158.4384    0.619900165939    3    6
834    1607338928.06    1607338928.06    0.000999927520752    4    0.0284    0.1136    0.0293999275208    2    2
835    1607338928.27    1607338928.27    0.000999927520752    256    0.4221    108.0576    0.423099927521    3    6
836    1607338928.48    1607338928.48    0.0    4    0.0284    0.1136    0.0284    2    2
837    1607338928.5    1607338928.5    0.0    16    0.0285    0.456    0.0285    2    2
838    1607338928.59    1607338928.59    0.00100016593933    64    0.0055    0.352    0.00650016593933    2    5
839    1607338928.79    1607338928.8    0.00100016593933    64    0.0234    1.4976    0.0244001659393    2    5
840    1607338929.05    1607338929.05    0.000999927520752    64    0.9446    60.4544    0.945599927521    2    5
841    1607338929.15    1607338929.15    0.00100016593933    64    0.0125    0.8    0.0135001659393    2    5
842    1607338929.18    1607338929.18    0.0    4    0.0059    0.0236    0.0059    2    2
843    1607338929.22    1607338929.22    0.0    16    0.8805    14.088    0.8805    2    2
844    1607338929.59    1607338929.59    0.0    16    0.0297    0.4752    0.0297    2    2
845    1607338929.69    1607338929.69    0.000999927520752    256    0.0057    1.4592    0.00669992752075    3    6
846    1607338929.69    1607338929.69    0.000999927520752    4    0.0834    0.3336    0.0843999275208    2    2
847    1607338929.78    1607338929.78    0.00100016593933    64    0.1855    11.872    0.186500165939    2    6
848    1607338929.84    1607338929.84    0.000999927520752    16    0.0429    0.6864    0.0438999275208    2    2
849    1607338929.86    1607338929.86    0.0    4    0.6477    2.5908    0.6477    2    2
850    1607338930.04    1607338930.04    0.0    16    0.0285    0.456    0.0285    2    2
851    1607338930.06    1607338930.06    0.0    256    0.0057    1.4592    0.0057    3    6
852    1607338930.15    1607338930.15    0.0    64    0.0125    0.8    0.0125    2    5
853    1607338930.17    1607338930.17    0.0    4    0.0284    0.1136    0.0284    2    2
854    1607338930.25    1607338930.25    0.0    16    0.4243    6.7888    0.4243    2    2
855    1607338930.27    1607338930.27    0.0    4    0.0834    0.3336    0.0834    2    2
856    1607338930.53    1607338930.53    0.0    256    0.4221    108.0576    0.4221    3    6
857    1607338930.67    1607338930.67    0.000999927520752    4    0.5984    2.3936    0.599399927521    2    2
858    1607338930.82    1607338930.82    0.0    16    0.0297    0.4752    0.0297    2    2
859    1607338930.96    1607338930.96    0.0    64    0.0234    1.4976    0.0234    2    6
860    1607338930.99    1607338930.99    0.0    4    0.0059    0.0236    0.0059    2    2
861    1607338931.07    1607338931.07    0.0    16    0.0098    0.1568    0.0098    2    2
862    1607338931.71    1607338931.71    0.0    4    0.5984    2.3936    0.5984    2    2
863    1607338931.81    1607338931.81    0.0    256    0.8    204.8    0.8    3    6
864    1607338931.85    1607338931.85    0.0    16    0.0429    0.6864    0.0429    2    2
865    1607338931.93    1607338931.93    0.0    4    0.5984    2.3936    0.5984    2    2
866    1607338932.0    1607338932.0    0.000999927520752    4    0.0284    0.1136    0.0293999275208    2    2
867    1607338932.03    1607338932.03    0.0    16    0.8805    14.088    0.8805    2    2
868    1607338932.26    1607338932.26    0.0    4    0.0284    0.1136    0.0284    2    2
869    1607338932.3    1607338932.3    0.00100016593933    256    0.4221    108.0576    0.423100165939    3    6
870    1607338932.88    1607338932.88    0.0    4    0.0526    0.2104    0.0526    2    2
871    1607338932.9    1607338932.9    0.0    16    0.0285    0.456    0.0285    2    2
872    1607338933.12    1607338933.12    0.0    64    0.0055    0.352    0.0055    2    5
873    1607338933.18    1607338933.18    0.000999927520752    16    0.0429    0.6864    0.0438999275208    2    2
874    1607338933.33    1607338933.33    0.0    16    0.0297    0.4752    0.0297    2    2
875    1607338933.69    1607338933.69    0.0    16    0.4243    6.7888    0.4243    2    2
876    1607338933.86    1607338933.86    0.0    4    0.5984    2.3936    0.5984    2    2
877    1607338934.02    1607338934.02    0.0    64    0.0125    0.8    0.0125    2    6
878    1607338934.02    1607338934.02    0.00100016593933    16    0.0429    0.6864    0.0439001659393    2    5
879    1607338934.08    1607338934.08    0.0    16    0.0429    0.6864    0.0429    2    5
880    1607338934.19    1607338934.19    0.0    16    0.0297    0.4752    0.0297    2    2
881    1607338934.37    1607338934.37    0.0    64    0.0125    0.8    0.0125    2    6
882    1607338934.54    1607338934.54    0.0    16    0.0098    0.1568    0.0098    2    2
883    1607338934.57    1607338934.57    0.000999927520752    64    0.9446    60.4544    0.945599927521    2    5
884    1607338934.87    1607338934.87    0.000999927520752    256    0.4221    108.0576    0.423099927521    3    6
885    1607338934.92    1607338934.92    0.00100016593933    256    0.8    204.8    0.801000165939    3    6
886    1607338935.09    1607338935.09    0.0    16    0.0429    0.6864    0.0429    2    2
887    1607338935.12    1607338935.12    0.00100016593933    16    0.0297    0.4752    0.0307001659393    2    2
888    1607338935.14    1607338935.14    0.000999927520752    16    0.0429    0.6864    0.0438999275208    2    2
889    1607338935.37    1607338935.37    0.0    16    0.8805    14.088    0.8805    2    2
890    1607338935.55    1607338935.55    0.0    64    0.9446    60.4544    0.9446    2    5
891    1607338935.64    1607338935.64    0.00100016593933    64    0.0234    1.4976    0.0244001659393    2    6
892    1607338935.71    1607338935.71    0.0    4    0.0834    0.3336    0.0834    2    2
893    1607338935.72    1607338935.72    0.000999927520752    256    0.6189    158.4384    0.619899927521    3    6
894    1607338935.77    1607338935.77    0.0    16    0.0297    0.4752    0.0297    2    2
895    1607338935.86    1607338935.86    0.000999927520752    64    0.9446    60.4544    0.945599927521    2    6
896    1607338935.94    1607338935.94    0.00100016593933    256    0.6189    158.4384    0.619900165939    3    6
897    1607338936.1    1607338936.1    0.00100016593933    256    0.6189    158.4384    0.619900165939    3    6
898    1607338936.28    1607338936.28    0.0    4    0.0834    0.3336    0.0834    2    2
899    1607338936.32    1607338936.32    0.000999927520752    64    0.9446    60.4544    0.945599927521    2    6

dispatched jobs are: 900 out of 900
average queue time is: 0.0764155522982
fso links are used for 0 times
overall utilization is 0.0639442662567
average response time is 0.409450330076
average weighted response time is 0.953194262378
average slowdown is 1.39801693295
cpu_request: 67704, cpu_run: 67704
ssd_request: 32460, ssd_run: 0
gpu_request: 33477, gpu_run: 0
cpu aspl: 2.23888888889
cpu diameter: 3.94
job x: 0.0
job y: 0.0
job z: 0.0
