#timestep  occupied-CPU  total-CPU  utilization  queuingjobs
1    64    4096    0.015625    0
2    0    4096    0.0    0
3    0    4096    0.0    0
4    324    4096    0.0791015625    0
5    0    4096    0.0    0
6    320    4096    0.078125    0
7    64    4096    0.015625    0
8    0    4096    0.0    0
9    260    4096    0.0634765625    0
10    256    4096    0.0625    0
11    64    4096    0.015625    0
12    0    4096    0.0    0
13    0    4096    0.0    0
14    16    4096    0.00390625    0
15    0    4096    0.0    0
16    0    4096    0.0    0
17    256    4096    0.0625    0
18    0    4096    0.0    0
19    0    4096    0.0    0
20    0    4096    0.0    0
21    16    4096    0.00390625    0
22    0    4096    0.0    0
23    272    4096    0.06640625    0
24    0    4096    0.0    0
25    16    4096    0.00390625    0
26    0    4096    0.0    0
27    0    4096    0.0    0
28    16    4096    0.00390625    0
29    4    4096    0.0009765625    0
30    0    4096    0.0    0
31    4    4096    0.0009765625    0
32    148    4096    0.0361328125    0
33    256    4096    0.0625    0
34    0    4096    0.0    0
35    0    4096    0.0    0
36    64    4096    0.015625    1
37    512    4096    0.125    0
38    4    4096    0.0009765625    0
39    0    4096    0.0    1
40    16    4096    0.00390625    0
41    256    4096    0.0625    0
42    128    4096    0.03125    0
43    256    4096    0.0625    0
44    16    4096    0.00390625    0
45    0    4096    0.0    0
46    68    4096    0.0166015625    0
47    16    4096    0.00390625    0
48    152    4096    0.037109375    0
49    0    4096    0.0    0
50    256    4096    0.0625    0
51    0    4096    0.0    0
52    0    4096    0.0    0
53    0    4096    0.0    0
54    80    4096    0.01953125    0
55    32    4096    0.0078125    0
56    0    4096    0.0    0
57    64    4096    0.015625    0
58    4    4096    0.0009765625    0
59    0    4096    0.0    0
60    0    4096    0.0    0
61    64    4096    0.015625    0
62    336    4096    0.08203125    0
63    512    4096    0.125    0
64    256    4096    0.0625    0
65    256    4096    0.0625    0
66    0    4096    0.0    0
67    64    4096    0.015625    0
68    20    4096    0.0048828125    0
69    0    4096    0.0    0
70    256    4096    0.0625    1
71    0    4096    0.0    1
72    320    4096    0.078125    0
73    0    4096    0.0    0
74    0    4096    0.0    0
75    0    4096    0.0    0
76    0    4096    0.0    0
77    0    4096    0.0    0
78    272    4096    0.06640625    0
79    324    4096    0.0791015625    0
80    0    4096    0.0    0
81    0    4096    0.0    0
82    0    4096    0.0    0
83    0    4096    0.0    0
84    64    4096    0.015625    0
85    4    4096    0.0009765625    0
86    260    4096    0.0634765625    0
87    64    4096    0.015625    0
88    0    4096    0.0    0
89    4    4096    0.0009765625    0
90    16    4096    0.00390625    0
91    320    4096    0.078125    0
92    4    4096    0.0009765625    0
93    0    4096    0.0    0
94    4    4096    0.0009765625    0
95    0    4096    0.0    0
96    0    4096    0.0    0
97    64    4096    0.015625    0
98    0    4096    0.0    0
99    532    4096    0.1298828125    0
100    64    4096    0.015625    0
101    0    4096    0.0    0

average cpu utilization is: 0.020208075495
average ssd utilization is: 1.0
average gpu utilization is: 1.0
average utilization is: 0.673402691832
average queuing jobs are: 0.039603960396
maximum queuing jobs are: 1


#job_number  submit  dispatch  queue  cpu#  runtime  weight  response(turnaround)  cpu_aspl  cpu_diameter
0    1607329060.15    1607329146.46    86.3120000362    64    0.1855    11.872    86.4975000362    2    5
1    1607329147.47    1607329147.47    0.000999927520752    4    0.0284    0.1136    0.0293999275208    2    2
2    1607329147.64    1607329147.64    0.0    4    0.6477    2.5908    0.6477    2    2
3    1607329148.66    1607329148.66    0.00399994850159    256    0.6189    158.4384    0.622899948502    3    6
4    1607329148.8    1607329148.8    0.0    4    1.1322    4.5288    1.1322    2    2
5    1607329148.96    1607329148.96    0.000999927520752    256    0.7528    192.7168    0.753799927521    3    6
6    1607329148.96    1607329148.96    0.00100016593933    16    0.0429    0.6864    0.0439001659393    2    2
7    1607329149.04    1607329149.04    0.00100016593933    16    0.0098    0.1568    0.0108001659393    2    2
8    1607329149.1    1607329149.1    0.000999927520752    16    0.0297    0.4752    0.0306999275208    2    2
9    1607329149.33    1607329149.33    0.0    64    0.9446    60.4544    0.9446    2    5
10    1607329150.83    1607329150.83    0.0019998550415    4    0.5984    2.3936    0.600399855042    2    2
11    1607329151.09    1607329151.09    0.000999927520752    16    0.7616    12.1856    0.762599927521    2    2
12    1607329151.18    1607329151.18    0.00100016593933    64    0.9446    60.4544    0.945600165939    2    6
13    1607329151.6    1607329151.6    0.000999927520752    256    0.7528    192.7168    0.753799927521    3    6
14    1607329151.6    1607329151.6    0.000999927520752    16    0.0098    0.1568    0.0107999275208    2    2
15    1607329151.93    1607329151.94    0.00100016593933    256    0.6189    158.4384    0.619900165939    3    6
16    1607329152.9    1607329152.9    0.0    64    0.1855    11.872    0.1855    2    5
17    1607329153.13    1607329153.13    0.0    16    0.7616    12.1856    0.7616    2    2
18    1607329153.46    1607329153.46    0.0    16    0.0098    0.1568    0.0098    2    2
19    1607329153.46    1607329153.46    0.000999927520752    16    0.0297    0.4752    0.0306999275208    2    2
20    1607329153.49    1607329153.49    0.0    4    0.0059    0.0236    0.0059    2    2
21    1607329154.05    1607329154.05    0.00100016593933    16    0.0098    0.1568    0.0108001659393    2    2
22    1607329154.53    1607329154.53    0.0    4    0.6477    2.5908    0.6477    2    2
23    1607329154.77    1607329154.77    0.000999927520752    256    0.6189    158.4384    0.619899927521    3    6
24    1607329155.1    1607329155.11    0.00300002098083    4    0.0284    0.1136    0.0314000209808    2    2
25    1607329155.45    1607329155.45    0.000999927520752    16    0.0429    0.6864    0.0438999275208    2    2
26    1607329155.47    1607329155.47    0.000999927520752    16    0.0429    0.6864    0.0438999275208    2    2
27    1607329155.71    1607329155.71    0.0    4    0.0834    0.3336    0.0834    2    2
28    1607329156.05    1607329156.05    0.000999927520752    256    0.4221    108.0576    0.423099927521    3    6
29    1607329156.95    1607329156.95    0.0    64    0.9446    60.4544    0.9446    2    5
30    1607329157.16    1607329157.16    0.0    16    0.0429    0.6864    0.0429    2    2
31    1607329157.54    1607329157.54    0.00100016593933    4    0.0284    0.1136    0.0294001659393    2    2
32    1607329158.33    1607329158.33    0.0019998550415    16    0.7616    12.1856    0.763599855042    2    2
33    1607329158.34    1607329158.34    0.00200009346008    4    0.6477    2.5908    0.64970009346    2    2
34    1607329158.61    1607329158.61    0.00100016593933    16    0.4243    6.7888    0.425300165939    2    5
35    1607329158.71    1607329158.71    0.0    16    0.4243    6.7888    0.4243    2    2
36    1607329159.19    1607329159.19    0.000999927520752    256    0.0057    1.4592    0.00669992752075    3    6
37    1607329160.1    1607329160.1    0.000999927520752    4    0.0834    0.3336    0.0843999275208    2    2
38    1607329160.38    1607329160.38    0.0    16    0.4243    6.7888    0.4243    2    2
39    1607329160.62    1607329160.62    0.00100016593933    4    0.5984    2.3936    0.599400165939    2    2
40    1607329161.64    1607329161.64    0.0    4    0.6477    2.5908    0.6477    2    2
41    1607329162.32    1607329162.33    0.00100016593933    16    0.0098    0.1568    0.0108001659393    2    2
42    1607329162.55    1607329162.55    0.000999927520752    4    0.0284    0.1136    0.0293999275208    2    2
43    1607329162.58    1607329162.58    0.0    64    0.0055    0.352    0.0055    2    6
44    1607329163.18    1607329163.18    0.0    256    0.8    204.8    0.8    3    6
45    1607329163.19    1607329163.19    0.000999927520752    16    0.0429    0.6864    0.0438999275208    2    2
46    1607329163.38    1607329163.38    0.000999927520752    16    0.0098    0.1568    0.0107999275208    2    2
47    1607329163.9    1607329163.9    0.0    4    0.0059    0.0236    0.0059    2    2
48    1607329164.11    1607329164.11    0.0    16    0.0297    0.4752    0.0297    2    2
49    1607329164.31    1607329164.31    0.000999927520752    16    0.0429    0.6864    0.0438999275208    2    2
50    1607329164.69    1607329164.7    0.00100016593933    16    0.0297    0.4752    0.0307001659393    2    2
51    1607329165.89    1607329165.89    0.0    64    0.9446    60.4544    0.9446    2    5
52    1607329166.09    1607329166.09    0.0    4    0.0284    0.1136    0.0284    2    2
53    1607329167.59    1607329167.59    0.00100016593933    4    0.0834    0.3336    0.0844001659393    2    2
54    1607329167.87    1607329167.87    0.0    16    0.8805    14.088    0.8805    2    2
55    1607329168.21    1607329168.21    0.0    64    0.4167    26.6688    0.4167    2    6
56    1607329168.65    1607329168.65    0.0    64    0.0055    0.352    0.0055    2    6
57    1607329169.06    1607329169.06    0.000999927520752    4    0.5984    2.3936    0.599399927521    2    2
58    1607329169.86    1607329169.86    0.0    64    0.0125    0.8    0.0125    2    5
59    1607329169.93    1607329169.93    0.00100016593933    256    0.4221    108.0576    0.423100165939    3    6
60    1607329170.1    1607329170.11    0.00300002098083    16    0.0429    0.6864    0.0459000209808    2    2
61    1607329170.24    1607329170.24    0.000999927520752    16    0.4243    6.7888    0.425299927521    2    2
62    1607329170.44    1607329170.44    0.000999927520752    256    0.0177    4.5312    0.0186999275208    3    6
63    1607329170.59    1607329170.6    0.000999927520752    4    0.0834    0.3336    0.0843999275208    2    2
64    1607329170.78    1607329170.78    0.0    4    0.0834    0.3336    0.0834    2    2
65    1607329170.99    1607329170.99    0.00100016593933    16    0.0285    0.456    0.0295001659393    2    2
66    1607329171.32    1607329171.32    0.0    64    0.0125    0.8    0.0125    2    5
67    1607329171.48    1607329171.48    0.000999927520752    16    0.0098    0.1568    0.0107999275208    2    2
68    1607329171.58    1607329171.58    0.0    16    0.7616    12.1856    0.7616    2    2
69    1607329171.61    1607329171.61    0.00100016593933    256    0.0057    1.4592    0.00670016593933    3    6
70    1607329171.83    1607329171.83    0.000999927520752    16    0.0429    0.6864    0.0438999275208    2    2
71    1607329172.46    1607329172.46    0.0    64    0.4167    26.6688    0.4167    2    5
72    1607329172.75    1607329172.75    0.000999927520752    16    0.4243    6.7888    0.425299927521    2    2
73    1607329173.19    1607329173.19    0.0    16    0.0098    0.1568    0.0098    2    2
74    1607329174.29    1607329174.29    0.000999927520752    256    0.0057    1.4592    0.00669992752075    3    6
75    1607329174.52    1607329174.52    0.0    4    0.5984    2.3936    0.5984    2    2
76    1607329174.67    1607329174.67    0.00100016593933    256    0.7528    192.7168    0.753800165939    3    6
77    1607329175.13    1607329175.14    0.000999927520752    16    0.8805    14.088    0.881499927521    2    3
78    1607329175.87    1607329175.87    0.0    16    0.0098    0.1568    0.0098    2    2
79    1607329176.35    1607329176.35    0.0    16    0.0297    0.4752    0.0297    2    2
80    1607329176.44    1607329176.44    0.0    4    0.6477    2.5908    0.6477    2    2
81    1607329176.91    1607329176.91    0.0    256    0.4221    108.0576    0.4221    3    6
82    1607329176.97    1607329176.98    0.00100016593933    16    0.0429    0.6864    0.0439001659393    2    2
83    1607329177.15    1607329177.15    0.00100016593933    256    0.0057    1.4592    0.00670016593933    3    6
84    1607329177.45    1607329177.45    0.0    64    0.0234    1.4976    0.0234    2    5
85    1607329177.94    1607329177.94    0.0    4    0.0834    0.3336    0.0834    2    2
86    1607329178.12    1607329178.12    0.000999927520752    4    1.1322    4.5288    1.13319992752    2    2
87    1607329178.35    1607329178.35    0.000999927520752    16    0.0285    0.456    0.0294999275208    2    2
88    1607329179.1    1607329179.1    0.0    16    0.0098    0.1568    0.0098    2    2
89    1607329179.2    1607329179.2    0.0    16    0.4243    6.7888    0.4243    2    2
90    1607329179.24    1607329179.24    0.0    4    0.0526    0.2104    0.0526    2    2
91    1607329179.27    1607329179.27    0.0    4    0.0526    0.2104    0.0526    2    2
92    1607329179.39    1607329179.39    0.000999927520752    4    0.5984    2.3936    0.599399927521    2    2
93    1607329179.64    1607329179.64    0.0    16    0.7616    12.1856    0.7616    2    2
94    1607329179.72    1607329179.73    0.00100016593933    64    0.9446    60.4544    0.945600165939    2    6
95    1607329179.73    1607329179.73    0.000999927520752    64    0.0234    1.4976    0.0243999275208    2    6
96    1607329179.87    1607329179.87    0.00100016593933    4    0.0526    0.2104    0.0536001659393    2    2
97    1607329180.44    1607329180.44    0.0    256    0.6189    158.4384    0.6189    3    6
98    1607329180.57    1607329180.57    0.000999927520752    16    0.0429    0.6864    0.0438999275208    2    2
99    1607329180.95    1607329180.95    0.0019998550415    256    0.4221    108.0576    0.424099855042    3    6
100    1607329180.97    1607329180.97    0.000999927520752    16    0.0098    0.1568    0.0107999275208    2    2
101    1607329181.35    1607329181.35    0.00100016593933    16    0.0297    0.4752    0.0307001659393    2    2
102    1607329182.7    1607329182.7    0.0    64    0.0125    0.8    0.0125    2    5
103    1607329183.62    1607329183.62    0.0    16    0.0098    0.1568    0.0098    2    2
104    1607329183.98    1607329183.98    0.0    64    0.1855    11.872    0.1855    2    5
105    1607329184.1    1607329184.1    0.000999927520752    64    0.0125    0.8    0.0134999275208    2    5
106    1607329184.38    1607329184.38    0.00100016593933    4    0.0834    0.3336    0.0844001659393    2    2
107    1607329184.48    1607329184.48    0.0    256    0.6189    158.4384    0.6189    3    6
108    1607329184.67    1607329184.68    0.00100016593933    256    0.6189    158.4384    0.619900165939    3    6
109    1607329185.65    1607329185.65    0.0    4    0.5984    2.3936    0.5984    2    2
110    1607329186.21    1607329186.21    0.00200009346008    64    0.0234    1.4976    0.0254000934601    2    6
111    1607329187.3    1607329187.31    0.00300002098083    256    0.6189    158.4384    0.621900020981    3    6
112    1607329187.86    1607329187.86    0.000999927520752    4    0.0284    0.1136    0.0293999275208    2    2
113    1607329188.06    1607329188.06    0.000999927520752    256    0.0057    1.4592    0.00669992752075    3    6
114    1607329188.27    1607329188.27    0.00100016593933    16    0.0429    0.6864    0.0439001659393    2    2
115    1607329189.19    1607329189.19    0.000999927520752    256    0.8    204.8    0.800999927521    3    6
116    1607329189.23    1607329189.23    0.000999927520752    16    0.0429    0.6864    0.0438999275208    2    2
117    1607329189.57    1607329189.57    0.000999927520752    64    0.1855    11.872    0.186499927521    2    5
118    1607329189.59    1607329189.59    0.00100016593933    256    0.0057    1.4592    0.00670016593933    3    6
119    1607329190.05    1607329190.05    0.000999927520752    64    0.9446    60.4544    0.945599927521    2    5
120    1607329190.22    1607329190.22    0.0    64    0.4167    26.6688    0.4167    2    5
121    1607329190.36    1607329190.36    0.0    4    0.0284    0.1136    0.0284    2    2
122    1607329190.98    1607329190.98    0.0    16    0.0098    0.1568    0.0098    2    2
123    1607329191.22    1607329191.22    0.000999927520752    256    0.7528    192.7168    0.753799927521    3    6
124    1607329191.27    1607329191.27    0.000999927520752    4    0.0284    0.1136    0.0293999275208    2    2
125    1607329191.75    1607329191.75    0.000999927520752    64    0.4167    26.6688    0.417699927521    2    5
126    1607329192.25    1607329192.25    0.00100016593933    16    0.4243    6.7888    0.425300165939    2    2
127    1607329192.32    1607329192.32    0.0    64    0.0125    0.8    0.0125    2    6
128    1607329192.74    1607329192.74    0.000999927520752    256    0.7528    192.7168    0.753799927521    3    6
129    1607329193.07    1607329193.07    0.000999927520752    4    0.0284    0.1136    0.0293999275208    2    2
130    1607329194.32    1607329194.32    0.0    64    0.9446    60.4544    0.9446    2    5
131    1607329194.49    1607329194.49    0.0    4    0.6477    2.5908    0.6477    2    2
132    1607329194.77    1607329194.77    0.0019998550415    16    0.4243    6.7888    0.426299855042    2    2
133    1607329195.15    1607329195.15    0.000999927520752    256    0.0177    4.5312    0.0186999275208    3    6
134    1607329195.35    1607329195.35    0.0    16    0.4243    6.7888    0.4243    2    2
135    1607329195.58    1607329195.58    0.0    16    0.8805    14.088    0.8805    2    2
136    1607329195.73    1607329195.73    0.0    4    0.0526    0.2104    0.0526    2    2
137    1607329196.33    1607329196.33    0.00100016593933    64    0.9446    60.4544    0.945600165939    2    6
138    1607329196.33    1607329196.33    0.000999927520752    16    0.0285    0.456    0.0294999275208    2    2
139    1607329196.49    1607329196.49    0.0    4    0.0834    0.3336    0.0834    2    2
140    1607329196.5    1607329196.5    0.0    4    0.5984    2.3936    0.5984    2    2
141    1607329196.73    1607329196.73    0.000999927520752    16    0.7616    12.1856    0.762599927521    2    3
142    1607329196.78    1607329196.78    0.0    64    0.9446    60.4544    0.9446    2    6
143    1607329196.8    1607329196.8    0.000999927520752    4    0.0834    0.3336    0.0843999275208    2    2
144    1607329196.81    1607329196.81    0.000999927520752    16    0.0098    0.1568    0.0107999275208    2    5
145    1607329196.82    1607329196.82    0.000999927520752    64    0.0055    0.352    0.00649992752075    2    6
146    1607329197.41    1607329197.41    0.000999927520752    256    0.0177    4.5312    0.0186999275208    3    6
147    1607329198.07    1607329198.07    0.0    16    0.0285    0.456    0.0285    2    2
148    1607329198.48    1607329198.48    0.0    256    0.0177    4.5312    0.0177    3    6
149    1607329198.78    1607329198.78    0.000999927520752    256    0.7528    192.7168    0.753799927521    3    6
150    1607329199.46    1607329199.47    0.00100016593933    64    0.0125    0.8    0.0135001659393    2    5
151    1607329200.13    1607329200.14    0.0019998550415    64    0.0125    0.8    0.0144998550415    2    5
152    1607329201.2    1607329201.2    0.00200009346008    64    0.0125    0.8    0.0145000934601    2    5
153    1607329201.46    1607329201.46    0.000999927520752    4    0.0526    0.2104    0.0535999275208    2    2
154    1607329201.5    1607329201.5    0.0    4    0.0284    0.1136    0.0284    2    2
155    1607329201.6    1607329201.6    0.0    64    0.4167    26.6688    0.4167    2    5
156    1607329202.22    1607329202.22    0.000999927520752    64    0.0125    0.8    0.0134999275208    2    5
157    1607329203.18    1607329203.18    0.0    16    0.8805    14.088    0.8805    2    2
158    1607329203.24    1607329203.24    0.0    64    0.1855    11.872    0.1855    2    6
159    1607329203.35    1607329203.35    0.00399994850159    256    0.4221    108.0576    0.426099948502    3    6
160    1607329203.55    1607329203.55    0.0    4    0.6477    2.5908    0.6477    2    2
161    1607329203.7    1607329203.7    0.0    4    0.5984    2.3936    0.5984    2    2
162    1607329204.21    1607329204.21    0.00100016593933    16    0.8805    14.088    0.881500165939    2    2
163    1607329204.34    1607329204.34    0.0    16    0.7616    12.1856    0.7616    2    2
164    1607329205.48    1607329205.48    0.000999927520752    16    0.8805    14.088    0.881499927521    2    2
165    1607329205.6    1607329205.6    0.000999927520752    64    0.6779    43.3856    0.678899927521    2    6
166    1607329206.4    1607329206.4    0.000999927520752    64    0.6779    43.3856    0.678899927521    2    5
167    1607329206.45    1607329206.45    0.000999927520752    64    0.0055    0.352    0.00649992752075    2    5
168    1607329206.64    1607329206.64    0.000999927520752    256    0.8    204.8    0.800999927521    3    6
169    1607329206.66    1607329206.66    0.0    16    0.4243    6.7888    0.4243    2    2
170    1607329207.05    1607329207.05    0.0    64    0.0234    1.4976    0.0234    2    6
171    1607329207.11    1607329207.11    0.0    16    0.4243    6.7888    0.4243    2    2
172    1607329207.28    1607329207.28    0.0    4    1.1322    4.5288    1.1322    2    2
173    1607329207.45    1607329207.46    0.00999999046326    256    0.0177    4.5312    0.0276999904633    3    6
174    1607329208.25    1607329208.25    0.0    64    0.1855    11.872    0.1855    2    6
175    1607329208.84    1607329208.84    0.0    4    0.6477    2.5908    0.6477    2    2
176    1607329208.93    1607329208.93    0.000999927520752    16    0.0297    0.4752    0.0306999275208    2    2
177    1607329208.97    1607329208.97    0.0    16    0.0285    0.456    0.0285    2    2
178    1607329209.24    1607329209.24    0.0    256    0.0177    4.5312    0.0177    3    6
179    1607329209.25    1607329209.25    0.0    256    0.0177    4.5312    0.0177    3    6
180    1607329209.87    1607329209.87    0.0    64    0.0125    0.8    0.0125    2    5
181    1607329210.2    1607329210.2    0.0    4    0.5984    2.3936    0.5984    2    2
182    1607329210.52    1607329210.52    0.000999927520752    64    0.6779    43.3856    0.678899927521    2    6
183    1607329211.05    1607329211.05    0.0    4    0.5984    2.3936    0.5984    2    2
184    1607329211.2    1607329211.2    0.000999927520752    16    0.7616    12.1856    0.762599927521    2    2
185    1607329211.31    1607329211.31    0.00100016593933    64    0.9446    60.4544    0.945600165939    2    6
186    1607329211.87    1607329211.87    0.000999927520752    256    0.4221    108.0576    0.423099927521    3    6
187    1607329212.23    1607329212.23    0.000999927520752    64    0.6779    43.3856    0.678899927521    2    6
188    1607329212.66    1607329212.66    0.00100016593933    256    0.7528    192.7168    0.753800165939    3    6
189    1607329212.68    1607329212.68    0.000999927520752    256    0.6189    158.4384    0.619899927521    3    6
190    1607329212.7    1607329212.7    0.000999927520752    16    0.0098    0.1568    0.0107999275208    2    2
191    1607329212.79    1607329212.79    0.00100016593933    64    0.0055    0.352    0.00650016593933    2    5
192    1607329213.13    1607329213.14    0.000999927520752    64    0.0125    0.8    0.0134999275208    2    6
193    1607329213.19    1607329213.19    0.00100016593933    64    0.6779    43.3856    0.678900165939    2    6
194    1607329213.27    1607329213.27    0.000999927520752    64    0.1855    11.872    0.186499927521    2    5
195    1607329213.31    1607329213.31    0.00300002098083    16    0.4243    6.7888    0.427300020981    2    2
196    1607329213.66    1607329213.66    0.0    64    0.0234    1.4976    0.0234    2    6
197    1607329213.83    1607329213.83    0.000999927520752    256    0.4221    108.0576    0.423099927521    3    6
198    1607329214.28    1607329214.28    0.0    16    0.0285    0.456    0.0285    2    2
199    1607329214.35    1607329214.35    0.00100016593933    256    0.8    204.8    0.801000165939    3    6
200    1607329214.43    1607329214.43    0.000999927520752    16    0.0098    0.1568    0.0107999275208    2    2
201    1607329214.95    1607329214.95    0.000999927520752    256    0.0057    1.4592    0.00669992752075    3    6
202    1607329215.21    1607329215.21    0.0    64    0.9446    60.4544    0.9446    2    5
203    1607329216.03    1607329216.03    0.0    64    0.0055    0.352    0.0055    2    5
204    1607329216.29    1607329216.29    0.0    4    0.0059    0.0236    0.0059    2    2
205    1607329216.3    1607329216.3    0.0    4    0.0834    0.3336    0.0834    2    2
206    1607329216.7    1607329216.7    0.0    4    0.0526    0.2104    0.0526    2    2
207    1607329217.18    1607329217.18    0.0    64    0.6779    43.3856    0.6779    2    5
208    1607329217.43    1607329217.43    0.0    256    0.4221    108.0576    0.4221    3    6
209    1607329217.76    1607329217.76    0.000999927520752    64    0.1855    11.872    0.186499927521    2    5
210    1607329217.8    1607329217.8    0.00100016593933    4    0.0284    0.1136    0.0294001659393    2    2
211    1607329217.97    1607329217.97    0.000999927520752    16    0.8805    14.088    0.881499927521    2    2
212    1607329218.21    1607329218.21    0.0    16    0.0098    0.1568    0.0098    2    2
213    1607329218.22    1607329218.22    0.0    4    0.0284    0.1136    0.0284    2    2
214    1607329218.31    1607329218.32    0.00200009346008    4    0.0059    0.0236    0.00790009346008    2    2
215    1607329218.36    1607329218.37    0.00400018692017    256    0.0177    4.5312    0.0217001869202    3    6
216    1607329219.83    1607329219.84    0.000999927520752    256    0.6189    158.4384    0.619899927521    3    6
217    1607329220.06    1607329220.06    0.000999927520752    256    0.7528    192.7168    0.753799927521    3    6
218    1607329220.36    1607329220.36    0.000999927520752    4    0.0526    0.2104    0.0535999275208    2    2
219    1607329220.54    1607329220.54    0.00100016593933    16    0.7616    12.1856    0.762600165939    2    2
220    1607329220.7    1607329220.7    0.00100016593933    16    0.4243    6.7888    0.425300165939    2    2
221    1607329221.45    1607329221.45    0.00100016593933    256    0.0177    4.5312    0.0187001659393    3    6
222    1607329221.59    1607329221.6    0.00299978256226    256    0.6189    158.4384    0.621899782562    3    6
223    1607329221.75    1607329221.75    0.000999927520752    16    0.0098    0.1568    0.0107999275208    2    2
224    1607329221.76    1607329221.76    0.0019998550415    64    0.0055    0.352    0.0074998550415    2    5
225    1607329222.23    1607329222.24    0.00800013542175    64    0.0234    1.4976    0.0314001354218    2    5
226    1607329222.29    1607329222.29    0.000999927520752    256    0.4221    108.0576    0.423099927521    3    6
227    1607329222.51    1607329222.51    0.00100016593933    64    0.9446    60.4544    0.945600165939    2    5
228    1607329222.89    1607329222.89    0.0    4    0.6477    2.5908    0.6477    2    2
229    1607329223.02    1607329223.02    0.0    4    0.0284    0.1136    0.0284    2    2
230    1607329223.4    1607329223.4    0.0    4    0.0284    0.1136    0.0284    2    2
231    1607329223.48    1607329223.48    0.0    16    0.0297    0.4752    0.0297    2    2
232    1607329224.32    1607329224.32    0.000999927520752    4    0.0834    0.3336    0.0843999275208    2    2
233    1607329225.23    1607329225.23    0.0    4    0.0834    0.3336    0.0834    2    2
234    1607329226.03    1607329226.03    0.0    16    0.0429    0.6864    0.0429    2    2
235    1607329226.28    1607329226.28    0.000999927520752    16    0.0297    0.4752    0.0306999275208    2    2
236    1607329227.6    1607329227.6    0.000999927520752    256    0.0057    1.4592    0.00669992752075    3    6
237    1607329228.33    1607329228.33    0.000999927520752    256    0.7528    192.7168    0.753799927521    3    6
238    1607329228.43    1607329228.43    0.000999927520752    16    0.8805    14.088    0.881499927521    2    2
239    1607329229.12    1607329229.12    0.000999927520752    256    0.8    204.8    0.800999927521    3    6
240    1607329229.18    1607329229.18    0.000999927520752    4    0.0284    0.1136    0.0293999275208    2    2
241    1607329229.44    1607329229.44    0.00100016593933    256    0.7528    192.7168    0.753800165939    3    6
242    1607329229.58    1607329229.58    0.000999927520752    4    0.0059    0.0236    0.00689992752075    2    2
243    1607329229.63    1607329229.63    0.00100016593933    16    0.0429    0.6864    0.0439001659393    2    2
244    1607329229.71    1607329229.72    0.00100016593933    4    1.1322    4.5288    1.13320016594    2    2
245    1607329229.81    1607329229.81    0.0    64    0.0055    0.352    0.0055    2    6
246    1607329230.0    1607329230.0    0.0    64    0.6779    43.3856    0.6779    2    5
247    1607329230.59    1607329230.59    0.00100016593933    64    0.0125    0.8    0.0135001659393    2    5
248    1607329231.27    1607329231.27    0.0    256    0.7528    192.7168    0.7528    3    6
249    1607329231.34    1607329231.34    0.000999927520752    4    0.0059    0.0236    0.00689992752075    2    2
250    1607329231.42    1607329231.42    0.00200009346008    256    0.7528    192.7168    0.75480009346    3    6
251    1607329232.02    1607329232.02    0.000999927520752    64    0.1855    11.872    0.186499927521    2    5
252    1607329232.52    1607329232.52    0.000999927520752    4    0.0059    0.0236    0.00689992752075    2    2
253    1607329232.66    1607329232.66    0.0    256    0.6189    158.4384    0.6189    3    6
254    1607329232.67    1607329232.67    0.0    64    0.1855    11.872    0.1855    2    5
255    1607329233.4    1607329233.4    0.000999927520752    4    0.0284    0.1136    0.0293999275208    2    2
256    1607329233.65    1607329233.65    0.000999927520752    16    0.0297    0.4752    0.0306999275208    2    2
257    1607329234.28    1607329234.28    0.0    16    0.0285    0.456    0.0285    2    2
258    1607329234.48    1607329234.48    0.000999927520752    256    0.7528    192.7168    0.753799927521    3    6
259    1607329234.64    1607329234.64    0.0    64    0.9446    60.4544    0.9446    2    5
260    1607329235.34    1607329235.34    0.0    16    0.0429    0.6864    0.0429    2    2
261    1607329235.77    1607329235.77    0.000999927520752    16    0.0098    0.1568    0.0107999275208    2    2
262    1607329236.09    1607329236.09    0.0    64    0.0125    0.8    0.0125    2    5
263    1607329236.51    1607329236.51    0.0    4    1.1322    4.5288    1.1322    2    2
264    1607329237.38    1607329237.38    0.0    256    0.8    204.8    0.8    3    6
265    1607329237.47    1607329237.48    0.00200009346008    256    0.0057    1.4592    0.00770009346008    3    6
266    1607329237.72    1607329237.72    0.00100016593933    256    0.7528    192.7168    0.753800165939    3    6
267    1607329238.0    1607329238.0    0.000999927520752    16    0.0429    0.6864    0.0438999275208    2    2
268    1607329238.64    1607329238.64    0.0    64    0.4167    26.6688    0.4167    2    5
269    1607329240.24    1607329240.24    0.000999927520752    64    0.1855    11.872    0.186499927521    2    5
270    1607329240.48    1607329240.48    0.00100016593933    4    1.1322    4.5288    1.13320016594    2    2
271    1607329240.94    1607329240.94    0.00100016593933    256    0.8    204.8    0.801000165939    3    6
272    1607329241.4    1607329241.4    0.000999927520752    16    0.7616    12.1856    0.762599927521    2    2
273    1607329242.48    1607329242.48    0.0    4    0.0059    0.0236    0.0059    2    2
274    1607329242.49    1607329242.5    0.00100016593933    64    0.6779    43.3856    0.678900165939    2    5
275    1607329242.67    1607329242.67    0.000999927520752    256    0.6189    158.4384    0.619899927521    3    6
276    1607329242.84    1607329242.84    0.00100016593933    16    0.0285    0.456    0.0295001659393    2    2
277    1607329242.98    1607329242.99    0.00399994850159    64    0.6779    43.3856    0.681899948502    2    5
278    1607329243.19    1607329243.19    0.000999927520752    4    0.0284    0.1136    0.0293999275208    2    2
279    1607329243.73    1607329243.73    0.0    16    0.0297    0.4752    0.0297    2    2
280    1607329243.91    1607329243.91    0.0    4    1.1322    4.5288    1.1322    2    2
281    1607329244.78    1607329244.78    0.000999927520752    16    0.0297    0.4752    0.0306999275208    2    2
282    1607329245.33    1607329245.33    0.000999927520752    256    0.8    204.8    0.800999927521    3    6
283    1607329245.58    1607329245.58    0.000999927520752    256    0.0177    4.5312    0.0186999275208    3    6
284    1607329246.02    1607329246.02    0.0019998550415    4    1.1322    4.5288    1.13419985504    2    2
285    1607329246.41    1607329246.41    0.0    64    0.6779    43.3856    0.6779    2    5
286    1607329246.46    1607329246.46    0.000999927520752    16    0.0429    0.6864    0.0438999275208    2    2
287    1607329246.66    1607329246.66    0.0    16    0.0285    0.456    0.0285    2    2
288    1607329246.71    1607329246.71    0.00100016593933    64    0.1855    11.872    0.186500165939    2    5
289    1607329247.82    1607329247.82    0.000999927520752    4    0.0059    0.0236    0.00689992752075    2    2
290    1607329247.92    1607329247.92    0.0    4    0.0526    0.2104    0.0526    2    2
291    1607329248.56    1607329248.57    0.00100016593933    4    0.5984    2.3936    0.599400165939    2    2
292    1607329248.82    1607329248.82    0.000999927520752    16    0.0297    0.4752    0.0306999275208    2    2
293    1607329248.9    1607329248.9    0.00100016593933    256    0.4221    108.0576    0.423100165939    3    6
294    1607329249.35    1607329249.35    0.000999927520752    64    0.1855    11.872    0.186499927521    2    5
295    1607329250.59    1607329250.59    0.0    4    1.1322    4.5288    1.1322    2    2
296    1607329250.74    1607329250.74    0.00100016593933    256    0.8    204.8    0.801000165939    3    6
297    1607329250.78    1607329250.78    0.00100016593933    16    0.8805    14.088    0.881500165939    2    2
298    1607329251.49    1607329251.49    0.00100016593933    256    0.6189    158.4384    0.619900165939    3    6
299    1607329252.18    1607329252.18    0.000999927520752    64    0.4167    26.6688    0.417699927521    2    5

dispatched jobs are: 300 out of 300
average queue time is: 0.288486669064
fso links are used for 0 times
overall utilization is 0.0220619721206
average response time is 0.62895933573
average weighted response time is 0.790658636682
average slowdown is 1.15433595729
cpu_request: 22860, cpu_run: 22860
ssd_request: 11643, ssd_run: 0
gpu_request: 12015, gpu_run: 0
cpu aspl: 2.21666666667
cpu diameter: 3.66666666667
job x: 0.0
job y: 0.0
job z: 0.0
