#timestep  occupied-CPU  total-CPU  utilization  queuingjobs
1    64    4096    0.015625    0
2    352    4096    0.0859375    0
3    276    4096    0.0673828125    0
4    72    4096    0.017578125    0
5    12    4096    0.0029296875    0
6    80    4096    0.01953125    0
7    32    4096    0.0078125    0
8    16    4096    0.00390625    0
9    64    4096    0.015625    0
10    308    4096    0.0751953125    0
11    20    4096    0.0048828125    0
12    560    4096    0.13671875    0
13    0    4096    0.0    0
14    328    4096    0.080078125    0
15    768    4096    0.1875    0
16    20    4096    0.0048828125    0
17    256    4096    0.0625    0
18    16    4096    0.00390625    0
19    100    4096    0.0244140625    0
20    276    4096    0.0673828125    0
21    16    4096    0.00390625    0
22    256    4096    0.0625    0
23    4    4096    0.0009765625    1
24    400    4096    0.09765625    1
25    12    4096    0.0029296875    0
26    260    4096    0.0634765625    0
27    340    4096    0.0830078125    0
28    388    4096    0.0947265625    0
29    592    4096    0.14453125    0
30    96    4096    0.0234375    0
31    0    4096    0.0    0
32    576    4096    0.140625    0
33    256    4096    0.0625    0
34    288    4096    0.0703125    0
35    304    4096    0.07421875    0
36    532    4096    0.1298828125    0
37    276    4096    0.0673828125    0
38    332    4096    0.0810546875    0
39    276    4096    0.0673828125    0
40    400    4096    0.09765625    0
41    0    4096    0.0    0
42    340    4096    0.0830078125    0
43    16    4096    0.00390625    0
44    276    4096    0.0673828125    0
45    600    4096    0.146484375    1
46    320    4096    0.078125    0
47    84    4096    0.0205078125    0
48    0    4096    0.0    0
49    0    4096    0.0    0
50    20    4096    0.0048828125    0
51    124    4096    0.0302734375    0
52    0    4096    0.0    1
53    8    4096    0.001953125    0
54    328    4096    0.080078125    0
55    0    4096    0.0    0
56    84    4096    0.0205078125    0
57    0    4096    0.0    0
58    48    4096    0.01171875    0
59    16    4096    0.00390625    0
60    772    4096    0.1884765625    0
61    256    4096    0.0625    1
62    16    4096    0.00390625    0
63    532    4096    0.1298828125    0
64    48    4096    0.01171875    0
65    4    4096    0.0009765625    0
66    768    4096    0.1875    0
67    64    4096    0.015625    0
68    0    4096    0.0    0
69    64    4096    0.015625    0
70    384    4096    0.09375    0
71    288    4096    0.0703125    0
72    276    4096    0.0673828125    0
73    68    4096    0.0166015625    1
74    24    4096    0.005859375    0
75    256    4096    0.0625    0
76    260    4096    0.0634765625    0
77    136    4096    0.033203125    0
78    576    4096    0.140625    0
79    256    4096    0.0625    0
80    40    4096    0.009765625    0
81    8    4096    0.001953125    0
82    16    4096    0.00390625    0
83    16    4096    0.00390625    0
84    260    4096    0.0634765625    0
85    256    4096    0.0625    0
86    72    4096    0.017578125    0
87    932    4096    0.2275390625    0
88    64    4096    0.015625    0
89    768    4096    0.1875    0
90    848    4096    0.20703125    0
91    384    4096    0.09375    0
92    256    4096    0.0625    0
93    16    4096    0.00390625    1
94    0    4096    0.0    0
95    148    4096    0.0361328125    0
96    608    4096    0.1484375    0
97    0    4096    0.0    0

average cpu utilization is: 0.0534290431701
average ssd utilization is: 1.0
average gpu utilization is: 1.0
average utilization is: 0.684476347723
average queuing jobs are: 0.0721649484536
maximum queuing jobs are: 1


#job_number  submit  dispatch  queue  cpu#  runtime  weight  response(turnaround)  cpu_aspl  cpu_diameter
0    1607335097.94    1607335166.16    68.2209999561    64    0.0234    1.4976    68.2443999561    1.0    1
1    1607335166.54    1607335166.54    0.0    16    0.7616    12.1856    0.7616    0    0
2    1607335166.57    1607335166.57    0.00100016593933    64    0.1855    11.872    0.186500165939    1.0    1
3    1607335166.62    1607335166.62    0.00100016593933    64    0.9446    60.4544    0.945600165939    1.0    1
4    1607335166.63    1607335166.63    0.00100016593933    16    0.8805    14.088    0.881500165939    0    0
5    1607335166.78    1607335166.78    0.00399994850159    256    0.6189    158.4384    0.622899948502    1.0    1
6    1607335167.45    1607335167.45    0.00499987602234    256    0.0177    4.5312    0.0226998760223    1.0    1
7    1607335167.45    1607335167.46    0.00100016593933    4    0.5956    2.3824    0.596600165939    0    0
8    1607335167.72    1607335167.73    0.00399994850159    256    0.0057    1.4592    0.00969994850159    1.0    1
9    1607335167.97    1607335167.97    0.0019998550415    256    0.4221    108.0576    0.424099855042    1.0    1
10    1607335167.98    1607335167.98    0.00100016593933    4    0.0059    0.0236    0.00690016593933    0    0
11    1607335168.12    1607335168.12    0.000999927520752    16    0.4243    6.7888    0.425299927521    0    0
12    1607335168.29    1607335168.29    0.00100016593933    4    0.0522    0.2088    0.0532001659393    0    0
13    1607335168.32    1607335168.33    0.00699996948242    64    0.0125    0.8    0.0194999694824    1.0    1
14    1607335168.39    1607335168.39    0.000999927520752    4    0.0522    0.2088    0.0531999275208    0    0
15    1607335168.6    1607335168.6    0.0    4    1.1283    4.5132    1.1283    0    0
16    1607335169.25    1607335169.25    0.000999927520752    64    0.6779    43.3856    0.678899927521    1.0    1
17    1607335169.27    1607335169.28    0.00300002098083    256    0.0057    1.4592    0.00870002098083    1.0    1
18    1607335169.32    1607335169.32    0.0    4    1.1283    4.5132    1.1283    0    0
19    1607335169.66    1607335169.66    0.0    4    0.0059    0.0236    0.0059    0    0
20    1607335169.72    1607335169.72    0.000999927520752    64    0.0125    0.8    0.0134999275208    1.0    1
21    1607335169.87    1607335169.87    0.000999927520752    16    0.0098    0.1568    0.0107999275208    1.0    1
22    1607335169.94    1607335169.94    0.0    64    0.1855    11.872    0.1855    1.0    1
23    1607335170.18    1607335170.18    0.0    16    0.0297    0.4752    0.0297    0    0
24    1607335170.19    1607335170.19    0.000999927520752    64    0.1855    11.872    0.186499927521    1.0    1
25    1607335170.27    1607335170.27    0.0    4    1.1283    4.5132    1.1283    0    0
26    1607335170.42    1607335170.42    0.0    4    0.0284    0.1136    0.0284    0    0
27    1607335170.74    1607335170.74    0.0    16    0.7616    12.1856    0.7616    0    0
28    1607335170.78    1607335170.78    0.0    4    0.6452    2.5808    0.6452    0    0
29    1607335170.87    1607335170.87    0.00300002098083    256    0.0177    4.5312    0.0207000209808    1.0    1
30    1607335170.88    1607335170.88    0.00100016593933    4    0.0059    0.0236    0.00690016593933    0    0
31    1607335171.26    1607335171.26    0.0    64    0.4167    26.6688    0.4167    1.0    1
32    1607335171.8    1607335171.8    0.0    16    0.4243    6.7888    0.4243    0    0
33    1607335172.09    1607335172.1    0.000999927520752    16    0.8805    14.088    0.881499927521    0    0
34    1607335172.15    1607335172.15    0.000999927520752    64    0.0055    0.352    0.00649992752075    1.0    1
35    1607335172.16    1607335172.16    0.000999927520752    16    0.0297    0.4752    0.0306999275208    0    0
36    1607335172.42    1607335172.42    0.0    16    0.8805    14.088    0.8805    0    0
37    1607335172.48    1607335172.48    0.0    4    0.0284    0.1136    0.0284    0    0
38    1607335172.68    1607335172.68    0.0    16    0.0297    0.4752    0.0297    0    0
39    1607335172.71    1607335172.71    0.0    4    0.0832    0.3328    0.0832    0    0
40    1607335172.95    1607335172.95    0.00100016593933    64    0.0055    0.352    0.00650016593933    1.0    1
41    1607335173.04    1607335173.04    0.000999927520752    16    0.7616    12.1856    0.762599927521    0    0
42    1607335173.75    1607335173.75    0.0    16    0.0429    0.6864    0.0429    0    0
43    1607335173.92    1607335173.92    0.0    16    0.0429    0.6864    0.0429    0    0
44    1607335174.02    1607335174.02    0.000999927520752    64    0.9446    60.4544    0.945599927521    1.0    1
45    1607335174.67    1607335174.68    0.0119998455048    256    0.6189    158.4384    0.630899845505    1.0    1
46    1607335174.87    1607335174.87    0.00399994850159    256    0.7528    192.7168    0.756799948502    1.0    1
47    1607335174.96    1607335174.96    0.00200009346008    16    0.8805    14.088    0.88250009346    0    0
48    1607335175.13    1607335175.13    0.0    16    0.0297    0.4752    0.0297    0    0
49    1607335175.21    1607335175.21    0.000999927520752    64    0.0055    0.352    0.00649992752075    1.0    1
50    1607335175.23    1607335175.23    0.0    4    0.0059    0.0236    0.0059    0    0
51    1607335175.34    1607335175.34    0.0    16    0.8805    14.088    0.8805    0    0
52    1607335175.44    1607335175.44    0.0    4    0.5956    2.3824    0.5956    0    0
53    1607335175.44    1607335175.44    0.00300002098083    256    0.7528    192.7168    0.755800020981    1.0    1
54    1607335175.72    1607335175.72    0.000999927520752    16    0.4243    6.7888    0.425299927521    1.0    1
55    1607335175.9    1607335175.9    0.00399994850159    256    0.8    204.8    0.803999948502    1.0    1
56    1607335176.05    1607335176.05    0.00499987602234    256    0.4221    108.0576    0.427099876022    1.19444444444    2
57    1607335176.11    1607335176.11    0.00300002098083    16    0.8805    14.088    0.883500020981    0    0
58    1607335176.27    1607335176.27    0.0    16    0.4243    6.7888    0.4243    0    0
59    1607335176.39    1607335176.39    0.0    4    0.0284    0.1136    0.0284    0    0
60    1607335176.4    1607335176.4    0.0    4    0.5956    2.3824    0.5956    0    0
61    1607335176.58    1607335176.58    0.00100016593933    16    0.0285    0.456    0.0295001659393    1.0    1
62    1607335176.67    1607335176.67    0.0    16    0.0285    0.456    0.0285    1.0    1
63    1607335177.33    1607335177.33    0.0    16    0.4243    6.7888    0.4243    0    0
64    1607335177.34    1607335177.34    0.000999927520752    16    0.0429    0.6864    0.0438999275208    0    0
65    1607335177.43    1607335177.43    0.00300002098083    256    0.6189    158.4384    0.621900020981    1.0    1
66    1607335177.44    1607335177.44    0.000999927520752    16    0.8805    14.088    0.881499927521    0    0
67    1607335177.46    1607335177.46    0.00300002098083    256    0.6189    158.4384    0.621900020981    1.0    1
68    1607335177.51    1607335177.51    0.00400018692017    64    0.0125    0.8    0.0165001869202    1.0    1
69    1607335177.53    1607335177.53    0.00300002098083    16    0.4243    6.7888    0.427300020981    0    0
70    1607335177.74    1607335177.74    0.000999927520752    16    0.7616    12.1856    0.762599927521    0    0
71    1607335177.91    1607335177.91    0.00300002098083    64    0.6779    43.3856    0.680900020981    1.0    1
72    1607335177.95    1607335177.96    0.00300002098083    4    0.0284    0.1136    0.0314000209808    0    0
73    1607335178.01    1607335178.01    0.0019998550415    4    0.0522    0.2088    0.0541998550415    0    0
74    1607335178.02    1607335178.02    0.0019998550415    4    0.0522    0.2088    0.0541998550415    0    0
75    1607335178.06    1607335178.07    0.00300002098083    256    0.8    204.8    0.803000020981    1.0    1
76    1607335178.15    1607335178.16    0.00500011444092    256    0.0057    1.4592    0.0107001144409    1.0    1
77    1607335178.23    1607335178.23    0.000999927520752    64    0.0055    0.352    0.00649992752075    1.0    1
78    1607335178.25    1607335178.25    0.0019998550415    64    0.0055    0.352    0.0074998550415    1.0    1
79    1607335178.67    1607335178.67    0.0    16    0.0285    0.456    0.0285    0    0
80    1607335179.17    1607335179.17    0.00100016593933    64    0.0125    0.8    0.0135001659393    1.0    1
81    1607335179.19    1607335179.19    0.00300002098083    256    0.7528    192.7168    0.755800020981    1.0    1
82    1607335179.58    1607335179.58    0.00100016593933    16    0.0297    0.4752    0.0307001659393    0    0
83    1607335179.74    1607335179.74    0.000999927520752    64    0.6779    43.3856    0.678899927521    1.0    1
84    1607335179.78    1607335179.79    0.00399994850159    256    0.4221    108.0576    0.426099948502    1.0    1
85    1607335179.79    1607335179.79    0.000999927520752    4    0.5956    2.3824    0.596599927521    0    0
86    1607335179.91    1607335179.91    0.00200009346008    4    0.0832    0.3328    0.0852000934601    0    0
87    1607335179.98    1607335179.99    0.00999999046326    256    0.4221    108.0576    0.432099990463    1.0    1
88    1607335180.39    1607335180.4    0.000999927520752    4    0.0832    0.3328    0.0841999275208    0    0
89    1607335180.57    1607335180.57    0.0    16    0.0098    0.1568    0.0098    0    0
90    1607335180.62    1607335180.63    0.00300002098083    256    0.7528    192.7168    0.755800020981    1.0    1
91    1607335180.92    1607335180.92    0.00399994850159    256    0.6189    158.4384    0.622899948502    1.0    1
92    1607335180.93    1607335180.94    0.00599980354309    256    0.6189    158.4384    0.624899803543    1.0    1
93    1607335181.38    1607335181.38    0.0    16    0.4243    6.7888    0.4243    0    0
94    1607335181.58    1607335181.58    0.0    256    0.0057    1.4592    0.0057    1.0    1
95    1607335181.66    1607335181.66    0.0    4    1.1283    4.5132    1.1283    0    0
96    1607335181.99    1607335181.99    0.00100016593933    16    0.7616    12.1856    0.762600165939    0    0
97    1607335182.1    1607335182.11    0.000999927520752    16    0.0285    0.456    0.0294999275208    1.0    1
98    1607335182.2    1607335182.2    0.0    4    0.0832    0.3328    0.0832    0    0
99    1607335182.25    1607335182.25    0.000999927520752    4    0.5956    2.3824    0.596599927521    0    0
100    1607335182.47    1607335182.47    0.00300002098083    256    0.8    204.8    0.803000020981    1.0    1
101    1607335182.61    1607335182.61    0.0019998550415    16    0.0098    0.1568    0.0117998550415    1.0    1
102    1607335182.74    1607335182.75    0.00499987602234    256    0.0057    1.4592    0.0106998760223    1.0    1
103    1607335182.86    1607335182.86    0.00200009346008    64    0.0234    1.4976    0.0254000934601    1.0    1
104    1607335183.04    1607335183.04    0.0    4    0.0284    0.1136    0.0284    0    0
105    1607335183.24    1607335183.24    0.0    16    0.4243    6.7888    0.4243    0    0
106    1607335183.37    1607335183.38    0.00300002098083    256    0.6189    158.4384    0.621900020981    1.0    1
107    1607335183.4    1607335183.4    0.000999927520752    16    0.0297    0.4752    0.0306999275208    0    0
108    1607335183.57    1607335183.57    0.000999927520752    16    0.7616    12.1856    0.762599927521    0    0
109    1607335183.69    1607335183.69    0.0    4    0.0284    0.1136    0.0284    0    0
110    1607335183.77    1607335183.77    0.0    4    0.0059    0.0236    0.0059    0    0
111    1607335184.1    1607335184.1    0.000999927520752    16    0.0098    0.1568    0.0107999275208    0    0
112    1607335184.21    1607335184.22    0.00899982452393    256    0.8    204.8    0.808999824524    1.0    1
113    1607335184.23    1607335184.26    0.0269999504089    256    0.0057    1.4592    0.0326999504089    1.0    1
114    1607335184.4    1607335184.4    0.000999927520752    64    0.9446    60.4544    0.945599927521    1.0    1
115    1607335184.6    1607335184.6    0.0019998550415    4    0.0284    0.1136    0.0303998550415    0    0
116    1607335184.9    1607335184.9    0.000999927520752    16    0.8805    14.088    0.881499927521    0    0
117    1607335185.11    1607335185.11    0.00100016593933    16    0.4243    6.7888    0.425300165939    0    0
118    1607335185.26    1607335185.26    0.0    4    0.6452    2.5808    0.6452    0    0
119    1607335185.42    1607335185.42    0.0    64    0.1855    11.872    0.1855    1.0    1
120    1607335185.43    1607335185.44    0.00100016593933    4    0.0059    0.0236    0.00690016593933    0    0
121    1607335185.5    1607335185.5    0.0    16    0.0285    0.456    0.0285    1.0    1
122    1607335185.64    1607335185.64    0.000999927520752    16    0.8805    14.088    0.881499927521    0    0
123    1607335186.01    1607335186.02    0.00400018692017    256    0.6189    158.4384    0.62290018692    1.0    1
124    1607335186.04    1607335186.04    0.00200009346008    64    0.0234    1.4976    0.0254000934601    1.0    1
125    1607335186.18    1607335186.18    0.00399994850159    256    0.0177    4.5312    0.0216999485016    1.0    1
126    1607335186.25    1607335186.25    0.0    4    0.6452    2.5808    0.6452    0    0
127    1607335186.3    1607335186.3    0.000999927520752    16    0.0285    0.456    0.0294999275208    1.0    1
128    1607335186.46    1607335186.46    0.00200009346008    64    0.4167    26.6688    0.41870009346    1.0    1
129    1607335186.6    1607335186.6    0.0    4    0.0832    0.3328    0.0832    0    0
130    1607335186.7    1607335186.7    0.0    64    0.0234    1.4976    0.0234    1.0    1
131    1607335187.13    1607335187.13    0.0    4    0.0059    0.0236    0.0059    0    0
132    1607335187.17    1607335187.17    0.0    16    0.8805    14.088    0.8805    0    0
133    1607335187.6    1607335187.6    0.00100016593933    16    0.7616    12.1856    0.762600165939    0    0
134    1607335188.01    1607335188.01    0.0    64    0.4167    26.6688    0.4167    1.0    1
135    1607335188.06    1607335188.07    0.00399994850159    256    0.8    204.8    0.803999948502    1.0    1
136    1607335188.43    1607335188.43    0.0    4    0.0059    0.0236    0.0059    0    0
137    1607335188.54    1607335188.54    0.0    4    1.1283    4.5132    1.1283    0    0
138    1607335188.76    1607335188.76    0.000999927520752    64    0.0125    0.8    0.0134999275208    1.0    1
139    1607335189.13    1607335189.13    0.0    64    0.1855    11.872    0.1855    1.0    1
140    1607335189.29    1607335189.29    0.0    16    0.0429    0.6864    0.0429    0    0
141    1607335189.44    1607335189.44    0.000999927520752    64    0.0055    0.352    0.00649992752075    1.0    1
142    1607335189.54    1607335189.54    0.00300002098083    64    0.0055    0.352    0.00850002098083    1.0    1
143    1607335189.59    1607335189.6    0.0090000629425    256    0.0177    4.5312    0.0267000629425    1.0    1
144    1607335189.65    1607335189.65    0.0    16    0.8805    14.088    0.8805    0    0
145    1607335189.68    1607335189.68    0.00100016593933    64    0.9446    60.4544    0.945600165939    1.0    1
146    1607335189.72    1607335189.72    0.000999927520752    64    0.0234    1.4976    0.0243999275208    1.0    1
147    1607335189.91    1607335189.92    0.000999927520752    16    0.4243    6.7888    0.425299927521    0    0
148    1607335190.01    1607335190.01    0.0    16    0.7616    12.1856    0.7616    0    0
149    1607335190.11    1607335190.11    0.00300002098083    256    0.4221    108.0576    0.425100020981    1.0    1
150    1607335190.15    1607335190.15    0.000999927520752    4    0.0284    0.1136    0.0293999275208    0    0
151    1607335190.3    1607335190.3    0.000999927520752    4    0.0522    0.2088    0.0531999275208    0    0
152    1607335190.34    1607335190.35    0.00600004196167    256    0.4221    108.0576    0.428100041962    1.0    1
153    1607335190.43    1607335190.43    0.00399994850159    64    0.9446    60.4544    0.948599948502    1.0    1
154    1607335190.66    1607335190.66    0.0    4    0.6452    2.5808    0.6452    0    0
155    1607335190.78    1607335190.78    0.0    4    0.5956    2.3824    0.5956    0    0
156    1607335191.02    1607335191.02    0.0    16    0.4243    6.7888    0.4243    0    0
157    1607335191.08    1607335191.08    0.0    4    0.0059    0.0236    0.0059    0    0
158    1607335191.17    1607335191.17    0.0    4    0.5956    2.3824    0.5956    0    0
159    1607335191.19    1607335191.19    0.0    16    0.0297    0.4752    0.0297    1.0    1
160    1607335191.3    1607335191.3    0.0    4    0.0522    0.2088    0.0522    0    0
161    1607335191.42    1607335191.42    0.00100016593933    64    0.1855    11.872    0.186500165939    1.0    1
162    1607335191.44    1607335191.44    0.0    4    0.5956    2.3824    0.5956    0    0
163    1607335191.64    1607335191.64    0.0    4    0.0522    0.2088    0.0522    0    0
164    1607335191.78    1607335191.78    0.0    16    0.0098    0.1568    0.0098    0    0
165    1607335191.92    1607335191.92    0.000999927520752    64    0.0125    0.8    0.0134999275208    1.0    1
166    1607335192.01    1607335192.01    0.0    4    0.5956    2.3824    0.5956    0    0
167    1607335192.15    1607335192.15    0.0    4    0.6452    2.5808    0.6452    0    0
168    1607335192.17    1607335192.17    0.000999927520752    64    0.4167    26.6688    0.417699927521    1.0    1
169    1607335192.32    1607335192.32    0.00300002098083    256    0.8    204.8    0.803000020981    1.0    1
170    1607335192.51    1607335192.51    0.000999927520752    16    0.0429    0.6864    0.0438999275208    0    0
171    1607335192.72    1607335192.74    0.0269999504089    256    0.7528    192.7168    0.779799950409    1.17777777778    2
172    1607335192.73    1607335192.77    0.0320000648499    16    0.0098    0.1568    0.0418000648499    0    0
173    1607335192.86    1607335192.87    0.00599980354309    256    0.0177    4.5312    0.0236998035431    1.0    1
174    1607335192.92    1607335192.92    0.00300002098083    64    0.0234    1.4976    0.0264000209808    1.0    1
175    1607335193.03    1607335193.04    0.00300002098083    16    0.4243    6.7888    0.427300020981    1.0    1
176    1607335193.04    1607335193.05    0.00200009346008    4    1.1283    4.5132    1.13030009346    0    0
177    1607335193.07    1607335193.08    0.00499987602234    256    0.0177    4.5312    0.0226998760223    1.0    1
178    1607335193.13    1607335193.13    0.00300002098083    64    0.9446    60.4544    0.947600020981    1.0    1
179    1607335193.32    1607335193.33    0.007000207901    256    0.7528    192.7168    0.759800207901    1.0    1
180    1607335193.33    1607335193.34    0.00300002098083    4    0.0832    0.3328    0.0862000209808    0    0
181    1607335193.59    1607335193.59    0.0    16    0.7616    12.1856    0.7616    0    0
182    1607335193.87    1607335193.87    0.0    4    0.0059    0.0236    0.0059    0    0
183    1607335193.99    1607335193.99    0.0    4    0.0832    0.3328    0.0832    0    0
184    1607335194.11    1607335194.11    0.00300002098083    256    0.8    204.8    0.803000020981    1.0    1
185    1607335194.21    1607335194.22    0.00100016593933    4    1.1283    4.5132    1.12930016594    0    0
186    1607335194.36    1607335194.36    0.00100016593933    64    0.0234    1.4976    0.0244001659393    1.0    1
187    1607335194.58    1607335194.58    0.0019998550415    64    0.4167    26.6688    0.418699855042    1.0    1
188    1607335194.85    1607335194.85    0.00300002098083    64    0.9446    60.4544    0.947600020981    1.0    1
189    1607335194.91    1607335194.93    0.0120000839233    256    0.0177    4.5312    0.0297000839233    1.0    1
190    1607335195.03    1607335195.04    0.00300002098083    256    0.4221    108.0576    0.425100020981    1.0    1
191    1607335195.14    1607335195.15    0.00500011444092    256    0.0177    4.5312    0.0227001144409    1.0    1
192    1607335195.17    1607335195.18    0.00399994850159    64    0.1855    11.872    0.189499948502    1.0    1
193    1607335195.23    1607335195.23    0.000999927520752    16    0.8805    14.088    0.881499927521    0    0
194    1607335195.41    1607335195.41    0.00600004196167    256    0.8    204.8    0.806000041962    1.0    1
195    1607335195.45    1607335195.45    0.0019998550415    16    0.0297    0.4752    0.0316998550415    0    0
196    1607335195.82    1607335195.82    0.0    64    0.4167    26.6688    0.4167    1.0    1
197    1607335195.89    1607335195.9    0.00399994850159    256    0.4221    108.0576    0.426099948502    1.0    1
198    1607335196.01    1607335196.01    0.00300002098083    4    0.0832    0.3328    0.0862000209808    0    0
199    1607335196.09    1607335196.1    0.00799989700317    256    0.4221    108.0576    0.430099897003    1.0    1
200    1607335196.15    1607335196.15    0.00600004196167    256    0.0177    4.5312    0.0237000419617    1.0    1
201    1607335196.21    1607335196.21    0.00599980354309    256    0.7528    192.7168    0.758799803543    1.0    1
202    1607335196.43    1607335196.43    0.0    4    0.0059    0.0236    0.0059    0    0
203    1607335196.46    1607335196.46    0.0    64    0.0055    0.352    0.0055    1.0    1
204    1607335196.8    1607335196.8    0.0    64    0.9446    60.4544    0.9446    1.0    1
205    1607335196.86    1607335196.86    0.000999927520752    16    0.8805    14.088    0.881499927521    0    0
206    1607335196.88    1607335196.88    0.0    16    0.0285    0.456    0.0285    0    0
207    1607335196.98    1607335196.98    0.000999927520752    16    0.0429    0.6864    0.0438999275208    0    0
208    1607335197.06    1607335197.06    0.00299978256226    256    0.8    204.8    0.802999782562    1.0    1
209    1607335197.09    1607335197.09    0.0019998550415    16    0.0297    0.4752    0.0316998550415    0    0
210    1607335197.34    1607335197.34    0.00200009346008    16    0.0285    0.456    0.0305000934601    0    0
211    1607335197.39    1607335197.39    0.00100016593933    4    0.0832    0.3328    0.0842001659393    0    0
212    1607335197.66    1607335197.67    0.00200009346008    16    0.0098    0.1568    0.0118000934601    0    0
213    1607335197.7    1607335197.71    0.00100016593933    4    0.0284    0.1136    0.0294001659393    0    0
214    1607335198.32    1607335198.32    0.00300002098083    256    0.4221    108.0576    0.425100020981    1.0    1
215    1607335198.44    1607335198.44    0.000999927520752    16    0.0297    0.4752    0.0306999275208    0    0
216    1607335198.45    1607335198.46    0.00399994850159    256    0.4221    108.0576    0.426099948502    1.0    1
217    1607335198.55    1607335198.56    0.00300002098083    64    0.6779    43.3856    0.680900020981    1.0    1
218    1607335198.65    1607335198.66    0.00599980354309    256    0.7528    192.7168    0.758799803543    1.0    1
219    1607335198.87    1607335198.87    0.0    64    0.0125    0.8    0.0125    1.0    1
220    1607335198.92    1607335198.92    0.00300002098083    256    0.8    204.8    0.803000020981    1.0    1
221    1607335198.94    1607335198.94    0.00100016593933    4    0.0522    0.2088    0.0532001659393    0    0
222    1607335199.24    1607335199.24    0.0019998550415    4    0.0522    0.2088    0.0541998550415    0    0
223    1607335199.37    1607335199.37    0.00100016593933    16    0.0285    0.456    0.0295001659393    0    0
224    1607335199.45    1607335199.46    0.00400018692017    256    0.4221    108.0576    0.42610018692    1.0    1
225    1607335199.53    1607335199.53    0.000999927520752    4    0.0059    0.0236    0.00689992752075    0    0
226    1607335199.72    1607335199.72    0.00600004196167    256    0.8    204.8    0.806000041962    1.0    1
227    1607335199.97    1607335199.97    0.0    4    0.0832    0.3328    0.0832    0    0
228    1607335200.18    1607335200.18    0.000999927520752    64    0.6779    43.3856    0.678899927521    1.0    1
229    1607335200.34    1607335200.34    0.0019998550415    256    0.0177    4.5312    0.0196998550415    1.0    1
230    1607335200.37    1607335200.37    0.0    16    0.8805    14.088    0.8805    0    0
231    1607335200.64    1607335200.64    0.00100016593933    64    0.0234    1.4976    0.0244001659393    1.0    1
232    1607335200.76    1607335200.76    0.0    16    0.0429    0.6864    0.0429    0    0
233    1607335200.8    1607335200.8    0.0    16    0.0429    0.6864    0.0429    0    0
234    1607335200.89    1607335200.89    0.0    64    0.0055    0.352    0.0055    1.0    1
235    1607335200.93    1607335200.93    0.00299978256226    256    0.6189    158.4384    0.621899782562    1.0    1
236    1607335201.03    1607335201.04    0.00100016593933    16    0.4243    6.7888    0.425300165939    0    0
237    1607335201.26    1607335201.26    0.0    4    0.6452    2.5808    0.6452    0    0
238    1607335201.31    1607335201.31    0.0    64    0.9446    60.4544    0.9446    1.0    1
239    1607335201.51    1607335201.51    0.0    16    0.0098    0.1568    0.0098    0    0
240    1607335201.69    1607335201.69    0.0    64    0.4167    26.6688    0.4167    1.0    1
241    1607335201.86    1607335201.86    0.0    16    0.7616    12.1856    0.7616    0    0
242    1607335201.95    1607335201.95    0.0    16    0.7616    12.1856    0.7616    1.0    1
243    1607335202.1    1607335202.1    0.000999927520752    16    0.8805    14.088    0.881499927521    0    0
244    1607335202.27    1607335202.28    0.00400018692017    256    0.4221    108.0576    0.42610018692    1.0    1
245    1607335202.53    1607335202.53    0.000999927520752    16    0.0429    0.6864    0.0438999275208    0    0
246    1607335202.59    1607335202.6    0.000999927520752    16    0.0429    0.6864    0.0438999275208    0    0
247    1607335202.62    1607335202.62    0.000999927520752    64    0.0055    0.352    0.00649992752075    1.0    1
248    1607335202.7    1607335202.7    0.0    4    1.1283    4.5132    1.1283    0    0
249    1607335202.74    1607335202.74    0.00399994850159    256    0.8    204.8    0.803999948502    1.0    1
250    1607335202.81    1607335202.81    0.0019998550415    16    0.0098    0.1568    0.0117998550415    1.0    1
251    1607335203.11    1607335203.11    0.000999927520752    16    0.4243    6.7888    0.425299927521    0    0
252    1607335203.34    1607335203.34    0.00500011444092    256    0.4221    108.0576    0.427100114441    1.0    1
253    1607335203.55    1607335203.55    0.0    4    1.1283    4.5132    1.1283    0    0
254    1607335203.61    1607335203.61    0.0    16    0.0285    0.456    0.0285    0    0
255    1607335203.73    1607335203.73    0.0    64    0.0125    0.8    0.0125    1.0    1
256    1607335203.93    1607335203.93    0.0    64    0.0234    1.4976    0.0234    1.0    1
257    1607335204.05    1607335204.05    0.000999927520752    64    0.0055    0.352    0.00649992752075    1.0    1
258    1607335204.07    1607335204.07    0.00399994850159    256    0.7528    192.7168    0.756799948502    1.0    1
259    1607335204.12    1607335204.12    0.0019998550415    16    0.8805    14.088    0.882499855042    0    0
260    1607335204.38    1607335204.38    0.000999927520752    64    0.0055    0.352    0.00649992752075    1.0    1
261    1607335204.41    1607335204.41    0.00200009346008    64    0.0125    0.8    0.0145000934601    1.0    1
262    1607335204.54    1607335204.54    0.000999927520752    16    0.0297    0.4752    0.0306999275208    1.0    1
263    1607335204.75    1607335204.75    0.0    4    1.1283    4.5132    1.1283    0    0
264    1607335204.82    1607335204.82    0.00399994850159    256    0.0057    1.4592    0.00969994850159    1.0    1
265    1607335204.85    1607335204.85    0.00300002098083    256    0.6189    158.4384    0.621900020981    1.0    1
266    1607335204.86    1607335204.86    0.000999927520752    4    0.5956    2.3824    0.596599927521    0    0
267    1607335204.89    1607335204.89    0.00100016593933    16    0.0098    0.1568    0.0108001659393    1.0    1
268    1607335205.06    1607335205.06    0.000999927520752    16    0.4243    6.7888    0.425299927521    0    0
269    1607335205.1    1607335205.1    0.00200009346008    64    0.1855    11.872    0.18750009346    1.0    1
270    1607335205.16    1607335205.16    0.00500011444092    256    0.6189    158.4384    0.623900114441    1.0    1
271    1607335205.17    1607335205.17    0.00399994850159    64    0.6779    43.3856    0.681899948502    1.0    1
272    1607335205.42    1607335205.42    0.000999927520752    4    0.6452    2.5808    0.646199927521    0    0
273    1607335205.46    1607335205.46    0.000999927520752    4    0.0284    0.1136    0.0293999275208    0    0
274    1607335205.47    1607335205.48    0.00100016593933    4    0.0522    0.2088    0.0532001659393    0    0
275    1607335205.64    1607335205.64    0.0    4    1.1283    4.5132    1.1283    0    0
276    1607335206.14    1607335206.14    0.0    4    0.0284    0.1136    0.0284    0    0
277    1607335206.21    1607335206.21    0.00300002098083    256    0.6189    158.4384    0.621900020981    1.0    1
278    1607335206.22    1607335206.22    0.00100016593933    16    0.7616    12.1856    0.762600165939    0    0
279    1607335206.27    1607335206.27    0.000999927520752    4    0.0522    0.2088    0.0531999275208    0    0
280    1607335206.76    1607335206.76    0.00100016593933    16    0.0429    0.6864    0.0439001659393    1.0    1
281    1607335206.79    1607335206.79    0.0019998550415    64    0.0055    0.352    0.0074998550415    1.0    1
282    1607335207.08    1607335207.08    0.0    16    0.8805    14.088    0.8805    0    0
283    1607335207.14    1607335207.15    0.00300002098083    256    0.0177    4.5312    0.0207000209808    1.0    1
284    1607335207.25    1607335207.25    0.00300002098083    256    0.6189    158.4384    0.621900020981    1.0    1
285    1607335207.33    1607335207.34    0.000999927520752    16    0.0285    0.456    0.0294999275208    0    0
286    1607335207.36    1607335207.36    0.000999927520752    16    0.0429    0.6864    0.0438999275208    0    0
287    1607335207.46    1607335207.46    0.00200009346008    64    0.6779    43.3856    0.67990009346    1.0    1
288    1607335207.58    1607335207.58    0.00200009346008    64    0.1855    11.872    0.18750009346    1.0    1
289    1607335207.77    1607335207.78    0.007000207901    256    0.8    204.8    0.807000207901    1.0    1
290    1607335208.24    1607335208.24    0.00100016593933    64    0.4167    26.6688    0.417700165939    1.0    1
291    1607335208.59    1607335208.59    0.000999927520752    64    0.0125    0.8    0.0134999275208    1.0    1
292    1607335208.97    1607335208.97    0.0019998550415    256    0.0177    4.5312    0.0196998550415    1.0    1
293    1607335208.97    1607335208.97    0.000999927520752    4    0.0059    0.0236    0.00689992752075    0    0
294    1607335208.98    1607335208.98    0.00100016593933    4    0.0284    0.1136    0.0294001659393    0    0
295    1607335209.16    1607335209.17    0.000999927520752    64    0.0125    0.8    0.0134999275208    1.0    1
296    1607335209.27    1607335209.27    0.00200009346008    64    0.0234    1.4976    0.0254000934601    1.0    1
297    1607335209.27    1607335209.28    0.00500011444092    256    0.7528    192.7168    0.757800114441    1.0    1
298    1607335209.34    1607335209.34    0.000999927520752    64    0.4167    26.6688    0.417699927521    1.0    1
299    1607335209.34    1607335209.34    0.00200009346008    16    0.0285    0.456    0.0305000934601    0    0
300    1607335209.36    1607335209.36    0.0019998550415    64    0.0234    1.4976    0.0253998550415    1.0    1
301    1607335209.51    1607335209.52    0.00200009346008    16    0.4243    6.7888    0.42630009346    0    0
302    1607335209.51    1607335209.52    0.00300002098083    4    0.5956    2.3824    0.598600020981    0    0
303    1607335209.9    1607335209.9    0.0    16    0.0098    0.1568    0.0098    0    0
304    1607335209.95    1607335209.95    0.000999927520752    64    0.4167    26.6688    0.417699927521    1.0    1
305    1607335209.99    1607335209.99    0.000999927520752    16    0.8805    14.088    0.881499927521    0    0
306    1607335210.08    1607335210.08    0.00300002098083    256    0.0057    1.4592    0.00870002098083    1.0    1
307    1607335210.28    1607335210.28    0.0    4    0.0832    0.3328    0.0832    0    0
308    1607335211.1    1607335211.1    0.0    4    1.1283    4.5132    1.1283    0    0
309    1607335211.17    1607335211.17    0.00300002098083    256    0.6189    158.4384    0.621900020981    1.0    1
310    1607335211.4    1607335211.41    0.00499987602234    256    0.4221    108.0576    0.427099876022    1.0    1
311    1607335211.49    1607335211.49    0.00200009346008    16    0.8805    14.088    0.88250009346    0    0
312    1607335211.54    1607335211.54    0.00699996948242    256    0.8    204.8    0.806999969482    1.0    1
313    1607335211.68    1607335211.68    0.00300002098083    64    0.0125    0.8    0.0155000209808    1.0    1
314    1607335211.93    1607335211.93    0.000999927520752    16    0.4243    6.7888    0.425299927521    0    0
315    1607335212.15    1607335212.15    0.0    16    0.0285    0.456    0.0285    1.0    1
316    1607335212.18    1607335212.18    0.000999927520752    16    0.0098    0.1568    0.0107999275208    0    0
317    1607335212.26    1607335212.26    0.000999927520752    64    0.6779    43.3856    0.678899927521    1.0    1
318    1607335212.32    1607335212.33    0.00399994850159    256    0.7528    192.7168    0.756799948502    1.0    1
319    1607335212.34    1607335212.34    0.00100016593933    4    0.5956    2.3824    0.596600165939    0    0
320    1607335212.39    1607335212.39    0.0    4    0.0832    0.3328    0.0832    0    0
321    1607335212.4    1607335212.4    0.00499987602234    256    0.7528    192.7168    0.757799876022    1.17777777778    2
322    1607335212.71    1607335212.71    0.00300002098083    16    0.4243    6.7888    0.427300020981    1.0    1
323    1607335212.89    1607335212.9    0.00200009346008    4    0.0522    0.2088    0.0542000934601    0    0
324    1607335212.95    1607335212.98    0.0270001888275    256    0.0177    4.5312    0.0447001888275    1.0    1
325    1607335213.17    1607335213.17    0.00100016593933    16    0.4243    6.7888    0.425300165939    0    0
326    1607335213.34    1607335213.35    0.000999927520752    64    0.6779    43.3856    0.678899927521    1.0    1
327    1607335213.49    1607335213.5    0.00399994850159    256    0.7528    192.7168    0.756799948502    1.0    1
328    1607335213.59    1607335213.59    0.00100016593933    4    0.0522    0.2088    0.0532001659393    0    0
329    1607335213.66    1607335213.66    0.00500011444092    256    0.0177    4.5312    0.0227001144409    1.19444444444    2
330    1607335213.76    1607335213.76    0.0    4    0.0059    0.0236    0.0059    0    0
331    1607335214.05    1607335214.05    0.0    4    0.5956    2.3824    0.5956    0    0
332    1607335214.12    1607335214.13    0.000999927520752    64    0.6779    43.3856    0.678899927521    1.0    1
333    1607335214.13    1607335214.13    0.0019998550415    16    0.0285    0.456    0.0304998550415    1.0    1
334    1607335214.27    1607335214.27    0.0    16    0.8805    14.088    0.8805    0    0
335    1607335214.27    1607335214.27    0.0    16    0.7616    12.1856    0.7616    1.0    1
336    1607335214.3    1607335214.31    0.00300002098083    256    0.6189    158.4384    0.621900020981    1.0    1
337    1607335214.34    1607335214.34    0.0019998550415    16    0.0297    0.4752    0.0316998550415    0    0
338    1607335214.41    1607335214.41    0.00200009346008    64    0.6779    43.3856    0.67990009346    1.0    1
339    1607335214.69    1607335214.69    0.0    4    0.0059    0.0236    0.0059    0    0
340    1607335214.71    1607335214.71    0.0    4    0.0832    0.3328    0.0832    0    0
341    1607335214.88    1607335214.88    0.0    4    0.5956    2.3824    0.5956    0    0
342    1607335215.07    1607335215.07    0.0    16    0.8805    14.088    0.8805    0    0
343    1607335215.23    1607335215.23    0.0    16    0.0297    0.4752    0.0297    1.0    1
344    1607335215.42    1607335215.42    0.0    4    0.0284    0.1136    0.0284    0    0
345    1607335215.61    1607335215.61    0.0    4    0.0284    0.1136    0.0284    0    0
346    1607335215.84    1607335215.84    0.0    4    0.0059    0.0236    0.0059    0    0
347    1607335215.94    1607335215.94    0.0    4    0.0059    0.0236    0.0059    0    0
348    1607335216.13    1607335216.13    0.000999927520752    64    0.0234    1.4976    0.0243999275208    1.0    1
349    1607335216.24    1607335216.24    0.000999927520752    64    0.4167    26.6688    0.417699927521    1.0    1
350    1607335216.45    1607335216.45    0.0    4    0.5956    2.3824    0.5956    0    0
351    1607335216.45    1607335216.45    0.0    4    0.0832    0.3328    0.0832    0    0
352    1607335216.55    1607335216.56    0.00100016593933    64    0.1855    11.872    0.186500165939    1.0    1
353    1607335217.08    1607335217.08    0.0    16    0.0297    0.4752    0.0297    0    0
354    1607335217.15    1607335217.15    0.0    16    0.0098    0.1568    0.0098    0    0
355    1607335217.23    1607335217.23    0.000999927520752    4    0.0522    0.2088    0.0531999275208    0    0
356    1607335217.28    1607335217.28    0.0    4    0.6452    2.5808    0.6452    0    0
357    1607335217.35    1607335217.36    0.00300002098083    256    0.6189    158.4384    0.621900020981    1.0    1
358    1607335217.5    1607335217.5    0.000999927520752    16    0.0297    0.4752    0.0306999275208    0    0
359    1607335217.54    1607335217.54    0.00100016593933    64    0.0055    0.352    0.00650016593933    1.0    1
360    1607335217.59    1607335217.59    0.00100016593933    16    0.0098    0.1568    0.0108001659393    0    0
361    1607335217.61    1607335217.61    0.000999927520752    16    0.0297    0.4752    0.0306999275208    0    0
362    1607335217.86    1607335217.86    0.000999927520752    64    0.0234    1.4976    0.0243999275208    1.0    1
363    1607335217.86    1607335217.86    0.00100016593933    4    0.0284    0.1136    0.0294001659393    0    0
364    1607335217.9    1607335217.9    0.000999927520752    16    0.4243    6.7888    0.425299927521    0    0
365    1607335218.21    1607335218.21    0.0    4    0.6452    2.5808    0.6452    0    0
366    1607335218.62    1607335218.62    0.0    4    0.5956    2.3824    0.5956    0    0
367    1607335218.73    1607335218.73    0.0    64    0.4167    26.6688    0.4167    1.0    1
368    1607335218.77    1607335218.77    0.0    16    0.0429    0.6864    0.0429    0    0
369    1607335218.81    1607335218.82    0.00499987602234    256    0.4221    108.0576    0.427099876022    1.0    1
370    1607335218.95    1607335218.95    0.00300002098083    64    0.0234    1.4976    0.0264000209808    1.0    1
371    1607335219.16    1607335219.16    0.0    64    0.6779    43.3856    0.6779    1.0    1
372    1607335219.18    1607335219.18    0.0    4    0.0284    0.1136    0.0284    0    0
373    1607335219.29    1607335219.3    0.00200009346008    64    0.9446    60.4544    0.94660009346    1.0    1
374    1607335219.33    1607335219.34    0.0140001773834    256    0.8    204.8    0.814000177383    1.0    1
375    1607335219.87    1607335219.87    0.0    64    0.0125    0.8    0.0125    1.0    1
376    1607335220.27    1607335220.27    0.0    4    0.0522    0.2088    0.0522    0    0
377    1607335220.4    1607335220.42    0.0130000114441    256    0.0057    1.4592    0.0187000114441    1.0    1
378    1607335220.56    1607335220.56    0.0    4    1.1283    4.5132    1.1283    0    0
379    1607335220.59    1607335220.59    0.00100016593933    64    0.6779    43.3856    0.678900165939    1.0    1
380    1607335220.74    1607335220.74    0.0    16    0.0297    0.4752    0.0297    0    0
381    1607335221.09    1607335221.09    0.0    4    0.6452    2.5808    0.6452    0    0
382    1607335221.53    1607335221.53    0.0    64    0.6779    43.3856    0.6779    1.0    1
383    1607335221.88    1607335221.88    0.0    4    0.6452    2.5808    0.6452    0    0
384    1607335222.1    1607335222.1    0.000999927520752    4    0.0284    0.1136    0.0293999275208    0    0
385    1607335222.24    1607335222.24    0.000999927520752    64    0.6779    43.3856    0.678899927521    1.0    1
386    1607335222.25    1607335222.25    0.0    4    0.5956    2.3824    0.5956    0    0
387    1607335222.46    1607335222.46    0.00300002098083    256    0.7528    192.7168    0.755800020981    1.0    1
388    1607335222.68    1607335222.68    0.00500011444092    256    0.4221    108.0576    0.427100114441    1.17777777778    2
389    1607335222.78    1607335222.79    0.00500011444092    256    0.4221    108.0576    0.427100114441    1.0    1
390    1607335222.82    1607335222.84    0.0160000324249    256    0.0177    4.5312    0.0337000324249    1.33333333333    2
391    1607335223.52    1607335223.52    0.0    4    0.0284    0.1136    0.0284    0    0
392    1607335223.81    1607335223.81    0.00100016593933    16    0.8805    14.088    0.881500165939    0    0
393    1607335224.12    1607335224.12    0.00100016593933    64    0.0234    1.4976    0.0244001659393    1.0    1
394    1607335224.21    1607335224.21    0.0    4    0.5956    2.3824    0.5956    0    0
395    1607335224.22    1607335224.23    0.00100016593933    64    0.4167    26.6688    0.417700165939    1.0    1
396    1607335224.23    1607335224.23    0.0019998550415    64    0.0234    1.4976    0.0253998550415    1.0    1
397    1607335224.25    1607335224.25    0.000999927520752    16    0.0098    0.1568    0.0107999275208    1.0    1
398    1607335224.55    1607335224.56    0.00300002098083    256    0.0057    1.4592    0.00870002098083    1.0    1
399    1607335224.59    1607335224.59    0.0    4    0.0059    0.0236    0.0059    0    0
400    1607335224.68    1607335224.68    0.0    16    0.0429    0.6864    0.0429    1.0    1
401    1607335224.71    1607335224.72    0.00300002098083    256    0.7528    192.7168    0.755800020981    1.0    1
402    1607335224.82    1607335224.82    0.00499987602234    256    0.0177    4.5312    0.0226998760223    1.17777777778    2
403    1607335224.92    1607335224.92    0.0    4    0.5956    2.3824    0.5956    0    0
404    1607335224.99    1607335224.99    0.00500011444092    256    0.0057    1.4592    0.0107001144409    1.16363636364    2
405    1607335225.15    1607335225.15    0.00200009346008    64    0.0055    0.352    0.00750009346008    1.0    1
406    1607335225.24    1607335225.25    0.00500011444092    256    0.0177    4.5312    0.0227001144409    1.16363636364    2
407    1607335225.47    1607335225.47    0.0    16    0.0285    0.456    0.0285    0    0
408    1607335225.81    1607335225.81    0.000999927520752    16    0.4243    6.7888    0.425299927521    0    0
409    1607335225.82    1607335225.82    0.0    4    1.1283    4.5132    1.1283    0    0
410    1607335226.07    1607335226.07    0.0    16    0.7616    12.1856    0.7616    1.0    1
411    1607335226.12    1607335226.12    0.0    4    1.1283    4.5132    1.1283    0    0
412    1607335226.2    1607335226.2    0.000999927520752    64    0.0055    0.352    0.00649992752075    1.0    1
413    1607335226.2    1607335226.2    0.00200009346008    16    0.0285    0.456    0.0305000934601    0    0
414    1607335226.39    1607335226.39    0.0    4    1.1283    4.5132    1.1283    0    0
415    1607335226.47    1607335226.47    0.000999927520752    64    0.0055    0.352    0.00649992752075    1.0    1
416    1607335226.6    1607335226.6    0.00100016593933    16    0.7616    12.1856    0.762600165939    1.0    1
417    1607335226.61    1607335226.61    0.0    4    1.1283    4.5132    1.1283    0    0
418    1607335226.62    1607335226.62    0.00300002098083    256    0.0177    4.5312    0.0207000209808    1.0    1
419    1607335226.86    1607335226.86    0.00300002098083    256    0.7528    192.7168    0.755800020981    1.0    1
420    1607335226.91    1607335226.91    0.00200009346008    64    0.1855    11.872    0.18750009346    1.0    1
421    1607335227.16    1607335227.16    0.0019998550415    64    0.0055    0.352    0.0074998550415    1.0    1
422    1607335227.2    1607335227.2    0.00400018692017    256    0.0177    4.5312    0.0217001869202    1.19444444444    2
423    1607335227.28    1607335227.29    0.00600004196167    256    0.4221    108.0576    0.428100041962    1.17777777778    2
424    1607335227.3    1607335227.31    0.00200009346008    16    0.0285    0.456    0.0305000934601    1.0    1
425    1607335227.78    1607335227.78    0.0    16    0.8805    14.088    0.8805    0    0
426    1607335227.89    1607335227.89    0.000999927520752    64    0.6779    43.3856    0.678899927521    1.0    1
427    1607335228.22    1607335228.22    0.0    4    0.0284    0.1136    0.0284    0    0
428    1607335228.33    1607335228.33    0.0    4    0.6452    2.5808    0.6452    0    0
429    1607335228.36    1607335228.37    0.00300002098083    256    0.7528    192.7168    0.755800020981    1.0    1
430    1607335228.37    1607335228.38    0.00500011444092    256    0.8    204.8    0.805000114441    1.0    1
431    1607335228.82    1607335228.83    0.00699996948242    256    0.8    204.8    0.806999969482    1.17777777778    2
432    1607335229.06    1607335229.06    0.00699996948242    256    0.8    204.8    0.806999969482    1.0    1
433    1607335229.91    1607335229.91    0.00300002098083    256    0.0177    4.5312    0.0207000209808    1.0    1
434    1607335229.98    1607335229.99    0.00100016593933    64    0.0055    0.352    0.00650016593933    1.0    1
435    1607335230.15    1607335230.15    0.0    16    0.0098    0.1568    0.0098    0    0
436    1607335230.2    1607335230.2    0.000999927520752    64    0.4167    26.6688    0.417699927521    1.0    1
437    1607335230.56    1607335230.56    0.0    16    0.8805    14.088    0.8805    0    0
438    1607335230.75    1607335230.75    0.0    16    0.0098    0.1568    0.0098    0    0
439    1607335230.81    1607335230.81    0.0    4    0.0284    0.1136    0.0284    0    0
440    1607335231.03    1607335231.03    0.0    4    0.6452    2.5808    0.6452    0    0
441    1607335231.44    1607335231.44    0.0    4    0.5956    2.3824    0.5956    0    0
442    1607335231.49    1607335231.49    0.0    16    0.0297    0.4752    0.0297    0    0
443    1607335231.51    1607335231.51    0.00400018692017    256    0.8    204.8    0.80400018692    1.0    1
444    1607335231.51    1607335231.52    0.00600004196167    64    0.0055    0.352    0.0115000419617    1.0    1
445    1607335231.56    1607335231.56    0.0    4    0.0522    0.2088    0.0522    0    0
446    1607335231.58    1607335231.58    0.0    4    0.0059    0.0236    0.0059    0    0
447    1607335231.94    1607335231.94    0.0    4    0.0522    0.2088    0.0522    0    0
448    1607335231.96    1607335231.96    0.0    4    0.0284    0.1136    0.0284    0    0
449    1607335231.98    1607335231.99    0.00200009346008    64    0.4167    26.6688    0.41870009346    1.0    1
450    1607335232.05    1607335232.06    0.0130000114441    256    0.6189    158.4384    0.631900011444    1.19444444444    2
451    1607335232.05    1607335232.09    0.0320000648499    4    0.0832    0.3328    0.11520006485    0    0
452    1607335232.16    1607335232.16    0.0019998550415    64    0.0055    0.352    0.0074998550415    1.0    1
453    1607335232.22    1607335232.22    0.00200009346008    4    0.5956    2.3824    0.59760009346    0    0
454    1607335232.24    1607335232.25    0.00300002098083    64    0.0055    0.352    0.00850002098083    1.0    1
455    1607335232.31    1607335232.31    0.0019998550415    16    0.8805    14.088    0.882499855042    0    0
456    1607335232.44    1607335232.45    0.00100016593933    64    0.0234    1.4976    0.0244001659393    1.0    1
457    1607335232.69    1607335232.69    0.00100016593933    16    0.7616    12.1856    0.762600165939    0    0
458    1607335232.76    1607335232.76    0.0    16    0.0098    0.1568    0.0098    0    0
459    1607335232.83    1607335232.83    0.0    16    0.8805    14.088    0.8805    0    0
460    1607335233.16    1607335233.16    0.000999927520752    16    0.8805    14.088    0.881499927521    0    0
461    1607335233.23    1607335233.23    0.000999927520752    64    0.9446    60.4544    0.945599927521    1.0    1
462    1607335233.35    1607335233.35    0.000999927520752    4    1.1283    4.5132    1.12929992752    0    0
463    1607335233.37    1607335233.37    0.000999927520752    64    0.0055    0.352    0.00649992752075    1.0    1
464    1607335233.41    1607335233.41    0.000999927520752    4    0.0284    0.1136    0.0293999275208    0    0
465    1607335233.98    1607335233.98    0.0    16    0.0098    0.1568    0.0098    0    0
466    1607335234.04    1607335234.04    0.000999927520752    4    0.0522    0.2088    0.0531999275208    0    0
467    1607335234.04    1607335234.04    0.00100016593933    16    0.0429    0.6864    0.0439001659393    0    0
468    1607335234.36    1607335234.37    0.000999927520752    16    0.7616    12.1856    0.762599927521    0    0
469    1607335234.51    1607335234.51    0.00300002098083    256    0.7528    192.7168    0.755800020981    1.0    1
470    1607335234.69    1607335234.69    0.00100016593933    16    0.4243    6.7888    0.425300165939    0    0
471    1607335234.81    1607335234.82    0.00399994850159    256    0.8    204.8    0.803999948502    1.0    1
472    1607335234.86    1607335234.87    0.00599980354309    256    0.8    204.8    0.805999803543    1.0    1
473    1607335234.89    1607335234.89    0.00300002098083    64    0.0234    1.4976    0.0264000209808    1.0    1
474    1607335235.01    1607335235.02    0.00300002098083    16    0.0098    0.1568    0.0128000209808    0    0
475    1607335235.07    1607335235.07    0.00499987602234    256    0.0177    4.5312    0.0226998760223    1.0    1
476    1607335235.29    1607335235.3    0.00100016593933    64    0.0125    0.8    0.0135001659393    1.0    1
477    1607335235.84    1607335235.84    0.0    4    0.0522    0.2088    0.0522    0    0
478    1607335236.14    1607335236.14    0.0    4    0.0284    0.1136    0.0284    0    0
479    1607335236.22    1607335236.22    0.000999927520752    64    0.9446    60.4544    0.945599927521    1.0    1
480    1607335236.29    1607335236.29    0.000999927520752    64    0.0125    0.8    0.0134999275208    1.0    1
481    1607335236.43    1607335236.44    0.00300002098083    256    0.4221    108.0576    0.425100020981    1.0    1
482    1607335237.04    1607335237.04    0.0    4    0.0832    0.3328    0.0832    0    0
483    1607335237.18    1607335237.18    0.0    64    0.1855    11.872    0.1855    1.0    1
484    1607335237.53    1607335237.53    0.0    4    0.0284    0.1136    0.0284    0    0
485    1607335237.91    1607335237.92    0.00300002098083    256    0.0177    4.5312    0.0207000209808    1.0    1
486    1607335238.13    1607335238.13    0.0    64    0.6779    43.3856    0.6779    1.0    1
487    1607335238.57    1607335238.57    0.000999927520752    64    0.0234    1.4976    0.0243999275208    1.0    1
488    1607335238.59    1607335238.59    0.0    4    0.0284    0.1136    0.0284    0    0
489    1607335238.64    1607335238.64    0.00300002098083    256    0.0057    1.4592    0.00870002098083    1.0    1
490    1607335238.97    1607335238.98    0.00300002098083    256    0.6189    158.4384    0.621900020981    1.0    1
491    1607335239.26    1607335239.26    0.000999927520752    64    0.6779    43.3856    0.678899927521    1.0    1
492    1607335239.37    1607335239.37    0.0019998550415    64    0.1855    11.872    0.187499855042    1.0    1
493    1607335239.67    1607335239.68    0.00300002098083    256    0.8    204.8    0.803000020981    1.0    1
494    1607335239.68    1607335239.68    0.00200009346008    4    0.5956    2.3824    0.59760009346    0    0
495    1607335239.81    1607335239.81    0.000999927520752    16    0.0285    0.456    0.0294999275208    0    0
496    1607335239.84    1607335239.84    0.0019998550415    16    0.0429    0.6864    0.0448998550415    1.0    1
497    1607335239.87    1607335239.87    0.0019998550415    16    0.4243    6.7888    0.426299855042    0    0
498    1607335240.0    1607335240.01    0.00500011444092    256    0.8    204.8    0.805000114441    1.0    1
499    1607335240.06    1607335240.07    0.00200009346008    16    0.7616    12.1856    0.76360009346    0    0
500    1607335240.22    1607335240.22    0.0019998550415    16    0.7616    12.1856    0.763599855042    0    0
501    1607335240.49    1607335240.49    0.00200009346008    64    0.0125    0.8    0.0145000934601    1.0    1
502    1607335240.61    1607335240.61    0.000999927520752    16    0.0098    0.1568    0.0107999275208    0    0
503    1607335240.75    1607335240.75    0.0    4    0.5956    2.3824    0.5956    0    0
504    1607335240.96    1607335240.97    0.00300002098083    256    0.8    204.8    0.803000020981    1.0    1
505    1607335241.08    1607335241.08    0.000999927520752    4    0.5956    2.3824    0.596599927521    0    0
506    1607335241.09    1607335241.09    0.000999927520752    16    0.7616    12.1856    0.762599927521    0    0
507    1607335241.12    1607335241.12    0.0    16    0.4243    6.7888    0.4243    1.0    1
508    1607335242.02    1607335242.02    0.0    4    0.0284    0.1136    0.0284    0    0
509    1607335242.49    1607335242.49    0.0    4    0.6452    2.5808    0.6452    0    0
510    1607335242.63    1607335242.63    0.000999927520752    64    0.4167    26.6688    0.417699927521    1.0    1
511    1607335242.74    1607335242.74    0.00299978256226    64    0.1855    11.872    0.188499782562    1.0    1
512    1607335242.96    1607335242.96    0.0    4    0.0284    0.1136    0.0284    0    0
513    1607335242.99    1607335243.0    0.00300002098083    256    0.0057    1.4592    0.00870002098083    1.0    1
514    1607335243.09    1607335243.09    0.0    4    0.0832    0.3328    0.0832    0    0
515    1607335243.19    1607335243.19    0.00200009346008    256    0.0057    1.4592    0.00770009346008    1.0    1
516    1607335243.37    1607335243.37    0.0    16    0.0098    0.1568    0.0098    0    0
517    1607335243.37    1607335243.37    0.0    4    1.1283    4.5132    1.1283    0    0
518    1607335243.52    1607335243.52    0.0    16    0.7616    12.1856    0.7616    0    0
519    1607335243.71    1607335243.71    0.0    4    0.5956    2.3824    0.5956    0    0
520    1607335244.47    1607335244.47    0.00299978256226    256    0.7528    192.7168    0.755799782562    1.0    1
521    1607335244.54    1607335244.54    0.00399994850159    256    0.0177    4.5312    0.0216999485016    1.19444444444    2
522    1607335244.64    1607335244.64    0.00400018692017    256    0.0177    4.5312    0.0217001869202    1.19444444444    2
523    1607335244.96    1607335244.96    0.00200009346008    64    0.1855    11.872    0.18750009346    1.0    1
524    1607335245.51    1607335245.51    0.0    4    0.0059    0.0236    0.0059    0    0
525    1607335245.67    1607335245.67    0.00200009346008    256    0.7528    192.7168    0.75480009346    1.0    1
526    1607335245.78    1607335245.78    0.000999927520752    4    0.5956    2.3824    0.596599927521    0    0
527    1607335245.91    1607335245.92    0.00399994850159    4    0.0522    0.2088    0.0561999485016    0    0
528    1607335245.96    1607335245.96    0.00399994850159    256    0.6189    158.4384    0.622899948502    1.0    1
529    1607335245.98    1607335245.98    0.00300002098083    16    0.8805    14.088    0.883500020981    1.0    1
530    1607335246.11    1607335246.12    0.00200009346008    4    1.1283    4.5132    1.13030009346    0    0
531    1607335246.14    1607335246.14    0.0019998550415    4    0.0284    0.1136    0.0303998550415    0    0
532    1607335246.22    1607335246.22    0.00499987602234    64    0.9446    60.4544    0.949599876022    1.0    1
533    1607335246.54    1607335246.54    0.00299978256226    256    0.0177    4.5312    0.0206997825623    1.0    1
534    1607335246.59    1607335246.59    0.0    4    1.1283    4.5132    1.1283    0    0
535    1607335246.64    1607335246.64    0.00100016593933    64    0.6779    43.3856    0.678900165939    1.0    1
536    1607335246.79    1607335246.79    0.0    16    0.0098    0.1568    0.0098    0    0
537    1607335247.01    1607335247.01    0.00300002098083    256    0.7528    192.7168    0.755800020981    1.0    1
538    1607335247.38    1607335247.38    0.000999927520752    64    0.1855    11.872    0.186499927521    1.0    1
539    1607335247.54    1607335247.54    0.00200009346008    64    0.0234    1.4976    0.0254000934601    1.0    1
540    1607335247.58    1607335247.58    0.000999927520752    4    0.0059    0.0236    0.00689992752075    0    0
541    1607335247.59    1607335247.59    0.0    4    0.0284    0.1136    0.0284    0    0
542    1607335247.66    1607335247.66    0.000999927520752    64    0.4167    26.6688    0.417699927521    1.0    1
543    1607335247.89    1607335247.89    0.00300002098083    256    0.4221    108.0576    0.425100020981    1.0    1
544    1607335247.93    1607335247.94    0.00399994850159    256    0.7528    192.7168    0.756799948502    1.0    1
545    1607335248.0    1607335248.04    0.0360000133514    256    0.0057    1.4592    0.0417000133514    1.0    1
546    1607335248.17    1607335248.17    0.0    16    0.7616    12.1856    0.7616    0    0
547    1607335248.58    1607335248.58    0.0    16    0.0285    0.456    0.0285    0    0
548    1607335248.83    1607335248.84    0.00300002098083    256    0.0057    1.4592    0.00870002098083    1.0    1
549    1607335248.87    1607335248.88    0.00300002098083    256    0.8    204.8    0.803000020981    1.0    1
550    1607335248.9    1607335248.91    0.000999927520752    4    0.0832    0.3328    0.0841999275208    0    0
551    1607335248.93    1607335248.93    0.00600004196167    256    0.0057    1.4592    0.0117000419617    1.0    1
552    1607335249.39    1607335249.39    0.0    4    0.0832    0.3328    0.0832    0    0
553    1607335249.43    1607335249.44    0.00200009346008    16    0.7616    12.1856    0.76360009346    1.0    1
554    1607335249.48    1607335249.48    0.00200009346008    64    0.0055    0.352    0.00750009346008    1.0    1
555    1607335249.57    1607335249.57    0.000999927520752    16    0.0429    0.6864    0.0438999275208    1.0    1
556    1607335249.66    1607335249.66    0.0019998550415    16    0.8805    14.088    0.882499855042    1.0    1
557    1607335249.72    1607335249.72    0.0    4    1.1283    4.5132    1.1283    0    0
558    1607335249.93    1607335249.93    0.0    64    0.1855    11.872    0.1855    1.0    1
559    1607335250.11    1607335250.11    0.0    4    1.1283    4.5132    1.1283    0    0
560    1607335250.17    1607335250.17    0.00100016593933    4    0.0284    0.1136    0.0294001659393    0    0
561    1607335250.19    1607335250.19    0.000999927520752    16    0.7616    12.1856    0.762599927521    1.0    1
562    1607335250.21    1607335250.21    0.0    4    0.5956    2.3824    0.5956    0    0
563    1607335250.27    1607335250.27    0.0    4    0.0522    0.2088    0.0522    0    0
564    1607335250.4    1607335250.4    0.0    4    0.0284    0.1136    0.0284    0    0
565    1607335250.96    1607335250.96    0.0    64    0.0055    0.352    0.0055    1.0    1
566    1607335251.05    1607335251.05    0.000999927520752    64    0.0234    1.4976    0.0243999275208    1.0    1
567    1607335251.16    1607335251.16    0.0    4    0.6452    2.5808    0.6452    0    0
568    1607335251.17    1607335251.17    0.000999927520752    4    0.0284    0.1136    0.0293999275208    0    0
569    1607335251.67    1607335251.67    0.0    4    0.0284    0.1136    0.0284    0    0
570    1607335251.72    1607335251.73    0.00300002098083    256    0.4221    108.0576    0.425100020981    1.0    1
571    1607335251.74    1607335251.75    0.00100016593933    16    0.0297    0.4752    0.0307001659393    0    0
572    1607335251.92    1607335251.92    0.0    4    0.0522    0.2088    0.0522    0    0
573    1607335251.95    1607335251.95    0.000999927520752    16    0.4243    6.7888    0.425299927521    0    0
574    1607335252.36    1607335252.36    0.0    4    0.0059    0.0236    0.0059    0    0
575    1607335252.49    1607335252.49    0.000999927520752    64    0.1855    11.872    0.186499927521    1.0    1
576    1607335252.52    1607335252.53    0.00300002098083    256    0.0177    4.5312    0.0207000209808    1.0    1
577    1607335252.6    1607335252.61    0.000999927520752    16    0.4243    6.7888    0.425299927521    0    0
578    1607335252.65    1607335252.65    0.0    16    0.0098    0.1568    0.0098    0    0
579    1607335252.85    1607335252.85    0.0    16    0.0098    0.1568    0.0098    0    0
580    1607335252.92    1607335252.92    0.000999927520752    16    0.8805    14.088    0.881499927521    0    0
581    1607335252.95    1607335252.95    0.00100016593933    16    0.0098    0.1568    0.0108001659393    0    0
582    1607335253.29    1607335253.29    0.0    16    0.0297    0.4752    0.0297    0    0
583    1607335253.3    1607335253.3    0.00200009346008    256    0.0057    1.4592    0.00770009346008    1.0    1
584    1607335253.35    1607335253.35    0.0019998550415    64    0.0234    1.4976    0.0253998550415    1.0    1
585    1607335253.43    1607335253.43    0.0    4    1.1283    4.5132    1.1283    0    0
586    1607335253.52    1607335253.52    0.0    16    0.0429    0.6864    0.0429    1.0    1
587    1607335253.59    1607335253.59    0.00300002098083    256    0.0177    4.5312    0.0207000209808    1.0    1
588    1607335253.61    1607335253.61    0.00100016593933    16    0.0098    0.1568    0.0108001659393    1.0    1
589    1607335253.68    1607335253.68    0.00300002098083    256    0.6189    158.4384    0.621900020981    1.0    1
590    1607335253.82    1607335253.83    0.00500011444092    256    0.4221    108.0576    0.427100114441    1.17777777778    2
591    1607335253.87    1607335253.87    0.0019998550415    16    0.4243    6.7888    0.426299855042    0    0
592    1607335253.92    1607335253.93    0.0090000629425    256    0.4221    108.0576    0.431100062943    1.0    1
593    1607335253.96    1607335253.97    0.00399994850159    64    0.4167    26.6688    0.420699948502    1.0    1
594    1607335254.08    1607335254.09    0.0150001049042    256    0.4221    108.0576    0.437100104904    1.33333333333    2
595    1607335254.12    1607335254.12    0.00500011444092    16    0.0098    0.1568    0.0148001144409    0    0
596    1607335254.42    1607335254.42    0.0019998550415    64    0.0125    0.8    0.0144998550415    1.0    1
597    1607335254.42    1607335254.42    0.000999927520752    16    0.8805    14.088    0.881499927521    0    0
598    1607335254.48    1607335254.49    0.00400018692017    256    0.0177    4.5312    0.0217001869202    1.0    1
599    1607335254.64    1607335254.64    0.0    64    0.6779    43.3856    0.6779    1.0    1
600    1607335254.98    1607335254.99    0.00300002098083    256    0.7528    192.7168    0.755800020981    1.0    1
601    1607335255.01    1607335255.02    0.00200009346008    16    0.0429    0.6864    0.0449000934601    0    0
602    1607335255.19    1607335255.19    0.00200009346008    64    0.0234    1.4976    0.0254000934601    1.0    1
603    1607335255.19    1607335255.2    0.00400018692017    4    0.0059    0.0236    0.00990018692017    0    0
604    1607335255.24    1607335255.24    0.00100016593933    16    0.0285    0.456    0.0295001659393    0    0
605    1607335255.57    1607335255.58    0.00499987602234    256    0.7528    192.7168    0.757799876022    1.19444444444    2
606    1607335255.69    1607335255.69    0.00200009346008    64    0.9446    60.4544    0.94660009346    1.0    1
607    1607335255.75    1607335255.75    0.00399994850159    64    0.4167    26.6688    0.420699948502    1.0    1
608    1607335255.84    1607335255.84    0.00100016593933    16    0.0429    0.6864    0.0439001659393    0    0
609    1607335255.89    1607335255.89    0.000999927520752    4    0.5956    2.3824    0.596599927521    0    0
610    1607335255.94    1607335255.94    0.00100016593933    64    0.0125    0.8    0.0135001659393    1.0    1
611    1607335256.03    1607335256.03    0.000999927520752    4    0.6452    2.5808    0.646199927521    0    0
612    1607335256.18    1607335256.18    0.0    4    1.1283    4.5132    1.1283    0    0
613    1607335256.2    1607335256.2    0.00799989700317    256    0.0057    1.4592    0.0136998970032    1.0    1
614    1607335256.34    1607335256.34    0.0    16    0.0098    0.1568    0.0098    0    0
615    1607335256.46    1607335256.46    0.0    16    0.0098    0.1568    0.0098    0    0
616    1607335256.58    1607335256.58    0.0    16    0.0297    0.4752    0.0297    0    0
617    1607335256.61    1607335256.61    0.0    4    0.0522    0.2088    0.0522    0    0
618    1607335256.69    1607335256.69    0.0    4    0.0284    0.1136    0.0284    0    0
619    1607335257.0    1607335257.0    0.0    4    0.5956    2.3824    0.5956    0    0
620    1607335257.09    1607335257.09    0.00100016593933    64    0.9446    60.4544    0.945600165939    1.0    1
621    1607335257.09    1607335257.1    0.00299978256226    256    0.7528    192.7168    0.755799782562    1.0    1
622    1607335257.15    1607335257.15    0.0019998550415    64    0.0234    1.4976    0.0253998550415    1.0    1
623    1607335257.16    1607335257.16    0.000999927520752    4    0.0284    0.1136    0.0293999275208    0    0
624    1607335257.21    1607335257.22    0.00500011444092    256    0.7528    192.7168    0.757800114441    1.0    1
625    1607335257.25    1607335257.26    0.00799989700317    256    0.6189    158.4384    0.626899897003    1.0    1
626    1607335257.26    1607335257.26    0.00699996948242    4    1.1283    4.5132    1.13529996948    0    0
627    1607335257.36    1607335257.36    0.00300002098083    64    0.4167    26.6688    0.419700020981    1.0    1
628    1607335257.4    1607335257.41    0.00300002098083    4    0.6452    2.5808    0.648200020981    0    0
629    1607335257.42    1607335257.43    0.00300002098083    16    0.7616    12.1856    0.764600020981    0    0
630    1607335257.48    1607335257.48    0.00300002098083    4    1.1283    4.5132    1.13130002098    0    0
631    1607335257.52    1607335257.53    0.00600004196167    256    0.0057    1.4592    0.0117000419617    1.0    1
632    1607335257.55    1607335257.55    0.00300002098083    4    0.0832    0.3328    0.0862000209808    0    0
633    1607335257.78    1607335257.79    0.007000207901    64    0.0125    0.8    0.019500207901    1.0    1
634    1607335258.08    1607335258.08    0.0    64    0.4167    26.6688    0.4167    1.0    1
635    1607335258.23    1607335258.23    0.0    64    0.4167    26.6688    0.4167    1.0    1
636    1607335258.96    1607335258.96    0.00200009346008    256    0.8    204.8    0.80200009346    1.0    1
637    1607335259.49    1607335259.49    0.00399994850159    256    0.6189    158.4384    0.622899948502    1.0    1
638    1607335259.6    1607335259.61    0.00600004196167    256    0.6189    158.4384    0.624900041962    1.0    1
639    1607335260.04    1607335260.04    0.0    64    0.4167    26.6688    0.4167    1.0    1
640    1607335260.05    1607335260.05    0.0    16    0.0098    0.1568    0.0098    0    0
641    1607335260.06    1607335260.06    0.000999927520752    64    0.0055    0.352    0.00649992752075    1.0    1
642    1607335260.14    1607335260.14    0.0    4    0.0832    0.3328    0.0832    0    0
643    1607335260.16    1607335260.16    0.00300002098083    256    0.8    204.8    0.803000020981    1.0    1
644    1607335260.28    1607335260.29    0.00500011444092    256    0.6189    158.4384    0.623900114441    1.0    1
645    1607335260.33    1607335260.33    0.00200009346008    16    0.7616    12.1856    0.76360009346    0    0
646    1607335260.4    1607335260.4    0.00200009346008    16    0.0297    0.4752    0.0317000934601    0    0
647    1607335260.49    1607335260.5    0.00699996948242    256    0.8    204.8    0.806999969482    1.19444444444    2
648    1607335260.61    1607335260.61    0.00300002098083    64    0.4167    26.6688    0.419700020981    1.0    1
649    1607335260.62    1607335260.63    0.0150001049042    256    0.0177    4.5312    0.0327001049042    1.33333333333    2
650    1607335260.71    1607335260.71    0.00399994850159    64    0.0125    0.8    0.0164999485016    1.0    1
651    1607335260.8    1607335260.82    0.0179998874664    64    0.9446    60.4544    0.962599887466    1.0    1
652    1607335260.85    1607335260.86    0.00399994850159    64    0.0055    0.352    0.00949994850159    1.0    1
653    1607335260.85    1607335260.86    0.00799989700317    16    0.0297    0.4752    0.0376998970032    0    0
654    1607335260.93    1607335260.93    0.0    4    0.0522    0.2088    0.0522    0    0
655    1607335260.94    1607335260.94    0.000999927520752    4    0.0284    0.1136    0.0293999275208    0    0
656    1607335260.99    1607335260.99    0.00299978256226    256    0.4221    108.0576    0.425099782562    1.0    1
657    1607335261.17    1607335261.17    0.0    64    0.9446    60.4544    0.9446    1.0    1
658    1607335261.25    1607335261.25    0.0    16    0.4243    6.7888    0.4243    0    0
659    1607335261.3    1607335261.3    0.0    64    0.6779    43.3856    0.6779    1.0    1
660    1607335261.47    1607335261.47    0.0    256    0.0177    4.5312    0.0177    1.0    1
661    1607335261.62    1607335261.62    0.0    4    0.0284    0.1136    0.0284    0    0
662    1607335261.62    1607335261.62    0.0    4    0.0059    0.0236    0.0059    0    0
663    1607335261.67    1607335261.67    0.0    256    0.8    204.8    0.8    1.0    1
664    1607335261.75    1607335261.75    0.0    16    0.0429    0.6864    0.0429    0    0
665    1607335261.92    1607335261.92    0.0    4    0.5956    2.3824    0.5956    0    0
666    1607335262.2    1607335262.2    0.00499987602234    256    0.8    204.8    0.804999876022    1.0    1
667    1607335262.2    1607335262.21    0.00800013542175    4    0.0284    0.1136    0.0364001354218    0    0
668    1607335262.41    1607335262.41    0.00200009346008    4    0.0522    0.2088    0.0542000934601    0    0
669    1607335262.79    1607335262.79    0.0    64    0.0055    0.352    0.0055    1.0    1
670    1607335263.11    1607335263.11    0.00300002098083    256    0.6189    158.4384    0.621900020981    1.0    1
671    1607335263.31    1607335263.31    0.00100016593933    64    0.4167    26.6688    0.417700165939    1.0    1
672    1607335263.44    1607335263.45    0.00100016593933    16    0.8805    14.088    0.881500165939    0    0
673    1607335263.52    1607335263.52    0.00200009346008    64    0.0055    0.352    0.00750009346008    1.0    1
674    1607335263.57    1607335263.58    0.00500011444092    256    0.0057    1.4592    0.0107001144409    1.0    1
675    1607335264.0    1607335264.02    0.0130000114441    256    0.0177    4.5312    0.0307000114441    1.0    1
676    1607335264.01    1607335264.03    0.0190000534058    4    0.0522    0.2088    0.0712000534058    0    0
677    1607335264.04    1607335264.04    0.00499987602234    256    0.0177    4.5312    0.0226998760223    1.0    1
678    1607335264.44    1607335264.44    0.00300002098083    256    0.0057    1.4592    0.00870002098083    1.0    1
679    1607335265.17    1607335265.17    0.0    64    0.9446    60.4544    0.9446    1.0    1
680    1607335265.19    1607335265.19    0.000999927520752    16    0.0429    0.6864    0.0438999275208    0    0
681    1607335265.22    1607335265.23    0.00400018692017    256    0.4221    108.0576    0.42610018692    1.0    1
682    1607335265.24    1607335265.24    0.0    16    0.0429    0.6864    0.0429    0    0
683    1607335265.33    1607335265.33    0.00200009346008    64    0.0055    0.352    0.00750009346008    1.0    1
684    1607335265.6    1607335265.6    0.00200009346008    64    0.4167    26.6688    0.41870009346    1.0    1
685    1607335265.6    1607335265.61    0.00200009346008    16    0.8805    14.088    0.88250009346    0    0
686    1607335265.89    1607335265.89    0.000999927520752    64    0.0125    0.8    0.0134999275208    1.0    1
687    1607335265.91    1607335265.91    0.00100016593933    64    0.6779    43.3856    0.678900165939    1.0    1
688    1607335265.98    1607335265.98    0.0    4    0.0059    0.0236    0.0059    0    0
689    1607335266.01    1607335266.01    0.0    4    1.1283    4.5132    1.1283    0    0
690    1607335266.2    1607335266.2    0.0    64    0.0234    1.4976    0.0234    1.0    1
691    1607335266.25    1607335266.26    0.00399994850159    256    0.4221    108.0576    0.426099948502    1.0    1
692    1607335266.53    1607335266.54    0.00500011444092    256    0.7528    192.7168    0.757800114441    1.0    1
693    1607335266.82    1607335266.82    0.0    64    0.9446    60.4544    0.9446    1.0    1
694    1607335266.95    1607335266.95    0.00100016593933    4    0.0059    0.0236    0.00690016593933    0    0
695    1607335266.97    1607335266.97    0.0    16    0.0285    0.456    0.0285    0    0
696    1607335267.03    1607335267.03    0.0    16    0.7616    12.1856    0.7616    0    0
697    1607335267.07    1607335267.08    0.00799989700317    256    0.8    204.8    0.807999897003    1.0    1
698    1607335267.11    1607335267.11    0.000999927520752    16    0.7616    12.1856    0.762599927521    0    0
699    1607335267.44    1607335267.45    0.00200009346008    16    0.0285    0.456    0.0305000934601    1.0    1

dispatched jobs are: 700 out of 700
average queue time is: 0.0995742886407
fso links are used for 0 times
overall utilization is 0.0546610043315
average response time is 0.457836717212
average weighted response time is 0.690982633343
average slowdown is 1.01259060911
cpu_request: 56296, cpu_run: 56296
ssd_request: 26518, ssd_run: 0
gpu_request: 27175, gpu_run: 0
cpu aspl: 1.01143288844
cpu diameter: 1.05540166205
job x: 0.0
job y: 0.0
job z: 0.0
