#timestep  occupied-CPU  total-CPU  utilization  queuingjobs
1    4    4096    0.0009765625    0
2    20    4096    0.0048828125    0
3    384    4096    0.09375    0
4    0    4096    0.0    0
5    264    4096    0.064453125    0
6    76    4096    0.0185546875    0
7    0    4096    0.0    0
8    28    4096    0.0068359375    0
9    16    4096    0.00390625    0
10    276    4096    0.0673828125    0
11    272    4096    0.06640625    0
12    64    4096    0.015625    0
13    0    4096    0.0    0
14    4    4096    0.0009765625    0
15    12    4096    0.0029296875    0
16    8    4096    0.001953125    0
17    20    4096    0.0048828125    0
18    256    4096    0.0625    0
19    4    4096    0.0009765625    0
20    324    4096    0.0791015625    0
21    260    4096    0.0634765625    0
22    24    4096    0.005859375    0
23    4    4096    0.0009765625    0
24    20    4096    0.0048828125    0
25    272    4096    0.06640625    0
26    0    4096    0.0    0
27    80    4096    0.01953125    0
28    68    4096    0.0166015625    0
29    192    4096    0.046875    0
30    272    4096    0.06640625    0
31    320    4096    0.078125    0
32    64    4096    0.015625    0
33    16    4096    0.00390625    0
34    0    4096    0.0    0
35    8    4096    0.001953125    0
36    256    4096    0.0625    0
37    0    4096    0.0    2
38    448    4096    0.109375    0
39    448    4096    0.109375    0
40    80    4096    0.01953125    0
41    84    4096    0.0205078125    0
42    4    4096    0.0009765625    0
43    512    4096    0.125    0
44    516    4096    0.1259765625    0
45    264    4096    0.064453125    0
46    20    4096    0.0048828125    0
47    16    4096    0.00390625    0
48    260    4096    0.0634765625    0
49    64    4096    0.015625    0
50    324    4096    0.0791015625    0
51    4    4096    0.0009765625    0
52    260    4096    0.0634765625    0
53    768    4096    0.1875    0
54    80    4096    0.01953125    0
55    0    4096    0.0    0
56    264    4096    0.064453125    0
57    0    4096    0.0    0
58    256    4096    0.0625    0
59    16    4096    0.00390625    0
60    16    4096    0.00390625    0
61    516    4096    0.1259765625    0
62    0    4096    0.0    0
63    16    4096    0.00390625    0
64    256    4096    0.0625    0
65    64    4096    0.015625    0
66    72    4096    0.017578125    0
67    4    4096    0.0009765625    0
68    256    4096    0.0625    0
69    256    4096    0.0625    0
70    40    4096    0.009765625    0
71    532    4096    0.1298828125    0
72    272    4096    0.06640625    0
73    516    4096    0.1259765625    0
74    0    4096    0.0    0
75    64    4096    0.015625    0
76    0    4096    0.0    0
77    80    4096    0.01953125    0
78    0    4096    0.0    0
79    312    4096    0.076171875    0
80    404    4096    0.0986328125    0
81    12    4096    0.0029296875    0
82    256    4096    0.0625    0
83    0    4096    0.0    0
84    256    4096    0.0625    0
85    100    4096    0.0244140625    0
86    4    4096    0.0009765625    0
87    80    4096    0.01953125    0
88    320    4096    0.078125    0
89    260    4096    0.0634765625    0
90    256    4096    0.0625    0
91    64    4096    0.015625    0
92    0    4096    0.0    0
93    260    4096    0.0634765625    0
94    0    4096    0.0    0
95    0    4096    0.0    1
96    64    4096    0.015625    0
97    0    4096    0.0    0

average cpu utilization is: 0.0356999033505
average ssd utilization is: 1.0
average gpu utilization is: 1.0
average utilization is: 0.67856663445
average queuing jobs are: 0.0309278350515
maximum queuing jobs are: 2


#job_number  submit  dispatch  queue  cpu#  runtime  weight  response(turnaround)  cpu_aspl  cpu_diameter
0    1607332044.61    1607332127.87    83.2520000935    4    0.0526    0.2104    83.3046000935    2    2
1    1607332128.07    1607332128.07    0.000999927520752    64    0.0125    0.8    0.0134999275208    2    5
2    1607332128.22    1607332128.22    0.0    64    0.1855    11.872    0.1855    2    5
3    1607332128.39    1607332128.39    0.000999927520752    16    0.0098    0.1568    0.0107999275208    2    2
4    1607332128.47    1607332128.47    0.000999927520752    256    0.4221    108.0576    0.423099927521    3    6
5    1607332128.59    1607332128.59    0.000999927520752    16    0.7616    12.1856    0.762599927521    2    2
6    1607332128.77    1607332128.77    0.000999927520752    4    0.6477    2.5908    0.648699927521    2    2
7    1607332128.93    1607332128.94    0.00100016593933    64    0.0055    0.352    0.00650016593933    2    5
8    1607332129.17    1607332129.17    0.0    4    0.6477    2.5908    0.6477    2    2
9    1607332129.22    1607332129.22    0.000999927520752    256    0.8    204.8    0.800999927521    3    6
10    1607332129.66    1607332129.66    0.0    64    0.4167    26.6688    0.4167    2    6
11    1607332129.84    1607332129.84    0.000999927520752    256    0.0177    4.5312    0.0186999275208    3    6
12    1607332129.95    1607332129.95    0.000999927520752    64    0.1855    11.872    0.186499927521    2    6
13    1607332130.2    1607332130.21    0.00100016593933    256    0.0057    1.4592    0.00670016593933    3    6
14    1607332130.45    1607332130.45    0.0    256    0.4221    108.0576    0.4221    3    6
15    1607332130.92    1607332130.92    0.0    16    0.0285    0.456    0.0285    2    2
16    1607332131.03    1607332131.03    0.0    16    0.0098    0.1568    0.0098    2    2
17    1607332131.38    1607332131.38    0.0    16    0.7616    12.1856    0.7616    2    2
18    1607332131.43    1607332131.43    0.0    16    0.0285    0.456    0.0285    2    2
19    1607332131.67    1607332131.67    0.000999927520752    256    0.4221    108.0576    0.423099927521    3    6
20    1607332131.91    1607332131.91    0.00100016593933    4    0.5984    2.3936    0.599400165939    2    2
21    1607332131.92    1607332131.92    0.0    4    1.1322    4.5288    1.1322    2    2
22    1607332131.95    1607332131.95    0.0    256    0.6189    158.4384    0.6189    3    6
23    1607332132.36    1607332132.36    0.0    4    1.1322    4.5288    1.1322    2    2
24    1607332132.66    1607332132.66    0.0    4    1.1322    4.5288    1.1322    2    2
25    1607332132.7    1607332132.7    0.00100016593933    64    0.9446    60.4544    0.945600165939    2    6
26    1607332132.76    1607332132.76    0.0    4    0.6477    2.5908    0.6477    2    2
27    1607332132.84    1607332132.84    0.0    4    0.0834    0.3336    0.0834    2    2
28    1607332133.09    1607332133.09    0.0    4    0.0526    0.2104    0.0526    2    2
29    1607332133.39    1607332133.39    0.0    64    0.1855    11.872    0.1855    2    6
30    1607332133.48    1607332133.48    0.0    64    0.4167    26.6688    0.4167    2    6
31    1607332133.5    1607332133.5    0.0    256    0.8    204.8    0.8    3    6
32    1607332134.32    1607332134.32    0.0    64    0.4167    26.6688    0.4167    2    5
33    1607332134.37    1607332134.37    0.00100016593933    16    0.7616    12.1856    0.762600165939    2    2
34    1607332134.73    1607332134.73    0.0    16    0.7616    12.1856    0.7616    2    2
35    1607332134.79    1607332134.79    0.00100016593933    64    0.0234    1.4976    0.0244001659393    2    5
36    1607332134.8    1607332134.8    0.00100016593933    16    0.0285    0.456    0.0295001659393    2    2
37    1607332134.91    1607332134.91    0.0    4    1.1322    4.5288    1.1322    2    2
38    1607332135.06    1607332135.07    0.00100016593933    256    0.0177    4.5312    0.0187001659393    3    6
39    1607332135.21    1607332135.21    0.0    4    0.5984    2.3936    0.5984    2    2
40    1607332135.29    1607332135.29    0.0    64    0.0125    0.8    0.0125    2    6
41    1607332135.3    1607332135.3    0.000999927520752    64    0.0125    0.8    0.0134999275208    2    6
42    1607332135.37    1607332135.37    0.0    4    0.0284    0.1136    0.0284    2    2
43    1607332135.53    1607332135.53    0.0    4    0.0834    0.3336    0.0834    2    2
44    1607332135.54    1607332135.54    0.0    4    0.0284    0.1136    0.0284    2    2
45    1607332135.92    1607332135.92    0.0    16    0.8805    14.088    0.8805    2    2
46    1607332136.05    1607332136.05    0.0    16    0.0098    0.1568    0.0098    2    5
47    1607332136.08    1607332136.08    0.0    64    0.0125    0.8    0.0125    2    6
48    1607332136.1    1607332136.1    0.000999927520752    16    0.0429    0.6864    0.0438999275208    2    2
49    1607332136.55    1607332136.55    0.0    4    0.0284    0.1136    0.0284    2    2
50    1607332136.92    1607332136.92    0.0    4    0.0834    0.3336    0.0834    2    2
51    1607332136.92    1607332136.92    0.0    16    0.0297    0.4752    0.0297    2    2
52    1607332136.93    1607332136.93    0.0    256    0.6189    158.4384    0.6189    3    6
53    1607332136.95    1607332136.95    0.000999927520752    4    0.5984    2.3936    0.599399927521    2    2
54    1607332136.97    1607332136.97    0.000999927520752    64    0.0055    0.352    0.00649992752075    2    6
55    1607332137.22    1607332137.22    0.000999927520752    64    0.1855    11.872    0.186499927521    2    6
56    1607332137.31    1607332137.31    0.0    64    0.0234    1.4976    0.0234    2    6
57    1607332137.48    1607332137.48    0.000999927520752    16    0.8805    14.088    0.881499927521    2    2
58    1607332137.56    1607332137.56    0.00300002098083    16    0.0429    0.6864    0.0459000209808    2    3
59    1607332137.95    1607332137.95    0.0    64    0.4167    26.6688    0.4167    2    6
60    1607332138.06    1607332138.06    0.0    16    0.8805    14.088    0.8805    2    2
61    1607332138.36    1607332138.36    0.00100016593933    4    0.0526    0.2104    0.0536001659393    2    2
62    1607332138.56    1607332138.56    0.0    256    0.6189    158.4384    0.6189    3    6
63    1607332138.63    1607332138.63    0.000999927520752    4    0.0284    0.1136    0.0293999275208    2    2
64    1607332138.68    1607332138.68    0.0    4    0.5984    2.3936    0.5984    2    2
65    1607332139.18    1607332139.18    0.0    16    0.0429    0.6864    0.0429    2    2
66    1607332139.31    1607332139.31    0.0    4    0.0284    0.1136    0.0284    2    2
67    1607332139.57    1607332139.57    0.0    256    0.0057    1.4592    0.0057    3    6
68    1607332139.66    1607332139.66    0.0    64    0.0234    1.4976    0.0234    2    5
69    1607332139.88    1607332139.88    0.0    16    0.0429    0.6864    0.0429    2    2
70    1607332140.45    1607332140.45    0.000999927520752    256    0.0177    4.5312    0.0186999275208    3    6
71    1607332140.73    1607332140.73    0.0    16    0.0098    0.1568    0.0098    2    2
72    1607332140.82    1607332140.82    0.0    4    1.1322    4.5288    1.1322    2    2
73    1607332141.19    1607332141.19    0.0    4    0.0526    0.2104    0.0526    2    2
74    1607332142.18    1607332142.18    0.0    64    0.0234    1.4976    0.0234    2    5
75    1607332142.59    1607332142.59    0.0    4    1.1322    4.5288    1.1322    2    2
76    1607332142.63    1607332142.63    0.0    4    1.1322    4.5288    1.1322    2    2
77    1607332142.83    1607332142.83    0.0    64    0.0234    1.4976    0.0234    2    6
78    1607332142.84    1607332142.84    0.00100016593933    4    0.0834    0.3336    0.0844001659393    2    2
79    1607332143.09    1607332143.09    0.0    4    0.5984    2.3936    0.5984    2    2
80    1607332143.19    1607332143.19    0.0    16    0.0098    0.1568    0.0098    2    2
81    1607332143.44    1607332143.44    0.0    64    0.1855    11.872    0.1855    2    6
82    1607332143.53    1607332143.53    0.0    4    0.6477    2.5908    0.6477    2    2
83    1607332143.83    1607332143.83    -0.000999927520752    4    0.6477    2.5908    0.646700072479    2    2
84    1607332144.14    1607332144.14    0.0    16    0.8805    14.088    0.8805    2    2
85    1607332144.42    1607332144.42    0.0    4    0.5984    2.3936    0.5984    2    2
86    1607332144.51    1607332144.51    0.0    16    0.8805    14.088    0.8805    2    5
87    1607332144.53    1607332144.53    0.00100016593933    16    0.0297    0.4752    0.0307001659393    2    2
88    1607332144.81    1607332144.81    0.0    4    0.5984    2.3936    0.5984    2    2
89    1607332144.95    1607332144.95    0.0    64    0.0234    1.4976    0.0234    2    6
90    1607332145.03    1607332145.03    0.0    4    0.6477    2.5908    0.6477    2    2
91    1607332145.37    1607332145.38    0.000999927520752    256    0.8    204.8    0.800999927521    3    6
92    1607332145.64    1607332145.64    0.000999927520752    64    0.0055    0.352    0.00649992752075    2    6
93    1607332145.66    1607332145.66    0.0    16    0.0285    0.456    0.0285    2    5
94    1607332146.5    1607332146.5    0.0    64    0.4167    26.6688    0.4167    2    5
95    1607332146.5    1607332146.51    0.00200009346008    256    0.0057    1.4592    0.00770009346008    3    6
96    1607332146.85    1607332146.85    0.0    4    0.0834    0.3336    0.0834    2    2
97    1607332147.09    1607332147.09    0.0    4    0.6477    2.5908    0.6477    2    2
98    1607332147.3    1607332147.3    0.000999927520752    64    0.0234    1.4976    0.0243999275208    2    6
99    1607332147.43    1607332147.43    0.0    4    1.1322    4.5288    1.1322    2    2
100    1607332147.52    1607332147.52    0.000999927520752    256    0.7528    192.7168    0.753799927521    3    6
101    1607332148.03    1607332148.03    0.000999927520752    64    0.9446    60.4544    0.945599927521    2    6
102    1607332148.37    1607332148.37    0.0    256    0.0177    4.5312    0.0177    3    6
103    1607332148.9    1607332148.9    0.0    64    0.0125    0.8    0.0125    2    6
104    1607332148.92    1607332148.92    0.0    4    0.0284    0.1136    0.0284    2    2
105    1607332149.0    1607332149.0    0.0    4    0.6477    2.5908    0.6477    2    2
106    1607332149.1    1607332149.1    0.0    16    0.0297    0.4752    0.0297    2    2
107    1607332149.18    1607332149.18    0.0    64    0.0055    0.352    0.0055    2    6
108    1607332149.26    1607332149.27    0.00100016593933    256    0.7528    192.7168    0.753800165939    3    6
109    1607332149.28    1607332149.29    0.00100016593933    256    0.0057    1.4592    0.00670016593933    3    6
110    1607332149.43    1607332149.43    0.0    4    0.0059    0.0236    0.0059    2    2
111    1607332149.77    1607332149.77    0.0    4    0.6477    2.5908    0.6477    2    2
112    1607332149.77    1607332149.77    0.00100016593933    4    1.1322    4.5288    1.13320016594    2    2
113    1607332149.89    1607332149.89    0.0    16    0.0429    0.6864    0.0429    2    2
114    1607332150.01    1607332150.01    0.00100016593933    16    0.4243    6.7888    0.425300165939    2    2
115    1607332150.44    1607332150.44    0.00300002098083    256    0.8    204.8    0.803000020981    3    6
116    1607332150.7    1607332150.7    0.000999927520752    16    0.4243    6.7888    0.425299927521    2    2
117    1607332151.07    1607332151.07    0.0    4    1.1322    4.5288    1.1322    2    2
118    1607332151.48    1607332151.48    0.000999927520752    64    0.6779    43.3856    0.678899927521    2    5
119    1607332151.69    1607332151.69    0.000999927520752    64    0.6779    43.3856    0.678899927521    2    5
120    1607332151.76    1607332151.76    0.0    64    0.0234    1.4976    0.0234    2    5
121    1607332151.94    1607332151.94    0.000999927520752    4    1.1322    4.5288    1.13319992752    2    2
122    1607332151.95    1607332151.95    0.000999927520752    64    0.0055    0.352    0.00649992752075    2    6
123    1607332152.14    1607332152.14    0.0    16    0.7616    12.1856    0.7616    2    2
124    1607332152.72    1607332152.72    0.0    4    0.0834    0.3336    0.0834    2    2
125    1607332152.73    1607332152.73    0.000999927520752    256    0.0057    1.4592    0.00669992752075    3    6
126    1607332152.74    1607332152.75    0.00799989700317    16    0.7616    12.1856    0.769599897003    2    5
127    1607332153.07    1607332153.07    0.000999927520752    64    0.4167    26.6688    0.417699927521    2    5
128    1607332153.23    1607332153.23    0.000999927520752    16    0.8805    14.088    0.881499927521    2    2
129    1607332153.35    1607332153.35    0.0    256    0.6189    158.4384    0.6189    3    6
130    1607332153.75    1607332153.75    0.0    64    0.4167    26.6688    0.4167    2    5
131    1607332154.11    1607332154.12    0.000999927520752    16    0.4243    6.7888    0.425299927521    2    2
132    1607332154.33    1607332154.33    0.000999927520752    64    0.1855    11.872    0.186499927521    2    5
133    1607332155.1    1607332155.1    0.0    4    0.0059    0.0236    0.0059    2    2
134    1607332155.28    1607332155.28    0.000999927520752    64    0.0055    0.352    0.00649992752075    2    5
135    1607332155.43    1607332155.43    0.0    4    0.0526    0.2104    0.0526    2    2
136    1607332155.45    1607332155.45    0.000999927520752    16    0.0297    0.4752    0.0306999275208    2    2
137    1607332155.51    1607332155.51    0.0    64    0.6779    43.3856    0.6779    2    5
138    1607332155.67    1607332155.67    0.0    16    0.8805    14.088    0.8805    2    2
139    1607332155.76    1607332155.76    0.00200009346008    16    0.7616    12.1856    0.76360009346    2    2
140    1607332156.02    1607332156.03    0.00100016593933    256    0.4221    108.0576    0.423100165939    3    6
141    1607332156.32    1607332156.32    0.00100016593933    64    0.0234    1.4976    0.0244001659393    2    5
142    1607332156.57    1607332156.57    0.0    16    0.0297    0.4752    0.0297    2    2
143    1607332156.58    1607332156.58    0.00100016593933    64    0.4167    26.6688    0.417700165939    2    6
144    1607332156.58    1607332156.58    0.0019998550415    4    0.5984    2.3936    0.600399855042    2    2
145    1607332156.87    1607332156.87    0.0    16    0.8805    14.088    0.8805    2    2
146    1607332157.05    1607332157.05    0.000999927520752    64    0.9446    60.4544    0.945599927521    2    6
147    1607332157.14    1607332157.14    0.0    4    0.0284    0.1136    0.0284    2    2
148    1607332157.18    1607332157.18    0.000999927520752    64    0.9446    60.4544    0.945599927521    2    6
149    1607332157.45    1607332157.45    0.00100016593933    256    0.4221    108.0576    0.423100165939    3    6
150    1607332157.46    1607332157.46    0.0    64    0.0234    1.4976    0.0234    2    6
151    1607332157.58    1607332157.58    0.000999927520752    16    0.0429    0.6864    0.0438999275208    2    2
152    1607332157.65    1607332157.65    0.0    4    0.0834    0.3336    0.0834    2    2
153    1607332157.8    1607332157.8    0.000999927520752    64    0.6779    43.3856    0.678899927521    2    6
154    1607332158.46    1607332158.46    0.000999927520752    256    0.6189    158.4384    0.619899927521    3    6
155    1607332158.72    1607332158.72    0.0    16    0.0297    0.4752    0.0297    2    2
156    1607332158.9    1607332158.9    0.0    16    0.8805    14.088    0.8805    2    2
157    1607332159.23    1607332159.23    0.0    4    0.5984    2.3936    0.5984    2    2
158    1607332159.34    1607332159.34    0.0    64    0.0234    1.4976    0.0234    2    6
159    1607332159.52    1607332159.52    0.000999927520752    256    0.8    204.8    0.800999927521    3    6
160    1607332159.55    1607332159.55    0.00100016593933    16    0.0297    0.4752    0.0307001659393    2    5
161    1607332159.7    1607332159.7    0.0    4    0.0834    0.3336    0.0834    2    2
162    1607332159.94    1607332159.94    0.000999927520752    64    0.4167    26.6688    0.417699927521    2    6
163    1607332159.97    1607332159.97    0.0    16    0.0285    0.456    0.0285    2    2
164    1607332160.19    1607332160.19    0.0    16    0.0098    0.1568    0.0098    2    2
165    1607332160.2    1607332160.2    0.0    4    0.6477    2.5908    0.6477    2    2
166    1607332160.26    1607332160.26    0.000999927520752    64    0.9446    60.4544    0.945599927521    2    6
167    1607332160.55    1607332160.55    0.0    4    0.0059    0.0236    0.0059    2    2
168    1607332160.6    1607332160.6    0.0    4    0.0059    0.0236    0.0059    2    2
169    1607332161.22    1607332161.22    0.0    16    0.7616    12.1856    0.7616    2    2
170    1607332161.35    1607332161.35    0.0    64    0.1855    11.872    0.1855    2    6
171    1607332161.39    1607332161.39    0.0    256    0.7528    192.7168    0.7528    3    6
172    1607332161.88    1607332161.88    0.0    16    0.0297    0.4752    0.0297    2    2
173    1607332161.97    1607332161.97    0.0    4    0.0059    0.0236    0.0059    2    2
174    1607332162.11    1607332162.11    0.0    16    0.7616    12.1856    0.7616    2    2
175    1607332162.56    1607332162.56    0.0    16    0.4243    6.7888    0.4243    2    2
176    1607332162.69    1607332162.69    0.0    4    0.0834    0.3336    0.0834    2    2
177    1607332162.9    1607332162.9    0.000999927520752    256    0.0177    4.5312    0.0186999275208    3    6
178    1607332162.93    1607332162.94    0.00999999046326    256    0.0057    1.4592    0.0156999904633    3    6
179    1607332162.96    1607332162.96    0.0    16    0.0098    0.1568    0.0098    2    2
180    1607332163.1    1607332163.1    0.0    4    0.0526    0.2104    0.0526    2    2
181    1607332163.63    1607332163.63    0.0    4    1.1322    4.5288    1.1322    2    2
182    1607332163.92    1607332163.92    0.0    4    0.6477    2.5908    0.6477    2    2
183    1607332164.37    1607332164.37    0.0    4    0.6477    2.5908    0.6477    2    2
184    1607332165.15    1607332165.15    0.0    64    0.0125    0.8    0.0125    2    5
185    1607332165.34    1607332165.34    0.0    256    0.7528    192.7168    0.7528    3    6
186    1607332165.58    1607332165.58    0.0    256    0.0057    1.4592    0.0057    3    6
187    1607332165.75    1607332165.75    0.000999927520752    64    0.6779    43.3856    0.678899927521    2    5
188    1607332165.79    1607332165.79    0.000999927520752    256    0.0057    1.4592    0.00669992752075    3    6
189    1607332165.79    1607332165.79    0.000999927520752    64    0.4167    26.6688    0.417699927521    2    5
190    1607332166.08    1607332166.08    0.00100016593933    256    0.0057    1.4592    0.00670016593933    3    6
191    1607332166.51    1607332166.51    0.00200009346008    256    0.0177    4.5312    0.0197000934601    3    6
192    1607332166.51    1607332166.53    0.018000125885    256    0.7528    192.7168    0.770800125885    3    6
193    1607332166.53    1607332166.54    0.010999917984    64    0.0055    0.352    0.016499917984    2    5
194    1607332166.68    1607332166.68    0.0    64    0.9446    60.4544    0.9446    2    5
195    1607332166.97    1607332166.98    0.00100016593933    256    0.6189    158.4384    0.619900165939    3    6
196    1607332167.13    1607332167.13    0.00100016593933    64    0.6779    43.3856    0.678900165939    2    5
197    1607332167.21    1607332167.21    0.000999927520752    64    0.4167    26.6688    0.417699927521    2    5
198    1607332167.95    1607332167.95    0.000999927520752    64    0.6779    43.3856    0.678899927521    2    5
199    1607332168.08    1607332168.08    0.00100016593933    256    0.0177    4.5312    0.0187001659393    3    6
200    1607332168.28    1607332168.28    0.000999927520752    64    0.0234    1.4976    0.0243999275208    2    5
201    1607332168.43    1607332168.43    0.0    64    0.0125    0.8    0.0125    2    5
202    1607332168.46    1607332168.46    0.0    64    0.6779    43.3856    0.6779    2    5
203    1607332168.46    1607332168.46    0.0    256    0.6189    158.4384    0.6189    3    6
204    1607332168.58    1607332168.58    0.00100016593933    64    0.6779    43.3856    0.678900165939    2    5
205    1607332168.65    1607332168.65    0.0    16    0.0429    0.6864    0.0429    2    2
206    1607332168.97    1607332168.97    0.0    16    0.8805    14.088    0.8805    2    2
207    1607332169.39    1607332169.39    0.000999927520752    64    0.6779    43.3856    0.678899927521    2    6
208    1607332170.06    1607332170.06    0.0    4    0.0059    0.0236    0.0059    2    2
209    1607332170.09    1607332170.09    0.0    16    0.0098    0.1568    0.0098    2    2
210    1607332170.13    1607332170.13    0.000999927520752    64    0.4167    26.6688    0.417699927521    2    5
211    1607332170.13    1607332170.13    0.0    16    0.7616    12.1856    0.7616    2    2
212    1607332170.18    1607332170.18    0.00100016593933    16    0.0297    0.4752    0.0307001659393    2    2
213    1607332170.22    1607332170.22    0.0    4    0.6477    2.5908    0.6477    2    2
214    1607332170.32    1607332170.32    0.00100016593933    256    0.0177    4.5312    0.0187001659393    3    6
215    1607332170.48    1607332170.48    0.000999927520752    256    0.0057    1.4592    0.00669992752075    3    6
216    1607332170.68    1607332170.68    0.000999927520752    64    0.4167    26.6688    0.417699927521    2    5
217    1607332170.69    1607332170.69    0.0    256    0.0057    1.4592    0.0057    3    6
218    1607332171.52    1607332171.52    0.0    64    0.1855    11.872    0.1855    2    5
219    1607332171.56    1607332171.56    0.000999927520752    4    0.0834    0.3336    0.0843999275208    2    2
220    1607332171.77    1607332171.77    0.0    4    1.1322    4.5288    1.1322    2    2
221    1607332171.84    1607332171.84    0.0    16    0.0429    0.6864    0.0429    2    2
222    1607332171.95    1607332171.95    0.0    4    0.0834    0.3336    0.0834    2    2
223    1607332171.96    1607332171.96    0.0    256    0.6189    158.4384    0.6189    3    6
224    1607332172.01    1607332172.01    0.0    64    0.4167    26.6688    0.4167    2    6
225    1607332172.02    1607332172.02    0.0    4    0.6477    2.5908    0.6477    2    2
226    1607332172.02    1607332172.02    0.0    4    0.0284    0.1136    0.0284    2    2
227    1607332172.21    1607332172.21    0.000999927520752    16    0.0297    0.4752    0.0306999275208    2    3
228    1607332172.56    1607332172.57    0.00100016593933    256    0.7528    192.7168    0.753800165939    3    6
229    1607332172.6    1607332172.6    0.0    4    0.0059    0.0236    0.0059    2    2
230    1607332172.66    1607332172.66    0.0    256    0.7528    192.7168    0.7528    3    6
231    1607332173.07    1607332173.07    0.000999927520752    256    0.0057    1.4592    0.00669992752075    3    6
232    1607332173.31    1607332173.32    0.00100016593933    64    0.0125    0.8    0.0135001659393    2    6
233    1607332173.6    1607332173.6    0.000999927520752    256    0.7528    192.7168    0.753799927521    3    6
234    1607332173.62    1607332173.62    0.0    256    0.0057    1.4592    0.0057    3    6
235    1607332173.63    1607332173.64    0.00999999046326    256    0.6189    158.4384    0.628899990463    3    6
236    1607332173.82    1607332173.82    0.0    4    0.6477    2.5908    0.6477    2    2
237    1607332174.05    1607332174.05    0.00100016593933    16    0.0285    0.456    0.0295001659393    2    2
238    1607332174.28    1607332174.28    0.000999927520752    256    0.8    204.8    0.800999927521    3    6
239    1607332174.48    1607332174.48    0.0    4    0.5984    2.3936    0.5984    2    2
240    1607332174.57    1607332174.57    0.000999927520752    64    0.4167    26.6688    0.417699927521    2    6
241    1607332174.65    1607332174.65    0.00100016593933    256    0.0177    4.5312    0.0187001659393    3    6
242    1607332174.72    1607332174.72    0.0    64    0.1855    11.872    0.1855    2    6
243    1607332174.78    1607332174.78    0.0    4    0.6477    2.5908    0.6477    2    2
244    1607332175.21    1607332175.21    0.000999927520752    256    0.6189    158.4384    0.619899927521    3    6
245    1607332175.22    1607332175.22    0.0    256    0.7528    192.7168    0.7528    3    6
246    1607332175.26    1607332175.26    0.000999927520752    4    1.1322    4.5288    1.13319992752    2    2
247    1607332175.42    1607332175.42    0.00100016593933    4    0.5984    2.3936    0.599400165939    2    2
248    1607332175.46    1607332175.46    0.00100016593933    16    0.0098    0.1568    0.0108001659393    2    3
249    1607332175.86    1607332175.86    0.0    16    0.7616    12.1856    0.7616    2    2
250    1607332176.07    1607332176.07    0.0    64    0.0055    0.352    0.0055    2    6
251    1607332176.13    1607332176.13    0.000999927520752    4    0.0059    0.0236    0.00689992752075    2    2
252    1607332176.36    1607332176.36    0.0    16    0.0285    0.456    0.0285    2    2
253    1607332176.54    1607332176.54    0.000999927520752    64    0.0234    1.4976    0.0243999275208    2    6
254    1607332176.59    1607332176.59    0.0    4    0.0284    0.1136    0.0284    2    2
255    1607332176.85    1607332176.85    0.000999927520752    16    0.4243    6.7888    0.425299927521    2    2
256    1607332176.89    1607332176.9    0.000999927520752    256    0.0057    1.4592    0.00669992752075    3    6
257    1607332177.49    1607332177.49    0.000999927520752    64    0.4167    26.6688    0.417699927521    2    5
258    1607332177.57    1607332177.57    0.000999927520752    4    0.0059    0.0236    0.00689992752075    2    2
259    1607332177.66    1607332177.67    0.000999927520752    4    0.0284    0.1136    0.0293999275208    2    2
260    1607332177.81    1607332177.81    0.0    4    0.5984    2.3936    0.5984    2    2
261    1607332177.87    1607332177.87    0.0    256    0.8    204.8    0.8    3    6
262    1607332178.18    1607332178.18    0.0    4    0.0059    0.0236    0.0059    2    2
263    1607332178.48    1607332178.48    0.0    64    0.4167    26.6688    0.4167    2    5
264    1607332178.76    1607332178.76    0.000999927520752    16    0.0297    0.4752    0.0306999275208    2    2
265    1607332179.06    1607332179.06    0.0    64    0.9446    60.4544    0.9446    2    5
266    1607332179.52    1607332179.52    0.0    16    0.0098    0.1568    0.0098    2    2
267    1607332179.72    1607332179.72    0.0    256    0.8    204.8    0.8    3    6
268    1607332179.82    1607332179.82    0.000999927520752    4    1.1322    4.5288    1.13319992752    2    2
269    1607332180.21    1607332180.21    0.000999927520752    64    0.6779    43.3856    0.678899927521    2    5
270    1607332180.37    1607332180.37    0.000999927520752    16    0.0429    0.6864    0.0438999275208    2    2
271    1607332180.61    1607332180.61    0.000999927520752    16    0.0429    0.6864    0.0438999275208    2    2
272    1607332180.87    1607332180.87    0.0    16    0.0429    0.6864    0.0429    2    2
273    1607332181.17    1607332181.17    0.0    64    0.0234    1.4976    0.0234    2    5
274    1607332181.26    1607332181.26    0.0    4    1.1322    4.5288    1.1322    2    2
275    1607332181.33    1607332181.33    0.0    16    0.0285    0.456    0.0285    2    2
276    1607332181.51    1607332181.51    0.0    16    0.0098    0.1568    0.0098    2    2
277    1607332181.63    1607332181.63    0.0    256    0.4221    108.0576    0.4221    3    6
278    1607332181.76    1607332181.76    0.000999927520752    4    1.1322    4.5288    1.13319992752    2    2
279    1607332181.98    1607332181.98    0.0    16    0.4243    6.7888    0.4243    2    2
280    1607332182.14    1607332182.14    0.0    16    0.4243    6.7888    0.4243    2    2
281    1607332182.28    1607332182.28    0.0    4    0.0834    0.3336    0.0834    2    2
282    1607332182.53    1607332182.53    0.0    256    0.6189    158.4384    0.6189    3    6
283    1607332182.6    1607332182.6    0.0    16    0.0297    0.4752    0.0297    2    2
284    1607332183.1    1607332183.1    0.0    256    0.6189    158.4384    0.6189    3    6
285    1607332183.12    1607332183.12    0.000999927520752    256    0.7528    192.7168    0.753799927521    3    6
286    1607332183.12    1607332183.12    0.00100016593933    4    0.0059    0.0236    0.00690016593933    2    2
287    1607332183.44    1607332183.44    0.000999927520752    256    0.4221    108.0576    0.423099927521    3    6
288    1607332183.75    1607332183.75    0.0    16    0.0098    0.1568    0.0098    2    2
289    1607332184.05    1607332184.05    0.0    256    0.4221    108.0576    0.4221    3    6
290    1607332184.1    1607332184.1    0.0    16    0.7616    12.1856    0.7616    2    2
291    1607332184.67    1607332184.67    0.000999927520752    64    0.4167    26.6688    0.417699927521    2    5
292    1607332184.72    1607332184.72    0.000999927520752    64    0.0234    1.4976    0.0243999275208    2    5
293    1607332184.97    1607332184.97    0.000999927520752    64    0.1855    11.872    0.186499927521    2    5
294    1607332184.98    1607332184.98    0.0    64    0.0234    1.4976    0.0234    2    5
295    1607332185.35    1607332185.35    0.0    4    0.0526    0.2104    0.0526    2    2
296    1607332185.59    1607332185.59    0.00100016593933    64    0.0125    0.8    0.0135001659393    2    5
297    1607332185.69    1607332185.69    0.0    4    0.0284    0.1136    0.0284    2    2
298    1607332185.85    1607332185.85    0.00200009346008    256    0.7528    192.7168    0.75480009346    3    6
299    1607332185.87    1607332185.88    0.000999927520752    16    0.0285    0.456    0.0294999275208    2    2
300    1607332186.02    1607332186.02    0.0    16    0.4243    6.7888    0.4243    2    2
301    1607332186.12    1607332186.12    0.000999927520752    64    0.0055    0.352    0.00649992752075    2    6
302    1607332186.3    1607332186.3    0.00100016593933    4    0.0059    0.0236    0.00690016593933    2    2
303    1607332186.49    1607332186.49    0.00200009346008    256    0.8    204.8    0.80200009346    3    6
304    1607332186.51    1607332186.51    0.000999927520752    4    1.1322    4.5288    1.13319992752    2    2
305    1607332186.57    1607332186.57    0.0    64    0.0055    0.352    0.0055    2    6
306    1607332186.69    1607332186.69    0.0    4    0.0059    0.0236    0.0059    2    2
307    1607332186.77    1607332186.77    0.0    4    0.5984    2.3936    0.5984    2    2
308    1607332187.07    1607332187.07    0.000999927520752    16    0.7616    12.1856    0.762599927521    2    2
309    1607332187.38    1607332187.38    0.0    4    0.0834    0.3336    0.0834    2    2
310    1607332188.05    1607332188.05    0.000999927520752    4    0.6477    2.5908    0.648699927521    2    2
311    1607332188.22    1607332188.22    0.000999927520752    64    0.0055    0.352    0.00649992752075    2    6
312    1607332188.24    1607332188.24    0.0    4    0.0284    0.1136    0.0284    2    2
313    1607332188.87    1607332188.87    0.0    256    0.7528    192.7168    0.7528    3    6
314    1607332189.76    1607332189.76    0.0    16    0.4243    6.7888    0.4243    2    2
315    1607332190.47    1607332190.47    0.0    256    0.0057    1.4592    0.0057    3    6
316    1607332190.61    1607332190.61    0.000999927520752    256    0.0177    4.5312    0.0186999275208    3    6
317    1607332190.83    1607332190.83    0.000999927520752    64    0.1855    11.872    0.186499927521    2    5
318    1607332191.12    1607332191.12    0.0    16    0.8805    14.088    0.8805    2    2
319    1607332191.33    1607332191.33    0.0    64    0.4167    26.6688    0.4167    2    6
320    1607332191.53    1607332191.53    0.0    4    0.5984    2.3936    0.5984    2    2
321    1607332191.85    1607332191.85    0.0    256    0.8    204.8    0.8    3    6
322    1607332191.93    1607332191.93    0.000999927520752    4    0.6477    2.5908    0.648699927521    2    2
323    1607332191.98    1607332191.98    0.000999927520752    256    0.4221    108.0576    0.423099927521    3    6
324    1607332192.19    1607332192.19    0.0    16    0.0297    0.4752    0.0297    2    2
325    1607332194.11    1607332194.11    0.0    4    0.0834    0.3336    0.0834    2    2
326    1607332194.22    1607332194.22    0.0    16    0.7616    12.1856    0.7616    2    2
327    1607332194.42    1607332194.42    0.000999927520752    4    0.0059    0.0236    0.00689992752075    2    2
328    1607332194.63    1607332194.63    0.000999927520752    16    0.0297    0.4752    0.0306999275208    2    2
329    1607332195.09    1607332195.09    0.000999927520752    256    0.4221    108.0576    0.423099927521    3    6
330    1607332195.59    1607332195.59    0.0    4    0.0834    0.3336    0.0834    2    2
331    1607332196.5    1607332196.5    0.000999927520752    64    0.4167    26.6688    0.417699927521    2    5
332    1607332196.6    1607332196.6    0.0    64    0.1855    11.872    0.1855    2    5
333    1607332196.83    1607332196.83    0.0    16    0.0429    0.6864    0.0429    2    2
334    1607332197.34    1607332197.34    0.0    4    0.6477    2.5908    0.6477    2    2
335    1607332197.37    1607332197.37    0.0    64    0.4167    26.6688    0.4167    2    6
336    1607332197.42    1607332197.42    0.0    256    0.0057    1.4592    0.0057    3    6
337    1607332197.56    1607332197.56    0.000999927520752    4    0.0834    0.3336    0.0843999275208    2    2
338    1607332198.05    1607332198.05    0.0    64    0.0055    0.352    0.0055    2    5
339    1607332198.21    1607332198.21    0.0    256    0.0057    1.4592    0.0057    3    6
340    1607332198.4    1607332198.4    0.0    64    0.0125    0.8    0.0125    2    5
341    1607332198.63    1607332198.63    0.0    4    0.0526    0.2104    0.0526    2    2
342    1607332198.72    1607332198.72    0.00200009346008    256    0.4221    108.0576    0.42410009346    3    6
343    1607332198.73    1607332198.74    0.0090000629425    256    0.8    204.8    0.809000062943    3    6
344    1607332198.86    1607332198.86    0.000999927520752    64    0.1855    11.872    0.186499927521    2    5
345    1607332199.29    1607332199.29    0.000999927520752    256    0.7528    192.7168    0.753799927521    3    6
346    1607332199.38    1607332199.38    0.000999927520752    4    0.0284    0.1136    0.0293999275208    2    2
347    1607332200.03    1607332200.03    0.000999927520752    4    0.0059    0.0236    0.00689992752075    2    2
348    1607332200.09    1607332200.09    0.0    256    0.0177    4.5312    0.0177    3    6
349    1607332200.27    1607332200.27    0.000999927520752    64    0.0055    0.352    0.00649992752075    2    5
350    1607332200.49    1607332200.49    0.0    256    0.0057    1.4592    0.0057    3    6
351    1607332200.59    1607332200.59    0.0    4    0.0284    0.1136    0.0284    2    2
352    1607332200.65    1607332200.65    0.000999927520752    256    0.8    204.8    0.800999927521    3    6
353    1607332201.11    1607332201.11    0.000999927520752    16    0.8805    14.088    0.881499927521    2    2
354    1607332201.34    1607332201.35    0.000999927520752    4    0.6477    2.5908    0.648699927521    2    2
355    1607332201.38    1607332201.38    0.0    16    0.4243    6.7888    0.4243    2    5
356    1607332201.9    1607332201.9    0.0    16    0.7616    12.1856    0.7616    2    2
357    1607332201.91    1607332201.91    0.0    4    1.1322    4.5288    1.1322    2    2
358    1607332202.13    1607332202.13    0.0    4    0.0526    0.2104    0.0526    2    2
359    1607332202.15    1607332202.15    0.0    16    0.8805    14.088    0.8805    2    5
360    1607332202.28    1607332202.28    0.000999927520752    256    0.7528    192.7168    0.753799927521    3    6
361    1607332202.57    1607332202.57    0.0    4    0.0059    0.0236    0.0059    2    2
362    1607332202.94    1607332202.94    0.000999927520752    256    0.4221    108.0576    0.423099927521    3    6
363    1607332203.26    1607332203.26    0.0    4    0.5984    2.3936    0.5984    2    2
364    1607332203.33    1607332203.33    0.0    4    0.0059    0.0236    0.0059    2    2
365    1607332203.48    1607332203.48    0.0    16    0.7616    12.1856    0.7616    2    2
366    1607332204.02    1607332204.02    0.0    256    0.8    204.8    0.8    3    6
367    1607332204.24    1607332204.24    0.000999927520752    16    0.8805    14.088    0.881499927521    2    2
368    1607332204.25    1607332204.25    0.0    64    0.6779    43.3856    0.6779    3    6
369    1607332204.58    1607332204.58    0.00100016593933    4    0.6477    2.5908    0.648700165939    2    2
370    1607332204.74    1607332204.74    0.00100016593933    256    0.6189    158.4384    0.619900165939    3    6
371    1607332205.01    1607332205.01    0.0    16    0.0098    0.1568    0.0098    2    2
372    1607332205.13    1607332205.13    0.00100016593933    256    0.6189    158.4384    0.619900165939    3    6
373    1607332205.35    1607332205.35    0.000999927520752    64    0.0125    0.8    0.0134999275208    2    5
374    1607332206.68    1607332206.68    0.0    4    0.0834    0.3336    0.0834    2    2
375    1607332206.95    1607332206.95    0.000999927520752    64    0.9446    60.4544    0.945599927521    2    5
376    1607332207.33    1607332207.33    0.00200009346008    256    0.6189    158.4384    0.62090009346    3    6
377    1607332207.45    1607332207.45    0.000999927520752    4    0.6477    2.5908    0.648699927521    2    2
378    1607332208.13    1607332208.13    0.0    16    0.0098    0.1568    0.0098    2    2
379    1607332208.41    1607332208.41    0.0    4    0.0834    0.3336    0.0834    2    2
380    1607332208.97    1607332208.97    0.0    256    0.0057    1.4592    0.0057    3    6
381    1607332209.09    1607332209.09    0.0    16    0.7616    12.1856    0.7616    2    2
382    1607332209.18    1607332209.18    0.0    4    0.0834    0.3336    0.0834    2    2
383    1607332209.22    1607332209.22    0.00100016593933    64    0.6779    43.3856    0.678900165939    2    6
384    1607332209.22    1607332209.22    0.0    64    0.1855    11.872    0.1855    2    6
385    1607332209.29    1607332209.29    0.0    16    0.0297    0.4752    0.0297    2    3
386    1607332209.53    1607332209.53    0.0    64    0.0055    0.352    0.0055    2    6
387    1607332209.63    1607332209.63    0.0    4    0.0284    0.1136    0.0284    2    2
388    1607332209.67    1607332209.67    0.0    256    0.7528    192.7168    0.7528    3    6
389    1607332209.82    1607332209.83    0.00100016593933    4    0.5984    2.3936    0.599400165939    2    2
390    1607332209.88    1607332209.88    0.00100016593933    64    0.0234    1.4976    0.0244001659393    2    6
391    1607332210.06    1607332210.06    0.000999927520752    256    0.0057    1.4592    0.00669992752075    3    6
392    1607332210.66    1607332210.66    0.000999927520752    256    0.7528    192.7168    0.753799927521    3    6
393    1607332211.08    1607332211.08    0.0    4    1.1322    4.5288    1.1322    2    2
394    1607332211.19    1607332211.19    0.0    4    1.1322    4.5288    1.1322    2    2
395    1607332211.31    1607332211.31    0.0    16    0.4243    6.7888    0.4243    2    2
396    1607332211.33    1607332211.33    0.0    256    0.6189    158.4384    0.6189    3    6
397    1607332211.41    1607332211.41    0.00100016593933    16    0.4243    6.7888    0.425300165939    2    5
398    1607332211.55    1607332211.55    0.0    16    0.7616    12.1856    0.7616    2    2
399    1607332211.65    1607332211.65    0.000999927520752    64    0.1855    11.872    0.186499927521    2    6
400    1607332212.17    1607332212.17    0.0    4    1.1322    4.5288    1.1322    2    2
401    1607332212.18    1607332212.18    0.0    16    0.0429    0.6864    0.0429    2    5
402    1607332212.29    1607332212.29    0.0    64    0.1855    11.872    0.1855    2    6
403    1607332212.31    1607332212.31    0.0    64    0.4167    26.6688    0.4167    2    6
404    1607332212.38    1607332212.38    0.0    16    0.8805    14.088    0.8805    2    2
405    1607332212.42    1607332212.42    0.0    4    0.0834    0.3336    0.0834    2    2
406    1607332212.44    1607332212.44    0.000999927520752    64    0.0055    0.352    0.00649992752075    2    6
407    1607332212.56    1607332212.56    0.0    4    0.0284    0.1136    0.0284    2    2
408    1607332212.63    1607332212.63    0.000999927520752    64    0.9446    60.4544    0.945599927521    2    6
409    1607332212.66    1607332212.66    0.000999927520752    256    0.0177    4.5312    0.0186999275208    3    6
410    1607332212.84    1607332212.84    0.000999927520752    256    0.0177    4.5312    0.0186999275208    3    6
411    1607332213.01    1607332213.01    0.0    256    0.6189    158.4384    0.6189    3    6
412    1607332213.14    1607332213.14    0.0    16    0.0098    0.1568    0.0098    2    5
413    1607332213.37    1607332213.37    0.0    4    1.1322    4.5288    1.1322    2    2
414    1607332213.42    1607332213.42    0.0    4    0.5984    2.3936    0.5984    2    2
415    1607332213.65    1607332213.65    0.0    4    0.5984    2.3936    0.5984    2    2
416    1607332213.82    1607332213.82    0.0    4    0.0284    0.1136    0.0284    2    2
417    1607332213.86    1607332213.86    0.0    4    0.0059    0.0236    0.0059    2    2
418    1607332213.98    1607332213.98    0.000999927520752    64    0.0055    0.352    0.00649992752075    2    6
419    1607332214.09    1607332214.09    0.0    4    0.6477    2.5908    0.6477    2    2
420    1607332214.28    1607332214.28    0.00100016593933    64    0.0055    0.352    0.00650016593933    2    6
421    1607332214.42    1607332214.42    0.000999927520752    256    0.7528    192.7168    0.753799927521    3    6
422    1607332214.5    1607332214.5    0.00100016593933    16    0.0429    0.6864    0.0439001659393    2    2
423    1607332214.89    1607332214.89    0.000999927520752    16    0.7616    12.1856    0.762599927521    2    3
424    1607332215.04    1607332215.04    0.0    64    0.6779    43.3856    0.6779    2    6
425    1607332215.4    1607332215.4    0.000999927520752    64    0.0055    0.352    0.00649992752075    2    6
426    1607332215.56    1607332215.56    0.0    16    0.0285    0.456    0.0285    2    2
427    1607332215.83    1607332215.83    0.000999927520752    64    0.0055    0.352    0.00649992752075    2    5
428    1607332216.19    1607332216.19    0.0    256    0.0177    4.5312    0.0177    3    6
429    1607332216.38    1607332216.38    0.000999927520752    256    0.0057    1.4592    0.00669992752075    3    6
430    1607332216.48    1607332216.48    0.0    256    0.0177    4.5312    0.0177    3    6
431    1607332216.73    1607332216.73    0.0    64    0.1855    11.872    0.1855    2    5
432    1607332216.75    1607332216.75    0.0    16    0.0098    0.1568    0.0098    2    2
433    1607332216.96    1607332216.96    0.000999927520752    256    0.8    204.8    0.800999927521    3    6
434    1607332217.02    1607332217.02    0.0019998550415    16    0.0098    0.1568    0.0117998550415    2    2
435    1607332217.03    1607332217.03    0.00200009346008    64    0.9446    60.4544    0.94660009346    2    6
436    1607332217.06    1607332217.06    0.0    4    0.0059    0.0236    0.0059    2    2
437    1607332217.09    1607332217.09    0.000999927520752    4    0.5984    2.3936    0.599399927521    2    2
438    1607332217.12    1607332217.12    0.000999927520752    256    0.7528    192.7168    0.753799927521    3    6
439    1607332217.35    1607332217.35    0.000999927520752    64    0.0055    0.352    0.00649992752075    2    6
440    1607332217.58    1607332217.58    0.0    64    0.4167    26.6688    0.4167    2    6
441    1607332217.72    1607332217.72    0.000999927520752    16    0.4243    6.7888    0.425299927521    2    3
442    1607332217.8    1607332217.8    0.0    64    0.9446    60.4544    0.9446    2    5
443    1607332217.92    1607332217.92    0.000999927520752    256    0.0057    1.4592    0.00669992752075    3    6
444    1607332217.97    1607332217.97    0.0    16    0.8805    14.088    0.8805    2    2
445    1607332218.05    1607332218.05    0.0    4    1.1322    4.5288    1.1322    2    2
446    1607332218.7    1607332218.7    0.0    4    0.0834    0.3336    0.0834    2    2
447    1607332219.23    1607332219.23    0.0    16    0.0297    0.4752    0.0297    2    2
448    1607332219.32    1607332219.32    0.00100016593933    256    0.6189    158.4384    0.619900165939    3    6
449    1607332219.39    1607332219.39    0.0    256    0.7528    192.7168    0.7528    3    6
450    1607332219.91    1607332219.91    0.00100016593933    4    0.0834    0.3336    0.0844001659393    2    2
451    1607332219.99    1607332219.99    0.0    16    0.7616    12.1856    0.7616    2    2
452    1607332220.19    1607332220.19    0.000999927520752    64    0.0234    1.4976    0.0243999275208    2    6
453    1607332220.54    1607332220.54    0.0    4    0.6477    2.5908    0.6477    2    2
454    1607332220.7    1607332220.7    0.000999927520752    64    0.6779    43.3856    0.678899927521    2    6
455    1607332221.11    1607332221.11    0.0    256    0.8    204.8    0.8    3    6
456    1607332221.92    1607332221.93    0.00800013542175    256    0.0057    1.4592    0.0137001354218    3    6
457    1607332222.1    1607332222.1    0.0    4    0.0834    0.3336    0.0834    2    2
458    1607332222.24    1607332222.24    0.0    4    0.6477    2.5908    0.6477    2    2
459    1607332222.3    1607332222.3    0.0    256    0.8    204.8    0.8    3    6
460    1607332222.41    1607332222.42    0.000999927520752    256    0.0177    4.5312    0.0186999275208    3    6
461    1607332222.84    1607332222.84    0.000999927520752    64    0.0055    0.352    0.00649992752075    2    6
462    1607332222.93    1607332222.93    0.00100016593933    64    0.4167    26.6688    0.417700165939    2    6
463    1607332222.96    1607332222.96    0.000999927520752    64    0.4167    26.6688    0.417699927521    2    5
464    1607332223.06    1607332223.06    0.000999927520752    256    0.8    204.8    0.800999927521    3    6
465    1607332223.09    1607332223.09    0.000999927520752    64    0.1855    11.872    0.186499927521    2    5
466    1607332223.55    1607332223.55    0.0    16    0.0285    0.456    0.0285    2    2
467    1607332223.6    1607332223.6    0.0    256    0.0177    4.5312    0.0177    3    6
468    1607332223.64    1607332223.64    0.00100016593933    256    0.7528    192.7168    0.753800165939    3    6
469    1607332223.65    1607332223.65    0.000999927520752    256    0.0057    1.4592    0.00669992752075    3    6
470    1607332224.14    1607332224.14    0.000999927520752    64    0.4167    26.6688    0.417699927521    2    5
471    1607332224.31    1607332224.31    0.0    64    0.0125    0.8    0.0125    2    5
472    1607332224.72    1607332224.72    0.0    4    0.0834    0.3336    0.0834    2    2
473    1607332224.78    1607332224.78    0.0    4    0.6477    2.5908    0.6477    2    2
474    1607332225.1    1607332225.1    0.0    64    0.0055    0.352    0.0055    2    6
475    1607332225.15    1607332225.15    0.0    16    0.0098    0.1568    0.0098    2    2
476    1607332225.24    1607332225.24    0.0    64    0.0055    0.352    0.0055    2    6
477    1607332225.36    1607332225.36    0.000999927520752    256    0.0057    1.4592    0.00669992752075    3    6
478    1607332225.68    1607332225.68    0.0    16    0.0429    0.6864    0.0429    2    2
479    1607332225.96    1607332225.96    0.0    64    0.0234    1.4976    0.0234    2    5
480    1607332226.17    1607332226.17    0.0    4    1.1322    4.5288    1.1322    2    2
481    1607332226.2    1607332226.2    0.0    4    0.0834    0.3336    0.0834    2    2
482    1607332226.59    1607332226.59    0.0    256    0.8    204.8    0.8    3    6
483    1607332226.88    1607332226.88    0.0    256    0.4221    108.0576    0.4221    3    6
484    1607332227.34    1607332227.34    0.0    4    0.0284    0.1136    0.0284    2    2
485    1607332227.88    1607332227.88    0.0    16    0.0285    0.456    0.0285    2    2
486    1607332227.96    1607332227.96    0.0    16    0.0285    0.456    0.0285    2    2
487    1607332228.03    1607332228.03    0.00100016593933    64    0.1855    11.872    0.186500165939    2    5
488    1607332228.7    1607332228.7    0.0    16    0.0429    0.6864    0.0429    2    2
489    1607332228.78    1607332228.79    0.00100016593933    16    0.7616    12.1856    0.762600165939    2    2
490    1607332228.85    1607332228.85    0.00300002098083    256    0.8    204.8    0.803000020981    3    6
491    1607332228.95    1607332228.95    0.00100016593933    256    0.0177    4.5312    0.0187001659393    3    6
492    1607332229.03    1607332229.03    0.0    64    0.6779    43.3856    0.6779    2    6
493    1607332229.32    1607332229.32    0.0    4    0.0284    0.1136    0.0284    2    2
494    1607332229.4    1607332229.4    0.0    64    0.0055    0.352    0.0055    2    6
495    1607332229.64    1607332229.65    0.000999927520752    64    0.9446    60.4544    0.945599927521    2    6
496    1607332229.67    1607332229.68    0.00899982452393    256    0.0057    1.4592    0.0146998245239    3    6
497    1607332229.83    1607332229.83    0.0    4    0.0284    0.1136    0.0284    2    2
498    1607332229.87    1607332229.87    0.0    64    0.9446    60.4544    0.9446    2    6
499    1607332230.06    1607332230.06    0.0    4    0.0284    0.1136    0.0284    2    2

dispatched jobs are: 500 out of 500
average queue time is: 0.167105998516
fso links are used for 0 times
overall utilization is 0.0361130051965
average response time is 0.532404998516
average weighted response time is 0.68717378411
average slowdown is 1.00326053008
cpu_request: 39824, cpu_run: 39824
ssd_request: 19339, ssd_run: 0
gpu_request: 18326, gpu_run: 0
cpu aspl: 2.23
cpu diameter: 3.896
job x: 0.0
job y: 0.0
job z: 0.0
