#timestep  occupied-CPU  total-CPU  utilization  queuingjobs
1    0    4096    0.0    0
2    276    4096    0.0673828125    0
3    304    4096    0.07421875    0
4    20    4096    0.0048828125    0
5    64    4096    0.015625    0
6    88    4096    0.021484375    0
7    80    4096    0.01953125    0
8    4    4096    0.0009765625    0
9    352    4096    0.0859375    0
10    32    4096    0.0078125    0
11    196    4096    0.0478515625    0
12    656    4096    0.16015625    0
13    8    4096    0.001953125    0
14    576    4096    0.140625    0
15    80    4096    0.01953125    0
16    256    4096    0.0625    0
17    68    4096    0.0166015625    0
18    64    4096    0.015625    0
19    332    4096    0.0810546875    0
20    144    4096    0.03515625    0
21    4    4096    0.0009765625    0
22    0    4096    0.0    0
23    512    4096    0.125    0
24    1024    4096    0.25    1
25    332    4096    0.0810546875    0
26    576    4096    0.140625    0
27    8    4096    0.001953125    0
28    272    4096    0.06640625    1
29    64    4096    0.015625    0
30    256    4096    0.0625    0
31    352    4096    0.0859375    0
32    16    4096    0.00390625    0
33    132    4096    0.0322265625    0
34    516    4096    0.1259765625    0
35    336    4096    0.08203125    1
36    100    4096    0.0244140625    0
37    20    4096    0.0048828125    0
38    20    4096    0.0048828125    0
39    256    4096    0.0625    0
40    664    4096    0.162109375    0
41    268    4096    0.0654296875    0
42    96    4096    0.0234375    0
43    36    4096    0.0087890625    0
44    0    4096    0.0    0
45    272    4096    0.06640625    0
46    324    4096    0.0791015625    0
47    512    4096    0.125    0
48    8    4096    0.001953125    0
49    68    4096    0.0166015625    0
50    144    4096    0.03515625    0
51    416    4096    0.1015625    0
52    4    4096    0.0009765625    0
53    80    4096    0.01953125    0
54    160    4096    0.0390625    0
55    288    4096    0.0703125    0
56    0    4096    0.0    0
57    580    4096    0.1416015625    0
58    576    4096    0.140625    1
59    592    4096    0.14453125    0
60    32    4096    0.0078125    0
61    556    4096    0.1357421875    1
62    20    4096    0.0048828125    0
63    528    4096    0.12890625    0
64    292    4096    0.0712890625    0
65    468    4096    0.1142578125    0
66    520    4096    0.126953125    0
67    566    4096    0.13818359375    0
68    532    4096    0.1298828125    0
69    144    4096    0.03515625    0
70    320    4096    0.078125    0
71    600    4096    0.146484375    0
72    52    4096    0.0126953125    0
73    336    4096    0.08203125    0
74    772    4096    0.1884765625    0
75    580    4096    0.1416015625    0
76    148    4096    0.0361328125    1
77    324    4096    0.0791015625    0
78    368    4096    0.08984375    0
79    16    4096    0.00390625    0
80    16    4096    0.00390625    0
81    12    4096    0.0029296875    0
82    32    4096    0.0078125    0
83    96    4096    0.0234375    0
84    848    4096    0.20703125    1
85    288    4096    0.0703125    0
86    20    4096    0.0048828125    0
87    20    4096    0.0048828125    1
88    0    4096    0.0    0
89    16    4096    0.00390625    0
90    24    4096    0.005859375    0
91    256    4096    0.0625    0
92    4    4096    0.0009765625    0
93    8    4096    0.001953125    0
94    532    4096    0.1298828125    0
95    4    4096    0.0009765625    0
96    0    4096    0.0    0

average cpu utilization is: 0.0580698649089
average ssd utilization is: 1.0
average gpu utilization is: 1.0
average utilization is: 0.686023288303
average queuing jobs are: 0.0833333333333
maximum queuing jobs are: 1


#job_number  submit  dispatch  queue  cpu#  runtime  weight  response(turnaround)  cpu_aspl  cpu_diameter
0    1607337390.54    1607337454.61    64.0720000267    256    0.7528    192.7168    64.8248000267    1.0    1
1    1607337454.6    1607337454.62    0.0169999599457    16    0.8805    14.088    0.897499959946    0    0
2    1607337454.73    1607337454.73    0.00500011444092    256    0.0057    1.4592    0.0107001144409    1.0    1
3    1607337454.88    1607337454.88    0.000999927520752    4    0.0284    0.1136    0.0293999275208    0    0
4    1607337455.19    1607337455.19    0.000999927520752    64    0.0125    0.8    0.0134999275208    1.0    1
5    1607337455.33    1607337455.33    0.00400018692017    256    0.8    204.8    0.80400018692    1.0    1
6    1607337455.34    1607337455.34    0.0019998550415    4    0.5956    2.3824    0.597599855042    0    0
7    1607337455.37    1607337455.38    0.0110001564026    64    0.0234    1.4976    0.0344001564026    1.0    1
8    1607337455.41    1607337455.41    0.0    64    0.1855    11.872    0.1855    1.0    1
9    1607337455.52    1607337455.52    0.000999927520752    16    0.7616    12.1856    0.762599927521    0    0
10    1607337455.65    1607337455.65    0.0    4    0.0059    0.0236    0.0059    0    0
11    1607337455.96    1607337455.96    0.0    16    0.8805    14.088    0.8805    0    0
12    1607337456.02    1607337456.02    0.000999927520752    16    0.7616    12.1856    0.762599927521    0    0
13    1607337456.1    1607337456.11    0.00800013542175    256    0.4221    108.0576    0.430100135422    1.0    1
14    1607337456.2    1607337456.2    0.000999927520752    16    0.8805    14.088    0.881499927521    0    0
15    1607337456.23    1607337456.23    0.000999927520752    64    0.4167    26.6688    0.417699927521    1.0    1
16    1607337456.57    1607337456.57    0.0    4    0.0059    0.0236    0.0059    0    0
17    1607337456.72    1607337456.72    0.00399994850159    256    0.7528    192.7168    0.756799948502    1.0    1
18    1607337456.76    1607337456.78    0.0210001468658    256    0.7528    192.7168    0.773800146866    1.0    1
19    1607337457.06    1607337457.06    0.000999927520752    16    0.7616    12.1856    0.762599927521    0    0
20    1607337457.27    1607337457.27    0.0    16    0.0098    0.1568    0.0098    0    0
21    1607337457.7    1607337457.7    0.0    4    0.5956    2.3824    0.5956    0    0
22    1607337457.91    1607337457.91    0.0    4    0.0284    0.1136    0.0284    0    0
23    1607337458.04    1607337458.04    0.000999927520752    16    0.0429    0.6864    0.0438999275208    0    0
24    1607337458.08    1607337458.08    0.0    4    0.0522    0.2088    0.0522    0    0
25    1607337458.11    1607337458.12    0.00300002098083    256    0.7528    192.7168    0.755800020981    1.0    1
26    1607337458.22    1607337458.22    0.0019998550415    64    0.1855    11.872    0.187499855042    1.0    1
27    1607337458.27    1607337458.27    0.000999927520752    4    0.0522    0.2088    0.0531999275208    0    0
28    1607337458.74    1607337458.74    0.0    4    0.0832    0.3328    0.0832    0    0
29    1607337458.79    1607337458.79    0.0019998550415    16    0.0098    0.1568    0.0117998550415    1.0    1
30    1607337458.81    1607337458.82    0.00200009346008    64    0.9446    60.4544    0.94660009346    1.0    1
31    1607337459.07    1607337459.07    0.000999927520752    64    0.4167    26.6688    0.417699927521    1.0    1
32    1607337459.18    1607337459.18    0.0    4    1.1283    4.5132    1.1283    0    0
33    1607337459.28    1607337459.28    0.0    16    0.0429    0.6864    0.0429    0    0
34    1607337459.34    1607337459.34    0.000999927520752    4    0.0284    0.1136    0.0293999275208    0    0
35    1607337459.34    1607337459.34    0.0    4    0.0522    0.2088    0.0522    0    0
36    1607337459.41    1607337459.41    0.0    16    0.0297    0.4752    0.0297    0    0
37    1607337459.52    1607337459.52    0.0    4    0.6452    2.5808    0.6452    0    0
38    1607337459.56    1607337459.56    0.0    16    0.8805    14.088    0.8805    0    0
39    1607337459.73    1607337459.74    0.00100016593933    64    0.6779    43.3856    0.678900165939    1.0    1
40    1607337459.87    1607337459.87    0.0    4    0.0284    0.1136    0.0284    0    0
41    1607337460.1    1607337460.1    0.0    4    0.6452    2.5808    0.6452    0    0
42    1607337460.25    1607337460.25    0.000999927520752    16    0.0429    0.6864    0.0438999275208    1.0    1
43    1607337460.26    1607337460.26    0.00300002098083    256    0.0177    4.5312    0.0207000209808    1.0    1
44    1607337460.33    1607337460.33    0.0    16    0.8805    14.088    0.8805    1.0    1
45    1607337460.48    1607337460.48    0.0    4    0.0832    0.3328    0.0832    0    0
46    1607337460.67    1607337460.67    0.0    16    0.0297    0.4752    0.0297    0    0
47    1607337460.97    1607337460.97    0.000999927520752    64    0.9446    60.4544    0.945599927521    1.0    1
48    1607337461.09    1607337461.1    0.00299978256226    256    0.0057    1.4592    0.00869978256226    1.0    1
49    1607337461.17    1607337461.17    0.000999927520752    16    0.7616    12.1856    0.762599927521    0    0
50    1607337461.33    1607337461.33    0.0    4    1.1283    4.5132    1.1283    0    0
51    1607337461.37    1607337461.37    0.000999927520752    16    0.0285    0.456    0.0294999275208    1.0    1
52    1607337461.67    1607337461.67    0.0    64    0.0125    0.8    0.0125    1.0    1
53    1607337462.07    1607337462.08    0.00200009346008    64    0.9446    60.4544    0.94660009346    1.0    1
54    1607337462.16    1607337462.16    0.00100016593933    64    0.1855    11.872    0.186500165939    1.0    1
55    1607337462.2    1607337462.21    0.00399994850159    256    0.7528    192.7168    0.756799948502    1.0    1
56    1607337462.31    1607337462.31    0.00300002098083    64    0.1855    11.872    0.188500020981    1.0    1
57    1607337462.32    1607337462.32    0.0019998550415    4    0.0832    0.3328    0.0851998550415    0    0
58    1607337462.42    1607337462.42    0.0    16    0.0429    0.6864    0.0429    0    0
59    1607337462.49    1607337462.49    0.0    4    0.5956    2.3824    0.5956    0    0
60    1607337462.56    1607337462.57    0.00500011444092    256    0.6189    158.4384    0.623900114441    1.0    1
61    1607337462.6    1607337462.61    0.00399994850159    64    0.1855    11.872    0.189499948502    1.0    1
62    1607337462.89    1607337462.89    0.00599980354309    256    0.0177    4.5312    0.0236998035431    1.0    1
63    1607337462.95    1607337462.95    0.00200009346008    4    0.0522    0.2088    0.0542000934601    0    0
64    1607337462.95    1607337462.96    0.00399994850159    16    0.4243    6.7888    0.428299948502    0    0
65    1607337462.97    1607337462.97    0.00399994850159    16    0.8805    14.088    0.884499948502    0    0
66    1607337462.97    1607337462.97    0.000999927520752    64    0.0234    1.4976    0.0243999275208    1.0    1
67    1607337463.0    1607337463.0    0.000999927520752    4    0.0832    0.3328    0.0841999275208    0    0
68    1607337463.03    1607337463.03    0.000999927520752    4    0.0522    0.2088    0.0531999275208    0    0
69    1607337463.03    1607337463.04    0.00100016593933    64    0.4167    26.6688    0.417700165939    1.0    1
70    1607337463.26    1607337463.26    0.0    4    0.0832    0.3328    0.0832    0    0
71    1607337463.35    1607337463.35    0.000999927520752    16    0.0285    0.456    0.0294999275208    1.0    1
72    1607337463.38    1607337463.38    0.0    4    0.6452    2.5808    0.6452    0    0
73    1607337463.48    1607337463.48    0.00299978256226    256    0.6189    158.4384    0.621899782562    1.0    1
74    1607337463.67    1607337463.67    0.000999927520752    16    0.8805    14.088    0.881499927521    1.0    1
75    1607337463.74    1607337463.74    0.000999927520752    4    0.0832    0.3328    0.0841999275208    0    0
76    1607337463.89    1607337463.89    0.00200009346008    64    0.0055    0.352    0.00750009346008    1.0    1
77    1607337463.96    1607337463.96    0.000999927520752    16    0.4243    6.7888    0.425299927521    0    0
78    1607337464.33    1607337464.33    0.0    4    0.0059    0.0236    0.0059    0    0
79    1607337464.35    1607337464.35    0.0    64    0.9446    60.4544    0.9446    1.0    1
80    1607337464.42    1607337464.42    0.0    64    0.9446    60.4544    0.9446    1.0    1
81    1607337464.57    1607337464.57    0.000999927520752    64    0.0125    0.8    0.0134999275208    1.0    1
82    1607337464.68    1607337464.68    0.000999927520752    64    0.6779    43.3856    0.678899927521    1.0    1
83    1607337464.84    1607337464.84    0.00100016593933    4    1.1283    4.5132    1.12930016594    0    0
84    1607337464.95    1607337464.95    0.00100016593933    16    0.0297    0.4752    0.0307001659393    0    0
85    1607337465.03    1607337465.03    0.00100016593933    4    0.0284    0.1136    0.0294001659393    0    0
86    1607337465.15    1607337465.15    0.00100016593933    64    0.0234    1.4976    0.0244001659393    1.0    1
87    1607337465.29    1607337465.3    0.00300002098083    256    0.8    204.8    0.803000020981    1.0    1
88    1607337465.31    1607337465.31    0.0    64    0.0125    0.8    0.0125    1.0    1
89    1607337465.44    1607337465.45    0.00699996948242    256    0.0177    4.5312    0.0246999694824    1.19444444444    2
90    1607337465.49    1607337465.49    0.0    16    0.8805    14.088    0.8805    0    0
91    1607337465.53    1607337465.53    0.00600004196167    256    0.6189    158.4384    0.624900041962    1.19444444444    2
92    1607337465.55    1607337465.56    0.00500011444092    256    0.8    204.8    0.805000114441    1.0    1
93    1607337465.61    1607337465.62    0.00300002098083    64    0.0125    0.8    0.0155000209808    1.0    1
94    1607337465.67    1607337465.68    0.00600004196167    256    0.7528    192.7168    0.758800041962    1.0    1
95    1607337465.92    1607337465.93    0.00800013542175    64    0.6779    43.3856    0.685900135422    1.0    1
96    1607337466.03    1607337466.04    0.00800013542175    256    0.0057    1.4592    0.0137001354218    1.48888888889    3
97    1607337466.23    1607337466.23    0.0    64    0.9446    60.4544    0.9446    1.0    1
98    1607337466.36    1607337466.36    0.0    16    0.4243    6.7888    0.4243    0    0
99    1607337466.38    1607337466.39    0.00399994850159    256    0.0177    4.5312    0.0216999485016    1.0    1
100    1607337466.52    1607337466.52    0.0    4    0.0832    0.3328    0.0832    0    0
101    1607337466.56    1607337466.56    0.0    4    0.0059    0.0236    0.0059    0    0
102    1607337466.94    1607337466.94    0.00299978256226    256    0.0177    4.5312    0.0206997825623    1.0    1
103    1607337467.12    1607337467.12    0.00100016593933    64    0.0234    1.4976    0.0244001659393    1.0    1
104    1607337467.21    1607337467.21    0.0    4    0.6452    2.5808    0.6452    0    0
105    1607337467.32    1607337467.32    0.0    4    0.5956    2.3824    0.5956    0    0
106    1607337467.46    1607337467.46    0.00100016593933    64    0.0055    0.352    0.00650016593933    1.0    1
107    1607337467.59    1607337467.59    0.00300002098083    256    0.4221    108.0576    0.425100020981    1.0    1
108    1607337467.68    1607337467.68    0.000999927520752    4    0.0284    0.1136    0.0293999275208    0    0
109    1607337467.8    1607337467.8    0.00200009346008    64    0.6779    43.3856    0.67990009346    1.0    1
110    1607337467.81    1607337467.82    0.00499987602234    256    0.6189    158.4384    0.623899876022    1.0    1
111    1607337468.03    1607337468.03    0.0    4    0.0522    0.2088    0.0522    0    0
112    1607337468.04    1607337468.05    0.00300002098083    256    0.7528    192.7168    0.755800020981    1.0    1
113    1607337468.06    1607337468.06    0.000999927520752    4    0.0059    0.0236    0.00689992752075    0    0
114    1607337468.11    1607337468.12    0.00300002098083    16    0.0098    0.1568    0.0128000209808    1.33333333333    2
115    1607337468.33    1607337468.33    0.00200009346008    16    0.0285    0.456    0.0305000934601    1.33333333333    2
116    1607337468.63    1607337468.64    0.00399994850159    256    0.7528    192.7168    0.756799948502    1.19444444444    2
117    1607337468.72    1607337468.72    0.00200009346008    16    0.0297    0.4752    0.0317000934601    0    0
118    1607337468.88    1607337468.88    0.0    16    0.0098    0.1568    0.0098    0    0
119    1607337468.9    1607337468.9    0.000999927520752    64    0.0234    1.4976    0.0243999275208    1.0    1
120    1607337469.07    1607337469.08    0.00100016593933    16    0.7616    12.1856    0.762600165939    0    0
121    1607337469.11    1607337469.11    0.00100016593933    4    0.0522    0.2088    0.0532001659393    0    0
122    1607337469.15    1607337469.15    0.0    64    0.9446    60.4544    0.9446    1.0    1
123    1607337469.56    1607337469.56    0.0    64    0.9446    60.4544    0.9446    1.0    1
124    1607337469.62    1607337469.62    0.00400018692017    256    0.7528    192.7168    0.75680018692    1.0    1
125    1607337469.66    1607337469.66    0.00200009346008    4    0.0284    0.1136    0.0304000934601    0    0
126    1607337469.66    1607337469.67    0.00600004196167    256    0.6189    158.4384    0.624900041962    1.0    1
127    1607337469.91    1607337469.92    0.00500011444092    64    0.0125    0.8    0.0175001144409    1.33333333333    2
128    1607337469.91    1607337469.92    0.00600004196167    64    0.0234    1.4976    0.0294000419617    1.0    1
129    1607337470.16    1607337470.16    0.00699996948242    256    0.4221    108.0576    0.429099969482    1.17777777778    2
130    1607337470.22    1607337470.22    0.00399994850159    64    0.0055    0.352    0.00949994850159    1.0    1
131    1607337470.47    1607337470.47    0.0    16    0.0429    0.6864    0.0429    0    0
132    1607337470.78    1607337470.78    0.0    64    0.9446    60.4544    0.9446    1.0    1
133    1607337471.11    1607337471.11    0.0    64    0.0125    0.8    0.0125    1.0    1
134    1607337471.12    1607337471.12    0.0    16    0.4243    6.7888    0.4243    0    0
135    1607337471.25    1607337471.25    0.0    4    0.6452    2.5808    0.6452    0    0
136    1607337471.26    1607337471.26    0.00399994850159    256    0.0057    1.4592    0.00969994850159    1.0    1
137    1607337471.73    1607337471.73    0.00600004196167    256    0.6189    158.4384    0.624900041962    1.0    1
138    1607337471.74    1607337471.75    0.00500011444092    256    0.0057    1.4592    0.0107001144409    1.19444444444    2
139    1607337472.08    1607337472.08    0.00399994850159    256    0.4221    108.0576    0.426099948502    1.19444444444    2
140    1607337472.23    1607337472.23    0.00399994850159    256    0.0057    1.4592    0.00969994850159    1.0    1
141    1607337472.48    1607337472.48    0.000999927520752    64    0.9446    60.4544    0.945599927521    1.0    1
142    1607337472.68    1607337472.7    0.0149998664856    256    0.6189    158.4384    0.633899866486    1.0    1
143    1607337472.82    1607337472.82    0.000999927520752    4    1.1283    4.5132    1.12929992752    0    0
144    1607337473.02    1607337473.02    0.000999927520752    4    0.0522    0.2088    0.0531999275208    0    0
145    1607337473.14    1607337473.15    0.00399994850159    256    0.4221    108.0576    0.426099948502    1.0    1
146    1607337473.19    1607337473.2    0.00399994850159    64    0.9446    60.4544    0.948599948502    1.0    1
147    1607337473.21    1607337473.21    0.00300002098083    64    0.0125    0.8    0.0155000209808    1.0    1
148    1607337473.36    1607337473.36    0.0    4    0.0522    0.2088    0.0522    0    0
149    1607337473.59    1607337473.59    0.000999927520752    64    0.0234    1.4976    0.0243999275208    1.0    1
150    1607337473.61    1607337473.61    0.00200009346008    256    0.7528    192.7168    0.75480009346    1.0    1
151    1607337473.66    1607337473.66    0.0    4    0.5956    2.3824    0.5956    0    0
152    1607337473.67    1607337473.67    0.0    4    0.0832    0.3328    0.0832    0    0
153    1607337474.12    1607337474.12    0.0    4    0.0059    0.0236    0.0059    0    0
154    1607337474.59    1607337474.59    0.0    16    0.4243    6.7888    0.4243    0    0
155    1607337474.6    1607337474.6    0.0    64    0.1855    11.872    0.1855    1.0    1
156    1607337474.69    1607337474.69    0.000999927520752    64    0.1855    11.872    0.186499927521    1.0    1
157    1607337474.93    1607337474.93    0.00300002098083    256    0.0057    1.4592    0.00870002098083    1.0    1
158    1607337475.64    1607337475.64    0.0    4    1.1283    4.5132    1.1283    0    0
159    1607337475.93    1607337475.93    0.0    4    0.0522    0.2088    0.0522    0    0
160    1607337476.14    1607337476.14    0.0    4    0.6452    2.5808    0.6452    0    0
161    1607337476.14    1607337476.14    0.000999927520752    16    0.0297    0.4752    0.0306999275208    0    0
162    1607337476.36    1607337476.37    0.00300002098083    256    0.4221    108.0576    0.425100020981    1.0    1
163    1607337476.4    1607337476.4    0.000999927520752    16    0.0297    0.4752    0.0306999275208    0    0
164    1607337476.69    1607337476.69    0.00300002098083    256    0.0057    1.4592    0.00870002098083    1.0    1
165    1607337477.03    1607337477.03    0.0    4    0.6452    2.5808    0.6452    0    0
166    1607337477.08    1607337477.08    0.0    64    0.6779    43.3856    0.6779    1.0    1
167    1607337477.24    1607337477.25    0.00300002098083    256    0.8    204.8    0.803000020981    1.0    1
168    1607337477.32    1607337477.33    0.00499987602234    256    0.8    204.8    0.804999876022    1.0    1
169    1607337477.54    1607337477.55    0.00600004196167    256    0.0177    4.5312    0.0237000419617    1.0    1
170    1607337477.62    1607337477.62    0.00399994850159    64    0.0234    1.4976    0.0273999485016    1.0    1
171    1607337477.81    1607337477.81    0.000999927520752    64    0.0055    0.352    0.00649992752075    1.0    1
172    1607337478.02    1607337478.03    0.00699996948242    256    0.6189    158.4384    0.625899969482    1.19444444444    2
173    1607337478.44    1607337478.45    0.00300002098083    256    0.8    204.8    0.803000020981    1.0    1
174    1607337478.45    1607337478.46    0.00200009346008    64    0.1855    11.872    0.18750009346    1.0    1
175    1607337478.45    1607337478.46    0.00300002098083    16    0.0098    0.1568    0.0128000209808    0    0
176    1607337478.48    1607337478.48    0.00600004196167    256    0.7528    192.7168    0.758800041962    1.0    1
177    1607337478.58    1607337478.59    0.0119998455048    256    0.8    204.8    0.811999845505    1.21428571429    2
178    1607337478.6    1607337478.6    0.00399994850159    16    0.0297    0.4752    0.0336999485016    0    0
179    1607337478.71    1607337478.71    0.0    4    0.0059    0.0236    0.0059    0    0
180    1607337478.72    1607337478.73    0.00699996948242    256    0.7528    192.7168    0.759799969482    1.17777777778    2
181    1607337479.05    1607337479.07    0.0120000839233    64    0.1855    11.872    0.197500083923    1.0    1
182    1607337479.11    1607337479.12    0.00699996948242    256    0.7528    192.7168    0.759799969482    1.0    1
183    1607337479.26    1607337479.26    0.00300002098083    4    1.1283    4.5132    1.13130002098    0    0
184    1607337479.4    1607337479.4    0.0    4    1.1283    4.5132    1.1283    0    0
185    1607337479.46    1607337479.46    0.000999927520752    64    0.0234    1.4976    0.0243999275208    1.0    1
186    1607337479.54    1607337479.54    0.0    16    0.0285    0.456    0.0285    0    0
187    1607337479.63    1607337479.63    0.0    64    0.4167    26.6688    0.4167    1.0    1
188    1607337479.72    1607337479.72    0.0    4    0.0522    0.2088    0.0522    0    0
189    1607337479.73    1607337479.74    0.00400018692017    256    0.7528    192.7168    0.75680018692    1.0    1
190    1607337479.88    1607337479.88    0.00200009346008    4    0.6452    2.5808    0.64720009346    0    0
191    1607337480.03    1607337480.03    0.0019998550415    64    0.6779    43.3856    0.679899855042    1.0    1
192    1607337480.18    1607337480.18    0.00500011444092    256    0.8    204.8    0.805000114441    1.19444444444    2
193    1607337480.47    1607337480.47    0.00300002098083    64    0.4167    26.6688    0.419700020981    1.0    1
194    1607337480.5    1607337480.5    0.000999927520752    4    0.5956    2.3824    0.596599927521    0    0
195    1607337480.91    1607337480.91    0.000999927520752    64    0.6779    43.3856    0.678899927521    1.0    1
196    1607337480.92    1607337480.93    0.00300002098083    256    0.6189    158.4384    0.621900020981    1.0    1
197    1607337481.03    1607337481.04    0.00499987602234    256    0.7528    192.7168    0.757799876022    1.19444444444    2
198    1607337481.13    1607337481.13    0.000999927520752    4    0.0522    0.2088    0.0531999275208    0    0
199    1607337481.36    1607337481.37    0.00300002098083    64    0.1855    11.872    0.188500020981    1.0    1
200    1607337481.4    1607337481.4    0.0    4    1.1283    4.5132    1.1283    0    0
201    1607337481.55    1607337481.55    0.0    4    0.0284    0.1136    0.0284    0    0
202    1607337481.7    1607337481.7    0.0    64    0.1855    11.872    0.1855    1.0    1
203    1607337481.81    1607337481.81    0.0    4    0.6452    2.5808    0.6452    0    0
204    1607337482.13    1607337482.13    0.0    64    0.0055    0.352    0.0055    1.0    1
205    1607337482.15    1607337482.15    0.000999927520752    64    0.0055    0.352    0.00649992752075    1.0    1
206    1607337482.19    1607337482.2    0.0130000114441    256    0.0057    1.4592    0.0187000114441    1.0    1
207    1607337482.23    1607337482.24    0.00100016593933    16    0.4243    6.7888    0.425300165939    0    0
208    1607337482.24    1607337482.25    0.00200009346008    64    0.0234    1.4976    0.0254000934601    1.0    1
209    1607337482.29    1607337482.29    0.000999927520752    16    0.0098    0.1568    0.0107999275208    1.0    1
210    1607337482.3    1607337482.31    0.00300002098083    256    0.0057    1.4592    0.00870002098083    1.0    1
211    1607337482.38    1607337482.38    0.000999927520752    16    0.7616    12.1856    0.762599927521    1.0    1
212    1607337482.41    1607337482.41    0.0    16    0.0285    0.456    0.0285    0    0
213    1607337482.42    1607337482.42    0.0    16    0.8805    14.088    0.8805    1.0    1
214    1607337482.49    1607337482.49    0.0    16    0.0285    0.456    0.0285    1.0    1
215    1607337482.68    1607337482.68    0.0    16    0.4243    6.7888    0.4243    0    0
216    1607337482.74    1607337482.74    0.0    16    0.0098    0.1568    0.0098    1.0    1
217    1607337483.09    1607337483.09    0.00200009346008    256    0.4221    108.0576    0.42410009346    1.0    1
218    1607337483.28    1607337483.28    0.0    4    0.0832    0.3328    0.0832    0    0
219    1607337483.3    1607337483.32    0.0160000324249    256    0.4221    108.0576    0.438100032425    1.17777777778    2
220    1607337483.44    1607337483.44    0.000999927520752    16    0.0429    0.6864    0.0438999275208    1.0    1
221    1607337483.44    1607337483.44    0.0    4    0.0284    0.1136    0.0284    0    0
222    1607337483.45    1607337483.45    0.00299978256226    16    0.4243    6.7888    0.427299782562    1.0    1
223    1607337483.5    1607337483.5    0.0    16    0.0098    0.1568    0.0098    1.0    1
224    1607337483.55    1607337483.55    0.00300002098083    256    0.0057    1.4592    0.00870002098083    1.0    1
225    1607337483.87    1607337483.87    0.0    4    0.0522    0.2088    0.0522    0    0
226    1607337483.88    1607337483.88    0.0    64    0.0234    1.4976    0.0234    1.0    1
227    1607337484.04    1607337484.04    0.00100016593933    64    0.4167    26.6688    0.417700165939    1.0    1
228    1607337484.07    1607337484.07    0.00100016593933    4    0.0284    0.1136    0.0294001659393    0    0
229    1607337484.39    1607337484.39    0.0    64    0.0055    0.352    0.0055    1.0    1
230    1607337484.77    1607337484.77    0.00200009346008    256    0.8    204.8    0.80200009346    1.0    1
231    1607337485.17    1607337485.17    0.00100016593933    16    0.0285    0.456    0.0295001659393    0    0
232    1607337485.2    1607337485.2    0.00300002098083    4    0.0522    0.2088    0.0552000209808    0    0
233    1607337485.48    1607337485.49    0.00399994850159    256    0.0057    1.4592    0.00969994850159    1.0    1
234    1607337485.57    1607337485.57    0.0019998550415    64    0.1855    11.872    0.187499855042    1.0    1
235    1607337485.71    1607337485.71    0.0    4    0.0059    0.0236    0.0059    0    0
236    1607337485.75    1607337485.75    0.00300002098083    256    0.4221    108.0576    0.425100020981    1.0    1
237    1607337485.96    1607337485.96    0.00100016593933    64    0.1855    11.872    0.186500165939    1.0    1
238    1607337485.98    1607337485.99    0.00100016593933    64    0.6779    43.3856    0.678900165939    1.0    1
239    1607337486.06    1607337486.06    0.000999927520752    16    0.8805    14.088    0.881499927521    0    0
240    1607337486.28    1607337486.28    0.0    16    0.7616    12.1856    0.7616    0    0
241    1607337486.35    1607337486.35    0.00300002098083    256    0.6189    158.4384    0.621900020981    1.0    1
242    1607337486.66    1607337486.67    0.00799989700317    256    0.6189    158.4384    0.626899897003    1.0    1
243    1607337486.67    1607337486.67    0.00300002098083    64    0.1855    11.872    0.188500020981    1.0    1
244    1607337486.71    1607337486.71    0.00599980354309    256    0.4221    108.0576    0.428099803543    1.0    1
245    1607337486.8    1607337486.8    0.0019998550415    64    0.6779    43.3856    0.679899855042    1.0    1
246    1607337486.81    1607337486.81    0.00300002098083    16    0.0297    0.4752    0.0327000209808    0    0
247    1607337487.12    1607337487.12    0.0    16    0.0098    0.1568    0.0098    0    0
248    1607337487.14    1607337487.14    0.0    16    0.8805    14.088    0.8805    0    0
249    1607337487.51    1607337487.51    0.00200009346008    64    0.0125    0.8    0.0145000934601    1.0    1
250    1607337487.72    1607337487.72    0.0    4    1.1283    4.5132    1.1283    0    0
251    1607337488.09    1607337488.09    0.0    16    0.0429    0.6864    0.0429    0    0
252    1607337488.32    1607337488.32    0.0    64    0.4167    26.6688    0.4167    1.0    1
253    1607337488.45    1607337488.45    0.000999927520752    64    0.1855    11.872    0.186499927521    1.0    1
254    1607337488.49    1607337488.49    0.000999927520752    16    0.0098    0.1568    0.0107999275208    0    0
255    1607337488.5    1607337488.5    0.000999927520752    4    0.0059    0.0236    0.00689992752075    0    0
256    1607337488.89    1607337488.89    0.00200009346008    256    0.7528    192.7168    0.75480009346    1.0    1
257    1607337488.91    1607337488.91    0.000999927520752    16    0.0285    0.456    0.0294999275208    0    0
258    1607337488.94    1607337488.94    0.000999927520752    64    0.6779    43.3856    0.678899927521    1.0    1
259    1607337489.14    1607337489.14    0.000999927520752    4    0.6452    2.5808    0.646199927521    0    0
260    1607337489.49    1607337489.49    0.00399994850159    256    0.4221    108.0576    0.426099948502    1.0    1
261    1607337489.73    1607337489.73    0.0    16    0.0285    0.456    0.0285    0    0
262    1607337489.81    1607337489.81    0.0    16    0.0297    0.4752    0.0297    0    0
263    1607337489.95    1607337489.95    0.00299978256226    256    0.8    204.8    0.802999782562    1.0    1
264    1607337489.99    1607337489.99    0.00100016593933    64    0.9446    60.4544    0.945600165939    1.0    1
265    1607337490.12    1607337490.12    0.000999927520752    4    0.0059    0.0236    0.00689992752075    0    0
266    1607337490.29    1607337490.29    0.00100016593933    4    0.0284    0.1136    0.0294001659393    0    0
267    1607337490.3    1607337490.3    0.00200009346008    64    0.0055    0.352    0.00750009346008    1.0    1
268    1607337490.65    1607337490.65    0.000999927520752    16    0.4243    6.7888    0.425299927521    0    0
269    1607337490.74    1607337490.74    0.0    4    0.0832    0.3328    0.0832    0    0
270    1607337490.77    1607337490.77    0.0    4    1.1283    4.5132    1.1283    0    0
271    1607337490.8    1607337490.8    0.0    16    0.0098    0.1568    0.0098    0    0
272    1607337490.9    1607337490.9    0.0    64    0.0125    0.8    0.0125    1.0    1
273    1607337490.92    1607337490.92    0.00100016593933    4    0.5956    2.3824    0.596600165939    0    0
274    1607337491.21    1607337491.21    0.0    16    0.7616    12.1856    0.7616    0    0
275    1607337491.39    1607337491.39    0.000999927520752    64    0.9446    60.4544    0.945599927521    1.0    1
276    1607337491.45    1607337491.45    0.0    16    0.0285    0.456    0.0285    1.0    1
277    1607337491.46    1607337491.46    0.00399994850159    256    0.0177    4.5312    0.0216999485016    1.0    1
278    1607337491.47    1607337491.47    0.0019998550415    64    0.0234    1.4976    0.0253998550415    1.0    1
279    1607337491.53    1607337491.53    0.000999927520752    16    0.0098    0.1568    0.0107999275208    1.0    1
280    1607337491.73    1607337491.73    0.0    16    0.0429    0.6864    0.0429    1.0    1
281    1607337491.83    1607337491.83    0.00400018692017    256    0.0177    4.5312    0.0217001869202    1.0    1
282    1607337491.85    1607337491.85    0.0019998550415    64    0.9446    60.4544    0.946599855042    1.0    1
283    1607337491.89    1607337491.89    0.00300002098083    256    0.0177    4.5312    0.0207000209808    1.0    1
284    1607337492.4    1607337492.4    0.0    4    0.0832    0.3328    0.0832    0    0
285    1607337492.54    1607337492.54    0.00100016593933    4    0.6452    2.5808    0.646200165939    0    0
286    1607337492.72    1607337492.72    0.000999927520752    16    0.8805    14.088    0.881499927521    0    0
287    1607337492.82    1607337492.82    0.0019998550415    64    0.0055    0.352    0.0074998550415    1.0    1
288    1607337492.83    1607337492.83    0.00399994850159    16    0.8805    14.088    0.884499948502    1.0    1
289    1607337492.97    1607337492.97    0.000999927520752    64    0.0055    0.352    0.00649992752075    1.0    1
290    1607337493.08    1607337493.08    0.0    16    0.8805    14.088    0.8805    1.0    1
291    1607337493.27    1607337493.28    0.00399994850159    256    0.0177    4.5312    0.0216999485016    1.0    1
292    1607337493.3    1607337493.31    0.0090000629425    256    0.4221    108.0576    0.431100062943    1.0    1
293    1607337493.61    1607337493.61    0.0    4    0.0832    0.3328    0.0832    0    0
294    1607337493.63    1607337493.63    0.00200009346008    64    0.0055    0.352    0.00750009346008    1.0    1
295    1607337493.65    1607337493.65    0.0    4    1.1283    4.5132    1.1283    0    0
296    1607337493.99    1607337493.99    0.0    4    0.0284    0.1136    0.0284    0    0
297    1607337494.2    1607337494.2    0.000999927520752    64    0.0234    1.4976    0.0243999275208    1.0    1
298    1607337494.23    1607337494.23    0.0    4    0.0284    0.1136    0.0284    0    0
299    1607337494.46    1607337494.46    0.00300002098083    256    0.4221    108.0576    0.425100020981    1.0    1
300    1607337494.65    1607337494.65    0.00399994850159    256    0.6189    158.4384    0.622899948502    1.0    1
301    1607337494.96    1607337494.96    0.0    4    0.6452    2.5808    0.6452    0    0
302    1607337495.08    1607337495.08    0.0    16    0.0297    0.4752    0.0297    0    0
303    1607337495.11    1607337495.11    0.0    16    0.7616    12.1856    0.7616    1.0    1
304    1607337495.21    1607337495.22    0.00600004196167    256    0.8    204.8    0.806000041962    1.17777777778    2
305    1607337495.38    1607337495.38    0.000999927520752    64    0.0055    0.352    0.00649992752075    1.0    1
306    1607337495.4    1607337495.4    0.0    16    0.0285    0.456    0.0285    0    0
307    1607337495.45    1607337495.45    0.000999927520752    4    1.1283    4.5132    1.12929992752    0    0
308    1607337495.48    1607337495.48    0.00499987602234    256    0.7528    192.7168    0.757799876022    1.0    1
309    1607337495.51    1607337495.51    0.000999927520752    4    0.6452    2.5808    0.646199927521    0    0
310    1607337495.62    1607337495.62    0.00200009346008    16    0.4243    6.7888    0.42630009346    1.0    1
311    1607337495.68    1607337495.68    0.00200009346008    4    0.0284    0.1136    0.0304000934601    0    0
312    1607337495.88    1607337495.88    0.00399994850159    64    0.9446    60.4544    0.948599948502    1.0    1
313    1607337495.89    1607337495.89    0.00300002098083    64    0.9446    60.4544    0.947600020981    1.0    1
314    1607337495.9    1607337495.9    0.00499987602234    256    0.0177    4.5312    0.0226998760223    1.0    1
315    1607337495.98    1607337495.99    0.010999917984    4    0.0059    0.0236    0.016899917984    0    0
316    1607337496.0    1607337496.02    0.0160000324249    64    0.1855    11.872    0.201500032425    1.0    1
317    1607337496.13    1607337496.13    0.0    16    0.7616    12.1856    0.7616    0    0
318    1607337496.27    1607337496.27    0.00399994850159    256    0.0057    1.4592    0.00969994850159    1.0    1
319    1607337496.3    1607337496.31    0.00400018692017    256    0.8    204.8    0.80400018692    1.0    1
320    1607337496.77    1607337496.77    0.00200009346008    64    0.0055    0.352    0.00750009346008    1.0    1
321    1607337496.85    1607337496.85    0.0    4    1.1283    4.5132    1.1283    0    0
322    1607337496.9    1607337496.9    0.0    4    0.5956    2.3824    0.5956    0    0
323    1607337497.02    1607337497.02    0.0    4    0.5956    2.3824    0.5956    0    0
324    1607337497.07    1607337497.08    0.00999999046326    64    0.9446    60.4544    0.954599990463    1.0    1
325    1607337497.24    1607337497.24    0.00300002098083    256    0.8    204.8    0.803000020981    1.0    1
326    1607337497.27    1607337497.27    0.00200009346008    64    0.0125    0.8    0.0145000934601    1.0    1
327    1607337497.47    1607337497.47    0.0019998550415    16    0.8805    14.088    0.882499855042    0    0
328    1607337497.58    1607337497.58    0.0    4    0.0522    0.2088    0.0522    0    0
329    1607337497.58    1607337497.59    0.00499987602234    256    0.0057    1.4592    0.0106998760223    1.0    1
330    1607337497.61    1607337497.61    0.00200009346008    16    0.8805    14.088    0.88250009346    1.0    1
331    1607337497.7    1607337497.7    0.0019998550415    64    0.0234    1.4976    0.0253998550415    1.0    1
332    1607337497.7    1607337497.71    0.00400018692017    256    0.4221    108.0576    0.42610018692    1.0    1
333    1607337498.09    1607337498.09    0.0    64    0.4167    26.6688    0.4167    1.0    1
334    1607337498.1    1607337498.11    0.000999927520752    64    0.0125    0.8    0.0134999275208    1.0    1
335    1607337498.25    1607337498.25    0.000999927520752    64    0.0125    0.8    0.0134999275208    1.0    1
336    1607337498.35    1607337498.35    0.00100016593933    64    0.1855    11.872    0.186500165939    1.0    1
337    1607337498.79    1607337498.79    0.0    16    0.8805    14.088    0.8805    0    0
338    1607337498.83    1607337498.83    0.0    64    0.1855    11.872    0.1855    1.0    1
339    1607337498.84    1607337498.84    0.000999927520752    16    0.8805    14.088    0.881499927521    0    0
340    1607337498.92    1607337498.92    0.000999927520752    4    0.0284    0.1136    0.0293999275208    0    0
341    1607337499.02    1607337499.02    0.0    4    0.0832    0.3328    0.0832    0    0
342    1607337499.04    1607337499.04    0.0    64    0.0055    0.352    0.0055    1.0    1
343    1607337499.07    1607337499.07    0.0    4    0.5956    2.3824    0.5956    0    0
344    1607337499.33    1607337499.34    0.000999927520752    16    0.0429    0.6864    0.0438999275208    1.0    1
345    1607337499.4    1607337499.4    0.0    4    0.0059    0.0236    0.0059    0    0
346    1607337499.4    1607337499.41    0.00500011444092    256    0.4221    108.0576    0.427100114441    1.0    1
347    1607337499.71    1607337499.71    0.0019998550415    64    0.1855    11.872    0.187499855042    1.0    1
348    1607337500.05    1607337500.05    0.0    4    0.0832    0.3328    0.0832    0    0
349    1607337500.42    1607337500.42    0.0    16    0.0297    0.4752    0.0297    0    0
350    1607337500.53    1607337500.53    0.000999927520752    64    0.0055    0.352    0.00649992752075    1.0    1
351    1607337500.53    1607337500.54    0.00399994850159    256    0.8    204.8    0.803999948502    1.0    1
352    1607337500.58    1607337500.58    0.0    64    0.0055    0.352    0.0055    1.0    1
353    1607337500.6    1607337500.6    0.0    16    0.7616    12.1856    0.7616    0    0
354    1607337500.6    1607337500.61    0.00499987602234    256    0.4221    108.0576    0.427099876022    1.19444444444    2
355    1607337500.63    1607337500.63    0.00200009346008    4    0.5956    2.3824    0.59760009346    0    0
356    1607337501.06    1607337501.06    0.0    16    0.0285    0.456    0.0285    0    0
357    1607337501.22    1607337501.23    0.00200009346008    64    0.0234    1.4976    0.0254000934601    1.0    1
358    1607337501.82    1607337501.82    0.0    16    0.0098    0.1568    0.0098    0    0
359    1607337502.03    1607337502.03    0.0    4    0.0832    0.3328    0.0832    0    0
360    1607337502.11    1607337502.11    0.00100016593933    16    0.0285    0.456    0.0295001659393    0    0
361    1607337502.14    1607337502.14    0.0    4    1.1283    4.5132    1.1283    0    0
362    1607337502.28    1607337502.28    0.000999927520752    64    0.9446    60.4544    0.945599927521    1.0    1
363    1607337502.34    1607337502.34    0.00300002098083    256    0.4221    108.0576    0.425100020981    1.0    1
364    1607337502.35    1607337502.35    0.0019998550415    64    0.0125    0.8    0.0144998550415    1.0    1
365    1607337502.38    1607337502.4    0.0199999809265    256    0.0177    4.5312    0.0376999809265    1.0    1
366    1607337502.55    1607337502.55    0.000999927520752    16    0.0285    0.456    0.0294999275208    0    0
367    1607337502.66    1607337502.66    0.00399994850159    256    0.4221    108.0576    0.426099948502    1.0    1
368    1607337502.8    1607337502.8    0.00300002098083    256    0.8    204.8    0.803000020981    1.0    1
369    1607337502.91    1607337502.92    0.00200009346008    16    0.0297    0.4752    0.0317000934601    0    0
370    1607337503.04    1607337503.04    0.0019998550415    4    0.0284    0.1136    0.0303998550415    0    0
371    1607337503.07    1607337503.07    0.00300002098083    4    0.0284    0.1136    0.0314000209808    0    0
372    1607337503.35    1607337503.35    0.00600004196167    256    0.8    204.8    0.806000041962    1.19444444444    2
373    1607337503.37    1607337503.37    0.00200009346008    4    0.0284    0.1136    0.0304000934601    0    0
374    1607337503.52    1607337503.53    0.00200009346008    16    0.0285    0.456    0.0305000934601    0    0
375    1607337503.59    1607337503.59    0.0019998550415    4    1.1283    4.5132    1.13029985504    0    0
376    1607337503.77    1607337503.77    0.0    4    0.6452    2.5808    0.6452    0    0
377    1607337504.07    1607337504.07    0.0    4    0.0059    0.0236    0.0059    0    0
378    1607337504.18    1607337504.18    0.0    4    0.0059    0.0236    0.0059    0    0
379    1607337504.43    1607337504.43    0.0    4    0.5956    2.3824    0.5956    0    0
380    1607337504.52    1607337504.52    0.0    4    0.0284    0.1136    0.0284    0    0
381    1607337504.65    1607337504.65    0.0    16    0.7616    12.1856    0.7616    0    0
382    1607337505.02    1607337505.02    0.000999927520752    64    0.0234    1.4976    0.0243999275208    1.0    1
383    1607337505.14    1607337505.14    0.0    4    0.6452    2.5808    0.6452    0    0
384    1607337505.24    1607337505.24    0.000999927520752    64    0.6779    43.3856    0.678899927521    1.0    1
385    1607337505.47    1607337505.47    0.0    4    0.0284    0.1136    0.0284    0    0
386    1607337505.56    1607337505.56    0.0    4    0.0059    0.0236    0.0059    0    0
387    1607337505.71    1607337505.71    0.00100016593933    64    0.9446    60.4544    0.945600165939    1.0    1
388    1607337505.71    1607337505.71    0.000999927520752    4    0.6452    2.5808    0.646199927521    0    0
389    1607337506.09    1607337506.09    0.000999927520752    64    0.0055    0.352    0.00649992752075    1.0    1
390    1607337506.42    1607337506.42    0.0    16    0.8805    14.088    0.8805    0    0
391    1607337506.51    1607337506.51    0.000999927520752    64    0.6779    43.3856    0.678899927521    1.0    1
392    1607337506.73    1607337506.73    0.00300002098083    256    0.0177    4.5312    0.0207000209808    1.0    1
393    1607337506.74    1607337506.75    0.00400018692017    256    0.7528    192.7168    0.75680018692    1.0    1
394    1607337506.85    1607337506.85    0.000999927520752    64    0.1855    11.872    0.186499927521    1.0    1
395    1607337506.97    1607337506.97    0.000999927520752    64    0.4167    26.6688    0.417699927521    1.0    1
396    1607337507.1    1607337507.1    0.000999927520752    64    0.0234    1.4976    0.0243999275208    1.0    1
397    1607337507.14    1607337507.14    0.0    4    0.5956    2.3824    0.5956    0    0
398    1607337507.21    1607337507.21    0.000999927520752    16    0.0297    0.4752    0.0306999275208    1.0    1
399    1607337507.34    1607337507.35    0.00399994850159    256    0.7528    192.7168    0.756799948502    1.0    1
400    1607337507.36    1607337507.36    0.00300002098083    64    0.0055    0.352    0.00850002098083    1.0    1
401    1607337507.53    1607337507.53    0.000999927520752    64    0.0234    1.4976    0.0243999275208    1.0    1
402    1607337507.64    1607337507.64    0.0    64    0.0055    0.352    0.0055    1.0    1
403    1607337507.67    1607337507.67    0.00500011444092    256    0.0177    4.5312    0.0227001144409    1.0    1
404    1607337507.72    1607337507.72    0.00300002098083    16    0.7616    12.1856    0.764600020981    0    0
405    1607337508.18    1607337508.18    0.0    4    0.5956    2.3824    0.5956    0    0
406    1607337508.33    1607337508.33    0.00300002098083    256    0.0177    4.5312    0.0207000209808    1.0    1
407    1607337508.97    1607337508.97    0.000999927520752    16    0.0098    0.1568    0.0107999275208    0    0
408    1607337509.19    1607337509.19    0.0    16    0.8805    14.088    0.8805    0    0
409    1607337509.35    1607337509.35    0.000999927520752    64    0.0055    0.352    0.00649992752075    1.0    1
410    1607337509.48    1607337509.48    0.000999927520752    64    0.0055    0.352    0.00649992752075    1.0    1
411    1607337509.51    1607337509.51    0.0    64    0.0055    0.352    0.0055    1.0    1
412    1607337509.66    1607337509.67    0.000999927520752    16    0.0297    0.4752    0.0306999275208    0    0
413    1607337509.8    1607337509.8    0.000999927520752    64    0.0125    0.8    0.0134999275208    1.0    1
414    1607337509.97    1607337509.97    0.000999927520752    16    0.8805    14.088    0.881499927521    0    0
415    1607337510.18    1607337510.18    0.000999927520752    64    0.9446    60.4544    0.945599927521    1.0    1
416    1607337510.36    1607337510.36    0.0    16    0.8805    14.088    0.8805    0    0
417    1607337510.74    1607337510.74    0.00100016593933    64    0.1855    11.872    0.186500165939    1.0    1
418    1607337510.79    1607337510.79    0.000999927520752    16    0.7616    12.1856    0.762599927521    0    0
419    1607337510.86    1607337510.86    0.0    4    0.0059    0.0236    0.0059    0    0
420    1607337510.89    1607337510.89    0.000999927520752    16    0.0098    0.1568    0.0107999275208    0    0
421    1607337511.18    1607337511.18    0.0    4    0.6452    2.5808    0.6452    0    0
422    1607337511.33    1607337511.33    0.0    64    0.0055    0.352    0.0055    1.0    1
423    1607337511.41    1607337511.41    0.0    16    0.8805    14.088    0.8805    0    0
424    1607337511.71    1607337511.71    0.0    4    0.0284    0.1136    0.0284    0    0
425    1607337511.75    1607337511.75    0.00100016593933    16    0.8805    14.088    0.881500165939    1.0    1
426    1607337511.87    1607337511.87    0.00300002098083    256    0.6189    158.4384    0.621900020981    1.0    1
427    1607337511.88    1607337511.88    0.0019998550415    64    0.0125    0.8    0.0144998550415    1.0    1
428    1607337512.15    1607337512.15    0.00399994850159    256    0.7528    192.7168    0.756799948502    1.0    1
429    1607337512.18    1607337512.19    0.00300002098083    4    0.0059    0.0236    0.00890002098083    0    0
430    1607337512.19    1607337512.2    0.00399994850159    64    0.0234    1.4976    0.0273999485016    1.0    1
431    1607337512.66    1607337512.66    0.0    64    0.0234    1.4976    0.0234    1.0    1
432    1607337513.01    1607337513.01    0.0    16    0.0297    0.4752    0.0297    0    0
433    1607337513.06    1607337513.06    0.0    64    0.6779    43.3856    0.6779    1.0    1
434    1607337513.13    1607337513.13    0.00100016593933    4    0.6452    2.5808    0.646200165939    0    0
435    1607337513.17    1607337513.17    0.0    16    0.4243    6.7888    0.4243    0    0
436    1607337513.3    1607337513.3    0.00100016593933    4    0.0284    0.1136    0.0294001659393    0    0
437    1607337513.35    1607337513.35    0.000999927520752    64    0.0055    0.352    0.00649992752075    1.0    1
438    1607337513.37    1607337513.37    0.00300002098083    256    0.7528    192.7168    0.755800020981    1.0    1
439    1607337513.43    1607337513.43    0.000999927520752    64    0.9446    60.4544    0.945599927521    1.0    1
440    1607337513.5    1607337513.51    0.00399994850159    256    0.6189    158.4384    0.622899948502    1.0    1
441    1607337513.85    1607337513.85    0.0    4    0.5956    2.3824    0.5956    0    0
442    1607337514.08    1607337514.08    0.0    16    0.0285    0.456    0.0285    0    0
443    1607337514.08    1607337514.09    0.0019998550415    16    0.8805    14.088    0.882499855042    1.0    1
444    1607337514.17    1607337514.17    0.0019998550415    256    0.8    204.8    0.801999855042    1.0    1
445    1607337514.29    1607337514.29    0.00200009346008    64    0.0234    1.4976    0.0254000934601    1.0    1
446    1607337514.31    1607337514.31    0.00200009346008    64    0.4167    26.6688    0.41870009346    1.0    1
447    1607337514.47    1607337514.47    0.0019998550415    64    0.9446    60.4544    0.946599855042    1.0    1
448    1607337514.51    1607337514.52    0.00100016593933    4    0.0284    0.1136    0.0294001659393    0    0
449    1607337514.58    1607337514.58    0.00200009346008    64    0.1855    11.872    0.18750009346    1.0    1
450    1607337514.68    1607337514.69    0.00500011444092    256    0.0177    4.5312    0.0227001144409    1.0    1
451    1607337514.76    1607337514.76    0.00500011444092    256    0.4221    108.0576    0.427100114441    1.0    1
452    1607337514.78    1607337514.78    0.00100016593933    16    0.0429    0.6864    0.0439001659393    0    0
453    1607337514.81    1607337514.81    0.0019998550415    16    0.0429    0.6864    0.0448998550415    0    0
454    1607337514.83    1607337514.84    0.00599980354309    256    0.4221    108.0576    0.428099803543    1.0    1
455    1607337514.89    1607337514.89    0.000999927520752    4    0.0522    0.2088    0.0531999275208    0    0
456    1607337514.98    1607337514.99    0.0189998149872    256    0.0177    4.5312    0.0366998149872    1.16363636364    2
457    1607337515.17    1607337515.17    0.0019998550415    64    0.0234    1.4976    0.0253998550415    1.0    1
458    1607337515.34    1607337515.34    0.0    4    0.0522    0.2088    0.0522    0    0
459    1607337515.56    1607337515.57    0.00300002098083    256    0.4221    108.0576    0.425100020981    1.0    1
460    1607337515.65    1607337515.66    0.00399994850159    256    0.7528    192.7168    0.756799948502    1.0    1
461    1607337515.8    1607337515.81    0.00600004196167    256    0.7528    192.7168    0.758800041962    1.0    1
462    1607337515.82    1607337515.82    0.00200009346008    16    0.0429    0.6864    0.0449000934601    0    0
463    1607337515.88    1607337515.88    0.00200009346008    4    0.0832    0.3328    0.0852000934601    0    0
464    1607337515.9    1607337515.9    0.0019998550415    64    0.0125    0.8    0.0144998550415    1.0    1
465    1607337516.06    1607337516.06    0.0    4    0.0284    0.1136    0.0284    0    0
466    1607337516.09    1607337516.09    0.000999927520752    64    0.4167    26.6688    0.417699927521    1.0    1
467    1607337516.16    1607337516.16    0.0    16    0.0429    0.6864    0.0429    1.0    1
468    1607337516.18    1607337516.19    0.00200009346008    4    0.6452    2.5808    0.64720009346    0    0
469    1607337516.22    1607337516.23    0.00300002098083    64    0.9446    60.4544    0.947600020981    1.0    1
470    1607337516.25    1607337516.25    0.00699996948242    256    0.0057    1.4592    0.0126999694824    1.0    1
471    1607337516.43    1607337516.44    0.00399994850159    256    0.7528    192.7168    0.756799948502    1.0    1
472    1607337516.48    1607337516.48    0.0019998550415    64    0.0055    0.352    0.0074998550415    1.0    1
473    1607337516.78    1607337516.78    0.0    16    0.7616    12.1856    0.7616    0    0
474    1607337517.05    1607337517.05    0.00400018692017    64    0.0125    0.8    0.0165001869202    1.0    1
475    1607337517.15    1607337517.15    0.00100016593933    16    0.7616    12.1856    0.762600165939    1.0    1
476    1607337517.32    1607337517.32    0.000999927520752    64    0.6779    43.3856    0.678899927521    1.0    1
477    1607337517.52    1607337517.52    0.00100016593933    16    0.0098    0.1568    0.0108001659393    0    0
478    1607337517.72    1607337517.72    0.0    4    0.0832    0.3328    0.0832    0    0
479    1607337517.79    1607337517.79    0.000999927520752    16    0.8805    14.088    0.881499927521    1.0    1
480    1607337517.85    1607337517.85    0.0    4    0.6452    2.5808    0.6452    0    0
481    1607337517.87    1607337517.87    0.000999927520752    4    0.0522    0.2088    0.0531999275208    0    0
482    1607337518.06    1607337518.06    0.0    4    0.5956    2.3824    0.5956    0    0
483    1607337518.11    1607337518.11    0.00300002098083    256    0.7528    192.7168    0.755800020981    1.0    1
484    1607337518.13    1607337518.14    0.00399994850159    256    0.6189    158.4384    0.622899948502    1.0    1
485    1607337518.26    1607337518.27    0.00200009346008    4    1.1283    4.5132    1.13030009346    0    0
486    1607337518.28    1607337518.28    0.000999927520752    16    0.8805    14.088    0.881499927521    0    0
487    1607337518.34    1607337518.35    0.018000125885    16    0.0098    0.1568    0.027800125885    1.0    1
488    1607337518.34    1607337518.36    0.0240001678467    4    0.0522    0.2088    0.0762001678467    0    0
489    1607337518.41    1607337518.42    0.00799989700317    256    0.4221    108.0576    0.430099897003    1.0    1
490    1607337518.46    1607337518.47    0.00200009346008    4    0.5956    2.3824    0.59760009346    0    0
491    1607337518.82    1607337518.82    0.00699996948242    256    0.4221    108.0576    0.429099969482    1.0    1
492    1607337518.88    1607337518.88    0.0    64    0.0125    0.8    0.0125    1.0    1
493    1607337519.03    1607337519.03    0.0    16    0.4243    6.7888    0.4243    1.0    1
494    1607337519.11    1607337519.11    0.00100016593933    64    0.1855    11.872    0.186500165939    1.0    1
495    1607337519.38    1607337519.39    0.0130000114441    256    0.4221    108.0576    0.435100011444    1.0    1
496    1607337519.55    1607337519.55    0.0    16    0.4243    6.7888    0.4243    1.0    1
497    1607337519.77    1607337519.78    0.00100016593933    16    0.8805    14.088    0.881500165939    0    0
498    1607337519.81    1607337519.81    0.00399994850159    256    0.7528    192.7168    0.756799948502    1.0    1
499    1607337519.92    1607337519.92    0.0    16    0.0098    0.1568    0.0098    0    0
500    1607337519.93    1607337519.93    0.000999927520752    64    0.6779    43.3856    0.678899927521    1.0    1
501    1607337519.99    1607337519.99    0.0    16    0.0297    0.4752    0.0297    0    0
502    1607337520.12    1607337520.12    0.000999927520752    64    0.6779    43.3856    0.678899927521    1.0    1
503    1607337520.17    1607337520.18    0.00699996948242    256    0.0057    1.4592    0.0126999694824    1.0    1
504    1607337520.31    1607337520.31    0.000999927520752    64    0.1855    11.872    0.186499927521    1.0    1
505    1607337520.35    1607337520.35    0.000999927520752    64    0.1855    11.872    0.186499927521    1.0    1
506    1607337520.48    1607337520.48    0.00399994850159    4    0.0284    0.1136    0.0323999485016    0    0
507    1607337520.6    1607337520.6    0.00100016593933    64    0.4167    26.6688    0.417700165939    1.0    1
508    1607337520.96    1607337520.96    0.00399994850159    256    0.6189    158.4384    0.622899948502    1.0    1
509    1607337521.02    1607337521.02    0.000999927520752    16    0.7616    12.1856    0.762599927521    0    0
510    1607337521.05    1607337521.06    0.00100016593933    64    0.1855    11.872    0.186500165939    1.0    1
511    1607337521.07    1607337521.07    0.000999927520752    64    0.4167    26.6688    0.417699927521    1.0    1
512    1607337521.1    1607337521.1    0.000999927520752    4    0.0522    0.2088    0.0531999275208    0    0
513    1607337521.23    1607337521.23    0.0019998550415    4    0.5956    2.3824    0.597599855042    0    0
514    1607337521.49    1607337521.49    0.00100016593933    16    0.0285    0.456    0.0295001659393    0    0
515    1607337521.86    1607337521.86    0.0    4    0.0284    0.1136    0.0284    0    0
516    1607337521.88    1607337521.88    0.0    16    0.0098    0.1568    0.0098    0    0
517    1607337521.89    1607337521.89    0.0    64    0.0125    0.8    0.0125    1.0    1
518    1607337521.94    1607337521.94    0.0    4    1.1283    4.5132    1.1283    0    0
519    1607337521.96    1607337521.96    0.0    16    0.8805    14.088    0.8805    0    0
520    1607337521.97    1607337521.97    0.0    16    0.0297    0.4752    0.0297    1.0    1
521    1607337521.99    1607337521.99    0.0    256    0.6189    158.4384    0.6189    1.0    1
522    1607337522.01    1607337522.01    0.0019998550415    16    0.0297    0.4752    0.0316998550415    1.0    1
523    1607337522.01    1607337522.01    0.00399994850159    64    0.6779    43.3856    0.681899948502    1.0    1
524    1607337522.12    1607337522.12    0.00600004196167    256    0.0177    4.5312    0.0237000419617    1.17777777778    2
525    1607337522.19    1607337522.19    0.00200009346008    64    0.9446    60.4544    0.94660009346    1.0    1
526    1607337522.43    1607337522.43    0.00499987602234    256    0.0177    4.5312    0.0226998760223    1.0    1
527    1607337522.44    1607337522.44    0.00599980354309    64    0.6779    43.3856    0.683899803543    1.0    1
528    1607337522.56    1607337522.58    0.0209999084473    256    0.8    204.8    0.820999908447    1.0    1
529    1607337522.59    1607337522.61    0.0120000839233    4    1.1283    4.5132    1.14030008392    0    0
530    1607337522.74    1607337522.74    0.000999927520752    64    0.6779    43.3856    0.678899927521    1.0    1
531    1607337523.28    1607337523.28    0.0    16    0.0285    0.456    0.0285    0    0
532    1607337523.33    1607337523.33    0.00300002098083    256    0.7528    192.7168    0.755800020981    1.0    1
533    1607337523.36    1607337523.37    0.0019998550415    64    0.0055    0.352    0.0074998550415    1.0    1
534    1607337523.39    1607337523.4    0.00800013542175    256    0.7528    192.7168    0.760800135422    1.0    1
535    1607337523.58    1607337523.58    0.0    4    1.1283    4.5132    1.1283    0    0
536    1607337523.7    1607337523.7    0.0    16    0.0285    0.456    0.0285    0    0
537    1607337524.21    1607337524.21    0.0    4    0.0284    0.1136    0.0284    0    0
538    1607337524.24    1607337524.24    0.0    4    0.5956    2.3824    0.5956    0    0
539    1607337524.25    1607337524.25    0.0    16    0.8805    14.088    0.8805    0    0
540    1607337524.28    1607337524.28    0.00300002098083    256    0.7528    192.7168    0.755800020981    1.0    1
541    1607337524.35    1607337524.35    0.0019998550415    16    0.0297    0.4752    0.0316998550415    1.0    1
542    1607337524.46    1607337524.46    0.00399994850159    256    0.4221    108.0576    0.426099948502    1.0    1
543    1607337524.68    1607337524.68    0.00600004196167    64    0.6779    43.3856    0.683900041962    1.0    1
544    1607337524.77    1607337524.77    0.00500011444092    256    0.6189    158.4384    0.623900114441    1.0    1
545    1607337524.78    1607337524.79    0.00300002098083    16    0.7616    12.1856    0.764600020981    1.0    1
546    1607337524.9    1607337524.9    0.00500011444092    256    0.0057    1.4592    0.0107001144409    1.0    1
547    1607337525.0    1607337525.0    0.00499987602234    256    0.4221    108.0576    0.427099876022    1.0    1
548    1607337525.04    1607337525.04    0.000999927520752    4    0.5956    2.3824    0.596599927521    0    0
549    1607337525.29    1607337525.29    0.0    16    0.4243    6.7888    0.4243    0    0
550    1607337525.31    1607337525.32    0.00100016593933    64    0.1855    11.872    0.186500165939    1.0    1
551    1607337525.43    1607337525.44    0.00999999046326    256    0.6189    158.4384    0.628899990463    1.0    1
552    1607337525.6    1607337525.6    0.0    16    0.0098    0.1568    0.0098    1.0    1
553    1607337525.65    1607337525.66    0.00500011444092    256    0.7528    192.7168    0.757800114441    1.17777777778    2
554    1607337525.66    1607337525.66    0.00200009346008    4    0.5956    2.3824    0.59760009346    0    0
555    1607337525.74    1607337525.74    0.000999927520752    16    0.0285    0.456    0.0294999275208    0    0
556    1607337525.82    1607337525.83    0.00500011444092    256    0.0057    1.4592    0.0107001144409    1.0    1
557    1607337525.88    1607337525.88    0.00300002098083    64    0.9446    60.4544    0.947600020981    1.0    1
558    1607337525.89    1607337525.89    0.00300002098083    64    0.6779    43.3856    0.680900020981    1.0    1
559    1607337526.05    1607337526.05    0.00500011444092    256    0.6189    158.4384    0.623900114441    1.0    1
560    1607337526.25    1607337526.25    0.000999927520752    16    0.0285    0.456    0.0294999275208    1.0    1
561    1607337526.27    1607337526.29    0.0160000324249    256    0.0177    4.5312    0.0337000324249    1.0    1
562    1607337526.27    1607337526.29    0.018000125885    4    0.0284    0.1136    0.046400125885    0    0
563    1607337526.28    1607337526.3    0.0150001049042    16    0.7616    12.1856    0.776600104904    1.0    1
564    1607337526.63    1607337526.63    0.0    16    0.0098    0.1568    0.0098    0    0
565    1607337526.67    1607337526.67    0.000999927520752    64    0.6779    43.3856    0.678899927521    1.0    1
566    1607337526.88    1607337526.88    0.00100016593933    64    0.1855    11.872    0.186500165939    1.0    1
567    1607337527.03    1607337527.04    0.00400018692017    256    0.0057    1.4592    0.00970018692017    1.0    1
568    1607337527.19    1607337527.19    0.00300002098083    256    0.4221    108.0576    0.425100020981    1.0    1
569    1607337527.38    1607337527.38    0.0    16    0.0297    0.4752    0.0297    0    0
570    1607337527.4    1607337527.4    0.00500011444092    256    0.4221    108.0576    0.427100114441    1.0    1
571    1607337527.42    1607337527.43    0.00300002098083    64    0.9446    60.4544    0.947600020981    1.33333333333    2
572    1607337527.44    1607337527.44    0.00200009346008    64    0.1855    11.872    0.18750009346    1.0    1
573    1607337527.48    1607337527.49    0.00499987602234    256    0.4221    108.0576    0.427099876022    1.0    1
574    1607337527.48    1607337527.49    0.00999999046326    4    0.0522    0.2088    0.0621999904633    0    0
575    1607337527.73    1607337527.73    0.0    4    0.0284    0.1136    0.0284    0    0
576    1607337527.74    1607337527.74    0.000999927520752    64    0.0055    0.352    0.00649992752075    1.0    1
577    1607337527.99    1607337527.99    0.0    4    0.0832    0.3328    0.0832    0    0
578    1607337528.06    1607337528.06    0.0    64    0.6779    43.3856    0.6779    1.0    1
579    1607337528.09    1607337528.1    0.00399994850159    256    0.6189    158.4384    0.622899948502    1.0    1
580    1607337528.14    1607337528.14    0.000999927520752    4    1.1283    4.5132    1.12929992752    0    0
581    1607337528.24    1607337528.25    0.00200009346008    64    0.0125    0.8    0.0145000934601    1.0    1
582    1607337528.28    1607337528.28    0.000999927520752    16    0.0297    0.4752    0.0306999275208    1.0    1
583    1607337528.34    1607337528.34    0.00499987602234    256    0.6189    158.4384    0.623899876022    1.0    1
584    1607337528.37    1607337528.37    0.00300002098083    64    0.9446    60.4544    0.947600020981    1.0    1
585    1607337528.42    1607337528.42    0.0    4    0.5956    2.3824    0.5956    0    0
586    1607337528.48    1607337528.49    0.00200009346008    16    0.8805    14.088    0.88250009346    1.0    1
587    1607337528.71    1607337528.73    0.0120000839233    64    0.0055    0.352    0.0175000839233    1.0    1
588    1607337528.81    1607337528.81    0.00300002098083    256    0.8    204.8    0.803000020981    1.0    1
589    1607337528.86    1607337528.86    0.00200009346008    64    0.0234    1.4976    0.0254000934601    1.0    1
590    1607337528.99    1607337528.99    0.00400018692017    16    0.4243    6.7888    0.42830018692    0    0
591    1607337529.02    1607337529.02    0.00200009346008    64    0.4167    26.6688    0.41870009346    1.0    1
592    1607337529.11    1607337529.11    0.0019998550415    64    0.0055    0.352    0.0074998550415    1.0    1
593    1607337529.12    1607337529.12    0.000999927520752    4    1.1283    4.5132    1.12929992752    0    0
594    1607337529.42    1607337529.42    0.000999927520752    16    0.8805    14.088    0.881499927521    1.0    1
595    1607337529.62    1607337529.62    0.00499987602234    256    0.0057    1.4592    0.0106998760223    1.0    1
596    1607337529.81    1607337529.81    0.000999927520752    16    0.8805    14.088    0.881499927521    0    0
597    1607337529.97    1607337529.97    0.0    16    0.4243    6.7888    0.4243    1.0    1
598    1607337530.05    1607337530.05    0.0019998550415    64    0.9446    60.4544    0.946599855042    1.0    1
599    1607337530.13    1607337530.13    0.00100016593933    64    0.0055    0.352    0.00650016593933    1.0    1
600    1607337530.38    1607337530.38    0.0    4    0.0284    0.1136    0.0284    0    0
601    1607337530.48    1607337530.48    0.000999927520752    64    0.9446    60.4544    0.945599927521    1.0    1
602    1607337530.51    1607337530.51    0.00300002098083    256    0.0177    4.5312    0.0207000209808    1.0    1
603    1607337530.52    1607337530.53    0.00100016593933    16    0.8805    14.088    0.881500165939    0    0
604    1607337530.56    1607337530.56    0.0    4    0.0284    0.1136    0.0284    0    0
605    1607337530.81    1607337530.81    0.00300002098083    256    0.8    204.8    0.803000020981    1.0    1
606    1607337530.92    1607337530.92    0.00200009346008    64    0.0234    1.4976    0.0254000934601    1.0    1
607    1607337530.95    1607337530.95    0.000999927520752    16    0.0429    0.6864    0.0438999275208    0    0
608    1607337531.02    1607337531.02    0.0    16    0.0098    0.1568    0.0098    0    0
609    1607337531.18    1607337531.18    0.0    4    0.5956    2.3824    0.5956    0    0
610    1607337531.2    1607337531.2    0.0    4    0.0522    0.2088    0.0522    0    0
611    1607337531.3    1607337531.3    0.0    16    0.0429    0.6864    0.0429    0    0
612    1607337531.32    1607337531.32    0.0    4    0.0832    0.3328    0.0832    0    0
613    1607337531.75    1607337531.75    0.00300002098083    256    0.8    204.8    0.803000020981    1.0    1
614    1607337531.82    1607337531.82    0.000999927520752    16    0.0429    0.6864    0.0438999275208    1.0    1
615    1607337531.88    1607337531.88    0.00400018692017    256    0.7528    192.7168    0.75680018692    1.0    1
616    1607337531.91    1607337531.92    0.0019998550415    4    0.6452    2.5808    0.647199855042    0    0
617    1607337532.05    1607337532.06    0.00699996948242    256    0.4221    108.0576    0.429099969482    1.0    1
618    1607337532.29    1607337532.3    0.00500011444092    256    0.6189    158.4384    0.623900114441    1.0    1
619    1607337532.57    1607337532.57    0.0    4    0.0284    0.1136    0.0284    0    0
620    1607337532.78    1607337532.78    0.0    4    0.0832    0.3328    0.0832    0    0
621    1607337532.78    1607337532.78    0.0    64    0.9446    60.4544    0.9446    1.0    1
622    1607337532.88    1607337532.88    0.000999927520752    4    0.0522    0.2088    0.0531999275208    0    0
623    1607337532.95    1607337532.95    0.00399994850159    256    0.0177    4.5312    0.0216999485016    1.0    1
624    1607337532.96    1607337532.97    0.00399994850159    256    0.6189    158.4384    0.622899948502    1.0    1
625    1607337533.01    1607337533.01    0.00100016593933    64    0.0234    1.4976    0.0244001659393    1.0    1
626    1607337533.08    1607337533.08    0.00300002098083    256    0.4221    108.0576    0.425100020981    1.0    1
627    1607337533.12    1607337533.12    0.00200009346008    4    0.0832    0.3328    0.0852000934601    0    0
628    1607337533.25    1607337533.25    0.00200009346008    4    0.0059    0.0236    0.00790009346008    0    0
629    1607337533.35    1607337533.35    0.00200009346008    16    0.0285    0.456    0.0305000934601    0    0
630    1607337533.36    1607337533.36    0.0019998550415    16    0.0285    0.456    0.0304998550415    0    0
631    1607337533.37    1607337533.37    0.00300002098083    64    0.1855    11.872    0.188500020981    1.0    1
632    1607337533.47    1607337533.48    0.00699996948242    256    0.0177    4.5312    0.0246999694824    1.0    1
633    1607337533.8    1607337533.8    0.0    64    0.0125    0.8    0.0125    1.0    1
634    1607337533.82    1607337533.82    0.000999927520752    64    0.6779    43.3856    0.678899927521    1.0    1
635    1607337533.89    1607337533.89    0.0    4    0.5956    2.3824    0.5956    0    0
636    1607337533.95    1607337533.95    0.0    16    0.7616    12.1856    0.7616    0    0
637    1607337534.03    1607337534.03    0.000999927520752    4    0.0284    0.1136    0.0293999275208    0    0
638    1607337534.06    1607337534.07    0.00100016593933    64    0.1855    11.872    0.186500165939    1.0    1
639    1607337534.17    1607337534.17    0.00100016593933    64    0.0234    1.4976    0.0244001659393    1.0    1
640    1607337534.26    1607337534.26    0.000999927520752    4    0.0284    0.1136    0.0293999275208    0    0
641    1607337534.3    1607337534.3    0.00300002098083    64    0.0125    0.8    0.0155000209808    1.0    1
642    1607337534.42    1607337534.42    0.00300002098083    256    0.7528    192.7168    0.755800020981    1.0    1
643    1607337534.52    1607337534.52    0.0    4    1.1283    4.5132    1.1283    0    0
644    1607337534.6    1607337534.6    0.0    16    0.4243    6.7888    0.4243    0    0
645    1607337534.67    1607337534.67    0.00100016593933    16    0.0285    0.456    0.0295001659393    1.0    1
646    1607337534.86    1607337534.86    0.00500011444092    256    0.4221    108.0576    0.427100114441    1.17777777778    2
647    1607337535.03    1607337535.03    0.0    4    0.0832    0.3328    0.0832    0    0
648    1607337535.09    1607337535.09    0.00600004196167    256    0.7528    192.7168    0.758800041962    1.0    1
649    1607337535.12    1607337535.12    0.00399994850159    64    0.9446    60.4544    0.948599948502    1.0    1
650    1607337535.45    1607337535.45    0.0    4    0.6452    2.5808    0.6452    0    0
651    1607337535.48    1607337535.48    0.00300002098083    256    0.7528    192.7168    0.755800020981    1.0    1
652    1607337535.67    1607337535.67    0.0019998550415    16    0.7616    12.1856    0.763599855042    1.0    1
653    1607337535.75    1607337535.76    0.00200009346008    64    0.6779    43.3856    0.67990009346    1.0    1
654    1607337535.94    1607337535.94    0.0019998550415    16    0.0285    0.456    0.0304998550415    1.0    1
655    1607337536.13    1607337536.13    0.0    16    0.0429    0.6864    0.0429    0    0
656    1607337536.2    1607337536.21    0.00399994850159    256    0.0057    1.4592    0.00969994850159    1.19444444444    2
657    1607337536.25    1607337536.25    0.0    16    0.0098    0.1568    0.0098    0    0
658    1607337536.29    1607337536.29    0.00300002098083    256    0.6189    158.4384    0.621900020981    1.0    1
659    1607337536.3    1607337536.3    0.00399994850159    256    0.0177    4.5312    0.0216999485016    1.0    1
660    1607337536.31    1607337536.31    0.00200009346008    16    0.7616    12.1856    0.76360009346    0    0
661    1607337536.34    1607337536.34    0.000999927520752    16    0.7616    12.1856    0.762599927521    0    0
662    1607337536.52    1607337536.52    0.00100016593933    16    0.4243    6.7888    0.425300165939    1.0    1
663    1607337536.55    1607337536.56    0.00200009346008    64    0.6779    43.3856    0.67990009346    1.0    1
664    1607337536.59    1607337536.59    0.00200009346008    64    0.4167    26.6688    0.41870009346    1.0    1
665    1607337536.62    1607337536.63    0.0019998550415    16    0.7616    12.1856    0.763599855042    0    0
666    1607337536.77    1607337536.77    0.00299978256226    64    0.0055    0.352    0.00849978256226    1.0    1
667    1607337536.8    1607337536.8    0.0019998550415    16    0.0098    0.1568    0.0117998550415    0    0
668    1607337537.21    1607337537.21    0.0    16    0.0098    0.1568    0.0098    0    0
669    1607337537.4    1607337537.4    0.0    16    0.0285    0.456    0.0285    0    0
670    1607337537.63    1607337537.63    0.0    64    0.4167    26.6688    0.4167    1.0    1
671    1607337537.65    1607337537.65    0.0    4    0.0832    0.3328    0.0832    0    0
672    1607337537.66    1607337537.66    0.0    4    0.0832    0.3328    0.0832    0    0
673    1607337537.85    1607337537.85    0.0    16    0.0285    0.456    0.0285    0    0
674    1607337537.9    1607337537.9    0.0    16    0.0098    0.1568    0.0098    0    0
675    1607337537.94    1607337537.94    0.0    16    0.8805    14.088    0.8805    0    0
676    1607337538.06    1607337538.06    0.0019998550415    256    0.0057    1.4592    0.0076998550415    1.0    1
677    1607337538.18    1607337538.18    0.0    4    0.0284    0.1136    0.0284    0    0
678    1607337538.25    1607337538.25    0.0    4    0.0522    0.2088    0.0522    0    0
679    1607337538.54    1607337538.54    0.0    4    1.1283    4.5132    1.1283    0    0
680    1607337538.68    1607337538.68    0.000999927520752    64    0.0055    0.352    0.00649992752075    1.0    1
681    1607337538.7    1607337538.7    0.0    64    0.0234    1.4976    0.0234    1.0    1
682    1607337538.73    1607337538.73    0.0    4    1.1283    4.5132    1.1283    0    0
683    1607337538.81    1607337538.81    0.000999927520752    64    0.6779    43.3856    0.678899927521    1.0    1
684    1607337538.85    1607337538.85    0.0    4    0.0059    0.0236    0.0059    0    0
685    1607337539.08    1607337539.08    0.000999927520752    16    0.0285    0.456    0.0294999275208    0    0
686    1607337539.12    1607337539.12    0.0    4    0.6452    2.5808    0.6452    0    0
687    1607337539.24    1607337539.24    0.0    16    0.0297    0.4752    0.0297    0    0
688    1607337539.72    1607337539.72    0.0    4    0.0522    0.2088    0.0522    0    0
689    1607337539.99    1607337539.99    0.0    64    0.0125    0.8    0.0125    1.0    1
690    1607337540.03    1607337540.03    0.0    16    0.0285    0.456    0.0285    0    0
691    1607337540.11    1607337540.11    0.0    16    0.8805    14.088    0.8805    0    0
692    1607337540.56    1607337540.56    0.0    16    0.0285    0.456    0.0285    0    0
693    1607337540.8    1607337540.8    0.000999927520752    64    0.0055    0.352    0.00649992752075    1.0    1
694    1607337540.86    1607337540.86    0.0    16    0.7616    12.1856    0.7616    0    0
695    1607337540.97    1607337540.98    0.00300002098083    256    0.0177    4.5312    0.0207000209808    1.0    1
696    1607337541.18    1607337541.18    0.0    64    0.9446    60.4544    0.9446    1.0    1
697    1607337541.18    1607337541.18    0.0    16    0.0098    0.1568    0.0098    0    0
698    1607337541.23    1607337541.23    0.000999927520752    16    0.4243    6.7888    0.425299927521    0    0
699    1607337541.54    1607337541.54    0.0    4    0.0522    0.2088    0.0522    0    0
700    1607337541.6    1607337541.6    0.000999927520752    16    0.8805    14.088    0.881499927521    0    0
701    1607337541.75    1607337541.75    0.0    16    0.0098    0.1568    0.0098    0    0
702    1607337541.77    1607337541.77    0.0    16    0.4243    6.7888    0.4243    0    0
703    1607337541.82    1607337541.82    0.0    256    0.4221    108.0576    0.4221    1.0    1
704    1607337541.88    1607337541.88    0.0    4    0.0284    0.1136    0.0284    0    0
705    1607337541.9    1607337541.9    0.0    256    0.7528    192.7168    0.7528    1.0    1
706    1607337541.96    1607337541.96    0.0    4    0.0284    0.1136    0.0284    0    0
707    1607337542.06    1607337542.06    0.00399994850159    64    0.0055    0.352    0.00949994850159    1.0    1
708    1607337542.08    1607337542.09    0.00600004196167    256    0.0057    1.4592    0.0117000419617    1.0    1
709    1607337542.08    1607337542.09    0.0090000629425    4    0.0522    0.2088    0.0612000629425    0    0
710    1607337542.12    1607337542.12    0.00600004196167    256    0.8    204.8    0.806000041962    1.0    1
711    1607337542.15    1607337542.15    0.0    64    0.0125    0.8    0.0125    1.0    1
712    1607337542.19    1607337542.19    0.000999927520752    64    0.6779    43.3856    0.678899927521    1.0    1
713    1607337542.21    1607337542.21    0.0    4    0.0284    0.1136    0.0284    0    0
714    1607337542.25    1607337542.25    0.00100016593933    16    0.0098    0.1568    0.0108001659393    0    0
715    1607337542.36    1607337542.36    0.00300002098083    256    0.6189    158.4384    0.621900020981    1.0    1
716    1607337542.38    1607337542.38    0.00100016593933    16    0.4243    6.7888    0.425300165939    0    0
717    1607337542.51    1607337542.52    0.00800013542175    256    0.8    204.8    0.808000135422    1.75    3
718    1607337542.52    1607337542.53    0.00200009346008    16    0.0429    0.6864    0.0449000934601    0    0
719    1607337542.54    1607337542.55    0.00499987602234    64    0.0055    0.352    0.0104998760223    1.0    1
720    1607337542.76    1607337542.77    0.00699996948242    64    0.0125    0.8    0.0194999694824    1.0    1
721    1607337542.81    1607337542.81    0.000999927520752    16    0.0098    0.1568    0.0107999275208    0    0
722    1607337543.12    1607337543.12    0.0    4    0.0284    0.1136    0.0284    0    0
723    1607337543.15    1607337543.15    0.0    4    0.0522    0.2088    0.0522    0    0
724    1607337543.19    1607337543.2    0.00300002098083    256    0.0177    4.5312    0.0207000209808    1.0    1
725    1607337543.23    1607337543.23    0.0    16    0.7616    12.1856    0.7616    0    0
726    1607337543.34    1607337543.34    0.00300002098083    256    0.0177    4.5312    0.0207000209808    1.0    1
727    1607337543.38    1607337543.38    0.0    4    0.0284    0.1136    0.0284    0    0
728    1607337543.45    1607337543.45    0.000999927520752    64    0.0125    0.8    0.0134999275208    1.0    1
729    1607337543.66    1607337543.66    0.00300002098083    256    0.8    204.8    0.803000020981    1.0    1
730    1607337543.74    1607337543.75    0.00100016593933    16    0.0429    0.6864    0.0439001659393    0    0
731    1607337544.0    1607337544.0    0.0    4    0.0059    0.0236    0.0059    0    0
732    1607337544.05    1607337544.05    0.00200009346008    64    0.4167    26.6688    0.41870009346    1.0    1
733    1607337544.31    1607337544.31    0.000999927520752    4    0.5956    2.3824    0.596599927521    0    0
734    1607337544.34    1607337544.34    0.00400018692017    256    0.4221    108.0576    0.42610018692    1.0    1
735    1607337544.38    1607337544.38    0.00200009346008    16    0.7616    12.1856    0.76360009346    0    0
736    1607337544.62    1607337544.62    0.0    16    0.0429    0.6864    0.0429    0    0
737    1607337544.75    1607337544.75    0.0    4    0.0284    0.1136    0.0284    0    0
738    1607337544.91    1607337544.91    0.0    16    0.7616    12.1856    0.7616    0    0
739    1607337545.07    1607337545.07    0.00100016593933    64    0.0234    1.4976    0.0244001659393    1.0    1
740    1607337545.08    1607337545.08    0.0    4    0.5956    2.3824    0.5956    0    0
741    1607337545.26    1607337545.26    0.0    16    0.0429    0.6864    0.0429    0    0
742    1607337545.44    1607337545.44    0.00300002098083    256    0.4221    108.0576    0.425100020981    1.0    1
743    1607337545.7    1607337545.7    0.0    16    0.0285    0.456    0.0285    0    0
744    1607337545.74    1607337545.74    0.0    16    0.7616    12.1856    0.7616    0    0
745    1607337545.8    1607337545.8    0.0    4    0.0522    0.2088    0.0522    0    0
746    1607337545.83    1607337545.83    0.000999927520752    4    0.0832    0.3328    0.0841999275208    0    0
747    1607337545.95    1607337545.95    0.00400018692017    256    0.7528    192.7168    0.75680018692    1.0    1
748    1607337545.99    1607337545.99    0.00100016593933    4    0.0522    0.2088    0.0532001659393    0    0
749    1607337546.13    1607337546.13    0.00499987602234    256    0.6189    158.4384    0.623899876022    1.0    1
750    1607337546.17    1607337546.17    0.00200009346008    4    0.0832    0.3328    0.0852000934601    0    0
751    1607337546.19    1607337546.19    0.000999927520752    4    0.5956    2.3824    0.596599927521    0    0
752    1607337546.65    1607337546.65    0.00600004196167    256    0.0057    1.4592    0.0117000419617    1.17777777778    2
753    1607337546.79    1607337546.79    0.0    4    0.0284    0.1136    0.0284    0    0
754    1607337546.86    1607337546.86    0.0    4    0.0059    0.0236    0.0059    0    0
755    1607337547.05    1607337547.06    0.00100016593933    16    0.4243    6.7888    0.425300165939    0    0
756    1607337547.16    1607337547.16    0.0    4    0.0832    0.3328    0.0832    0    0
757    1607337547.25    1607337547.25    0.0    16    0.0429    0.6864    0.0429    0    0
758    1607337547.44    1607337547.45    0.00300002098083    256    0.4221    108.0576    0.425100020981    1.0    1
759    1607337547.45    1607337547.45    0.00200009346008    64    0.1855    11.872    0.18750009346    1.0    1
760    1607337547.65    1607337547.66    0.00399994850159    256    0.0057    1.4592    0.00969994850159    1.19444444444    2
761    1607337547.73    1607337547.73    0.0    16    0.8805    14.088    0.8805    0    0
762    1607337548.12    1607337548.12    0.0    4    0.0522    0.2088    0.0522    0    0
763    1607337548.14    1607337548.14    0.000999927520752    64    0.0234    1.4976    0.0243999275208    1.0    1
764    1607337548.27    1607337548.27    0.0    4    1.1283    4.5132    1.1283    0    0
765    1607337548.3    1607337548.3    0.0    16    0.0098    0.1568    0.0098    1.0    1
766    1607337548.38    1607337548.38    0.0    16    0.8805    14.088    0.8805    1.0    1
767    1607337548.56    1607337548.56    0.000999927520752    4    0.0059    0.0236    0.00689992752075    0    0
768    1607337548.76    1607337548.76    0.0    4    0.0522    0.2088    0.0522    0    0
769    1607337548.87    1607337548.87    0.0    4    0.6452    2.5808    0.6452    0    0
770    1607337549.34    1607337549.34    0.00300002098083    256    0.6189    158.4384    0.621900020981    1.0    1
771    1607337549.44    1607337549.44    0.0    4    0.6452    2.5808    0.6452    0    0
772    1607337549.76    1607337549.77    0.00200009346008    64    0.0125    0.8    0.0145000934601    1.0    1
773    1607337549.98    1607337549.98    0.00300002098083    256    0.0057    1.4592    0.00870002098083    1.0    1
774    1607337550.06    1607337550.07    0.00300002098083    256    0.6189    158.4384    0.621900020981    1.0    1
775    1607337550.16    1607337550.17    0.00600004196167    16    0.0098    0.1568    0.0158000419617    1.0    1
776    1607337550.26    1607337550.26    0.00200009346008    64    0.1855    11.872    0.18750009346    1.0    1
777    1607337550.64    1607337550.64    0.0    4    0.0284    0.1136    0.0284    0    0
778    1607337551.18    1607337551.18    0.0    4    0.0522    0.2088    0.0522    0    0
779    1607337551.26    1607337551.26    0.0    16    0.8805    14.088    0.8805    0    0
780    1607337551.31    1607337551.31    0.000999927520752    64    0.0234    1.4976    0.0243999275208    1.0    1
781    1607337551.38    1607337551.39    0.00300002098083    256    0.6189    158.4384    0.621900020981    1.0    1
782    1607337551.45    1607337551.45    0.000999927520752    16    0.0429    0.6864    0.0438999275208    0    0
783    1607337551.73    1607337551.73    0.000999927520752    4    0.5956    2.3824    0.596599927521    0    0
784    1607337551.93    1607337551.93    0.00200009346008    64    0.0234    1.4976    0.0254000934601    1.0    1
785    1607337552.13    1607337552.13    0.0    4    0.0059    0.0236    0.0059    0    0
786    1607337552.26    1607337552.26    0.0    4    0.0284    0.1136    0.0284    0    0
787    1607337552.32    1607337552.32    0.0    16    0.0098    0.1568    0.0098    0    0
788    1607337552.42    1607337552.42    0.0    16    0.7616    12.1856    0.7616    0    0
789    1607337552.5    1607337552.5    0.00100016593933    64    0.0125    0.8    0.0135001659393    1.0    1
790    1607337552.54    1607337552.54    0.0    16    0.0297    0.4752    0.0297    0    0
791    1607337552.62    1607337552.62    0.0    4    0.5956    2.3824    0.5956    0    0
792    1607337552.67    1607337552.68    0.00300002098083    256    0.7528    192.7168    0.755800020981    1.0    1
793    1607337552.75    1607337552.75    0.000999927520752    16    0.0297    0.4752    0.0306999275208    1.0    1
794    1607337553.2    1607337553.2    0.0    4    1.1283    4.5132    1.1283    0    0
795    1607337553.27    1607337553.27    0.00499987602234    256    0.4221    108.0576    0.427099876022    1.17777777778    2
796    1607337553.28    1607337553.28    0.00200009346008    16    0.4243    6.7888    0.42630009346    0    0
797    1607337553.54    1607337553.54    0.0    4    1.1283    4.5132    1.1283    0    0
798    1607337553.56    1607337553.56    0.0    4    0.0059    0.0236    0.0059    0    0
799    1607337553.58    1607337553.58    0.0    4    0.0284    0.1136    0.0284    0    0

dispatched jobs are: 800 out of 800
average queue time is: 0.0821637502313
fso links are used for 0 times
overall utilization is 0.0633717557069
average response time is 0.439097500231
average weighted response time is 1.14839317316
average slowdown is 1.69554501401
cpu_request: 63560, cpu_run: 63560
ssd_request: 30484, ssd_run: 0
gpu_request: 31086, gpu_run: 0
cpu aspl: 1.01564426735
cpu diameter: 1.07045454545
job x: 0.0
job y: 0.0
job z: 0.0
