#timestep  occupied-CPU  total-CPU  utilization  queuingjobs
1    4    4096    0.0009765625    0
2    20    4096    0.0048828125    0
3    128    4096    0.03125    0
4    0    4096    0.0    0
5    264    4096    0.064453125    0
6    76    4096    0.0185546875    0
7    4    4096    0.0009765625    0
8    28    4096    0.0068359375    0
9    16    4096    0.00390625    0
10    276    4096    0.0673828125    0
11    272    4096    0.06640625    0
12    0    4096    0.0    0
13    0    4096    0.0    0
14    4    4096    0.0009765625    0
15    12    4096    0.0029296875    0
16    8    4096    0.001953125    0
17    24    4096    0.005859375    0
18    256    4096    0.0625    0
19    4    4096    0.0009765625    0
20    68    4096    0.0166015625    0
21    260    4096    0.0634765625    0
22    4    4096    0.0009765625    0
23    68    4096    0.0166015625    0
24    20    4096    0.0048828125    0
25    272    4096    0.06640625    0
26    0    4096    0.0    0
27    96    4096    0.0234375    0
28    68    4096    0.0166015625    0
29    192    4096    0.046875    0
30    272    4096    0.06640625    0
31    320    4096    0.078125    0
32    64    4096    0.015625    0
33    16    4096    0.00390625    0
34    0    4096    0.0    0
35    8    4096    0.001953125    0
36    256    4096    0.0625    0
37    0    4096    0.0    2
38    448    4096    0.109375    0
39    448    4096    0.109375    0
40    80    4096    0.01953125    0
41    84    4096    0.0205078125    0
42    4    4096    0.0009765625    0
43    516    4096    0.1259765625    0
44    516    4096    0.1259765625    0
45    264    4096    0.064453125    0
46    20    4096    0.0048828125    0
47    16    4096    0.00390625    0
48    260    4096    0.0634765625    0
49    64    4096    0.015625    0
50    324    4096    0.0791015625    0
51    4    4096    0.0009765625    0
52    20    4096    0.0048828125    0
53    768    4096    0.1875    0
54    16    4096    0.00390625    0
55    0    4096    0.0    0
56    264    4096    0.064453125    0
57    0    4096    0.0    0
58    256    4096    0.0625    0
59    16    4096    0.00390625    0
60    0    4096    0.0    1
61    516    4096    0.1259765625    0
62    0    4096    0.0    0
63    16    4096    0.00390625    0
64    256    4096    0.0625    0
65    0    4096    0.0    0
66    68    4096    0.0166015625    0
67    0    4096    0.0    0
68    256    4096    0.0625    0
69    256    4096    0.0625    0
70    36    4096    0.0087890625    0
71    276    4096    0.0673828125    0
72    16    4096    0.00390625    0
73    276    4096    0.0673828125    0
74    0    4096    0.0    0
75    64    4096    0.015625    0
76    0    4096    0.0    0
77    144    4096    0.03515625    0
78    260    4096    0.0634765625    0
79    296    4096    0.072265625    0
80    84    4096    0.0205078125    0
81    264    4096    0.064453125    0
82    260    4096    0.0634765625    0
83    0    4096    0.0    0
84    64    4096    0.015625    0
85    208    4096    0.05078125    0
86    4    4096    0.0009765625    0
87    272    4096    0.06640625    0
88    324    4096    0.0791015625    0
89    0    4096    0.0    1
90    384    4096    0.09375    0
91    265    4096    0.064697265625    0
92    0    4096    0.0    0
93    4    4096    0.0009765625    0
94    0    4096    0.0    0
95    16    4096    0.00390625    0
96    64    4096    0.015625    0
97    0    4096    0.0    0

average cpu utilization is: 0.0320075910116
average ssd utilization is: 1.0
average gpu utilization is: 1.0
average utilization is: 0.677335863671
average queuing jobs are: 0.0412371134021
maximum queuing jobs are: 2


#job_number  submit  dispatch  queue  cpu#  runtime  weight  response(turnaround)  cpu_aspl  cpu_diameter
0    1607331411.27    1607331494.52    83.2460000515    4    0.0526    0.2104    83.2986000515    2    2
1    1607331494.72    1607331494.72    0.000999927520752    64    0.0125    0.8    0.0134999275208    2    5
2    1607331494.87    1607331494.87    0.000999927520752    64    0.1855    11.872    0.186499927521    2    5
3    1607331495.04    1607331495.04    0.000999927520752    16    0.0098    0.1568    0.0107999275208    2    2
4    1607331495.12    1607331495.13    0.0019998550415    256    0.4221    108.0576    0.424099855042    3    6
5    1607331495.24    1607331495.24    0.000999927520752    16    0.7616    12.1856    0.762599927521    2    2
6    1607331495.41    1607331495.42    0.000999927520752    4    0.6477    2.5908    0.648699927521    2    2
7    1607331495.59    1607331495.59    0.0    64    0.0055    0.352    0.0055    2    5
8    1607331495.83    1607331495.83    0.0    4    0.6477    2.5908    0.6477    2    2
9    1607331495.87    1607331495.87    0.000999927520752    256    0.8    204.8    0.800999927521    3    6
10    1607331496.31    1607331496.32    0.00100016593933    64    0.4167    26.6688    0.417700165939    2    6
11    1607331496.49    1607331496.49    0.00100016593933    256    0.0177    4.5312    0.0187001659393    3    6
12    1607331496.6    1607331496.6    0.000999927520752    64    0.1855    11.872    0.186499927521    2    6
13    1607331496.86    1607331496.86    0.000999927520752    256    0.0057    1.4592    0.00669992752075    3    6
14    1607331497.11    1607331497.11    0.0    256    0.4221    108.0576    0.4221    3    6
15    1607331497.57    1607331497.57    0.00100016593933    16    0.0285    0.456    0.0295001659393    2    2
16    1607331497.68    1607331497.68    0.0    16    0.0098    0.1568    0.0098    2    2
17    1607331498.04    1607331498.04    0.000999927520752    16    0.7616    12.1856    0.762599927521    2    2
18    1607331498.09    1607331498.09    0.0    16    0.0285    0.456    0.0285    2    2
19    1607331498.32    1607331498.32    0.0    256    0.4221    108.0576    0.4221    3    6
20    1607331498.57    1607331498.57    0.00100016593933    4    0.5984    2.3936    0.599400165939    2    2
21    1607331498.57    1607331498.57    0.000999927520752    4    1.1322    4.5288    1.13319992752    2    2
22    1607331498.6    1607331498.6    0.000999927520752    256    0.6189    158.4384    0.619899927521    3    6
23    1607331499.02    1607331499.02    0.0    4    1.1322    4.5288    1.1322    2    2
24    1607331499.31    1607331499.31    0.000999927520752    4    1.1322    4.5288    1.13319992752    2    2
25    1607331499.36    1607331499.36    0.000999927520752    64    0.9446    60.4544    0.945599927521    2    6
26    1607331499.42    1607331499.42    0.0    4    0.6477    2.5908    0.6477    2    2
27    1607331499.5    1607331499.5    0.0    4    0.0834    0.3336    0.0834    2    2
28    1607331499.75    1607331499.75    0.0    4    0.0526    0.2104    0.0526    2    2
29    1607331500.05    1607331500.05    0.00100016593933    64    0.1855    11.872    0.186500165939    2    6
30    1607331500.14    1607331500.14    0.000999927520752    64    0.4167    26.6688    0.417699927521    2    6
31    1607331500.16    1607331500.16    0.00100016593933    256    0.8    204.8    0.801000165939    3    6
32    1607331500.98    1607331500.98    0.00200009346008    64    0.4167    26.6688    0.41870009346    2    5
33    1607331501.03    1607331501.03    0.00200009346008    16    0.7616    12.1856    0.76360009346    2    2
34    1607331501.38    1607331501.38    0.000999927520752    16    0.7616    12.1856    0.762599927521    2    2
35    1607331501.44    1607331501.44    0.000999927520752    64    0.0234    1.4976    0.0243999275208    2    5
36    1607331501.46    1607331501.46    0.000999927520752    16    0.0285    0.456    0.0294999275208    2    2
37    1607331501.57    1607331501.57    0.0    4    1.1322    4.5288    1.1322    2    2
38    1607331501.72    1607331501.72    0.000999927520752    256    0.0177    4.5312    0.0186999275208    3    6
39    1607331501.86    1607331501.87    0.000999927520752    4    0.5984    2.3936    0.599399927521    2    2
40    1607331501.95    1607331501.95    0.000999927520752    64    0.0125    0.8    0.0134999275208    2    6
41    1607331501.96    1607331501.96    0.00100016593933    64    0.0125    0.8    0.0135001659393    2    6
42    1607331502.03    1607331502.03    0.0    4    0.0284    0.1136    0.0284    2    2
43    1607331502.19    1607331502.19    0.0    4    0.0834    0.3336    0.0834    2    2
44    1607331502.19    1607331502.19    0.0    4    0.0284    0.1136    0.0284    2    2
45    1607331502.58    1607331502.58    0.0    16    0.8805    14.088    0.8805    2    2
46    1607331502.7    1607331502.7    0.0    16    0.0098    0.1568    0.0098    2    5
47    1607331502.73    1607331502.73    0.000999927520752    64    0.0125    0.8    0.0134999275208    2    6
48    1607331502.75    1607331502.75    0.000999927520752    16    0.0429    0.6864    0.0438999275208    2    2
49    1607331503.2    1607331503.2    0.0    4    0.0284    0.1136    0.0284    2    2
50    1607331503.57    1607331503.57    0.00100016593933    4    0.0834    0.3336    0.0844001659393    2    2
51    1607331503.58    1607331503.58    0.000999927520752    16    0.0297    0.4752    0.0306999275208    2    2
52    1607331503.59    1607331503.59    0.00100016593933    256    0.6189    158.4384    0.619900165939    3    6
53    1607331503.6    1607331503.6    0.000999927520752    4    0.5984    2.3936    0.599399927521    2    2
54    1607331503.63    1607331503.63    0.00100016593933    64    0.0055    0.352    0.00650016593933    2    6
55    1607331503.88    1607331503.88    0.000999927520752    64    0.1855    11.872    0.186499927521    2    6
56    1607331503.96    1607331503.96    0.000999927520752    64    0.0234    1.4976    0.0243999275208    2    6
57    1607331504.13    1607331504.13    0.0    16    0.8805    14.088    0.8805    2    2
58    1607331504.21    1607331504.21    0.00399994850159    16    0.0429    0.6864    0.0468999485016    2    3
59    1607331504.6    1607331504.6    0.0    64    0.4167    26.6688    0.4167    2    6
60    1607331504.71    1607331504.71    0.0    16    0.8805    14.088    0.8805    2    2
61    1607331505.01    1607331505.01    0.0    4    0.0526    0.2104    0.0526    2    2
62    1607331505.21    1607331505.21    0.0    256    0.6189    158.4384    0.6189    3    6
63    1607331505.28    1607331505.29    0.00300002098083    4    0.0284    0.1136    0.0314000209808    2    2
64    1607331505.33    1607331505.33    0.00300002098083    4    0.5984    2.3936    0.601400020981    2    2
65    1607331505.83    1607331505.83    0.0    16    0.0429    0.6864    0.0429    2    2
66    1607331505.96    1607331505.96    0.0    4    0.0284    0.1136    0.0284    2    2
67    1607331506.22    1607331506.22    0.000999927520752    256    0.0057    1.4592    0.00669992752075    3    6
68    1607331506.31    1607331506.31    0.00100016593933    64    0.0234    1.4976    0.0244001659393    2    5
69    1607331506.54    1607331506.54    0.000999927520752    16    0.0429    0.6864    0.0438999275208    2    2
70    1607331507.11    1607331507.11    0.00100016593933    256    0.0177    4.5312    0.0187001659393    3    6
71    1607331507.38    1607331507.38    0.0    16    0.0098    0.1568    0.0098    2    2
72    1607331507.48    1607331507.48    0.0019998550415    4    1.1322    4.5288    1.13419985504    2    2
73    1607331507.85    1607331507.85    0.0    4    0.0526    0.2104    0.0526    2    2
74    1607331508.83    1607331508.83    0.000999927520752    64    0.0234    1.4976    0.0243999275208    2    5
75    1607331509.24    1607331509.24    0.000999927520752    4    1.1322    4.5288    1.13319992752    2    2
76    1607331509.28    1607331509.28    0.0    4    1.1322    4.5288    1.1322    2    2
77    1607331509.48    1607331509.48    0.000999927520752    64    0.0234    1.4976    0.0243999275208    2    6
78    1607331509.49    1607331509.49    0.0    4    0.0834    0.3336    0.0834    2    2
79    1607331509.74    1607331509.74    0.000999927520752    4    0.5984    2.3936    0.599399927521    2    2
80    1607331509.85    1607331509.85    0.0    16    0.0098    0.1568    0.0098    2    2
81    1607331510.09    1607331510.09    0.0    64    0.1855    11.872    0.1855    2    6
82    1607331510.18    1607331510.18    0.0    4    0.6477    2.5908    0.6477    2    2
83    1607331510.48    1607331510.48    0.0    4    0.6477    2.5908    0.6477    2    2
84    1607331510.8    1607331510.8    0.000999927520752    16    0.8805    14.088    0.881499927521    2    2
85    1607331511.08    1607331511.08    0.0    4    0.5984    2.3936    0.5984    2    2
86    1607331511.16    1607331511.16    0.0    16    0.8805    14.088    0.8805    2    5
87    1607331511.19    1607331511.19    0.0    16    0.0297    0.4752    0.0297    2    2
88    1607331511.47    1607331511.47    0.0    4    0.5984    2.3936    0.5984    2    2
89    1607331511.61    1607331511.61    0.0    64    0.0234    1.4976    0.0234    2    6
90    1607331511.69    1607331511.69    0.0    4    0.6477    2.5908    0.6477    2    2
91    1607331512.03    1607331512.03    0.000999927520752    256    0.8    204.8    0.800999927521    3    6
92    1607331512.3    1607331512.3    0.000999927520752    64    0.0055    0.352    0.00649992752075    2    6
93    1607331512.33    1607331512.33    0.0    16    0.0285    0.456    0.0285    2    5
94    1607331513.16    1607331513.16    0.00200009346008    64    0.4167    26.6688    0.41870009346    2    5
95    1607331513.16    1607331513.17    0.0019998550415    256    0.0057    1.4592    0.0076998550415    3    6
96    1607331513.51    1607331513.51    0.0    4    0.0834    0.3336    0.0834    2    2
97    1607331513.75    1607331513.75    0.0    4    0.6477    2.5908    0.6477    2    2
98    1607331513.96    1607331513.96    0.0    64    0.0234    1.4976    0.0234    2    6
99    1607331514.09    1607331514.09    0.0    4    1.1322    4.5288    1.1322    2    2
100    1607331514.18    1607331514.18    0.000999927520752    256    0.7528    192.7168    0.753799927521    3    6
101    1607331514.69    1607331514.7    0.00100016593933    64    0.9446    60.4544    0.945600165939    2    6
102    1607331515.03    1607331515.03    0.000999927520752    256    0.0177    4.5312    0.0186999275208    3    6
103    1607331515.56    1607331515.56    0.0    64    0.0125    0.8    0.0125    2    6
104    1607331515.58    1607331515.58    0.0    4    0.0284    0.1136    0.0284    2    2
105    1607331515.67    1607331515.67    0.0    4    0.6477    2.5908    0.6477    2    2
106    1607331515.76    1607331515.76    0.000999927520752    16    0.0297    0.4752    0.0306999275208    2    2
107    1607331515.85    1607331515.85    0.00100016593933    64    0.0055    0.352    0.00650016593933    2    6
108    1607331515.93    1607331515.93    0.0    256    0.7528    192.7168    0.7528    3    6
109    1607331515.95    1607331515.95    0.00100016593933    256    0.0057    1.4592    0.00670016593933    3    6
110    1607331516.1    1607331516.1    0.000999927520752    4    0.0059    0.0236    0.00689992752075    2    2
111    1607331516.43    1607331516.43    0.000999927520752    4    0.6477    2.5908    0.648699927521    2    2
112    1607331516.43    1607331516.43    0.000999927520752    4    1.1322    4.5288    1.13319992752    2    2
113    1607331516.56    1607331516.56    0.000999927520752    16    0.0429    0.6864    0.0438999275208    2    2
114    1607331516.68    1607331516.68    0.000999927520752    16    0.4243    6.7888    0.425299927521    2    2
115    1607331517.11    1607331517.11    0.00499987602234    256    0.8    204.8    0.804999876022    3    6
116    1607331517.37    1607331517.37    0.000999927520752    16    0.4243    6.7888    0.425299927521    2    2
117    1607331517.73    1607331517.74    0.00100016593933    4    1.1322    4.5288    1.13320016594    2    2
118    1607331518.15    1607331518.15    0.0    64    0.6779    43.3856    0.6779    2    5
119    1607331518.36    1607331518.36    0.0    64    0.6779    43.3856    0.6779    2    5
120    1607331518.43    1607331518.43    0.0    64    0.0234    1.4976    0.0234    2    5
121    1607331518.6    1607331518.61    0.000999927520752    4    1.1322    4.5288    1.13319992752    2    2
122    1607331518.61    1607331518.61    0.0    64    0.0055    0.352    0.0055    2    6
123    1607331518.81    1607331518.81    0.0    16    0.7616    12.1856    0.7616    2    2
124    1607331519.38    1607331519.38    0.0    4    0.0834    0.3336    0.0834    2    2
125    1607331519.4    1607331519.4    0.000999927520752    256    0.0057    1.4592    0.00669992752075    3    6
126    1607331519.41    1607331519.41    0.00500011444092    16    0.7616    12.1856    0.766600114441    2    2
127    1607331519.73    1607331519.73    0.0    64    0.4167    26.6688    0.4167    2    6
128    1607331519.9    1607331519.9    0.000999927520752    16    0.8805    14.088    0.881499927521    2    2
129    1607331520.02    1607331520.02    0.0    256    0.6189    158.4384    0.6189    3    6
130    1607331520.41    1607331520.41    0.0    64    0.4167    26.6688    0.4167    2    5
131    1607331520.78    1607331520.78    0.0    16    0.4243    6.7888    0.4243    2    2
132    1607331520.99    1607331520.99    0.000999927520752    64    0.1855    11.872    0.186499927521    2    5
133    1607331521.77    1607331521.77    0.00100016593933    4    0.0059    0.0236    0.00690016593933    2    2
134    1607331521.94    1607331521.94    0.0    64    0.0055    0.352    0.0055    2    5
135    1607331522.1    1607331522.1    0.0    4    0.0526    0.2104    0.0526    2    2
136    1607331522.11    1607331522.11    0.0    16    0.0297    0.4752    0.0297    2    2
137    1607331522.18    1607331522.18    0.0    64    0.6779    43.3856    0.6779    2    5
138    1607331522.34    1607331522.34    0.00100016593933    16    0.8805    14.088    0.881500165939    2    2
139    1607331522.42    1607331522.42    0.0    16    0.7616    12.1856    0.7616    2    2
140    1607331522.69    1607331522.69    0.000999927520752    256    0.4221    108.0576    0.423099927521    3    6
141    1607331522.98    1607331522.98    0.000999927520752    64    0.0234    1.4976    0.0243999275208    2    5
142    1607331523.23    1607331523.23    0.00100016593933    16    0.0297    0.4752    0.0307001659393    2    2
143    1607331523.24    1607331523.24    0.0    64    0.4167    26.6688    0.4167    2    6
144    1607331523.24    1607331523.24    0.00100016593933    4    0.5984    2.3936    0.599400165939    2    2
145    1607331523.53    1607331523.53    0.00200009346008    16    0.8805    14.088    0.88250009346    2    2
146    1607331523.71    1607331523.71    0.000999927520752    64    0.9446    60.4544    0.945599927521    2    6
147    1607331523.8    1607331523.8    0.0    4    0.0284    0.1136    0.0284    2    2
148    1607331523.84    1607331523.84    0.00100016593933    64    0.9446    60.4544    0.945600165939    2    6
149    1607331524.11    1607331524.12    0.000999927520752    256    0.4221    108.0576    0.423099927521    3    6
150    1607331524.13    1607331524.13    0.0    64    0.0234    1.4976    0.0234    2    6
151    1607331524.24    1607331524.24    0.00100016593933    16    0.0429    0.6864    0.0439001659393    2    2
152    1607331524.32    1607331524.32    0.000999927520752    4    0.0834    0.3336    0.0843999275208    2    2
153    1607331524.47    1607331524.47    0.00100016593933    64    0.6779    43.3856    0.678900165939    2    6
154    1607331525.13    1607331525.13    0.0    256    0.6189    158.4384    0.6189    3    6
155    1607331525.39    1607331525.39    0.0    16    0.0297    0.4752    0.0297    2    2
156    1607331525.57    1607331525.57    0.0    16    0.8805    14.088    0.8805    2    2
157    1607331525.9    1607331525.9    0.00100016593933    4    0.5984    2.3936    0.599400165939    2    2
158    1607331526.0    1607331526.0    0.0    64    0.0234    1.4976    0.0234    2    6
159    1607331526.19    1607331526.19    0.000999927520752    256    0.8    204.8    0.800999927521    3    6
160    1607331526.22    1607331526.22    0.000999927520752    16    0.0297    0.4752    0.0306999275208    2    5
161    1607331526.37    1607331526.37    0.0    4    0.0834    0.3336    0.0834    2    2
162    1607331526.61    1607331526.61    0.000999927520752    64    0.4167    26.6688    0.417699927521    2    6
163    1607331526.64    1607331526.64    0.000999927520752    16    0.0285    0.456    0.0294999275208    2    2
164    1607331526.86    1607331526.86    0.00100016593933    16    0.0098    0.1568    0.0108001659393    2    2
165    1607331526.86    1607331526.86    0.00100016593933    4    0.6477    2.5908    0.648700165939    2    2
166    1607331526.92    1607331526.92    0.000999927520752    64    0.9446    60.4544    0.945599927521    2    6
167    1607331527.21    1607331527.21    0.0    4    0.0059    0.0236    0.0059    2    2
168    1607331527.27    1607331527.27    0.0    4    0.0059    0.0236    0.0059    2    2
169    1607331527.88    1607331527.88    0.0    16    0.7616    12.1856    0.7616    2    2
170    1607331528.02    1607331528.02    0.0    64    0.1855    11.872    0.1855    2    6
171    1607331528.05    1607331528.05    0.0    256    0.7528    192.7168    0.7528    3    6
172    1607331528.55    1607331528.55    0.000999927520752    16    0.0297    0.4752    0.0306999275208    2    2
173    1607331528.63    1607331528.63    0.00200009346008    4    0.0059    0.0236    0.00790009346008    2    2
174    1607331528.78    1607331528.78    0.0    16    0.7616    12.1856    0.7616    2    2
175    1607331529.22    1607331529.22    0.00100016593933    16    0.4243    6.7888    0.425300165939    2    2
176    1607331529.36    1607331529.36    0.0    4    0.0834    0.3336    0.0834    2    2
177    1607331529.57    1607331529.57    0.000999927520752    256    0.0177    4.5312    0.0186999275208    3    6
178    1607331529.59    1607331529.6    0.00799989700317    256    0.0057    1.4592    0.0136998970032    3    6
179    1607331529.63    1607331529.63    0.00100016593933    16    0.0098    0.1568    0.0108001659393    2    2
180    1607331529.77    1607331529.77    0.0    4    0.0526    0.2104    0.0526    2    2
181    1607331530.3    1607331530.3    0.00100016593933    4    1.1322    4.5288    1.13320016594    2    2
182    1607331530.59    1607331530.59    0.0    4    0.6477    2.5908    0.6477    2    2
183    1607331531.03    1607331531.03    0.00200009346008    4    0.6477    2.5908    0.64970009346    2    2
184    1607331531.82    1607331531.82    0.0    64    0.0125    0.8    0.0125    2    5
185    1607331532.0    1607331532.01    0.00100016593933    256    0.7528    192.7168    0.753800165939    3    6
186    1607331532.24    1607331532.24    0.000999927520752    256    0.0057    1.4592    0.00669992752075    3    6
187    1607331532.42    1607331532.42    0.00100016593933    64    0.6779    43.3856    0.678900165939    2    5
188    1607331532.45    1607331532.45    0.000999927520752    256    0.0057    1.4592    0.00669992752075    3    6
189    1607331532.46    1607331532.46    0.000999927520752    64    0.4167    26.6688    0.417699927521    2    5
190    1607331532.74    1607331532.74    0.000999927520752    256    0.0057    1.4592    0.00669992752075    3    6
191    1607331533.17    1607331533.18    0.00399994850159    256    0.0177    4.5312    0.0216999485016    3    6
192    1607331533.18    1607331533.18    0.00600004196167    256    0.7528    192.7168    0.758800041962    3    6
193    1607331533.19    1607331533.19    0.000999927520752    64    0.0055    0.352    0.00649992752075    2    5
194    1607331533.35    1607331533.35    0.0    64    0.9446    60.4544    0.9446    2    5
195    1607331533.64    1607331533.64    0.00100016593933    256    0.6189    158.4384    0.619900165939    3    6
196    1607331533.8    1607331533.8    0.000999927520752    64    0.6779    43.3856    0.678899927521    2    5
197    1607331533.87    1607331533.88    0.000999927520752    64    0.4167    26.6688    0.417699927521    2    5
198    1607331534.61    1607331534.62    0.000999927520752    64    0.6779    43.3856    0.678899927521    2    5
199    1607331534.75    1607331534.75    0.000999927520752    256    0.0177    4.5312    0.0186999275208    3    6
200    1607331534.95    1607331534.95    0.0    64    0.0234    1.4976    0.0234    2    5
201    1607331535.1    1607331535.1    0.0    64    0.0125    0.8    0.0125    2    5
202    1607331535.13    1607331535.13    0.0    64    0.6779    43.3856    0.6779    2    5
203    1607331535.13    1607331535.13    0.000999927520752    256    0.6189    158.4384    0.619899927521    3    6
204    1607331535.25    1607331535.26    0.00300002098083    64    0.6779    43.3856    0.680900020981    2    5
205    1607331535.32    1607331535.32    0.000999927520752    16    0.0429    0.6864    0.0438999275208    2    2
206    1607331535.64    1607331535.64    0.00100016593933    16    0.8805    14.088    0.881500165939    2    2
207    1607331536.06    1607331536.06    0.000999927520752    64    0.6779    43.3856    0.678899927521    2    6
208    1607331536.73    1607331536.73    0.0    4    0.0059    0.0236    0.0059    2    2
209    1607331536.76    1607331536.76    0.0    16    0.0098    0.1568    0.0098    2    2
210    1607331536.8    1607331536.8    0.0    64    0.4167    26.6688    0.4167    2    5
211    1607331536.8    1607331536.8    0.000999927520752    16    0.7616    12.1856    0.762599927521    2    2
212    1607331536.85    1607331536.85    0.0    16    0.0297    0.4752    0.0297    2    2
213    1607331536.89    1607331536.89    0.00100016593933    4    0.6477    2.5908    0.648700165939    2    2
214    1607331536.99    1607331536.99    0.000999927520752    256    0.0177    4.5312    0.0186999275208    3    6
215    1607331537.15    1607331537.15    0.000999927520752    256    0.0057    1.4592    0.00669992752075    3    6
216    1607331537.35    1607331537.35    0.0    64    0.4167    26.6688    0.4167    2    5
217    1607331537.36    1607331537.36    0.0    256    0.0057    1.4592    0.0057    3    6
218    1607331538.19    1607331538.19    0.0    64    0.1855    11.872    0.1855    2    5
219    1607331538.23    1607331538.23    0.0    4    0.0834    0.3336    0.0834    2    2
220    1607331538.44    1607331538.44    0.0    4    1.1322    4.5288    1.1322    2    2
221    1607331538.51    1607331538.51    0.00100016593933    16    0.0429    0.6864    0.0439001659393    2    2
222    1607331538.62    1607331538.62    0.0    4    0.0834    0.3336    0.0834    2    2
223    1607331538.63    1607331538.63    0.0    256    0.6189    158.4384    0.6189    3    6
224    1607331538.69    1607331538.69    0.0    64    0.4167    26.6688    0.4167    2    6
225    1607331538.69    1607331538.69    0.00100016593933    4    0.6477    2.5908    0.648700165939    2    2
226    1607331538.69    1607331538.69    0.0    4    0.0284    0.1136    0.0284    2    2
227    1607331538.89    1607331538.89    0.0    16    0.0297    0.4752    0.0297    2    3
228    1607331539.23    1607331539.23    0.000999927520752    256    0.7528    192.7168    0.753799927521    3    6
229    1607331539.27    1607331539.27    0.0    4    0.0059    0.0236    0.0059    2    2
230    1607331539.34    1607331539.34    0.000999927520752    256    0.7528    192.7168    0.753799927521    3    6
231    1607331539.74    1607331539.74    0.00200009346008    256    0.0057    1.4592    0.00770009346008    3    6
232    1607331539.98    1607331539.98    0.000999927520752    64    0.0125    0.8    0.0134999275208    2    6
233    1607331540.26    1607331540.27    0.00100016593933    256    0.7528    192.7168    0.753800165939    3    6
234    1607331540.29    1607331540.29    0.000999927520752    256    0.0057    1.4592    0.00669992752075    3    6
235    1607331540.3    1607331540.31    0.0129997730255    256    0.6189    158.4384    0.631899773026    3    6
236    1607331540.49    1607331540.49    0.000999927520752    4    0.6477    2.5908    0.648699927521    2    2
237    1607331540.72    1607331540.72    0.000999927520752    16    0.0285    0.456    0.0294999275208    2    2
238    1607331540.94    1607331540.95    0.00200009346008    256    0.8    204.8    0.80200009346    3    6
239    1607331541.14    1607331541.14    0.0    4    0.5984    2.3936    0.5984    2    2
240    1607331541.24    1607331541.24    0.0    64    0.4167    26.6688    0.4167    2    6
241    1607331541.32    1607331541.32    0.00100016593933    256    0.0177    4.5312    0.0187001659393    3    6
242    1607331541.39    1607331541.39    0.000999927520752    64    0.1855    11.872    0.186499927521    2    6
243    1607331541.45    1607331541.45    0.000999927520752    4    0.6477    2.5908    0.648699927521    2    2
244    1607331541.88    1607331541.88    0.000999927520752    256    0.6189    158.4384    0.619899927521    3    6
245    1607331541.89    1607331541.89    0.000999927520752    256    0.7528    192.7168    0.753799927521    3    6
246    1607331541.92    1607331541.92    0.000999927520752    4    1.1322    4.5288    1.13319992752    2    2
247    1607331542.09    1607331542.09    0.0    4    0.5984    2.3936    0.5984    2    2
248    1607331542.12    1607331542.13    0.000999927520752    16    0.0098    0.1568    0.0107999275208    2    3
249    1607331542.53    1607331542.53    0.000999927520752    16    0.7616    12.1856    0.762599927521    2    2
250    1607331542.74    1607331542.74    0.0019998550415    64    0.0055    0.352    0.0074998550415    2    6
251    1607331542.8    1607331542.8    0.00200009346008    4    0.0059    0.0236    0.00790009346008    2    2
252    1607331543.03    1607331543.03    0.0    16    0.0285    0.456    0.0285    2    2
253    1607331543.2    1607331543.2    0.0    64    0.0234    1.4976    0.0234    2    6
254    1607331543.26    1607331543.26    0.00100016593933    4    0.0284    0.1136    0.0294001659393    2    2
255    1607331543.51    1607331543.51    0.000999927520752    16    0.4243    6.7888    0.425299927521    2    2
256    1607331543.56    1607331543.57    0.00100016593933    256    0.0057    1.4592    0.00670016593933    3    6
257    1607331544.16    1607331544.16    0.00100016593933    64    0.4167    26.6688    0.417700165939    2    5
258    1607331544.23    1607331544.23    0.0    4    0.0059    0.0236    0.0059    2    2
259    1607331544.33    1607331544.33    0.0    4    0.0284    0.1136    0.0284    2    2
260    1607331544.48    1607331544.48    0.0    4    0.5984    2.3936    0.5984    2    2
261    1607331544.55    1607331544.55    0.000999927520752    256    0.8    204.8    0.800999927521    3    6
262    1607331544.85    1607331544.85    0.0    4    0.0059    0.0236    0.0059    2    2
263    1607331545.16    1607331545.16    0.00100016593933    64    0.4167    26.6688    0.417700165939    2    5
264    1607331545.43    1607331545.43    0.000999927520752    16    0.0297    0.4752    0.0306999275208    2    2
265    1607331545.73    1607331545.73    0.00100016593933    64    0.9446    60.4544    0.945600165939    2    5
266    1607331546.19    1607331546.19    0.0    16    0.0098    0.1568    0.0098    2    2
267    1607331546.39    1607331546.39    0.000999927520752    256    0.8    204.8    0.800999927521    3    6
268    1607331546.49    1607331546.49    0.000999927520752    4    1.1322    4.5288    1.13319992752    2    2
269    1607331546.88    1607331546.88    0.0    64    0.6779    43.3856    0.6779    2    5
270    1607331547.04    1607331547.04    0.00299978256226    16    0.0429    0.6864    0.0458997825623    2    2
271    1607331547.29    1607331547.29    0.000999927520752    16    0.0429    0.6864    0.0438999275208    2    2
272    1607331547.55    1607331547.55    0.0    16    0.0429    0.6864    0.0429    2    2
273    1607331547.85    1607331547.85    0.00100016593933    64    0.0234    1.4976    0.0244001659393    2    5
274    1607331547.93    1607331547.93    0.0    4    1.1322    4.5288    1.1322    2    2
275    1607331548.0    1607331548.0    0.0    16    0.0285    0.456    0.0285    2    2
276    1607331548.17    1607331548.17    0.0    16    0.0098    0.1568    0.0098    2    2
277    1607331548.3    1607331548.3    0.000999927520752    256    0.4221    108.0576    0.423099927521    3    6
278    1607331548.43    1607331548.43    0.0    4    1.1322    4.5288    1.1322    2    2
279    1607331548.65    1607331548.65    0.000999927520752    16    0.4243    6.7888    0.425299927521    2    2
280    1607331548.82    1607331548.82    0.0    16    0.4243    6.7888    0.4243    2    2
281    1607331548.96    1607331548.96    0.0    4    0.0834    0.3336    0.0834    2    2
282    1607331549.21    1607331549.21    0.00100016593933    256    0.6189    158.4384    0.619900165939    3    6
283    1607331549.28    1607331549.28    0.0    16    0.0297    0.4752    0.0297    2    2
284    1607331549.77    1607331549.78    0.00100016593933    256    0.6189    158.4384    0.619900165939    3    6
285    1607331549.79    1607331549.79    0.000999927520752    256    0.7528    192.7168    0.753799927521    3    6
286    1607331549.79    1607331549.79    0.0019998550415    4    0.0059    0.0236    0.0078998550415    2    2
287    1607331550.11    1607331550.11    0.0    256    0.4221    108.0576    0.4221    3    6
288    1607331550.42    1607331550.42    0.0    16    0.0098    0.1568    0.0098    2    2
289    1607331550.72    1607331550.72    0.000999927520752    256    0.4221    108.0576    0.423099927521    3    6
290    1607331550.77    1607331550.77    0.0    16    0.7616    12.1856    0.7616    2    2
291    1607331551.34    1607331551.34    0.0    64    0.4167    26.6688    0.4167    2    5
292    1607331551.38    1607331551.39    0.000999927520752    64    0.0234    1.4976    0.0243999275208    2    5
293    1607331551.64    1607331551.64    0.000999927520752    64    0.1855    11.872    0.186499927521    2    5
294    1607331551.65    1607331551.65    0.000999927520752    64    0.0234    1.4976    0.0243999275208    2    5
295    1607331552.02    1607331552.02    0.0    4    0.0526    0.2104    0.0526    2    2
296    1607331552.25    1607331552.25    0.0    64    0.0125    0.8    0.0125    2    5
297    1607331552.36    1607331552.36    0.00200009346008    4    0.0284    0.1136    0.0304000934601    2    2
298    1607331552.52    1607331552.52    0.000999927520752    256    0.7528    192.7168    0.753799927521    3    6
299    1607331552.54    1607331552.54    0.0    16    0.0285    0.456    0.0285    2    2
300    1607331552.68    1607331552.69    0.00100016593933    16    0.4243    6.7888    0.425300165939    2    2
301    1607331552.79    1607331552.79    0.00100016593933    64    0.0055    0.352    0.00650016593933    2    6
302    1607331552.97    1607331552.97    0.000999927520752    4    0.0059    0.0236    0.00689992752075    2    2
303    1607331553.13    1607331553.13    0.00200009346008    256    0.8    204.8    0.80200009346    3    6
304    1607331553.15    1607331553.15    0.000999927520752    4    1.1322    4.5288    1.13319992752    2    2
305    1607331553.21    1607331553.21    0.000999927520752    64    0.0055    0.352    0.00649992752075    2    6
306    1607331553.34    1607331553.34    0.000999927520752    4    0.0059    0.0236    0.00689992752075    2    2
307    1607331553.41    1607331553.41    0.0    4    0.5984    2.3936    0.5984    2    2
308    1607331553.71    1607331553.71    0.00100016593933    16    0.7616    12.1856    0.762600165939    2    2
309    1607331554.03    1607331554.03    0.0    4    0.0834    0.3336    0.0834    2    2
310    1607331554.69    1607331554.69    0.0    4    0.6477    2.5908    0.6477    2    2
311    1607331554.87    1607331554.87    0.0    64    0.0055    0.352    0.0055    2    6
312    1607331554.88    1607331554.88    0.000999927520752    4    0.0284    0.1136    0.0293999275208    2    2
313    1607331555.52    1607331555.52    0.000999927520752    256    0.7528    192.7168    0.753799927521    3    6
314    1607331556.4    1607331556.4    0.0    16    0.4243    6.7888    0.4243    2    2
315    1607331557.11    1607331557.11    0.0    256    0.0057    1.4592    0.0057    3    6
316    1607331557.25    1607331557.25    0.0    256    0.0177    4.5312    0.0177    3    6
317    1607331557.48    1607331557.48    0.0    64    0.1855    11.872    0.1855    2    5
318    1607331557.77    1607331557.77    0.00100016593933    16    0.8805    14.088    0.881500165939    2    2
319    1607331557.98    1607331557.98    0.000999927520752    64    0.4167    26.6688    0.417699927521    2    6
320    1607331558.18    1607331558.18    0.000999927520752    4    0.5984    2.3936    0.599399927521    2    2
321    1607331558.5    1607331558.5    0.000999927520752    256    0.8    204.8    0.800999927521    3    6
322    1607331558.57    1607331558.58    0.00100016593933    4    0.6477    2.5908    0.648700165939    2    2
323    1607331558.62    1607331558.63    0.000999927520752    256    0.4221    108.0576    0.423099927521    3    6
324    1607331558.84    1607331558.84    0.00100016593933    16    0.0297    0.4752    0.0307001659393    2    2
325    1607331560.75    1607331560.75    0.0    4    0.0834    0.3336    0.0834    2    2
326    1607331560.86    1607331560.86    0.0    16    0.7616    12.1856    0.7616    2    2
327    1607331561.06    1607331561.06    0.0    4    0.0059    0.0236    0.0059    2    2
328    1607331561.28    1607331561.28    0.000999927520752    16    0.0297    0.4752    0.0306999275208    2    2
329    1607331561.73    1607331561.73    0.000999927520752    256    0.4221    108.0576    0.423099927521    3    6
330    1607331562.24    1607331562.24    0.000999927520752    4    0.0834    0.3336    0.0843999275208    2    2
331    1607331563.14    1607331563.14    0.0    64    0.4167    26.6688    0.4167    2    5
332    1607331563.24    1607331563.25    0.00100016593933    64    0.1855    11.872    0.186500165939    2    5
333    1607331563.47    1607331563.47    0.000999927520752    16    0.0429    0.6864    0.0438999275208    2    2
334    1607331563.98    1607331563.98    0.000999927520752    4    0.6477    2.5908    0.648699927521    2    2
335    1607331564.01    1607331564.02    0.00100016593933    64    0.4167    26.6688    0.417700165939    2    6
336    1607331564.06    1607331564.06    0.0    256    0.0057    1.4592    0.0057    3    6
337    1607331564.2    1607331564.2    0.00200009346008    4    0.0834    0.3336    0.0854000934601    2    2
338    1607331564.68    1607331564.68    0.0    64    0.0055    0.352    0.0055    2    5
339    1607331564.85    1607331564.85    0.0    256    0.0057    1.4592    0.0057    3    6
340    1607331565.04    1607331565.04    0.0    64    0.0125    0.8    0.0125    2    5
341    1607331565.27    1607331565.27    0.000999927520752    4    0.0526    0.2104    0.0535999275208    2    2
342    1607331565.35    1607331565.35    0.00100016593933    256    0.4221    108.0576    0.423100165939    3    6
343    1607331565.37    1607331565.37    0.000999927520752    256    0.8    204.8    0.800999927521    3    6
344    1607331565.5    1607331565.5    0.00100016593933    64    0.1855    11.872    0.186500165939    2    5
345    1607331565.93    1607331565.93    0.000999927520752    256    0.7528    192.7168    0.753799927521    3    6
346    1607331566.01    1607331566.01    0.00100016593933    4    0.0284    0.1136    0.0294001659393    2    2
347    1607331566.66    1607331566.66    0.000999927520752    4    0.0059    0.0236    0.00689992752075    2    2
348    1607331566.73    1607331566.73    0.000999927520752    256    0.0177    4.5312    0.0186999275208    3    6
349    1607331566.9    1607331566.91    0.000999927520752    64    0.0055    0.352    0.00649992752075    2    5
350    1607331567.12    1607331567.12    0.0    256    0.0057    1.4592    0.0057    3    6
351    1607331567.23    1607331567.23    0.0    4    0.0284    0.1136    0.0284    2    2
352    1607331567.29    1607331567.29    0.0    256    0.8    204.8    0.8    3    6
353    1607331567.74    1607331567.74    0.000999927520752    16    0.8805    14.088    0.881499927521    2    2
354    1607331567.98    1607331567.98    0.000999927520752    4    0.6477    2.5908    0.648699927521    2    2
355    1607331568.02    1607331568.02    0.00100016593933    16    0.4243    6.7888    0.425300165939    2    5
356    1607331568.53    1607331568.53    0.000999927520752    16    0.7616    12.1856    0.762599927521    2    2
357    1607331568.54    1607331568.54    0.0    4    1.1322    4.5288    1.1322    2    2
358    1607331568.77    1607331568.77    0.0    4    0.0526    0.2104    0.0526    2    2
359    1607331568.78    1607331568.78    0.0    16    0.8805    14.088    0.8805    2    5
360    1607331568.92    1607331568.92    0.000999927520752    256    0.7528    192.7168    0.753799927521    3    6
361    1607331569.21    1607331569.21    0.000999927520752    4    0.0059    0.0236    0.00689992752075    2    2
362    1607331569.58    1607331569.58    0.000999927520752    256    0.4221    108.0576    0.423099927521    3    6
363    1607331569.9    1607331569.9    0.0    4    0.5984    2.3936    0.5984    2    2
364    1607331569.96    1607331569.96    0.0    4    0.0059    0.0236    0.0059    2    2
365    1607331570.12    1607331570.12    0.0    16    0.7616    12.1856    0.7616    2    2
366    1607331570.66    1607331570.66    0.000999927520752    256    0.8    204.8    0.800999927521    3    6
367    1607331570.87    1607331570.88    0.000999927520752    16    0.8805    14.088    0.881499927521    2    2
368    1607331570.88    1607331570.88    0.000999927520752    64    0.6779    43.3856    0.678899927521    3    6
369    1607331571.22    1607331571.22    0.0    4    0.6477    2.5908    0.6477    2    2
370    1607331571.38    1607331571.38    0.00100016593933    256    0.6189    158.4384    0.619900165939    3    6
371    1607331571.64    1607331571.65    0.000999927520752    16    0.0098    0.1568    0.0107999275208    2    2
372    1607331571.77    1607331571.77    0.000999927520752    256    0.6189    158.4384    0.619899927521    3    6
373    1607331571.98    1607331571.99    0.00100016593933    64    0.0125    0.8    0.0135001659393    2    5
374    1607331573.32    1607331573.32    0.000999927520752    4    0.0834    0.3336    0.0843999275208    2    2
375    1607331573.59    1607331573.59    0.0    64    0.9446    60.4544    0.9446    2    5
376    1607331573.96    1607331573.97    0.00100016593933    256    0.6189    158.4384    0.619900165939    3    6
377    1607331574.09    1607331574.09    0.000999927520752    4    0.6477    2.5908    0.648699927521    2    2
378    1607331574.77    1607331574.77    0.0    16    0.0098    0.1568    0.0098    2    2
379    1607331575.05    1607331575.05    0.0    4    0.0834    0.3336    0.0834    2    2
380    1607331575.6    1607331575.6    0.0    256    0.0057    1.4592    0.0057    3    6
381    1607331575.73    1607331575.73    0.000999927520752    16    0.7616    12.1856    0.762599927521    2    2
382    1607331575.82    1607331575.82    0.00100016593933    4    0.0834    0.3336    0.0844001659393    2    2
383    1607331575.86    1607331575.86    0.0    64    0.6779    43.3856    0.6779    2    6
384    1607331575.86    1607331575.86    0.00100016593933    64    0.1855    11.872    0.186500165939    2    6
385    1607331575.93    1607331575.93    0.00200009346008    16    0.0297    0.4752    0.0317000934601    2    3
386    1607331576.17    1607331576.17    0.0    64    0.0055    0.352    0.0055    2    6
387    1607331576.27    1607331576.27    0.0    4    0.0284    0.1136    0.0284    2    2
388    1607331576.31    1607331576.31    0.000999927520752    256    0.7528    192.7168    0.753799927521    3    6
389    1607331576.47    1607331576.47    0.000999927520752    4    0.5984    2.3936    0.599399927521    2    2
390    1607331576.52    1607331576.52    0.000999927520752    64    0.0234    1.4976    0.0243999275208    2    6
391    1607331576.71    1607331576.71    0.00300002098083    256    0.0057    1.4592    0.00870002098083    3    6
392    1607331577.31    1607331577.31    0.00100016593933    256    0.7528    192.7168    0.753800165939    3    6
393    1607331577.73    1607331577.73    0.0    4    1.1322    4.5288    1.1322    2    2
394    1607331577.84    1607331577.84    0.0    4    1.1322    4.5288    1.1322    2    2
395    1607331577.95    1607331577.95    0.000999927520752    16    0.4243    6.7888    0.425299927521    2    2
396    1607331577.98    1607331577.98    0.000999927520752    256    0.6189    158.4384    0.619899927521    3    6
397    1607331578.06    1607331578.06    0.00100016593933    16    0.4243    6.7888    0.425300165939    2    5
398    1607331578.2    1607331578.2    0.000999927520752    16    0.7616    12.1856    0.762599927521    2    2
399    1607331578.3    1607331578.3    0.0    64    0.1855    11.872    0.1855    2    6
400    1607331578.81    1607331578.81    0.0    4    1.1322    4.5288    1.1322    2    2
401    1607331578.82    1607331578.82    0.000999927520752    16    0.0429    0.6864    0.0438999275208    2    5
402    1607331578.93    1607331578.94    0.00100016593933    64    0.1855    11.872    0.186500165939    2    6
403    1607331578.95    1607331578.95    0.00100016593933    64    0.4167    26.6688    0.417700165939    2    6
404    1607331579.03    1607331579.03    0.0    16    0.8805    14.088    0.8805    2    2
405    1607331579.06    1607331579.06    0.000999927520752    4    0.0834    0.3336    0.0843999275208    2    2
406    1607331579.09    1607331579.09    0.0    64    0.0055    0.352    0.0055    2    6
407    1607331579.21    1607331579.21    0.00200009346008    4    0.0284    0.1136    0.0304000934601    2    2
408    1607331579.28    1607331579.28    0.0    64    0.9446    60.4544    0.9446    2    6
409    1607331579.31    1607331579.31    0.000999927520752    256    0.0177    4.5312    0.0186999275208    3    6
410    1607331579.49    1607331579.49    0.0    256    0.0177    4.5312    0.0177    3    6
411    1607331579.65    1607331579.65    0.00100016593933    256    0.6189    158.4384    0.619900165939    3    6
412    1607331579.79    1607331579.79    0.00100016593933    16    0.0098    0.1568    0.0108001659393    2    5
413    1607331580.02    1607331580.02    0.0    4    1.1322    4.5288    1.1322    2    2
414    1607331580.06    1607331580.06    0.000999927520752    4    0.5984    2.3936    0.599399927521    2    2
415    1607331580.3    1607331580.3    0.0019998550415    4    0.5984    2.3936    0.600399855042    2    2
416    1607331580.47    1607331580.47    0.000999927520752    4    0.0284    0.1136    0.0293999275208    2    2
417    1607331580.51    1607331580.51    0.0    4    0.0059    0.0236    0.0059    2    2
418    1607331580.62    1607331580.63    0.000999927520752    64    0.0055    0.352    0.00649992752075    2    6
419    1607331580.73    1607331580.73    0.0    4    0.6477    2.5908    0.6477    2    2
420    1607331580.92    1607331580.92    0.000999927520752    64    0.0055    0.352    0.00649992752075    2    6
421    1607331581.07    1607331581.07    0.00100016593933    256    0.7528    192.7168    0.753800165939    3    6
422    1607331581.15    1607331581.15    0.0    16    0.0429    0.6864    0.0429    2    2
423    1607331581.53    1607331581.54    0.00100016593933    16    0.7616    12.1856    0.762600165939    2    3
424    1607331581.68    1607331581.68    0.000999927520752    64    0.6779    43.3856    0.678899927521    2    6
425    1607331582.04    1607331582.04    0.000999927520752    64    0.0055    0.352    0.00649992752075    2    6
426    1607331582.2    1607331582.2    0.0    16    0.0285    0.456    0.0285    2    2
427    1607331582.47    1607331582.47    0.0019998550415    64    0.0055    0.352    0.0074998550415    2    5
428    1607331582.83    1607331582.84    0.000999927520752    256    0.0177    4.5312    0.0186999275208    3    6
429    1607331583.03    1607331583.03    0.000999927520752    256    0.0057    1.4592    0.00669992752075    3    6
430    1607331583.13    1607331583.13    0.00100016593933    256    0.0177    4.5312    0.0187001659393    3    6
431    1607331583.37    1607331583.37    0.0    64    0.1855    11.872    0.1855    2    5
432    1607331583.39    1607331583.39    0.00100016593933    16    0.0098    0.1568    0.0108001659393    2    2
433    1607331583.6    1607331583.61    0.000999927520752    256    0.8    204.8    0.800999927521    3    6
434    1607331583.66    1607331583.66    0.000999927520752    16    0.0098    0.1568    0.0107999275208    2    2
435    1607331583.67    1607331583.67    0.000999927520752    64    0.9446    60.4544    0.945599927521    2    6
436    1607331583.71    1607331583.71    0.0    4    0.0059    0.0236    0.0059    2    2
437    1607331583.74    1607331583.74    0.000999927520752    4    0.5984    2.3936    0.599399927521    2    2
438    1607331583.77    1607331583.77    0.000999927520752    256    0.7528    192.7168    0.753799927521    3    6
439    1607331583.99    1607331583.99    0.000999927520752    64    0.0055    0.352    0.00649992752075    2    6
440    1607331584.22    1607331584.22    0.00100016593933    64    0.4167    26.6688    0.417700165939    2    6
441    1607331584.37    1607331584.37    0.000999927520752    16    0.4243    6.7888    0.425299927521    2    3
442    1607331584.44    1607331584.44    0.000999927520752    64    0.9446    60.4544    0.945599927521    2    5
443    1607331584.57    1607331584.57    0.00399994850159    256    0.0057    1.4592    0.00969994850159    3    6
444    1607331584.62    1607331584.62    0.00499987602234    16    0.8805    14.088    0.885499876022    2    2
445    1607331584.69    1607331584.69    0.0    4    1.1322    4.5288    1.1322    2    2
446    1607331585.35    1607331585.35    0.000999927520752    4    0.0834    0.3336    0.0843999275208    2    2
447    1607331585.87    1607331585.88    0.000999927520752    16    0.0297    0.4752    0.0306999275208    2    2
448    1607331585.97    1607331585.97    0.00100016593933    256    0.6189    158.4384    0.619900165939    3    6
449    1607331586.04    1607331586.04    0.000999927520752    256    0.7528    192.7168    0.753799927521    3    6
450    1607331586.55    1607331586.56    0.00100016593933    4    0.0834    0.3336    0.0844001659393    2    2
451    1607331586.64    1607331586.64    0.000999927520752    16    0.7616    12.1856    0.762599927521    2    2
452    1607331586.83    1607331586.83    0.0    64    0.0234    1.4976    0.0234    2    6
453    1607331587.18    1607331587.19    0.00100016593933    4    0.6477    2.5908    0.648700165939    2    2
454    1607331587.35    1607331587.35    0.000999927520752    64    0.6779    43.3856    0.678899927521    2    6
455    1607331587.76    1607331587.76    0.00200009346008    256    0.8    204.8    0.80200009346    3    6
456    1607331588.56    1607331588.56    0.0019998550415    256    0.0057    1.4592    0.0076998550415    3    6
457    1607331588.74    1607331588.74    0.0    4    0.0834    0.3336    0.0834    2    2
458    1607331588.88    1607331588.88    0.00100016593933    4    0.6477    2.5908    0.648700165939    2    2
459    1607331588.94    1607331588.94    0.00399994850159    256    0.8    204.8    0.803999948502    3    6
460    1607331589.06    1607331589.06    0.000999927520752    256    0.0177    4.5312    0.0186999275208    3    6
461    1607331589.48    1607331589.48    0.00100016593933    64    0.0055    0.352    0.00650016593933    2    6
462    1607331589.58    1607331589.58    0.000999927520752    64    0.4167    26.6688    0.417699927521    2    6
463    1607331589.61    1607331589.61    0.000999927520752    64    0.4167    26.6688    0.417699927521    2    5
464    1607331589.7    1607331589.7    0.00100016593933    256    0.8    204.8    0.801000165939    3    6
465    1607331589.73    1607331589.73    0.000999927520752    64    0.1855    11.872    0.186499927521    2    5
466    1607331590.19    1607331590.2    0.00100016593933    16    0.0285    0.456    0.0295001659393    2    2
467    1607331590.25    1607331590.25    0.000999927520752    256    0.0177    4.5312    0.0186999275208    3    6
468    1607331590.29    1607331590.29    0.0    256    0.7528    192.7168    0.7528    3    6
469    1607331590.3    1607331590.3    0.000999927520752    256    0.0057    1.4592    0.00669992752075    3    6
470    1607331590.79    1607331590.79    0.0    64    0.4167    26.6688    0.4167    2    5
471    1607331590.96    1607331590.96    0.000999927520752    64    0.0125    0.8    0.0134999275208    2    5
472    1607331591.37    1607331591.37    0.000999927520752    4    0.0834    0.3336    0.0843999275208    2    2
473    1607331591.43    1607331591.43    0.000999927520752    4    0.6477    2.5908    0.648699927521    2    2
474    1607331591.75    1607331591.75    0.0    64    0.0055    0.352    0.0055    2    6
475    1607331591.8    1607331591.8    0.000999927520752    16    0.0098    0.1568    0.0107999275208    2    2
476    1607331591.89    1607331591.89    0.00100016593933    64    0.0055    0.352    0.00650016593933    2    6
477    1607331592.01    1607331592.01    0.00100016593933    256    0.0057    1.4592    0.00670016593933    3    6
478    1607331592.32    1607331592.32    0.0    16    0.0429    0.6864    0.0429    2    2
479    1607331592.61    1607331592.61    0.00200009346008    64    0.0234    1.4976    0.0254000934601    2    5
480    1607331592.81    1607331592.81    0.000999927520752    4    1.1322    4.5288    1.13319992752    2    2
481    1607331592.85    1607331592.85    0.0    4    0.0834    0.3336    0.0834    2    2
482    1607331593.24    1607331593.24    0.00400018692017    256    0.8    204.8    0.80400018692    3    6
483    1607331593.53    1607331593.53    0.000999927520752    256    0.4221    108.0576    0.423099927521    3    6
484    1607331593.99    1607331593.99    0.0    4    0.0284    0.1136    0.0284    2    2
485    1607331594.53    1607331594.53    0.0    16    0.0285    0.456    0.0285    2    2
486    1607331594.61    1607331594.61    0.000999927520752    16    0.0285    0.456    0.0294999275208    2    2
487    1607331594.67    1607331594.67    0.000999927520752    64    0.1855    11.872    0.186499927521    2    5
488    1607331595.35    1607331595.35    0.0    16    0.0429    0.6864    0.0429    2    2
489    1607331595.43    1607331595.43    0.000999927520752    16    0.7616    12.1856    0.762599927521    2    2
490    1607331595.49    1607331595.49    0.000999927520752    256    0.8    204.8    0.800999927521    3    6
491    1607331595.6    1607331595.6    0.0    256    0.0177    4.5312    0.0177    3    6
492    1607331595.67    1607331595.67    0.0    64    0.6779    43.3856    0.6779    2    6
493    1607331595.97    1607331595.97    0.000999927520752    4    0.0284    0.1136    0.0293999275208    2    2
494    1607331596.04    1607331596.04    0.0    64    0.0055    0.352    0.0055    2    6
495    1607331596.3    1607331596.31    0.0120000839233    64    0.9446    60.4544    0.956600083923    2    6
496    1607331596.32    1607331596.33    0.00300002098083    256    0.0057    1.4592    0.00870002098083    3    6
497    1607331596.48    1607331596.48    0.000999927520752    4    0.0284    0.1136    0.0293999275208    2    2
498    1607331596.52    1607331596.52    0.000999927520752    64    0.9446    60.4544    0.945599927521    2    6
499    1607331596.71    1607331596.71    0.00100016593933    4    0.0284    0.1136    0.0294001659393    2    2

dispatched jobs are: 500 out of 500
average queue time is: 0.167312000751
fso links are used for 0 times
overall utilization is 0.0361404229534
average response time is 0.532611000751
average weighted response time is 0.687316001202
average slowdown is 1.0034681643
cpu_request: 39824, cpu_run: 39824
ssd_request: 19339, ssd_run: 0
gpu_request: 18326, gpu_run: 0
cpu aspl: 2.23
cpu diameter: 3.892
job x: 0.0
job y: 0.0
job z: 0.0
