#timestep  occupied-CPU  total-CPU  utilization  queuingjobs
1    5    4096    0.001220703125    0
2    72    4096    0.017578125    0
3    56    4096    0.013671875    1
4    32    4096    0.0078125    0
5    36    4096    0.0087890625    0
6    20    4096    0.0048828125    0
7    16    4096    0.00390625    0
8    64    4096    0.015625    0
9    24    4096    0.005859375    0
10    340    4096    0.0830078125    0
11    0    4096    0.0    0
12    288    4096    0.0703125    0
13    324    4096    0.0791015625    0
14    24    4096    0.005859375    0
15    264    4096    0.064453125    0
16    320    4096    0.078125    0
17    16    4096    0.00390625    0
18    272    4096    0.06640625    0
19    1424    4096    0.34765625    0
20    4    4096    0.0009765625    0
21    72    4096    0.017578125    0
22    76    4096    0.0185546875    0
23    24    4096    0.005859375    0
24    404    4096    0.0986328125    0
25    4    4096    0.0009765625    0
26    80    4096    0.01953125    0
27    196    4096    0.0478515625    0
28    372    4096    0.0908203125    0
29    256    4096    0.0625    0
30    320    4096    0.078125    0
31    596    4096    0.1455078125    0
32    0    4096    0.0    0
33    0    4096    0.0    0
34    408    4096    0.099609375    0
35    64    4096    0.015625    0
36    272    4096    0.06640625    0
37    256    4096    0.0625    0
38    8    4096    0.001953125    0
39    64    4096    0.015625    0
40    256    4096    0.0625    0
41    328    4096    0.080078125    0
42    0    4096    0.0    0
43    200    4096    0.048828125    0
44    384    4096    0.09375    0
45    584    4096    0.142578125    0
46    0    4096    0.0    0
47    536    4096    0.130859375    0
48    8    4096    0.001953125    0
49    319    4096    0.077880859375    0
50    516    4096    0.1259765625    0
51    692    4096    0.1689453125    0
52    32    4096    0.0078125    0
53    208    4096    0.05078125    0
54    280    4096    0.068359375    0
55    904    4096    0.220703125    0
56    272    4096    0.06640625    0
57    72    4096    0.017578125    0
58    268    4096    0.0654296875    0
59    64    4096    0.015625    1
60    16    4096    0.00390625    0
61    580    4096    0.1416015625    0
62    372    4096    0.0908203125    1
63    260    4096    0.0634765625    0
64    0    4096    0.0    0
65    8    4096    0.001953125    0
66    264    4096    0.064453125    0
67    652    4096    0.1591796875    0
68    280    4096    0.068359375    0
69    64    4096    0.015625    0
70    272    4096    0.06640625    0
71    0    4096    0.0    0
72    916    4096    0.2236328125    0
73    20    4096    0.0048828125    0
74    580    4096    0.1416015625    0
75    272    4096    0.06640625    0
76    352    4096    0.0859375    0
77    132    4096    0.0322265625    0
78    64    4096    0.015625    0
79    140    4096    0.0341796875    0
80    836    4096    0.2041015625    0
81    100    4096    0.0244140625    0
82    20    4096    0.0048828125    0
83    564    4096    0.1376953125    0
84    88    4096    0.021484375    0
85    404    4096    0.0986328125    0
86    376    4096    0.091796875    0
87    644    4096    0.1572265625    0
88    324    4096    0.0791015625    0
89    292    4096    0.0712890625    0
90    0    4096    0.0    0
91    20    4096    0.0048828125    0
92    4    4096    0.0009765625    0
93    280    4096    0.068359375    0
94    0    4096    0.0    1
95    4    4096    0.0009765625    0
96    336    4096    0.08203125    0
97    704    4096    0.171875    0
98    0    4096    0.0    0

average cpu utilization is: 0.0578862404337
average ssd utilization is: 1.0
average gpu utilization is: 1.0
average utilization is: 0.685962080145
average queuing jobs are: 0.0408163265306
maximum queuing jobs are: 1


#job_number  submit  dispatch  queue  cpu#  runtime  weight  response(turnaround)  cpu_aspl  cpu_diameter
0    1607338212.82    1607338279.76    66.9340000153    256    0.4221    108.0576    67.3561000153    3    6
1    1607338279.76    1607338279.77    0.0130000114441    4    1.1322    4.5288    1.14520001144    2    2
2    1607338279.79    1607338279.79    0.00300002098083    16    0.7616    12.1856    0.764600020981    2    2
3    1607338279.83    1607338279.83    0.000999927520752    16    0.0285    0.456    0.0294999275208    2    5
4    1607338279.85    1607338279.85    0.0    64    0.4167    26.6688    0.4167    2    6
5    1607338279.88    1607338279.88    0.000999927520752    16    0.0098    0.1568    0.0107999275208    2    5
6    1607338279.94    1607338279.94    0.00100016593933    16    0.0429    0.6864    0.0439001659393    2    5
7    1607338280.01    1607338280.01    0.00100016593933    64    0.9446    60.4544    0.945600165939    3    6
8    1607338280.14    1607338280.14    0.00100016593933    4    0.6477    2.5908    0.648700165939    2    2
9    1607338280.26    1607338280.26    0.0    64    0.4167    26.6688    0.4167    2    5
10    1607338280.29    1607338280.29    0.0    64    0.0055    0.352    0.0055    2    5
11    1607338280.73    1607338280.73    0.000999927520752    4    0.6477    2.5908    0.648699927521    2    2
12    1607338280.81    1607338280.81    0.0    16    0.0098    0.1568    0.0098    2    2
13    1607338280.95    1607338280.95    0.0    64    0.9446    60.4544    0.9446    2    6
14    1607338281.08    1607338281.08    0.000999927520752    256    0.0177    4.5312    0.0186999275208    3    6
15    1607338281.12    1607338281.12    0.000999927520752    256    0.6189    158.4384    0.619899927521    3    6
16    1607338281.27    1607338281.27    0.000999927520752    4    0.6477    2.5908    0.648699927521    2    2
17    1607338281.42    1607338281.42    0.000999927520752    16    0.4243    6.7888    0.425299927521    2    3
18    1607338281.5    1607338281.5    0.00100016593933    4    0.0059    0.0236    0.00690016593933    2    2
19    1607338281.52    1607338281.52    0.0    16    0.0098    0.1568    0.0098    2    5
20    1607338281.55    1607338281.55    0.0    4    1.1322    4.5288    1.1322    2    2
21    1607338281.66    1607338281.66    0.0    16    0.4243    6.7888    0.4243    2    5
22    1607338281.77    1607338281.77    0.0    16    0.7616    12.1856    0.7616    2    2
23    1607338281.82    1607338281.82    0.0    16    0.0429    0.6864    0.0429    2    5
24    1607338281.92    1607338281.92    0.0    16    0.7616    12.1856    0.7616    2    2
25    1607338281.93    1607338281.93    0.0    256    0.0177    4.5312    0.0177    3    6
26    1607338281.96    1607338281.96    0.0    256    0.8    204.8    0.8    3    6
27    1607338281.99    1607338281.99    0.0    4    0.0059    0.0236    0.0059    2    2
28    1607338282.18    1607338282.18    0.0    256    0.0057    1.4592    0.0057    3    6
29    1607338282.41    1607338282.41    0.0    64    0.0234    1.4976    0.0234    2    6
30    1607338282.68    1607338282.68    0.0    64    0.0234    1.4976    0.0234    2    5
31    1607338282.72    1607338282.72    0.0    16    0.7616    12.1856    0.7616    2    2
32    1607338282.86    1607338282.86    0.0    16    0.7616    12.1856    0.7616    2    2
33    1607338283.11    1607338283.11    0.000999927520752    256    0.4221    108.0576    0.423099927521    3    6
34    1607338283.18    1607338283.18    0.00100016593933    64    0.0125    0.8    0.0135001659393    3    6
35    1607338283.24    1607338283.24    0.0    4    0.0059    0.0236    0.0059    2    2
36    1607338283.3    1607338283.3    0.000999927520752    16    0.8805    14.088    0.881499927521    2    2
37    1607338283.54    1607338283.54    0.00299978256226    16    0.4243    6.7888    0.427299782562    2    2
38    1607338283.91    1607338283.91    0.0    16    0.0285    0.456    0.0285    2    2
39    1607338283.95    1607338283.96    0.00100016593933    16    0.7616    12.1856    0.762600165939    2    2
40    1607338284.0    1607338284.0    0.0    4    0.0526    0.2104    0.0526    2    2
41    1607338284.02    1607338284.02    0.0    4    0.6477    2.5908    0.6477    2    2
42    1607338284.08    1607338284.08    0.00100016593933    16    0.4243    6.7888    0.425300165939    2    5
43    1607338284.13    1607338284.13    0.0    256    0.6189    158.4384    0.6189    3    6
44    1607338284.27    1607338284.27    0.0    4    0.0834    0.3336    0.0834    2    2
45    1607338284.28    1607338284.28    0.000999927520752    256    0.0177    4.5312    0.0186999275208    3    6
46    1607338284.85    1607338284.85    0.00100016593933    256    0.0057    1.4592    0.00670016593933    3    6
47    1607338284.89    1607338284.89    0.0    16    0.8805    14.088    0.8805    2    2
48    1607338285.12    1607338285.12    0.0    4    0.0834    0.3336    0.0834    2    2
49    1607338285.31    1607338285.31    0.0    4    0.0834    0.3336    0.0834    2    2
50    1607338285.34    1607338285.34    0.0    16    0.8805    14.088    0.8805    2    5
51    1607338285.59    1607338285.59    0.0    64    0.4167    26.6688    0.4167    2    6
52    1607338285.66    1607338285.66    0.000999927520752    256    0.0177    4.5312    0.0186999275208    3    6
53    1607338286.22    1607338286.22    0.000999927520752    4    0.0526    0.2104    0.0535999275208    2    2
54    1607338286.28    1607338286.28    0.0    4    0.0834    0.3336    0.0834    2    2
55    1607338286.71    1607338286.71    0.0    64    0.6779    43.3856    0.6779    2    5
56    1607338287.04    1607338287.04    0.0    4    0.0526    0.2104    0.0526    2    2
57    1607338287.08    1607338287.08    0.00100016593933    4    0.0526    0.2104    0.0536001659393    2    2
58    1607338287.29    1607338287.29    0.00200009346008    64    0.0055    0.352    0.00750009346008    2    5
59    1607338287.47    1607338287.47    0.0    4    1.1322    4.5288    1.1322    2    2
60    1607338287.69    1607338287.69    0.00100016593933    256    0.0057    1.4592    0.00670016593933    3    6
61    1607338287.85    1607338287.85    0.000999927520752    4    0.0526    0.2104    0.0535999275208    2    2
62    1607338288.03    1607338288.03    0.0    4    0.0284    0.1136    0.0284    2    2
63    1607338288.08    1607338288.08    0.0    64    0.0055    0.352    0.0055    2    6
64    1607338288.22    1607338288.22    0.0    4    0.6477    2.5908    0.6477    2    2
65    1607338288.28    1607338288.28    0.0    16    0.0429    0.6864    0.0429    2    2
66    1607338288.36    1607338288.36    0.0    4    1.1322    4.5288    1.1322    2    2
67    1607338288.54    1607338288.54    0.0    64    0.1855    11.872    0.1855    2    6
68    1607338288.79    1607338288.8    0.00100016593933    256    0.7528    192.7168    0.753800165939    3    6
69    1607338288.85    1607338288.85    0.0    16    0.7616    12.1856    0.7616    2    2
70    1607338288.85    1607338288.85    0.0    256    0.0177    4.5312    0.0177    3    6
71    1607338288.92    1607338288.92    0.0    4    0.0526    0.2104    0.0526    2    2
72    1607338288.97    1607338288.97    0.000999927520752    4    0.0059    0.0236    0.00689992752075    2    2
73    1607338289.01    1607338289.01    0.0    4    0.0059    0.0236    0.0059    2    2
74    1607338289.03    1607338289.03    0.0    64    0.9446    60.4544    0.9446    2    6
75    1607338289.08    1607338289.08    0.00100016593933    4    0.0284    0.1136    0.0294001659393    2    2
76    1607338289.38    1607338289.38    0.00299978256226    64    0.4167    26.6688    0.419699782562    2    6
77    1607338289.57    1607338289.57    0.0    16    0.4243    6.7888    0.4243    2    2
78    1607338289.75    1607338289.75    0.0    16    0.0429    0.6864    0.0429    2    5
79    1607338290.18    1607338290.18    0.000999927520752    256    0.0057    1.4592    0.00669992752075    3    6
80    1607338290.31    1607338290.31    0.000999927520752    64    0.0234    1.4976    0.0243999275208    2    5
81    1607338290.59    1607338290.59    0.000999927520752    256    0.4221    108.0576    0.423099927521    3    6
82    1607338290.75    1607338290.75    0.000999927520752    16    0.0098    0.1568    0.0107999275208    2    2
83    1607338290.82    1607338290.83    0.00100016593933    16    0.0098    0.1568    0.0108001659393    2    2
84    1607338291.09    1607338291.09    0.0    4    0.0284    0.1136    0.0284    2    2
85    1607338291.09    1607338291.09    0.00100016593933    16    0.0297    0.4752    0.0307001659393    2    2
86    1607338291.15    1607338291.15    0.0    16    0.0098    0.1568    0.0098    2    2
87    1607338291.36    1607338291.36    0.000999927520752    256    0.7528    192.7168    0.753799927521    3    6
88    1607338291.36    1607338291.36    0.00399994850159    16    0.7616    12.1856    0.765599948502    2    2
89    1607338291.37    1607338291.37    0.000999927520752    16    0.0098    0.1568    0.0107999275208    2    2
90    1607338291.48    1607338291.48    0.00300002098083    16    0.0285    0.456    0.0315000209808    2    2
91    1607338291.68    1607338291.69    0.00100016593933    64    0.4167    26.6688    0.417700165939    2    6
92    1607338291.7    1607338291.7    0.00100016593933    256    0.7528    192.7168    0.753800165939    3    6
93    1607338291.7    1607338291.71    0.00399994850159    64    0.9446    60.4544    0.948599948502    2    6
94    1607338291.74    1607338291.74    0.000999927520752    16    0.0297    0.4752    0.0306999275208    2    2
95    1607338291.78    1607338291.78    0.000999927520752    4    0.6477    2.5908    0.648699927521    2    2
96    1607338291.81    1607338291.82    0.00100016593933    4    0.0284    0.1136    0.0294001659393    2    2
97    1607338291.89    1607338291.89    0.000999927520752    64    0.4167    26.6688    0.417699927521    2    6
98    1607338292.01    1607338292.02    0.00100016593933    4    0.0834    0.3336    0.0844001659393    2    2
99    1607338292.16    1607338292.16    0.000999927520752    256    0.7528    192.7168    0.753799927521    3    6
100    1607338292.38    1607338292.38    0.000999927520752    4    0.6477    2.5908    0.648699927521    2    2
101    1607338292.55    1607338292.55    0.00299978256226    16    0.4243    6.7888    0.427299782562    2    2
102    1607338292.62    1607338292.62    0.000999927520752    4    1.1322    4.5288    1.13319992752    2    2
103    1607338292.7    1607338292.7    0.000999927520752    4    0.0526    0.2104    0.0535999275208    2    2
104    1607338292.73    1607338292.73    0.000999927520752    256    0.0057    1.4592    0.00669992752075    3    6
105    1607338292.75    1607338292.75    0.000999927520752    4    0.0284    0.1136    0.0293999275208    2    2
106    1607338292.82    1607338292.82    0.00100016593933    64    0.0055    0.352    0.00650016593933    2    6
107    1607338292.82    1607338292.82    0.0    16    0.0297    0.4752    0.0297    2    5
108    1607338292.92    1607338292.93    0.00599980354309    256    0.0177    4.5312    0.0236998035431    3    6
109    1607338293.3    1607338293.3    0.0    4    0.0284    0.1136    0.0284    2    2
110    1607338293.33    1607338293.33    0.0    64    0.0055    0.352    0.0055    2    5
111    1607338293.35    1607338293.35    0.0    4    0.0284    0.1136    0.0284    2    2
112    1607338293.36    1607338293.36    0.000999927520752    16    0.4243    6.7888    0.425299927521    2    2
113    1607338293.38    1607338293.38    0.000999927520752    64    0.0125    0.8    0.0134999275208    2    6
114    1607338293.57    1607338293.57    0.0    64    0.0055    0.352    0.0055    2    6
115    1607338293.59    1607338293.59    0.0    4    1.1322    4.5288    1.1322    2    2
116    1607338293.64    1607338293.64    0.000999927520752    16    0.0098    0.1568    0.0107999275208    2    5
117    1607338293.67    1607338293.67    0.0    64    0.4167    26.6688    0.4167    2    6
118    1607338293.68    1607338293.68    0.0    16    0.0429    0.6864    0.0429    2    5
119    1607338293.73    1607338293.73    0.00100016593933    64    0.0055    0.352    0.00650016593933    2    6
120    1607338293.74    1607338293.74    0.00100016593933    4    0.0059    0.0236    0.00690016593933    2    2
121    1607338293.98    1607338293.98    0.000999927520752    256    0.0177    4.5312    0.0186999275208    3    6
122    1607338294.12    1607338294.12    0.0    64    0.0234    1.4976    0.0234    2    6
123    1607338294.15    1607338294.15    0.00100016593933    256    0.4221    108.0576    0.423100165939    3    6
124    1607338294.24    1607338294.24    0.000999927520752    16    0.0297    0.4752    0.0306999275208    2    2
125    1607338294.3    1607338294.3    0.000999927520752    256    0.8    204.8    0.800999927521    3    6
126    1607338294.31    1607338294.31    0.00100016593933    4    0.5984    2.3936    0.599400165939    2    2
127    1607338294.62    1607338294.62    0.0    4    0.0284    0.1136    0.0284    2    2
128    1607338294.64    1607338294.64    0.0    4    0.0059    0.0236    0.0059    2    2
129    1607338294.73    1607338294.73    0.0    16    0.0429    0.6864    0.0429    2    2
130    1607338294.95    1607338294.95    0.0    4    0.0526    0.2104    0.0526    2    2
131    1607338294.99    1607338294.99    0.0    4    0.0059    0.0236    0.0059    2    2
132    1607338295.12    1607338295.12    0.000999927520752    64    0.9446    60.4544    0.945599927521    2    5
133    1607338295.38    1607338295.38    0.000999927520752    16    0.0297    0.4752    0.0306999275208    2    2
134    1607338295.47    1607338295.47    0.000999927520752    64    0.0234    1.4976    0.0243999275208    2    5
135    1607338295.47    1607338295.47    0.000999927520752    256    0.6189    158.4384    0.619899927521    3    6
136    1607338295.78    1607338295.78    0.000999927520752    256    0.6189    158.4384    0.619899927521    3    6
137    1607338295.8    1607338295.8    0.000999927520752    256    0.4221    108.0576    0.423099927521    3    6
138    1607338295.89    1607338295.89    0.00200009346008    256    0.6189    158.4384    0.62090009346    3    6
139    1607338296.21    1607338296.21    0.000999927520752    256    0.0177    4.5312    0.0186999275208    3    6
140    1607338296.43    1607338296.43    0.000999927520752    16    0.0098    0.1568    0.0107999275208    2    2
141    1607338296.72    1607338296.72    0.000999927520752    16    0.7616    12.1856    0.762599927521    2    2
142    1607338296.85    1607338296.85    0.0    64    0.0234    1.4976    0.0234    2    6
143    1607338296.94    1607338296.94    0.0    16    0.0429    0.6864    0.0429    2    2
144    1607338297.19    1607338297.19    0.0    4    0.6477    2.5908    0.6477    2    2
145    1607338297.33    1607338297.33    0.0    16    0.8805    14.088    0.8805    2    5
146    1607338297.37    1607338297.37    0.000999927520752    256    0.7528    192.7168    0.753799927521    3    6
147    1607338297.63    1607338297.63    0.0    16    0.0098    0.1568    0.0098    2    2
148    1607338297.75    1607338297.75    0.0    16    0.0285    0.456    0.0285    2    2
149    1607338297.91    1607338297.91    0.000999927520752    16    0.0429    0.6864    0.0438999275208    2    2
150    1607338297.96    1607338297.97    0.00100016593933    256    0.8    204.8    0.801000165939    3    6
151    1607338297.97    1607338297.98    0.00100016593933    256    0.0177    4.5312    0.0187001659393    3    6
152    1607338298.01    1607338298.01    0.000999927520752    64    0.1855    11.872    0.186499927521    2    6
153    1607338298.03    1607338298.03    0.000999927520752    64    0.1855    11.872    0.186499927521    2    6
154    1607338298.05    1607338298.05    0.000999927520752    64    0.0055    0.352    0.00649992752075    2    6
155    1607338298.15    1607338298.15    0.000999927520752    64    0.0234    1.4976    0.0243999275208    2    6
156    1607338298.33    1607338298.33    0.000999927520752    64    0.6779    43.3856    0.678899927521    2    6
157    1607338298.35    1607338298.35    0.000999927520752    256    0.8    204.8    0.800999927521    3    6
158    1607338298.36    1607338298.36    0.00100016593933    256    0.6189    158.4384    0.619900165939    3    6
159    1607338298.53    1607338298.53    0.000999927520752    64    0.4167    26.6688    0.417699927521    2    5
160    1607338298.54    1607338298.55    0.00200009346008    256    0.4221    108.0576    0.42410009346    3    6
161    1607338298.63    1607338298.64    0.00200009346008    256    0.4221    108.0576    0.42410009346    3    6
162    1607338298.66    1607338298.66    0.00200009346008    16    0.0285    0.456    0.0305000934601    2    2
163    1607338298.78    1607338298.78    0.000999927520752    256    0.6189    158.4384    0.619899927521    3    6
164    1607338298.8    1607338298.8    0.000999927520752    16    0.8805    14.088    0.881499927521    2    2
165    1607338299.45    1607338299.45    0.000999927520752    4    0.0059    0.0236    0.00689992752075    2    2
166    1607338299.82    1607338299.82    0.000999927520752    64    0.0234    1.4976    0.0243999275208    2    5
167    1607338299.89    1607338299.89    0.0    4    0.0526    0.2104    0.0526    2    2
168    1607338299.93    1607338299.93    0.0    4    0.0284    0.1136    0.0284    2    2
169    1607338299.98    1607338299.98    0.000999927520752    4    0.0834    0.3336    0.0843999275208    2    2
170    1607338300.11    1607338300.11    0.0    16    0.0429    0.6864    0.0429    2    2
171    1607338300.28    1607338300.28    0.0    64    0.1855    11.872    0.1855    2    5
172    1607338300.32    1607338300.32    0.0    4    0.0526    0.2104    0.0526    2    2
173    1607338300.35    1607338300.35    0.0    64    0.0055    0.352    0.0055    2    6
174    1607338300.62    1607338300.62    0.000999927520752    4    0.0526    0.2104    0.0535999275208    2    2
175    1607338300.71    1607338300.71    0.000999927520752    64    0.0234    1.4976    0.0243999275208    2    5
176    1607338300.72    1607338300.72    0.000999927520752    4    0.6477    2.5908    0.648699927521    2    2
177    1607338300.84    1607338300.84    0.00100016593933    4    1.1322    4.5288    1.13320016594    2    2
178    1607338300.94    1607338300.94    0.0    64    0.1855    11.872    0.1855    2    6
179    1607338301.13    1607338301.13    0.0    16    0.4243    6.7888    0.4243    2    2
180    1607338301.28    1607338301.28    0.00100016593933    4    0.0834    0.3336    0.0844001659393    2    2
181    1607338301.28    1607338301.28    0.000999927520752    16    0.0297    0.4752    0.0306999275208    2    5
182    1607338301.5    1607338301.5    0.000999927520752    4    0.5984    2.3936    0.599399927521    2    2
183    1607338301.51    1607338301.51    0.0    64    0.6779    43.3856    0.6779    2    6
184    1607338301.71    1607338301.71    0.0    16    0.0285    0.456    0.0285    2    2
185    1607338301.78    1607338301.78    0.0    4    0.0284    0.1136    0.0284    2    2
186    1607338301.81    1607338301.81    0.0    64    0.0234    1.4976    0.0234    2    6
187    1607338301.84    1607338301.84    0.0    64    0.1855    11.872    0.1855    2    6
188    1607338301.9    1607338301.9    0.0    4    1.1322    4.5288    1.1322    2    2
189    1607338301.98    1607338301.98    0.0    4    0.0284    0.1136    0.0284    2    2
190    1607338302.04    1607338302.04    0.000999927520752    4    0.0526    0.2104    0.0535999275208    2    2
191    1607338302.16    1607338302.16    0.00100016593933    64    0.0055    0.352    0.00650016593933    2    6
192    1607338302.45    1607338302.45    0.000999927520752    64    0.0055    0.352    0.00649992752075    2    5
193    1607338302.58    1607338302.58    0.000999927520752    16    0.7616    12.1856    0.762599927521    2    2
194    1607338302.69    1607338302.69    0.0    16    0.0297    0.4752    0.0297    2    2
195    1607338302.71    1607338302.71    0.0    4    0.6477    2.5908    0.6477    2    2
196    1607338302.73    1607338302.73    0.0    4    0.0284    0.1136    0.0284    2    2
197    1607338303.07    1607338303.07    0.0    64    0.0055    0.352    0.0055    2    6
198    1607338303.14    1607338303.14    0.0    4    0.5984    2.3936    0.5984    2    2
199    1607338303.23    1607338303.23    0.0    4    0.0059    0.0236    0.0059    2    2
200    1607338303.43    1607338303.43    0.00100016593933    256    0.4221    108.0576    0.423100165939    3    6
201    1607338303.45    1607338303.45    0.0    64    0.0055    0.352    0.0055    2    6
202    1607338303.55    1607338303.55    0.000999927520752    64    0.6779    43.3856    0.678899927521    2    6
203    1607338303.65    1607338303.65    0.00100016593933    64    0.6779    43.3856    0.678900165939    2    6
204    1607338303.74    1607338303.74    0.000999927520752    64    0.4167    26.6688    0.417699927521    2    6
205    1607338303.82    1607338303.82    0.000999927520752    16    0.7616    12.1856    0.762599927521    2    3
206    1607338303.84    1607338303.84    0.000999927520752    4    0.6477    2.5908    0.648699927521    2    2
207    1607338303.94    1607338303.94    0.0    16    0.0098    0.1568    0.0098    2    2
208    1607338303.97    1607338303.97    0.000999927520752    256    0.7528    192.7168    0.753799927521    3    6
209    1607338304.14    1607338304.14    0.00100016593933    16    0.0285    0.456    0.0295001659393    2    5
210    1607338304.19    1607338304.19    0.0    64    0.0055    0.352    0.0055    2    6
211    1607338304.27    1607338304.27    0.000999927520752    64    0.0125    0.8    0.0134999275208    2    6
212    1607338304.3    1607338304.3    0.0    4    1.1322    4.5288    1.1322    2    2
213    1607338304.4    1607338304.4    0.000999927520752    4    0.0284    0.1136    0.0293999275208    2    2
214    1607338304.53    1607338304.53    0.000999927520752    4    0.6477    2.5908    0.648699927521    2    2
215    1607338304.55    1607338304.55    0.000999927520752    64    0.0055    0.352    0.00649992752075    2    6
216    1607338304.87    1607338304.87    0.0    4    0.0284    0.1136    0.0284    2    2
217    1607338304.92    1607338304.92    0.000999927520752    64    0.1855    11.872    0.186499927521    2    5
218    1607338304.93    1607338304.93    0.000999927520752    4    0.0834    0.3336    0.0843999275208    2    2
219    1607338305.31    1607338305.31    0.000999927520752    4    0.0059    0.0236    0.00689992752075    2    2
220    1607338305.37    1607338305.37    0.000999927520752    256    0.7528    192.7168    0.753799927521    3    6
221    1607338305.49    1607338305.49    0.000999927520752    64    0.6779    43.3856    0.678899927521    2    5
222    1607338305.61    1607338305.61    0.000999927520752    4    0.5984    2.3936    0.599399927521    2    2
223    1607338305.66    1607338305.66    0.00100016593933    64    0.0055    0.352    0.00650016593933    2    6
224    1607338305.72    1607338305.72    0.00100016593933    16    0.8805    14.088    0.881500165939    2    2
225    1607338305.78    1607338305.78    0.000999927520752    64    0.6779    43.3856    0.678899927521    2    6
226    1607338305.85    1607338305.85    0.000999927520752    4    0.0284    0.1136    0.0293999275208    2    2
227    1607338305.89    1607338305.89    0.00100016593933    256    0.0057    1.4592    0.00670016593933    3    6
228    1607338305.9    1607338305.91    0.0090000629425    16    0.4243    6.7888    0.433300062943    2    5
229    1607338306.41    1607338306.41    0.0    16    0.7616    12.1856    0.7616    2    2
230    1607338306.42    1607338306.42    0.00100016593933    64    0.9446    60.4544    0.945600165939    2    6
231    1607338306.45    1607338306.45    0.0    16    0.0098    0.1568    0.0098    2    2
232    1607338306.5    1607338306.5    0.00100016593933    16    0.0297    0.4752    0.0307001659393    2    2
233    1607338306.64    1607338306.64    0.000999927520752    64    0.4167    26.6688    0.417699927521    2    6
234    1607338306.74    1607338306.74    0.000999927520752    4    0.5984    2.3936    0.599399927521    2    2
235    1607338306.84    1607338306.84    0.000999927520752    64    0.6779    43.3856    0.678899927521    2    6
236    1607338307.14    1607338307.14    0.0    64    0.9446    60.4544    0.9446    2    6
237    1607338307.18    1607338307.18    0.00100016593933    64    0.1855    11.872    0.186500165939    2    6
238    1607338307.26    1607338307.26    0.000999927520752    64    0.0055    0.352    0.00649992752075    2    6
239    1607338307.35    1607338307.35    0.000999927520752    64    0.0055    0.352    0.00649992752075    2    6
240    1607338307.35    1607338307.35    0.000999927520752    4    0.0834    0.3336    0.0843999275208    2    2
241    1607338307.36    1607338307.36    0.00100016593933    64    0.4167    26.6688    0.417700165939    2    6
242    1607338307.83    1607338307.83    0.000999927520752    64    0.9446    60.4544    0.945599927521    2    5
243    1607338307.86    1607338307.86    0.0    4    0.6477    2.5908    0.6477    2    2
244    1607338307.95    1607338307.95    0.00100016593933    16    0.0297    0.4752    0.0307001659393    2    3
245    1607338308.01    1607338308.01    0.0    16    0.8805    14.088    0.8805    2    3
246    1607338308.06    1607338308.06    0.00100016593933    256    0.6189    158.4384    0.619900165939    3    6
247    1607338308.13    1607338308.13    0.0    16    0.7616    12.1856    0.7616    2    2
248    1607338308.42    1607338308.42    0.0    16    0.8805    14.088    0.8805    2    2
249    1607338308.71    1607338308.71    0.0    4    0.0284    0.1136    0.0284    2    2
250    1607338308.85    1607338308.85    0.0    4    0.6477    2.5908    0.6477    2    2
251    1607338308.86    1607338308.86    0.000999927520752    64    0.0055    0.352    0.00649992752075    2    6
252    1607338308.89    1607338308.89    0.0    4    0.0526    0.2104    0.0526    2    2
253    1607338308.96    1607338308.96    0.0    4    0.0284    0.1136    0.0284    2    2
254    1607338309.13    1607338309.13    0.0    4    0.0059    0.0236    0.0059    2    2
255    1607338309.25    1607338309.25    0.00100016593933    256    0.7528    192.7168    0.753800165939    3    6
256    1607338309.72    1607338309.72    0.00100016593933    16    0.0297    0.4752    0.0307001659393    3    6
257    1607338309.78    1607338309.78    0.00100016593933    256    0.6189    158.4384    0.619900165939    3    6
258    1607338309.84    1607338309.84    0.000999927520752    16    0.4243    6.7888    0.425299927521    2    2
259    1607338309.89    1607338309.9    0.0019998550415    256    0.6189    158.4384    0.620899855042    3    6
260    1607338309.93    1607338309.93    0.00100016593933    4    0.0526    0.2104    0.0536001659393    2    2
261    1607338309.95    1607338309.95    0.00200009346008    256    0.8    204.8    0.80200009346    3    6
262    1607338310.37    1607338310.37    0.0    4    0.0059    0.0236    0.0059    2    2
263    1607338310.57    1607338310.57    0.0    64    0.0055    0.352    0.0055    2    5
264    1607338310.65    1607338310.65    0.00100016593933    4    0.5984    2.3936    0.599400165939    2    2
265    1607338310.86    1607338310.86    0.000999927520752    64    0.9446    60.4544    0.945599927521    2    6
266    1607338310.93    1607338310.93    0.0    16    0.0297    0.4752    0.0297    2    2
267    1607338311.24    1607338311.24    0.0    4    0.5984    2.3936    0.5984    2    2
268    1607338311.34    1607338311.34    0.00100016593933    256    0.7528    192.7168    0.753800165939    3    6
269    1607338311.37    1607338311.37    0.0019998550415    256    0.4221    108.0576    0.424099855042    3    6
270    1607338311.4    1607338311.4    0.000999927520752    16    0.0429    0.6864    0.0438999275208    2    2
271    1607338311.5    1607338311.5    0.000999927520752    16    0.8805    14.088    0.881499927521    2    2
272    1607338311.58    1607338311.58    0.000999927520752    16    0.0285    0.456    0.0294999275208    2    5
273    1607338311.76    1607338311.76    0.00100016593933    16    0.4243    6.7888    0.425300165939    2    5
274    1607338311.88    1607338311.88    0.0    64    0.0055    0.352    0.0055    2    6
275    1607338311.89    1607338311.89    0.000999927520752    16    0.4243    6.7888    0.425299927521    2    3
276    1607338312.0    1607338312.0    0.000999927520752    64    0.1855    11.872    0.186499927521    2    6
277    1607338312.31    1607338312.31    0.00100016593933    64    0.0234    1.4976    0.0244001659393    2    5
278    1607338312.47    1607338312.47    0.0    16    0.0098    0.1568    0.0098    2    2
279    1607338312.82    1607338312.82    0.0    4    0.0059    0.0236    0.0059    2    2
280    1607338312.93    1607338312.93    0.0    16    0.0098    0.1568    0.0098    2    2
281    1607338313.03    1607338313.03    0.000999927520752    256    0.4221    108.0576    0.423099927521    3    6
282    1607338313.1    1607338313.1    0.000999927520752    4    0.0059    0.0236    0.00689992752075    2    2
283    1607338313.95    1607338313.95    0.0    16    0.0098    0.1568    0.0098    2    2
284    1607338313.99    1607338313.99    0.000999927520752    16    0.0297    0.4752    0.0306999275208    2    2
285    1607338314.0    1607338314.01    0.00100016593933    64    0.9446    60.4544    0.945600165939    2    6
286    1607338314.42    1607338314.42    0.000999927520752    64    0.0055    0.352    0.00649992752075    2    6
287    1607338314.57    1607338314.57    0.0    256    0.7528    192.7168    0.7528    3    6
288    1607338314.66    1607338314.66    0.000999927520752    64    0.4167    26.6688    0.417699927521    2    5
289    1607338314.72    1607338314.72    0.000999927520752    4    0.5984    2.3936    0.599399927521    2    2
290    1607338314.76    1607338314.76    0.0    16    0.4243    6.7888    0.4243    2    2
291    1607338314.78    1607338314.78    0.000999927520752    4    0.5984    2.3936    0.599399927521    2    2
292    1607338314.89    1607338314.89    0.000999927520752    64    0.9446    60.4544    0.945599927521    2    6
293    1607338314.94    1607338314.94    0.000999927520752    256    0.7528    192.7168    0.753799927521    3    6
294    1607338314.98    1607338314.98    0.00200009346008    256    0.7528    192.7168    0.75480009346    3    6
295    1607338315.27    1607338315.27    0.000999927520752    4    0.0284    0.1136    0.0293999275208    2    2
296    1607338315.36    1607338315.36    0.00100016593933    64    0.6779    43.3856    0.678900165939    2    6
297    1607338315.41    1607338315.41    0.00100016593933    256    0.0057    1.4592    0.00670016593933    3    6
298    1607338315.46    1607338315.46    0.000999927520752    64    0.0055    0.352    0.00649992752075    2    5
299    1607338315.83    1607338315.83    0.000999927520752    256    0.0057    1.4592    0.00669992752075    3    6
300    1607338315.92    1607338315.92    0.000999927520752    4    0.0284    0.1136    0.0293999275208    2    2
301    1607338316.14    1607338316.14    0.0    16    0.0297    0.4752    0.0297    2    2
302    1607338316.21    1607338316.21    0.0    64    0.0234    1.4976    0.0234    2    5
303    1607338316.22    1607338316.22    0.000999927520752    256    0.7528    192.7168    0.753799927521    3    6
304    1607338316.31    1607338316.31    0.0    4    0.0059    0.0236    0.0059    2    2
305    1607338316.56    1607338316.56    0.0    16    0.4243    6.7888    0.4243    2    2
306    1607338316.63    1607338316.63    0.00100016593933    256    0.0177    4.5312    0.0187001659393    3    6
307    1607338316.82    1607338316.82    0.000999927520752    64    0.0055    0.352    0.00649992752075    2    6
308    1607338316.96    1607338316.97    0.00600004196167    256    0.0177    4.5312    0.0237000419617    3    6
309    1607338316.97    1607338316.99    0.0249998569489    4    0.0059    0.0236    0.0308998569489    2    2
310    1607338317.23    1607338317.23    0.00100016593933    16    0.7616    12.1856    0.762600165939    2    2
311    1607338317.25    1607338317.25    0.000999927520752    16    0.0098    0.1568    0.0107999275208    2    2
312    1607338317.38    1607338317.38    0.000999927520752    16    0.0098    0.1568    0.0107999275208    2    2
313    1607338317.59    1607338317.59    0.00100016593933    256    0.6189    158.4384    0.619900165939    3    6
314    1607338317.63    1607338317.64    0.000999927520752    64    0.0125    0.8    0.0134999275208    2    6
315    1607338318.01    1607338318.02    0.00200009346008    64    0.0125    0.8    0.0145000934601    2    6
316    1607338318.11    1607338318.11    0.000999927520752    256    0.0177    4.5312    0.0186999275208    3    6
317    1607338318.42    1607338318.43    0.00100016593933    16    0.0285    0.456    0.0295001659393    2    2
318    1607338318.43    1607338318.43    0.000999927520752    16    0.0098    0.1568    0.0107999275208    2    2
319    1607338318.44    1607338318.44    0.000999927520752    4    0.6477    2.5908    0.648699927521    2    2
320    1607338318.51    1607338318.51    0.000999927520752    4    1.1322    4.5288    1.13319992752    2    2
321    1607338319.16    1607338319.16    0.000999927520752    4    0.0284    0.1136    0.0293999275208    2    2
322    1607338319.27    1607338319.27    0.0    16    0.0429    0.6864    0.0429    2    2
323    1607338319.28    1607338319.28    0.00100016593933    4    0.0059    0.0236    0.00690016593933    2    2
324    1607338319.64    1607338319.64    0.000999927520752    64    0.9446    60.4544    0.945599927521    2    6
325    1607338319.71    1607338319.71    0.0    16    0.0098    0.1568    0.0098    2    3
326    1607338319.75    1607338319.76    0.00100016593933    16    0.0429    0.6864    0.0439001659393    2    3
327    1607338320.01    1607338320.01    0.000999927520752    64    0.0125    0.8    0.0134999275208    2    6
328    1607338320.19    1607338320.19    0.000999927520752    64    0.0125    0.8    0.0134999275208    2    6
329    1607338320.35    1607338320.35    0.0    4    0.0284    0.1136    0.0284    2    2
330    1607338320.35    1607338320.35    0.000999927520752    4    0.6477    2.5908    0.648699927521    2    2
331    1607338320.41    1607338320.41    0.000999927520752    16    0.0429    0.6864    0.0438999275208    2    3
332    1607338320.45    1607338320.45    0.000999927520752    256    0.6189    158.4384    0.619899927521    3    6
333    1607338320.51    1607338320.51    0.0    4    0.0059    0.0236    0.0059    2    2
334    1607338320.58    1607338320.58    0.000999927520752    256    0.0057    1.4592    0.00669992752075    3    6
335    1607338320.6    1607338320.6    0.00200009346008    16    0.0098    0.1568    0.0118000934601    2    2
336    1607338320.63    1607338320.63    0.000999927520752    16    0.0297    0.4752    0.0306999275208    2    2
337    1607338320.68    1607338320.68    0.0    4    0.0284    0.1136    0.0284    2    2
338    1607338320.74    1607338320.74    0.000999927520752    256    0.4221    108.0576    0.423099927521    3    6
339    1607338320.99    1607338320.99    0.000999927520752    256    0.7528    192.7168    0.753799927521    3    6
340    1607338321.0    1607338321.0    0.0019998550415    4    0.0834    0.3336    0.0853998550415    2    2
341    1607338321.21    1607338321.21    0.000999927520752    16    0.0098    0.1568    0.0107999275208    2    2
342    1607338321.24    1607338321.24    0.0    4    0.0284    0.1136    0.0284    2    2
343    1607338321.36    1607338321.36    0.0    64    0.0055    0.352    0.0055    2    5
344    1607338321.39    1607338321.39    0.0    4    1.1322    4.5288    1.1322    2    2
345    1607338321.64    1607338321.64    0.0    256    0.7528    192.7168    0.7528    3    6
346    1607338321.71    1607338321.71    0.0    64    0.0234    1.4976    0.0234    2    6
347    1607338321.9    1607338321.9    0.0    16    0.0297    0.4752    0.0297    2    2
348    1607338322.01    1607338322.01    0.000999927520752    4    0.6477    2.5908    0.648699927521    2    2
349    1607338322.14    1607338322.14    0.000999927520752    16    0.0285    0.456    0.0294999275208    2    2
350    1607338322.18    1607338322.18    0.0    64    0.4167    26.6688    0.4167    2    6
351    1607338322.26    1607338322.26    0.00300002098083    4    0.6477    2.5908    0.650700020981    2    2
352    1607338322.43    1607338322.43    0.0    4    0.0059    0.0236    0.0059    2    2
353    1607338322.43    1607338322.43    0.0    4    0.0834    0.3336    0.0834    2    2
354    1607338322.75    1607338322.75    0.0    16    0.4243    6.7888    0.4243    2    2
355    1607338322.82    1607338322.82    0.0    4    0.0059    0.0236    0.0059    2    2
356    1607338322.92    1607338322.92    0.0    16    0.0285    0.456    0.0285    2    2
357    1607338323.16    1607338323.16    0.000999927520752    256    0.0057    1.4592    0.00669992752075    3    6
358    1607338323.55    1607338323.55    0.00100016593933    64    0.1855    11.872    0.186500165939    2    5
359    1607338323.59    1607338323.59    0.000999927520752    64    0.9446    60.4544    0.945599927521    2    5
360    1607338323.72    1607338323.72    0.0    64    0.4167    26.6688    0.4167    2    5
361    1607338323.74    1607338323.74    0.00200009346008    64    0.0234    1.4976    0.0254000934601    2    5
362    1607338323.79    1607338323.79    0.0    4    0.5984    2.3936    0.5984    2    2
363    1607338324.04    1607338324.04    0.000999927520752    256    0.0057    1.4592    0.00669992752075    3    6
364    1607338324.06    1607338324.06    0.00100016593933    64    0.6779    43.3856    0.678900165939    2    6
365    1607338324.3    1607338324.3    0.0    64    0.6779    43.3856    0.6779    2    5
366    1607338324.35    1607338324.35    0.000999927520752    4    0.6477    2.5908    0.648699927521    2    2
367    1607338324.63    1607338324.63    0.0    64    0.9446    60.4544    0.9446    2    6
368    1607338324.63    1607338324.63    0.0    16    0.4243    6.7888    0.4243    3    6
369    1607338324.75    1607338324.75    0.00100016593933    64    0.1855    11.872    0.186500165939    2    6
370    1607338324.77    1607338324.77    0.000999927520752    64    0.6779    43.3856    0.678899927521    2    6
371    1607338324.79    1607338324.79    0.00100016593933    64    0.0234    1.4976    0.0244001659393    2    6
372    1607338325.0    1607338325.0    0.000999927520752    256    0.4221    108.0576    0.423099927521    3    6
373    1607338325.12    1607338325.12    0.000999927520752    256    0.7528    192.7168    0.753799927521    3    6
374    1607338325.18    1607338325.18    0.000999927520752    16    0.0429    0.6864    0.0438999275208    2    2
375    1607338325.2    1607338325.2    0.000999927520752    4    0.0834    0.3336    0.0843999275208    2    2
376    1607338325.26    1607338325.26    0.0    4    0.0284    0.1136    0.0284    2    2
377    1607338325.71    1607338325.71    0.0    4    1.1322    4.5288    1.1322    2    2
378    1607338325.74    1607338325.74    0.0    4    0.0526    0.2104    0.0526    2    2
379    1607338325.88    1607338325.88    0.00699996948242    64    0.0234    1.4976    0.0303999694824    2    6
380    1607338326.04    1607338326.04    0.0    4    0.6477    2.5908    0.6477    2    2
381    1607338326.07    1607338326.07    0.0    4    0.0526    0.2104    0.0526    2    2
382    1607338326.16    1607338326.16    0.0    64    0.4167    26.6688    0.4167    2    6
383    1607338326.24    1607338326.24    0.000999927520752    256    0.8    204.8    0.800999927521    3    6
384    1607338326.34    1607338326.34    0.00100016593933    256    0.6189    158.4384    0.619900165939    3    6
385    1607338326.35    1607338326.35    0.000999927520752    16    0.0285    0.456    0.0294999275208    2    2
386    1607338326.36    1607338326.36    0.000999927520752    16    0.0297    0.4752    0.0306999275208    2    5
387    1607338326.71    1607338326.71    0.00100016593933    256    0.7528    192.7168    0.753800165939    3    6
388    1607338326.97    1607338326.97    0.00100016593933    64    0.0125    0.8    0.0135001659393    2    6
389    1607338327.2    1607338327.21    0.00100016593933    256    0.0057    1.4592    0.00670016593933    3    6
390    1607338327.21    1607338327.21    0.00300002098083    256    0.0177    4.5312    0.0207000209808    3    6
391    1607338327.3    1607338327.3    0.0    16    0.0098    0.1568    0.0098    2    3
392    1607338327.39    1607338327.39    0.0    4    0.0526    0.2104    0.0526    2    2
393    1607338327.47    1607338327.47    0.000999927520752    64    0.0055    0.352    0.00649992752075    2    5
394    1607338327.59    1607338327.59    0.000999927520752    16    0.0098    0.1568    0.0107999275208    2    2
395    1607338327.66    1607338327.66    0.000999927520752    16    0.0098    0.1568    0.0107999275208    2    2
396    1607338327.66    1607338327.67    0.000999927520752    256    0.7528    192.7168    0.753799927521    3    6
397    1607338327.85    1607338327.85    0.00100016593933    256    0.6189    158.4384    0.619900165939    3    6
398    1607338327.93    1607338327.93    0.000999927520752    16    0.0098    0.1568    0.0107999275208    2    2
399    1607338327.93    1607338327.93    0.000999927520752    16    0.8805    14.088    0.881499927521    2    2
400    1607338328.07    1607338328.07    0.0019998550415    256    0.7528    192.7168    0.754799855042    3    6
401    1607338328.16    1607338328.16    0.000999927520752    256    0.0057    1.4592    0.00669992752075    3    6
402    1607338328.17    1607338328.18    0.0100002288818    256    0.6189    158.4384    0.628900228882    3    6
403    1607338328.23    1607338328.23    0.00200009346008    4    0.5984    2.3936    0.60040009346    2    2
404    1607338328.54    1607338328.54    0.0    4    0.0834    0.3336    0.0834    2    2
405    1607338328.78    1607338328.78    0.0    4    0.0059    0.0236    0.0059    2    2
406    1607338328.8    1607338328.8    0.0    256    0.8    204.8    0.8    3    6
407    1607338328.92    1607338328.93    0.00100016593933    4    1.1322    4.5288    1.13320016594    2    2
408    1607338329.05    1607338329.05    0.000999927520752    256    0.0057    1.4592    0.00669992752075    3    6
409    1607338329.05    1607338329.06    0.00399994850159    4    0.6477    2.5908    0.651699948502    2    2
410    1607338329.09    1607338329.09    0.000999927520752    64    0.0055    0.352    0.00649992752075    2    6
411    1607338329.18    1607338329.18    0.0    16    0.0285    0.456    0.0285    2    2
412    1607338329.3    1607338329.3    0.000999927520752    16    0.0098    0.1568    0.0107999275208    2    2
413    1607338329.33    1607338329.33    0.000999927520752    16    0.0098    0.1568    0.0107999275208    2    2
414    1607338329.51    1607338329.51    0.000999927520752    16    0.0285    0.456    0.0294999275208    2    2
415    1607338329.86    1607338329.86    0.0    64    0.1855    11.872    0.1855    2    5
416    1607338330.01    1607338330.02    0.00100016593933    256    0.0057    1.4592    0.00670016593933    3    6
417    1607338330.03    1607338330.03    0.000999927520752    16    0.8805    14.088    0.881499927521    2    2
418    1607338330.06    1607338330.06    0.0    4    0.5984    2.3936    0.5984    2    2
419    1607338330.15    1607338330.15    0.000999927520752    256    0.6189    158.4384    0.619899927521    3    6
420    1607338330.19    1607338330.19    0.000999927520752    4    0.5984    2.3936    0.599399927521    2    2
421    1607338330.58    1607338330.58    0.00100016593933    4    0.0284    0.1136    0.0294001659393    2    2
422    1607338330.67    1607338330.67    0.00100016593933    256    0.0177    4.5312    0.0187001659393    3    6
423    1607338330.73    1607338330.74    0.00399994850159    256    0.0177    4.5312    0.0216999485016    3    6
424    1607338330.78    1607338330.78    0.00399994850159    64    0.4167    26.6688    0.420699948502    2    6
425    1607338330.86    1607338330.86    0.00100016593933    64    0.4167    26.6688    0.417700165939    2    6
426    1607338330.88    1607338330.88    0.0    4    0.0059    0.0236    0.0059    2    2
427    1607338330.94    1607338330.94    0.0    4    0.0834    0.3336    0.0834    2    2
428    1607338330.96    1607338330.96    0.00100016593933    64    0.0234    1.4976    0.0244001659393    2    6
429    1607338331.05    1607338331.05    0.000999927520752    4    0.0284    0.1136    0.0293999275208    2    2
430    1607338331.39    1607338331.39    0.00100016593933    256    0.6189    158.4384    0.619900165939    3    6
431    1607338331.52    1607338331.52    0.000999927520752    64    0.1855    11.872    0.186499927521    2    5
432    1607338331.53    1607338331.54    0.00100016593933    256    0.8    204.8    0.801000165939    3    6
433    1607338331.69    1607338331.69    0.00100016593933    4    0.6477    2.5908    0.648700165939    2    2
434    1607338331.99    1607338331.99    0.000999927520752    4    0.6477    2.5908    0.648699927521    2    2
435    1607338332.16    1607338332.16    0.0    4    1.1322    4.5288    1.1322    2    2
436    1607338332.27    1607338332.27    0.0    4    0.0059    0.0236    0.0059    2    2
437    1607338332.28    1607338332.28    0.0    16    0.8805    14.088    0.8805    2    2
438    1607338332.35    1607338332.35    0.0019998550415    64    0.0125    0.8    0.0144998550415    2    6
439    1607338332.42    1607338332.43    0.00100016593933    16    0.4243    6.7888    0.425300165939    2    5
440    1607338332.43    1607338332.43    0.0    256    0.4221    108.0576    0.4221    3    6
441    1607338332.44    1607338332.45    0.00100016593933    16    0.7616    12.1856    0.762600165939    2    2
442    1607338332.45    1607338332.45    0.0    64    0.4167    26.6688    0.4167    2    6
443    1607338332.49    1607338332.49    0.00200009346008    64    0.9446    60.4544    0.94660009346    2    6
444    1607338332.54    1607338332.54    0.000999927520752    256    0.6189    158.4384    0.619899927521    3    6
445    1607338332.61    1607338332.61    0.000999927520752    16    0.0285    0.456    0.0294999275208    3    6
446    1607338332.66    1607338332.66    0.00200009346008    256    0.8    204.8    0.80200009346    3    6
447    1607338332.66    1607338332.66    0.00500011444092    16    0.8805    14.088    0.885500114441    3    6
448    1607338332.7    1607338332.7    0.000999927520752    64    0.1855    11.872    0.186499927521    2    6
449    1607338332.94    1607338332.94    0.0    64    0.0234    1.4976    0.0234    2    6
450    1607338333.04    1607338333.04    0.0    16    0.0285    0.456    0.0285    2    5
451    1607338333.22    1607338333.22    0.0    4    0.0526    0.2104    0.0526    2    2
452    1607338333.27    1607338333.27    0.00100016593933    16    0.8805    14.088    0.881500165939    2    2
453    1607338333.36    1607338333.36    0.0    256    0.4221    108.0576    0.4221    3    6
454    1607338333.45    1607338333.45    0.0    4    0.0834    0.3336    0.0834    2    2
455    1607338333.56    1607338333.56    0.000999927520752    64    0.0234    1.4976    0.0243999275208    2    6
456    1607338333.64    1607338333.64    0.000999927520752    16    0.0285    0.456    0.0294999275208    2    2
457    1607338333.68    1607338333.68    0.0    4    0.0526    0.2104    0.0526    2    2
458    1607338333.84    1607338333.84    0.000999927520752    64    0.0125    0.8    0.0134999275208    2    6
459    1607338333.9    1607338333.9    0.00100016593933    16    0.0429    0.6864    0.0439001659393    2    2
460    1607338334.02    1607338334.02    0.000999927520752    256    0.0177    4.5312    0.0186999275208    3    6
461    1607338334.07    1607338334.07    0.0    64    0.9446    60.4544    0.9446    2    6
462    1607338334.08    1607338334.08    0.000999927520752    256    0.0177    4.5312    0.0186999275208    3    6
463    1607338334.1    1607338334.1    0.000999927520752    4    0.5984    2.3936    0.599399927521    2    2
464    1607338334.18    1607338334.18    0.0    4    0.5984    2.3936    0.5984    2    2
465    1607338334.28    1607338334.28    0.000999927520752    16    0.0285    0.456    0.0294999275208    2    3
466    1607338334.34    1607338334.34    0.00100016593933    64    0.6779    43.3856    0.678900165939    2    6
467    1607338334.58    1607338334.58    0.000999927520752    256    0.0057    1.4592    0.00669992752075    3    6
468    1607338334.58    1607338334.58    0.00300002098083    4    0.0834    0.3336    0.0864000209808    2    2
469    1607338334.62    1607338334.62    0.00100016593933    16    0.4243    6.7888    0.425300165939    2    2
470    1607338334.81    1607338334.81    0.00100016593933    16    0.0285    0.456    0.0295001659393    2    3
471    1607338334.87    1607338334.87    0.000999927520752    64    0.9446    60.4544    0.945599927521    2    6
472    1607338335.05    1607338335.05    0.000999927520752    4    0.0834    0.3336    0.0843999275208    2    2
473    1607338335.2    1607338335.2    0.00100016593933    4    0.5984    2.3936    0.599400165939    2    2
474    1607338335.58    1607338335.58    0.0    4    0.0059    0.0236    0.0059    2    2
475    1607338335.6    1607338335.6    0.0    256    0.0177    4.5312    0.0177    3    6
476    1607338335.64    1607338335.64    0.0    4    1.1322    4.5288    1.1322    2    2
477    1607338335.66    1607338335.66    0.0    16    0.0285    0.456    0.0285    2    2
478    1607338335.71    1607338335.72    0.00100016593933    256    0.7528    192.7168    0.753800165939    3    6
479    1607338335.73    1607338335.73    0.0    4    0.5984    2.3936    0.5984    2    2
480    1607338335.76    1607338335.76    0.0    16    0.7616    12.1856    0.7616    2    2
481    1607338335.77    1607338335.77    0.000999927520752    64    0.1855    11.872    0.186499927521    2    6
482    1607338335.88    1607338335.88    0.0    16    0.0297    0.4752    0.0297    2    3
483    1607338336.25    1607338336.25    0.0    16    0.7616    12.1856    0.7616    2    3
484    1607338336.34    1607338336.34    0.000999927520752    16    0.0285    0.456    0.0294999275208    2    5
485    1607338336.41    1607338336.41    0.000999927520752    256    0.8    204.8    0.800999927521    3    6
486    1607338336.53    1607338336.53    0.000999927520752    4    1.1322    4.5288    1.13319992752    2    2
487    1607338336.55    1607338336.55    0.0    64    0.0055    0.352    0.0055    2    6
488    1607338336.56    1607338336.56    0.00300002098083    4    0.0834    0.3336    0.0864000209808    2    2
489    1607338336.6    1607338336.6    0.000999927520752    4    0.0059    0.0236    0.00689992752075    2    2
490    1607338336.61    1607338336.61    0.000999927520752    4    0.0284    0.1136    0.0293999275208    2    2
491    1607338336.68    1607338336.68    0.0    64    0.9446    60.4544    0.9446    2    6
492    1607338336.73    1607338336.73    0.0    64    0.6779    43.3856    0.6779    2    6
493    1607338336.75    1607338336.75    0.000999927520752    4    1.1322    4.5288    1.13319992752    2    2
494    1607338336.78    1607338336.78    0.00100016593933    256    0.8    204.8    0.801000165939    3    6
495    1607338336.84    1607338336.84    0.000999927520752    16    0.0285    0.456    0.0294999275208    2    5
496    1607338336.93    1607338336.93    0.000999927520752    64    0.0125    0.8    0.0134999275208    2    6
497    1607338337.02    1607338337.02    0.00200009346008    256    0.7528    192.7168    0.75480009346    3    6
498    1607338337.15    1607338337.16    0.00599980354309    4    0.0834    0.3336    0.0893998035431    2    2
499    1607338337.43    1607338337.43    0.0    4    0.0284    0.1136    0.0284    2    2
500    1607338337.87    1607338337.87    0.0    4    0.0284    0.1136    0.0284    2    2
501    1607338337.9    1607338337.9    0.00100016593933    256    0.0057    1.4592    0.00670016593933    3    6
502    1607338337.99    1607338337.99    0.0    16    0.8805    14.088    0.8805    2    2
503    1607338338.17    1607338338.17    0.00100016593933    256    0.6189    158.4384    0.619900165939    3    6
504    1607338338.28    1607338338.28    0.0    256    0.0177    4.5312    0.0177    3    6
505    1607338338.33    1607338338.33    0.000999927520752    4    0.6477    2.5908    0.648699927521    2    2
506    1607338338.47    1607338338.47    0.000999927520752    64    0.0234    1.4976    0.0243999275208    2    6
507    1607338338.48    1607338338.48    0.0    64    0.4167    26.6688    0.4167    2    6
508    1607338338.52    1607338338.52    0.000999927520752    64    0.4167    26.6688    0.417699927521    2    6
509    1607338338.67    1607338338.67    0.000999927520752    4    0.0834    0.3336    0.0843999275208    2    2
510    1607338338.73    1607338338.73    0.000999927520752    4    0.5984    2.3936    0.599399927521    2    2
511    1607338338.93    1607338338.93    0.000999927520752    16    0.0429    0.6864    0.0438999275208    2    2
512    1607338339.05    1607338339.05    0.0    64    0.9446    60.4544    0.9446    2    5
513    1607338339.17    1607338339.17    0.00100016593933    4    0.0526    0.2104    0.0536001659393    2    2
514    1607338339.2    1607338339.2    0.0    4    0.5984    2.3936    0.5984    2    2
515    1607338339.31    1607338339.31    0.000999927520752    256    0.8    204.8    0.800999927521    3    6
516    1607338339.37    1607338339.37    0.000999927520752    4    0.0284    0.1136    0.0293999275208    2    2
517    1607338339.37    1607338339.37    0.00100016593933    256    0.8    204.8    0.801000165939    3    6
518    1607338339.41    1607338339.41    0.00100016593933    64    0.0125    0.8    0.0135001659393    2    6
519    1607338339.55    1607338339.55    0.00100016593933    256    0.8    204.8    0.801000165939    3    6
520    1607338339.67    1607338339.67    0.000999927520752    4    0.0526    0.2104    0.0535999275208    2    2
521    1607338339.7    1607338339.7    0.000999927520752    4    0.6477    2.5908    0.648699927521    2    2
522    1607338339.81    1607338339.81    0.000999927520752    16    0.0429    0.6864    0.0438999275208    2    3
523    1607338339.89    1607338339.9    0.00200009346008    256    0.4221    108.0576    0.42410009346    3    6
524    1607338340.05    1607338340.05    0.000999927520752    4    0.0284    0.1136    0.0293999275208    2    2
525    1607338340.08    1607338340.08    0.0    64    0.1855    11.872    0.1855    2    5
526    1607338340.1    1607338340.1    0.00200009346008    4    0.5984    2.3936    0.60040009346    2    2
527    1607338340.5    1607338340.5    0.0    4    0.0284    0.1136    0.0284    2    2
528    1607338340.63    1607338340.63    0.0    16    0.0285    0.456    0.0285    2    2
529    1607338341.12    1607338341.12    0.0    4    0.0284    0.1136    0.0284    2    2
530    1607338341.17    1607338341.17    0.0    64    0.4167    26.6688    0.4167    2    5
531    1607338341.29    1607338341.29    0.000999927520752    16    0.0098    0.1568    0.0107999275208    2    2
532    1607338341.39    1607338341.4    0.00300002098083    256    0.8    204.8    0.803000020981    3    6
533    1607338341.45    1607338341.45    0.00300002098083    64    0.1855    11.872    0.188500020981    2    5
534    1607338341.53    1607338341.53    0.0    4    0.6477    2.5908    0.6477    2    2
535    1607338341.58    1607338341.58    0.0    64    0.4167    26.6688    0.4167    2    6
536    1607338341.64    1607338341.64    0.0    4    0.0284    0.1136    0.0284    2    2
537    1607338341.83    1607338341.83    0.0    256    0.0057    1.4592    0.0057    3    6
538    1607338341.87    1607338341.87    0.0    16    0.0285    0.456    0.0285    2    2
539    1607338341.95    1607338341.95    0.0    64    0.0125    0.8    0.0125    2    5
540    1607338342.11    1607338342.11    0.0    64    0.0055    0.352    0.0055    2    5
541    1607338342.13    1607338342.13    0.00100016593933    16    0.7616    12.1856    0.762600165939    2    2
542    1607338342.18    1607338342.18    0.00100016593933    16    0.0098    0.1568    0.0108001659393    2    2
543    1607338342.26    1607338342.26    0.0    4    0.0284    0.1136    0.0284    2    2
544    1607338342.49    1607338342.49    0.0019998550415    16    0.0098    0.1568    0.0117998550415    2    2
545    1607338342.69    1607338342.69    0.000999927520752    4    0.0284    0.1136    0.0293999275208    2    2
546    1607338342.78    1607338342.79    0.00100016593933    256    0.8    204.8    0.801000165939    3    6
547    1607338342.82    1607338342.82    0.0    16    0.0429    0.6864    0.0429    2    2
548    1607338342.94    1607338342.94    0.00100016593933    16    0.0098    0.1568    0.0108001659393    2    2
549    1607338342.95    1607338342.95    0.000999927520752    64    0.6779    43.3856    0.678899927521    2    6
550    1607338343.16    1607338343.16    0.000999927520752    256    0.6189    158.4384    0.619899927521    3    6
551    1607338343.23    1607338343.23    0.00200009346008    256    0.0177    4.5312    0.0197000934601    3    6
552    1607338343.53    1607338343.53    0.00399994850159    4    1.1322    4.5288    1.1361999485    2    2
553    1607338343.55    1607338343.55    0.00400018692017    4    0.0284    0.1136    0.0324001869202    2    2
554    1607338343.59    1607338343.6    0.00499987602234    64    0.0055    0.352    0.0104998760223    2    6
555    1607338343.59    1607338343.6    0.00399994850159    4    0.0284    0.1136    0.0323999485016    2    2
556    1607338343.82    1607338343.82    0.000999927520752    16    0.4243    6.7888    0.425299927521    2    2
557    1607338343.94    1607338343.94    0.00100016593933    16    0.0285    0.456    0.0295001659393    2    2
558    1607338344.01    1607338344.01    0.000999927520752    256    0.7528    192.7168    0.753799927521    3    6
559    1607338344.09    1607338344.09    0.000999927520752    16    0.8805    14.088    0.881499927521    2    2
560    1607338344.21    1607338344.21    0.000999927520752    64    0.4167    26.6688    0.417699927521    3    6
561    1607338344.4    1607338344.4    0.0    16    0.8805    14.088    0.8805    2    2
562    1607338344.47    1607338344.47    0.00100016593933    16    0.0285    0.456    0.0295001659393    2    2
563    1607338344.49    1607338344.49    0.000999927520752    16    0.4243    6.7888    0.425299927521    2    2
564    1607338344.64    1607338344.65    0.00200009346008    64    0.4167    26.6688    0.41870009346    3    6
565    1607338344.7    1607338344.7    0.0    16    0.0098    0.1568    0.0098    2    2
566    1607338344.73    1607338344.73    0.00100016593933    256    0.8    204.8    0.801000165939    3    6
567    1607338344.82    1607338344.82    0.0    16    0.4243    6.7888    0.4243    2    2
568    1607338344.87    1607338344.87    0.00100016593933    256    0.6189    158.4384    0.619900165939    3    6
569    1607338345.11    1607338345.11    0.00100016593933    4    1.1322    4.5288    1.13320016594    2    2
570    1607338345.34    1607338345.34    0.000999927520752    64    0.0234    1.4976    0.0243999275208    2    6
571    1607338345.48    1607338345.48    0.000999927520752    256    0.8    204.8    0.800999927521    3    6
572    1607338345.97    1607338345.97    0.000999927520752    256    0.0057    1.4592    0.00669992752075    3    6
573    1607338346.0    1607338346.0    0.0    64    0.0055    0.352    0.0055    3    6
574    1607338346.19    1607338346.19    0.0    64    0.0234    1.4976    0.0234    3    6
575    1607338346.26    1607338346.26    0.0    64    0.1855    11.872    0.1855    3    6
576    1607338346.52    1607338346.52    0.0    4    0.0526    0.2104    0.0526    2    2
577    1607338346.56    1607338346.56    0.0    64    0.0125    0.8    0.0125    2    6
578    1607338346.79    1607338346.79    0.0    4    0.0284    0.1136    0.0284    2    2
579    1607338346.84    1607338346.84    0.0    4    0.0834    0.3336    0.0834    2    2
580    1607338347.08    1607338347.08    0.000999927520752    16    0.0285    0.456    0.0294999275208    2    2
581    1607338347.4    1607338347.4    0.000999927520752    64    0.0055    0.352    0.00649992752075    2    5
582    1607338347.42    1607338347.42    0.0    4    0.5984    2.3936    0.5984    2    2
583    1607338347.42    1607338347.42    0.0    4    1.1322    4.5288    1.1322    2    2
584    1607338347.61    1607338347.61    0.0    16    0.0098    0.1568    0.0098    2    2
585    1607338347.88    1607338347.88    0.000999927520752    256    0.4221    108.0576    0.423099927521    3    6
586    1607338347.96    1607338347.96    0.00100016593933    256    0.0177    4.5312    0.0187001659393    3    6
587    1607338348.07    1607338348.07    0.0    4    0.0284    0.1136    0.0284    2    2
588    1607338348.07    1607338348.07    0.000999927520752    16    0.0098    0.1568    0.0107999275208    2    2
589    1607338348.27    1607338348.27    0.000999927520752    256    0.7528    192.7168    0.753799927521    3    6
590    1607338348.62    1607338348.62    0.0    4    0.0284    0.1136    0.0284    2    2
591    1607338348.62    1607338348.62    0.0    4    0.6477    2.5908    0.6477    2    2
592    1607338348.82    1607338348.82    0.0    4    0.0834    0.3336    0.0834    2    2
593    1607338348.98    1607338348.98    0.0    4    0.0059    0.0236    0.0059    2    2
594    1607338349.12    1607338349.12    0.0    64    0.9446    60.4544    0.9446    2    6
595    1607338349.45    1607338349.45    0.0    4    1.1322    4.5288    1.1322    2    2
596    1607338349.45    1607338349.46    0.00100016593933    64    0.9446    60.4544    0.945600165939    2    6
597    1607338349.57    1607338349.57    0.000999927520752    256    0.8    204.8    0.800999927521    3    6
598    1607338349.65    1607338349.65    0.00100016593933    4    0.0834    0.3336    0.0844001659393    2    2
599    1607338349.67    1607338349.67    0.0    4    1.1322    4.5288    1.1322    2    2
600    1607338349.78    1607338349.78    0.00100016593933    4    1.1322    4.5288    1.13320016594    2    2
601    1607338349.8    1607338349.81    0.00100016593933    256    0.6189    158.4384    0.619900165939    3    6
602    1607338349.83    1607338349.83    0.0    16    0.0098    0.1568    0.0098    2    2
603    1607338349.98    1607338349.98    0.000999927520752    16    0.7616    12.1856    0.762599927521    2    2
604    1607338350.01    1607338350.02    0.00300002098083    16    0.4243    6.7888    0.427300020981    2    5
605    1607338350.1    1607338350.1    0.0    64    0.4167    26.6688    0.4167    2    6
606    1607338350.13    1607338350.13    0.000999927520752    256    0.0177    4.5312    0.0186999275208    3    6
607    1607338350.23    1607338350.23    0.00100016593933    16    0.0297    0.4752    0.0307001659393    2    2
608    1607338350.25    1607338350.25    0.000999927520752    4    0.0834    0.3336    0.0843999275208    2    2
609    1607338350.35    1607338350.35    0.00100016593933    64    0.0055    0.352    0.00650016593933    2    6
610    1607338350.43    1607338350.44    0.00800013542175    4    1.1322    4.5288    1.14020013542    2    2
611    1607338350.53    1607338350.53    0.000999927520752    4    0.0526    0.2104    0.0535999275208    2    2
612    1607338350.54    1607338350.54    0.000999927520752    16    0.0429    0.6864    0.0438999275208    2    2
613    1607338350.57    1607338350.57    0.0    4    0.5984    2.3936    0.5984    2    2
614    1607338350.73    1607338350.73    0.0    16    0.7616    12.1856    0.7616    2    2
615    1607338350.75    1607338350.75    0.000999927520752    64    0.1855    11.872    0.186499927521    2    6
616    1607338350.78    1607338350.78    0.00100016593933    256    0.0177    4.5312    0.0187001659393    3    6
617    1607338350.88    1607338350.89    0.000999927520752    256    0.0177    4.5312    0.0186999275208    3    6
618    1607338350.89    1607338350.89    0.00100016593933    256    0.8    204.8    0.801000165939    3    6
619    1607338350.95    1607338350.95    0.000999927520752    4    0.0059    0.0236    0.00689992752075    2    2
620    1607338351.04    1607338351.04    0.0    16    0.0098    0.1568    0.0098    2    5
621    1607338351.07    1607338351.07    0.00100016593933    256    0.4221    108.0576    0.423100165939    3    6
622    1607338351.13    1607338351.14    0.000999927520752    4    0.0059    0.0236    0.00689992752075    2    2
623    1607338351.15    1607338351.15    0.00200009346008    256    0.6189    158.4384    0.62090009346    3    6
624    1607338351.19    1607338351.19    0.0    4    0.6477    2.5908    0.6477    2    2
625    1607338351.23    1607338351.23    0.00200009346008    256    0.0177    4.5312    0.0197000934601    3    6
626    1607338351.33    1607338351.33    0.000999927520752    256    0.0177    4.5312    0.0186999275208    3    6
627    1607338351.35    1607338351.36    0.00699996948242    256    0.4221    108.0576    0.429099969482    3    6
628    1607338351.37    1607338351.37    0.00200009346008    64    0.0234    1.4976    0.0254000934601    2    6
629    1607338351.78    1607338351.78    0.0019998550415    64    0.6779    43.3856    0.679899855042    2    6
630    1607338351.97    1607338351.97    0.0    16    0.0098    0.1568    0.0098    2    3
631    1607338352.16    1607338352.16    0.000999927520752    256    0.0057    1.4592    0.00669992752075    3    6
632    1607338352.59    1607338352.59    0.0    64    0.0234    1.4976    0.0234    2    5
633    1607338352.81    1607338352.81    0.0    16    0.0297    0.4752    0.0297    2    2
634    1607338352.88    1607338352.88    0.000999927520752    64    0.0234    1.4976    0.0243999275208    2    5
635    1607338352.91    1607338352.91    0.00100016593933    256    0.6189    158.4384    0.619900165939    3    6
636    1607338352.96    1607338352.96    0.0    4    0.0059    0.0236    0.0059    2    2
637    1607338353.07    1607338353.07    0.0    16    0.7616    12.1856    0.7616    2    2
638    1607338353.09    1607338353.1    0.00200009346008    16    0.0297    0.4752    0.0317000934601    2    2
639    1607338353.31    1607338353.31    0.000999927520752    4    0.0284    0.1136    0.0293999275208    2    2
640    1607338353.45    1607338353.45    0.0    256    0.0057    1.4592    0.0057    3    6
641    1607338353.48    1607338353.49    0.00100016593933    64    0.0125    0.8    0.0135001659393    2    6
642    1607338353.51    1607338353.51    0.0    4    0.0059    0.0236    0.0059    2    2
643    1607338353.58    1607338353.59    0.000999927520752    256    0.4221    108.0576    0.423099927521    3    6
644    1607338354.16    1607338354.17    0.000999927520752    64    0.9446    60.4544    0.945599927521    2    5
645    1607338354.21    1607338354.21    0.000999927520752    256    0.8    204.8    0.800999927521    3    6
646    1607338354.26    1607338354.26    0.000999927520752    256    0.6189    158.4384    0.619899927521    3    6
647    1607338354.35    1607338354.35    0.000999927520752    256    0.8    204.8    0.800999927521    3    6
648    1607338354.39    1607338354.39    0.00100016593933    16    0.0297    0.4752    0.0307001659393    2    2
649    1607338354.67    1607338354.67    0.000999927520752    64    0.6779    43.3856    0.678899927521    2    5
650    1607338354.85    1607338354.85    0.000999927520752    4    0.0059    0.0236    0.00689992752075    2    2
651    1607338354.94    1607338354.94    0.00100016593933    64    0.6779    43.3856    0.678900165939    2    5
652    1607338354.94    1607338354.94    0.000999927520752    256    0.8    204.8    0.800999927521    3    6
653    1607338355.01    1607338355.01    0.000999927520752    4    1.1322    4.5288    1.13319992752    2    2
654    1607338355.04    1607338355.05    0.00100016593933    256    0.4221    108.0576    0.423100165939    3    6
655    1607338355.17    1607338355.17    0.00100016593933    256    0.4221    108.0576    0.423100165939    3    6
656    1607338355.19    1607338355.19    0.000999927520752    16    0.8805    14.088    0.881499927521    2    2
657    1607338355.4    1607338355.4    0.000999927520752    4    0.0526    0.2104    0.0535999275208    2    2
658    1607338355.44    1607338355.44    0.000999927520752    16    0.0098    0.1568    0.0107999275208    2    5
659    1607338355.48    1607338355.48    0.00399994850159    4    0.0284    0.1136    0.0323999485016    2    2
660    1607338355.51    1607338355.51    0.000999927520752    256    0.4221    108.0576    0.423099927521    3    6
661    1607338355.56    1607338355.56    0.00200009346008    256    0.0057    1.4592    0.00770009346008    3    6
662    1607338355.59    1607338355.6    0.00200009346008    16    0.8805    14.088    0.88250009346    2    2
663    1607338355.76    1607338355.76    0.0    4    1.1322    4.5288    1.1322    2    2
664    1607338355.77    1607338355.77    0.0    4    0.0059    0.0236    0.0059    2    2
665    1607338355.81    1607338355.81    0.00100016593933    16    0.0285    0.456    0.0295001659393    2    2
666    1607338355.92    1607338355.92    0.000999927520752    256    0.0177    4.5312    0.0186999275208    3    6
667    1607338355.96    1607338355.96    0.000999927520752    256    0.0057    1.4592    0.00669992752075    3    6
668    1607338356.32    1607338356.32    0.0    64    0.0234    1.4976    0.0234    2    6
669    1607338356.4    1607338356.4    0.0    4    0.0059    0.0236    0.0059    2    2
670    1607338356.53    1607338356.53    0.0    4    0.0284    0.1136    0.0284    2    2
671    1607338356.82    1607338356.82    0.000999927520752    4    0.0059    0.0236    0.00689992752075    2    2
672    1607338356.89    1607338356.89    0.0    64    0.9446    60.4544    0.9446    2    6
673    1607338356.91    1607338356.91    0.0    4    0.0284    0.1136    0.0284    2    2
674    1607338356.92    1607338356.92    0.0    16    0.0429    0.6864    0.0429    2    2
675    1607338356.98    1607338356.98    0.000999927520752    4    0.5984    2.3936    0.599399927521    2    2
676    1607338357.05    1607338357.05    0.000999927520752    256    0.7528    192.7168    0.753799927521    3    6
677    1607338357.12    1607338357.12    0.000999927520752    256    0.8    204.8    0.800999927521    3    6
678    1607338357.14    1607338357.14    0.000999927520752    16    0.0098    0.1568    0.0107999275208    2    2
679    1607338357.39    1607338357.39    0.00100016593933    16    0.0285    0.456    0.0295001659393    2    2
680    1607338357.43    1607338357.43    0.00100016593933    64    0.0234    1.4976    0.0244001659393    2    6
681    1607338357.44    1607338357.44    0.00200009346008    256    0.4221    108.0576    0.42410009346    3    6
682    1607338357.53    1607338357.53    0.00200009346008    256    0.6189    158.4384    0.62090009346    3    6
683    1607338357.88    1607338357.88    0.0    4    0.0526    0.2104    0.0526    2    2
684    1607338357.89    1607338357.89    0.0    64    0.4167    26.6688    0.4167    2    6
685    1607338358.19    1607338358.19    0.000999927520752    16    0.7616    12.1856    0.762599927521    2    3
686    1607338358.19    1607338358.19    0.000999927520752    256    0.7528    192.7168    0.753799927521    3    6
687    1607338358.29    1607338358.29    0.000999927520752    16    0.0429    0.6864    0.0438999275208    2    2
688    1607338358.5    1607338358.5    0.000999927520752    256    0.0177    4.5312    0.0186999275208    3    6
689    1607338358.62    1607338358.62    0.0    4    0.6477    2.5908    0.6477    2    2
690    1607338358.77    1607338358.77    0.00100016593933    64    0.1855    11.872    0.186500165939    2    6
691    1607338358.89    1607338358.89    0.0    64    0.0234    1.4976    0.0234    2    6
692    1607338359.09    1607338359.09    0.0    16    0.0297    0.4752    0.0297    2    2
693    1607338359.1    1607338359.1    0.0    16    0.8805    14.088    0.8805    2    5
694    1607338359.11    1607338359.11    0.000999927520752    16    0.7616    12.1856    0.762599927521    2    2
695    1607338359.12    1607338359.12    0.0    64    0.0234    1.4976    0.0234    2    6
696    1607338359.21    1607338359.21    0.000999927520752    256    0.6189    158.4384    0.619899927521    3    6
697    1607338359.34    1607338359.34    0.00100016593933    64    0.0234    1.4976    0.0244001659393    3    6
698    1607338359.38    1607338359.38    0.00100016593933    64    0.6779    43.3856    0.678900165939    3    6
699    1607338359.45    1607338359.46    0.00300002098083    4    0.0834    0.3336    0.0864000209808    2    2
700    1607338359.49    1607338359.49    0.00399994850159    16    0.0429    0.6864    0.0468999485016    2    2
701    1607338359.66    1607338359.66    0.000999927520752    16    0.7616    12.1856    0.762599927521    2    2
702    1607338359.7    1607338359.7    0.00100016593933    16    0.0285    0.456    0.0295001659393    2    2
703    1607338359.77    1607338359.77    0.00100016593933    16    0.4243    6.7888    0.425300165939    2    2
704    1607338359.82    1607338359.82    0.000999927520752    64    0.9446    60.4544    0.945599927521    2    5
705    1607338360.23    1607338360.23    0.0    4    1.1322    4.5288    1.1322    2    2
706    1607338360.32    1607338360.32    0.000999927520752    64    0.6779    43.3856    0.678899927521    2    6
707    1607338360.52    1607338360.52    0.00300002098083    256    0.8    204.8    0.803000020981    3    6
708    1607338360.55    1607338360.56    0.00200009346008    16    0.4243    6.7888    0.42630009346    2    2
709    1607338360.71    1607338360.71    0.000999927520752    256    0.7528    192.7168    0.753799927521    3    6
710    1607338360.86    1607338360.87    0.000999927520752    4    0.0284    0.1136    0.0293999275208    2    2
711    1607338361.18    1607338361.18    0.0    16    0.0429    0.6864    0.0429    2    2
712    1607338361.35    1607338361.35    0.0    64    0.9446    60.4544    0.9446    2    6
713    1607338361.66    1607338361.66    0.0    4    0.6477    2.5908    0.6477    2    2
714    1607338361.72    1607338361.72    0.0    4    1.1322    4.5288    1.1322    2    2
715    1607338361.77    1607338361.77    0.0    16    0.7616    12.1856    0.7616    2    2
716    1607338361.8    1607338361.8    0.0    16    0.0098    0.1568    0.0098    2    5
717    1607338362.26    1607338362.26    0.0    64    0.0234    1.4976    0.0234    2    6
718    1607338362.44    1607338362.44    0.000999927520752    4    0.5984    2.3936    0.599399927521    2    2
719    1607338362.5    1607338362.5    0.0    64    0.6779    43.3856    0.6779    2    6
720    1607338362.6    1607338362.61    0.000999927520752    64    0.6779    43.3856    0.678899927521    2    6
721    1607338362.62    1607338362.62    0.000999927520752    4    1.1322    4.5288    1.13319992752    2    2
722    1607338362.71    1607338362.71    0.000999927520752    16    0.0297    0.4752    0.0306999275208    2    2
723    1607338362.89    1607338362.89    0.0    4    0.0284    0.1136    0.0284    2    2
724    1607338362.93    1607338362.93    0.000999927520752    4    0.5984    2.3936    0.599399927521    2    2
725    1607338362.95    1607338362.95    0.00100016593933    256    0.7528    192.7168    0.753800165939    3    6
726    1607338362.96    1607338362.97    0.00100016593933    256    0.0057    1.4592    0.00670016593933    3    6
727    1607338363.11    1607338363.11    0.000999927520752    16    0.0285    0.456    0.0294999275208    2    3
728    1607338363.22    1607338363.22    0.000999927520752    64    0.6779    43.3856    0.678899927521    2    5
729    1607338363.29    1607338363.29    0.000999927520752    256    0.7528    192.7168    0.753799927521    3    6
730    1607338363.36    1607338363.36    0.00100016593933    16    0.0429    0.6864    0.0439001659393    2    2
731    1607338363.58    1607338363.58    0.00200009346008    256    0.7528    192.7168    0.75480009346    3    6
732    1607338363.74    1607338363.74    0.00200009346008    4    0.0834    0.3336    0.0854000934601    2    2
733    1607338363.76    1607338363.76    0.0019998550415    16    0.0285    0.456    0.0304998550415    2    2
734    1607338363.77    1607338363.77    0.00100016593933    16    0.7616    12.1856    0.762600165939    2    5
735    1607338363.95    1607338363.95    0.000999927520752    256    0.6189    158.4384    0.619899927521    3    6
736    1607338364.08    1607338364.08    0.000999927520752    64    0.4167    26.6688    0.417699927521    2    6
737    1607338364.08    1607338364.08    0.000999927520752    16    0.7616    12.1856    0.762599927521    2    6
738    1607338364.13    1607338364.13    0.0    16    0.7616    12.1856    0.7616    2    2
739    1607338364.29    1607338364.29    0.000999927520752    64    0.4167    26.6688    0.417699927521    2    6
740    1607338364.44    1607338364.44    0.00100016593933    4    0.5984    2.3936    0.599400165939    2    2
741    1607338364.46    1607338364.46    0.00100016593933    64    0.4167    26.6688    0.417700165939    2    6
742    1607338364.5    1607338364.5    0.000999927520752    64    0.0055    0.352    0.00649992752075    2    6
743    1607338364.51    1607338364.51    0.00399994850159    16    0.0297    0.4752    0.0336999485016    3    6
744    1607338364.58    1607338364.58    0.0019998550415    4    0.0526    0.2104    0.0545998550415    2    2
745    1607338364.77    1607338364.77    0.00100016593933    16    0.0297    0.4752    0.0307001659393    2    2
746    1607338364.8    1607338364.81    0.00300002098083    16    0.0098    0.1568    0.0128000209808    2    2
747    1607338364.97    1607338364.97    0.0    64    0.1855    11.872    0.1855    2    5
748    1607338365.07    1607338365.07    0.000999927520752    256    0.0177    4.5312    0.0186999275208    3    6
749    1607338365.58    1607338365.58    0.0    16    0.7616    12.1856    0.7616    2    2
750    1607338365.61    1607338365.61    0.0    4    0.0059    0.0236    0.0059    2    2
751    1607338365.65    1607338365.65    0.0    256    0.0057    1.4592    0.0057    3    6
752    1607338365.7    1607338365.7    0.0    4    0.6477    2.5908    0.6477    2    2
753    1607338365.72    1607338365.72    0.000999927520752    64    0.0125    0.8    0.0134999275208    2    6
754    1607338365.88    1607338365.89    0.0019998550415    16    0.0429    0.6864    0.0448998550415    2    5
755    1607338366.24    1607338366.24    0.000999927520752    256    0.7528    192.7168    0.753799927521    3    6
756    1607338366.29    1607338366.29    0.000999927520752    256    0.7528    192.7168    0.753799927521    3    6
757    1607338366.4    1607338366.4    0.0    4    0.5984    2.3936    0.5984    2    2
758    1607338366.45    1607338366.45    0.000999927520752    256    0.0177    4.5312    0.0186999275208    3    6
759    1607338366.61    1607338366.61    0.0    16    0.8805    14.088    0.8805    2    2
760    1607338366.67    1607338366.67    0.000999927520752    64    0.0234    1.4976    0.0243999275208    2    6
761    1607338366.69    1607338366.69    0.00100016593933    4    0.0284    0.1136    0.0294001659393    2    2
762    1607338366.7    1607338366.7    0.000999927520752    16    0.4243    6.7888    0.425299927521    2    5
763    1607338366.78    1607338366.78    0.000999927520752    64    0.0055    0.352    0.00649992752075    2    6
764    1607338366.8    1607338366.8    0.000999927520752    16    0.4243    6.7888    0.425299927521    2    2
765    1607338366.83    1607338366.83    0.00100016593933    64    0.0055    0.352    0.00650016593933    2    6
766    1607338366.98    1607338366.98    0.000999927520752    256    0.8    204.8    0.800999927521    3    6
767    1607338367.06    1607338367.06    0.000999927520752    256    0.8    204.8    0.800999927521    3    6
768    1607338367.43    1607338367.43    0.0    64    0.0125    0.8    0.0125    2    6
769    1607338367.46    1607338367.46    0.0    4    0.6477    2.5908    0.6477    2    2
770    1607338367.5    1607338367.5    0.000999927520752    256    0.0177    4.5312    0.0186999275208    3    6
771    1607338367.51    1607338367.51    0.000999927520752    64    0.1855    11.872    0.186499927521    3    6
772    1607338367.81    1607338367.81    0.00100016593933    4    0.5984    2.3936    0.599400165939    2    2
773    1607338367.84    1607338367.84    0.000999927520752    64    0.1855    11.872    0.186499927521    2    6
774    1607338367.85    1607338367.86    0.000999927520752    16    0.7616    12.1856    0.762599927521    2    2
775    1607338367.92    1607338367.92    0.0    16    0.0098    0.1568    0.0098    2    2
776    1607338368.3    1607338368.3    0.000999927520752    256    0.0057    1.4592    0.00669992752075    3    6
777    1607338368.36    1607338368.36    0.0    64    0.0234    1.4976    0.0234    2    6
778    1607338368.42    1607338368.42    0.0    64    0.9446    60.4544    0.9446    2    5
779    1607338368.43    1607338368.43    0.000999927520752    16    0.8805    14.088    0.881499927521    2    2
780    1607338368.5    1607338368.51    0.00100016593933    256    0.4221    108.0576    0.423100165939    3    6
781    1607338368.63    1607338368.63    0.000999927520752    16    0.0098    0.1568    0.0107999275208    2    2
782    1607338368.7    1607338368.7    0.00100016593933    256    0.4221    108.0576    0.423100165939    3    6
783    1607338368.71    1607338368.71    0.0019998550415    4    0.0284    0.1136    0.0303998550415    2    2
784    1607338368.73    1607338368.73    0.000999927520752    4    0.5984    2.3936    0.599399927521    2    2
785    1607338368.74    1607338368.74    0.000999927520752    64    0.1855    11.872    0.186499927521    2    6
786    1607338368.76    1607338368.76    0.00100016593933    64    0.0234    1.4976    0.0244001659393    2    6
787    1607338368.78    1607338368.78    0.000999927520752    64    0.6779    43.3856    0.678899927521    2    6
788    1607338368.83    1607338368.84    0.000999927520752    4    0.0526    0.2104    0.0535999275208    2    2
789    1607338368.85    1607338368.85    0.00100016593933    64    0.0055    0.352    0.00650016593933    2    6
790    1607338368.9    1607338368.9    0.000999927520752    16    0.0098    0.1568    0.0107999275208    2    5
791    1607338368.9    1607338368.9    0.000999927520752    64    0.0055    0.352    0.00649992752075    3    6
792    1607338369.3    1607338369.3    0.0    64    0.0125    0.8    0.0125    2    6
793    1607338369.35    1607338369.35    0.0    16    0.8805    14.088    0.8805    2    2
794    1607338369.4    1607338369.4    0.000999927520752    16    0.8805    14.088    0.881499927521    2    2
795    1607338369.56    1607338369.56    0.0    4    0.5984    2.3936    0.5984    2    2
796    1607338369.74    1607338369.74    0.0    4    0.0526    0.2104    0.0526    2    2
797    1607338369.78    1607338369.78    0.0    4    0.0284    0.1136    0.0284    2    2
798    1607338369.9    1607338369.9    0.0    4    0.5984    2.3936    0.5984    2    2
799    1607338369.93    1607338369.93    0.0    16    0.4243    6.7888    0.4243    2    5
800    1607338370.05    1607338370.05    0.0    256    0.8    204.8    0.8    3    6
801    1607338370.08    1607338370.08    0.00300002098083    64    0.0234    1.4976    0.0264000209808    2    6
802    1607338370.17    1607338370.17    0.00100016593933    256    0.4221    108.0576    0.423100165939    3    6
803    1607338370.18    1607338370.18    0.000999927520752    16    0.4243    6.7888    0.425299927521    3    6
804    1607338370.23    1607338370.23    0.000999927520752    256    0.0177    4.5312    0.0186999275208    3    6
805    1607338370.29    1607338370.3    0.00100016593933    64    0.6779    43.3856    0.678900165939    2    6
806    1607338370.41    1607338370.41    0.00100016593933    64    0.0055    0.352    0.00650016593933    3    6
807    1607338370.41    1607338370.41    0.000999927520752    256    0.7528    192.7168    0.753799927521    3    6
808    1607338370.58    1607338370.58    0.0    4    0.6477    2.5908    0.6477    2    2
809    1607338370.64    1607338370.64    0.000999927520752    64    0.6779    43.3856    0.678899927521    2    6
810    1607338370.67    1607338370.68    0.00100016593933    16    0.0285    0.456    0.0295001659393    2    2
811    1607338370.78    1607338370.78    0.000999927520752    64    0.1855    11.872    0.186499927521    2    6
812    1607338370.98    1607338370.98    0.000999927520752    256    0.8    204.8    0.800999927521    3    6
813    1607338371.14    1607338371.14    0.00399994850159    64    0.0234    1.4976    0.0273999485016    3    6
814    1607338371.26    1607338371.26    0.0    16    0.0297    0.4752    0.0297    2    6
815    1607338371.44    1607338371.44    0.00100016593933    4    1.1322    4.5288    1.13320016594    2    2
816    1607338371.58    1607338371.58    0.0    4    0.0526    0.2104    0.0526    2    2
817    1607338371.59    1607338371.59    0.0    64    0.0234    1.4976    0.0234    2    6
818    1607338371.6    1607338371.6    0.000999927520752    256    0.4221    108.0576    0.423099927521    3    6
819    1607338371.64    1607338371.64    0.00100016593933    64    0.0055    0.352    0.00650016593933    2    6
820    1607338371.75    1607338371.75    0.000999927520752    64    0.4167    26.6688    0.417699927521    2    6
821    1607338371.8    1607338371.8    0.0    4    0.0284    0.1136    0.0284    2    2
822    1607338371.94    1607338371.94    0.00100016593933    64    0.6779    43.3856    0.678900165939    2    6
823    1607338372.14    1607338372.14    0.0    256    0.0057    1.4592    0.0057    3    6
824    1607338372.21    1607338372.21    0.0    256    0.4221    108.0576    0.4221    3    6
825    1607338372.31    1607338372.31    0.000999927520752    256    0.8    204.8    0.800999927521    3    6
826    1607338372.41    1607338372.41    0.000999927520752    4    1.1322    4.5288    1.13319992752    2    2
827    1607338372.49    1607338372.49    0.0019998550415    256    0.0057    1.4592    0.0076998550415    3    6
828    1607338372.54    1607338372.55    0.00200009346008    64    0.4167    26.6688    0.41870009346    2    6
829    1607338372.87    1607338372.87    0.00100016593933    256    0.8    204.8    0.801000165939    3    6
830    1607338373.12    1607338373.12    0.000999927520752    16    0.8805    14.088    0.881499927521    2    2
831    1607338373.13    1607338373.14    0.000999927520752    16    0.0098    0.1568    0.0107999275208    2    2
832    1607338373.26    1607338373.26    0.000999927520752    16    0.4243    6.7888    0.425299927521    2    2
833    1607338373.34    1607338373.34    0.000999927520752    256    0.6189    158.4384    0.619899927521    3    6
834    1607338373.36    1607338373.36    0.00100016593933    4    0.0284    0.1136    0.0294001659393    2    2
835    1607338373.57    1607338373.57    0.00100016593933    256    0.4221    108.0576    0.423100165939    3    6
836    1607338373.78    1607338373.78    0.0    4    0.0284    0.1136    0.0284    2    2
837    1607338373.81    1607338373.81    0.0    16    0.0285    0.456    0.0285    2    2
838    1607338373.89    1607338373.89    0.0    64    0.0055    0.352    0.0055    2    5
839    1607338374.1    1607338374.1    0.00100016593933    64    0.0234    1.4976    0.0244001659393    2    5
840    1607338374.36    1607338374.36    0.0019998550415    64    0.9446    60.4544    0.946599855042    2    5
841    1607338374.46    1607338374.46    0.00100016593933    64    0.0125    0.8    0.0135001659393    2    5
842    1607338374.48    1607338374.48    0.000999927520752    4    0.0059    0.0236    0.00689992752075    2    2
843    1607338374.52    1607338374.52    0.000999927520752    16    0.8805    14.088    0.881499927521    2    2
844    1607338374.89    1607338374.89    0.0    16    0.0297    0.4752    0.0297    2    2
845    1607338374.99    1607338374.99    0.0019998550415    256    0.0057    1.4592    0.0076998550415    3    6
846    1607338375.0    1607338375.0    0.000999927520752    4    0.0834    0.3336    0.0843999275208    2    2
847    1607338375.08    1607338375.08    0.000999927520752    64    0.1855    11.872    0.186499927521    2    6
848    1607338375.14    1607338375.14    0.0    16    0.0429    0.6864    0.0429    2    2
849    1607338375.16    1607338375.16    0.0    4    0.6477    2.5908    0.6477    2    2
850    1607338375.34    1607338375.34    0.00100016593933    16    0.0285    0.456    0.0295001659393    2    2
851    1607338375.37    1607338375.37    0.000999927520752    256    0.0057    1.4592    0.00669992752075    3    6
852    1607338375.45    1607338375.45    0.000999927520752    64    0.0125    0.8    0.0134999275208    2    5
853    1607338375.47    1607338375.47    0.0    4    0.0284    0.1136    0.0284    2    2
854    1607338375.55    1607338375.55    0.000999927520752    16    0.4243    6.7888    0.425299927521    2    2
855    1607338375.58    1607338375.58    0.000999927520752    4    0.0834    0.3336    0.0843999275208    2    2
856    1607338375.84    1607338375.84    0.00100016593933    256    0.4221    108.0576    0.423100165939    3    6
857    1607338375.97    1607338375.97    0.0    4    0.5984    2.3936    0.5984    2    2
858    1607338376.12    1607338376.12    0.00100016593933    16    0.0297    0.4752    0.0307001659393    2    2
859    1607338376.26    1607338376.26    0.00100016593933    64    0.0234    1.4976    0.0244001659393    2    6
860    1607338376.3    1607338376.3    0.00100016593933    4    0.0059    0.0236    0.00690016593933    2    2
861    1607338376.37    1607338376.37    0.000999927520752    16    0.0098    0.1568    0.0107999275208    2    2
862    1607338377.01    1607338377.02    0.00100016593933    4    0.5984    2.3936    0.599400165939    2    2
863    1607338377.11    1607338377.11    0.0    256    0.8    204.8    0.8    3    6
864    1607338377.15    1607338377.15    0.000999927520752    16    0.0429    0.6864    0.0438999275208    2    2
865    1607338377.24    1607338377.24    0.000999927520752    4    0.5984    2.3936    0.599399927521    2    2
866    1607338377.3    1607338377.3    0.0    4    0.0284    0.1136    0.0284    2    2
867    1607338377.34    1607338377.34    0.000999927520752    16    0.8805    14.088    0.881499927521    2    2
868    1607338377.57    1607338377.57    0.00300002098083    4    0.0284    0.1136    0.0314000209808    2    2
869    1607338377.6    1607338377.61    0.000999927520752    256    0.4221    108.0576    0.423099927521    3    6
870    1607338378.18    1607338378.18    0.0    4    0.0526    0.2104    0.0526    2    2
871    1607338378.21    1607338378.21    0.0    16    0.0285    0.456    0.0285    2    2
872    1607338378.43    1607338378.43    0.00100016593933    64    0.0055    0.352    0.00650016593933    2    5
873    1607338378.49    1607338378.49    0.00100016593933    16    0.0429    0.6864    0.0439001659393    2    2
874    1607338378.64    1607338378.64    0.000999927520752    16    0.0297    0.4752    0.0306999275208    2    2
875    1607338379.0    1607338379.0    0.000999927520752    16    0.4243    6.7888    0.425299927521    2    2
876    1607338379.17    1607338379.17    0.0    4    0.5984    2.3936    0.5984    2    2
877    1607338379.32    1607338379.33    0.00100016593933    64    0.0125    0.8    0.0135001659393    2    6
878    1607338379.33    1607338379.33    0.0019998550415    16    0.0429    0.6864    0.0448998550415    2    5
879    1607338379.39    1607338379.39    0.0    16    0.0429    0.6864    0.0429    2    5
880    1607338379.5    1607338379.5    0.0    16    0.0297    0.4752    0.0297    2    2
881    1607338379.68    1607338379.68    0.000999927520752    64    0.0125    0.8    0.0134999275208    2    6
882    1607338379.85    1607338379.85    0.000999927520752    16    0.0098    0.1568    0.0107999275208    2    2
883    1607338379.87    1607338379.87    0.0    64    0.9446    60.4544    0.9446    2    5
884    1607338380.17    1607338380.17    0.000999927520752    256    0.4221    108.0576    0.423099927521    3    6
885    1607338380.22    1607338380.22    0.000999927520752    256    0.8    204.8    0.800999927521    3    6
886    1607338380.4    1607338380.4    0.00200009346008    16    0.0429    0.6864    0.0449000934601    2    2
887    1607338380.43    1607338380.43    0.000999927520752    16    0.0297    0.4752    0.0306999275208    2    2
888    1607338380.44    1607338380.45    0.00100016593933    16    0.0429    0.6864    0.0439001659393    2    2
889    1607338380.67    1607338380.67    0.0    16    0.8805    14.088    0.8805    2    2
890    1607338380.86    1607338380.86    0.000999927520752    64    0.9446    60.4544    0.945599927521    2    5
891    1607338380.95    1607338380.95    0.00100016593933    64    0.0234    1.4976    0.0244001659393    2    6
892    1607338381.01    1607338381.01    0.0    4    0.0834    0.3336    0.0834    2    2
893    1607338381.02    1607338381.03    0.00100016593933    256    0.6189    158.4384    0.619900165939    3    6
894    1607338381.07    1607338381.07    0.00100016593933    16    0.0297    0.4752    0.0307001659393    2    2
895    1607338381.16    1607338381.16    0.000999927520752    64    0.9446    60.4544    0.945599927521    2    6
896    1607338381.25    1607338381.25    0.00100016593933    256    0.6189    158.4384    0.619900165939    3    6
897    1607338381.4    1607338381.4    0.000999927520752    256    0.6189    158.4384    0.619899927521    3    6
898    1607338381.6    1607338381.6    0.0    4    0.0834    0.3336    0.0834    2    2
899    1607338381.64    1607338381.64    0.0    64    0.9446    60.4544    0.9446    2    6

dispatched jobs are: 900 out of 900
average queue time is: 0.0752577810817
fso links are used for 0 times
overall utilization is 0.0639491775689
average response time is 0.40829255886
average weighted response time is 0.948012085368
average slowdown is 1.39041641384
cpu_request: 67704, cpu_run: 67704
ssd_request: 32460, ssd_run: 0
gpu_request: 33477, gpu_run: 0
cpu aspl: 2.23333333333
cpu diameter: 3.93222222222
job x: 0.0
job y: 0.0
job z: 0.0
