#timestep  occupied-CPU  total-CPU  utilization  queuingjobs
1    64    4096    0.015625    0
2    0    4096    0.0    0
3    0    4096    0.0    0
4    324    4096    0.0791015625    0
5    0    4096    0.0    0
6    336    4096    0.08203125    0
7    64    4096    0.015625    0
8    0    4096    0.0    0
9    260    4096    0.0634765625    0
10    256    4096    0.0625    0
11    64    4096    0.015625    0
12    0    4096    0.0    0
13    0    4096    0.0    0
14    16    4096    0.00390625    0
15    0    4096    0.0    0
16    4    4096    0.0009765625    0
17    256    4096    0.0625    0
18    16    4096    0.00390625    0
19    0    4096    0.0    0
20    0    4096    0.0    0
21    16    4096    0.00390625    0
22    0    4096    0.0    0
23    256    4096    0.0625    0
24    0    4096    0.0    0
25    16    4096    0.00390625    0
26    0    4096    0.0    0
27    0    4096    0.0    0
28    16    4096    0.00390625    0
29    4    4096    0.0009765625    0
30    0    4096    0.0    0
31    4    4096    0.0009765625    0
32    26    4096    0.00634765625    0
33    256    4096    0.0625    0
34    0    4096    0.0    0
35    0    4096    0.0    0
36    64    4096    0.015625    0
37    512    4096    0.125    0
38    4    4096    0.0009765625    0
39    0    4096    0.0    1
40    0    4096    0.0    0
41    256    4096    0.0625    0
42    128    4096    0.03125    0
43    256    4096    0.0625    0
44    16    4096    0.00390625    0
45    0    4096    0.0    0
46    68    4096    0.0166015625    0
47    16    4096    0.00390625    0
48    148    4096    0.0361328125    0
49    0    4096    0.0    0
50    256    4096    0.0625    0
51    0    4096    0.0    0
52    0    4096    0.0    0
53    0    4096    0.0    0
54    80    4096    0.01953125    0
55    32    4096    0.0078125    0
56    16    4096    0.00390625    0
57    64    4096    0.015625    0
58    4    4096    0.0009765625    0
59    0    4096    0.0    0
60    0    4096    0.0    0
61    64    4096    0.015625    0
62    336    4096    0.08203125    0
63    512    4096    0.125    0
64    256    4096    0.0625    0
65    256    4096    0.0625    0
66    0    4096    0.0    0
67    64    4096    0.015625    0
68    16    4096    0.00390625    0
69    0    4096    0.0    0
70    256    4096    0.0625    0
71    0    4096    0.0    0
72    320    4096    0.078125    0
73    0    4096    0.0    0
74    0    4096    0.0    0
75    0    4096    0.0    0
76    0    4096    0.0    0
77    0    4096    0.0    0
78    272    4096    0.06640625    0
79    324    4096    0.0791015625    0
80    0    4096    0.0    0
81    0    4096    0.0    0
82    0    4096    0.0    0
83    0    4096    0.0    0
84    64    4096    0.015625    0
85    4    4096    0.0009765625    0
86    256    4096    0.0625    0
87    64    4096    0.015625    0
88    0    4096    0.0    0
89    4    4096    0.0009765625    0
90    16    4096    0.00390625    0
91    384    4096    0.09375    0
92    4    4096    0.0009765625    0
93    0    4096    0.0    0
94    4    4096    0.0009765625    0
95    0    4096    0.0    0
96    0    4096    0.0    0
97    64    4096    0.015625    0
98    0    4096    0.0    1
99    276    4096    0.0673828125    0
100    0    4096    0.0    0

average cpu utilization is: 0.0195068359375
average ssd utilization is: 1.0
average gpu utilization is: 1.0
average utilization is: 0.673168945312
average queuing jobs are: 0.02
maximum queuing jobs are: 1


#job_number  submit  dispatch  queue  cpu#  runtime  weight  response(turnaround)  cpu_aspl  cpu_diameter
0    1607329654.01    1607329740.62    86.6059999466    64    0.1855    11.872    86.7914999466    2    5
1    1607329741.63    1607329741.63    0.0    4    0.0284    0.1136    0.0284    2    2
2    1607329741.8    1607329741.8    0.0    4    0.6477    2.5908    0.6477    2    2
3    1607329742.82    1607329742.82    0.000999927520752    256    0.6189    158.4384    0.619899927521    3    6
4    1607329742.97    1607329742.97    0.00100016593933    4    1.1322    4.5288    1.13320016594    2    2
5    1607329743.13    1607329743.13    0.000999927520752    256    0.7528    192.7168    0.753799927521    3    6
6    1607329743.13    1607329743.13    0.00100016593933    16    0.0429    0.6864    0.0439001659393    2    2
7    1607329743.21    1607329743.21    0.0    16    0.0098    0.1568    0.0098    2    2
8    1607329743.26    1607329743.27    0.00100016593933    16    0.0297    0.4752    0.0307001659393    2    2
9    1607329743.5    1607329743.5    0.0    64    0.9446    60.4544    0.9446    2    5
10    1607329745.0    1607329745.0    0.0    4    0.5984    2.3936    0.5984    2    2
11    1607329745.26    1607329745.26    0.0    16    0.7616    12.1856    0.7616    2    2
12    1607329745.36    1607329745.36    0.000999927520752    64    0.9446    60.4544    0.945599927521    2    6
13    1607329745.77    1607329745.77    0.0    256    0.7528    192.7168    0.7528    3    6
14    1607329745.77    1607329745.77    0.000999927520752    16    0.0098    0.1568    0.0107999275208    2    2
15    1607329746.11    1607329746.11    0.000999927520752    256    0.6189    158.4384    0.619899927521    3    6
16    1607329747.07    1607329747.07    0.0    64    0.1855    11.872    0.1855    2    5
17    1607329747.31    1607329747.31    0.0    16    0.7616    12.1856    0.7616    2    2
18    1607329747.63    1607329747.63    0.000999927520752    16    0.0098    0.1568    0.0107999275208    2    2
19    1607329747.63    1607329747.64    0.000999927520752    16    0.0297    0.4752    0.0306999275208    2    2
20    1607329747.66    1607329747.66    0.0    4    0.0059    0.0236    0.0059    2    2
21    1607329748.22    1607329748.22    0.0    16    0.0098    0.1568    0.0098    2    2
22    1607329748.7    1607329748.7    0.0    4    0.6477    2.5908    0.6477    2    2
23    1607329748.94    1607329748.94    0.000999927520752    256    0.6189    158.4384    0.619899927521    3    6
24    1607329749.28    1607329749.28    0.000999927520752    4    0.0284    0.1136    0.0293999275208    2    2
25    1607329749.62    1607329749.62    0.0    16    0.0429    0.6864    0.0429    2    2
26    1607329749.64    1607329749.64    0.0    16    0.0429    0.6864    0.0429    2    2
27    1607329749.89    1607329749.89    0.0    4    0.0834    0.3336    0.0834    2    2
28    1607329750.23    1607329750.23    0.000999927520752    256    0.4221    108.0576    0.423099927521    3    6
29    1607329751.12    1607329751.12    0.0    64    0.9446    60.4544    0.9446    2    5
30    1607329751.34    1607329751.34    0.0    16    0.0429    0.6864    0.0429    2    2
31    1607329751.71    1607329751.71    0.0    4    0.0284    0.1136    0.0284    2    2
32    1607329752.51    1607329752.51    0.0    16    0.7616    12.1856    0.7616    2    2
33    1607329752.51    1607329752.51    0.0    4    0.6477    2.5908    0.6477    2    2
34    1607329752.78    1607329752.78    0.0    16    0.4243    6.7888    0.4243    2    5
35    1607329752.89    1607329752.89    0.0    16    0.4243    6.7888    0.4243    2    2
36    1607329753.37    1607329753.37    0.000999927520752    256    0.0057    1.4592    0.00669992752075    3    6
37    1607329754.28    1607329754.28    0.0    4    0.0834    0.3336    0.0834    2    2
38    1607329754.56    1607329754.56    0.0    16    0.4243    6.7888    0.4243    2    2
39    1607329754.8    1607329754.8    0.0    4    0.5984    2.3936    0.5984    2    2
40    1607329755.81    1607329755.81    0.0    4    0.6477    2.5908    0.6477    2    2
41    1607329756.5    1607329756.5    0.0    16    0.0098    0.1568    0.0098    2    2
42    1607329756.73    1607329756.73    0.0    4    0.0284    0.1136    0.0284    2    2
43    1607329756.76    1607329756.76    0.0    64    0.0055    0.352    0.0055    2    6
44    1607329757.36    1607329757.36    0.00100016593933    256    0.8    204.8    0.801000165939    3    6
45    1607329757.37    1607329757.37    0.0    16    0.0429    0.6864    0.0429    2    2
46    1607329757.55    1607329757.56    0.00100016593933    16    0.0098    0.1568    0.0108001659393    2    2
47    1607329758.08    1607329758.08    0.0    4    0.0059    0.0236    0.0059    2    2
48    1607329758.29    1607329758.29    0.0    16    0.0297    0.4752    0.0297    2    2
49    1607329758.48    1607329758.48    0.0    16    0.0429    0.6864    0.0429    2    2
50    1607329758.87    1607329758.87    0.0    16    0.0297    0.4752    0.0297    2    2
51    1607329760.07    1607329760.07    0.0    64    0.9446    60.4544    0.9446    2    5
52    1607329760.27    1607329760.27    0.0    4    0.0284    0.1136    0.0284    2    2
53    1607329761.76    1607329761.76    0.0    4    0.0834    0.3336    0.0834    2    2
54    1607329762.05    1607329762.05    0.0    16    0.8805    14.088    0.8805    2    2
55    1607329762.38    1607329762.39    0.000999927520752    64    0.4167    26.6688    0.417699927521    2    6
56    1607329762.83    1607329762.83    0.000999927520752    64    0.0055    0.352    0.00649992752075    2    6
57    1607329763.23    1607329763.23    0.000999927520752    4    0.5984    2.3936    0.599399927521    2    2
58    1607329764.03    1607329764.03    0.000999927520752    64    0.0125    0.8    0.0134999275208    2    5
59    1607329764.1    1607329764.1    0.00100016593933    256    0.4221    108.0576    0.423100165939    3    6
60    1607329764.28    1607329764.28    0.0019998550415    16    0.0429    0.6864    0.0448998550415    2    2
61    1607329764.41    1607329764.41    0.000999927520752    16    0.4243    6.7888    0.425299927521    2    2
62    1607329764.62    1607329764.62    0.00100016593933    256    0.0177    4.5312    0.0187001659393    3    6
63    1607329764.77    1607329764.77    0.0    4    0.0834    0.3336    0.0834    2    2
64    1607329764.95    1607329764.95    0.0    4    0.0834    0.3336    0.0834    2    2
65    1607329765.16    1607329765.16    0.0    16    0.0285    0.456    0.0285    2    2
66    1607329765.49    1607329765.49    0.0    64    0.0125    0.8    0.0125    2    5
67    1607329765.66    1607329765.66    0.0    16    0.0098    0.1568    0.0098    2    2
68    1607329765.76    1607329765.76    0.0    16    0.7616    12.1856    0.7616    2    2
69    1607329765.79    1607329765.79    0.0    256    0.0057    1.4592    0.0057    3    6
70    1607329766.01    1607329766.01    0.0    16    0.0429    0.6864    0.0429    2    2
71    1607329766.63    1607329766.63    0.0    64    0.4167    26.6688    0.4167    2    5
72    1607329766.93    1607329766.93    0.0    16    0.4243    6.7888    0.4243    2    2
73    1607329767.37    1607329767.37    0.0    16    0.0098    0.1568    0.0098    2    2
74    1607329768.46    1607329768.46    0.0    256    0.0057    1.4592    0.0057    3    6
75    1607329768.7    1607329768.7    0.0    4    0.5984    2.3936    0.5984    2    2
76    1607329768.84    1607329768.84    0.0    256    0.7528    192.7168    0.7528    3    6
77    1607329769.31    1607329769.31    0.000999927520752    16    0.8805    14.088    0.881499927521    2    3
78    1607329770.04    1607329770.05    0.00100016593933    16    0.0098    0.1568    0.0108001659393    2    2
79    1607329770.53    1607329770.53    0.0    16    0.0297    0.4752    0.0297    2    2
80    1607329770.62    1607329770.62    0.0    4    0.6477    2.5908    0.6477    2    2
81    1607329771.09    1607329771.09    0.0    256    0.4221    108.0576    0.4221    3    6
82    1607329771.15    1607329771.16    0.000999927520752    16    0.0429    0.6864    0.0438999275208    2    2
83    1607329771.33    1607329771.33    0.0    256    0.0057    1.4592    0.0057    3    6
84    1607329771.62    1607329771.62    0.0    64    0.0234    1.4976    0.0234    2    5
85    1607329772.12    1607329772.12    0.0    4    0.0834    0.3336    0.0834    2    2
86    1607329772.3    1607329772.3    0.0    4    1.1322    4.5288    1.1322    2    2
87    1607329772.53    1607329772.53    0.000999927520752    16    0.0285    0.456    0.0294999275208    2    2
88    1607329773.27    1607329773.27    0.0    16    0.0098    0.1568    0.0098    2    2
89    1607329773.37    1607329773.37    0.0    16    0.4243    6.7888    0.4243    2    2
90    1607329773.42    1607329773.42    0.0    4    0.0526    0.2104    0.0526    2    2
91    1607329773.44    1607329773.44    0.0    4    0.0526    0.2104    0.0526    2    2
92    1607329773.57    1607329773.57    0.0    4    0.5984    2.3936    0.5984    2    2
93    1607329773.82    1607329773.82    0.0    16    0.7616    12.1856    0.7616    2    2
94    1607329773.9    1607329773.9    0.000999927520752    64    0.9446    60.4544    0.945599927521    2    6
95    1607329773.91    1607329773.91    0.000999927520752    64    0.0234    1.4976    0.0243999275208    2    6
96    1607329774.05    1607329774.05    0.0    4    0.0526    0.2104    0.0526    2    2
97    1607329774.62    1607329774.62    0.000999927520752    256    0.6189    158.4384    0.619899927521    3    6
98    1607329774.75    1607329774.75    0.0    16    0.0429    0.6864    0.0429    2    2
99    1607329775.13    1607329775.13    0.0    256    0.4221    108.0576    0.4221    3    6
100    1607329775.15    1607329775.15    0.00100016593933    16    0.0098    0.1568    0.0108001659393    2    2
101    1607329775.54    1607329775.54    0.0    16    0.0297    0.4752    0.0297    2    2
102    1607329776.89    1607329776.89    0.0    64    0.0125    0.8    0.0125    2    5
103    1607329777.81    1607329777.81    0.0    16    0.0098    0.1568    0.0098    2    2
104    1607329778.16    1607329778.16    0.000999927520752    64    0.1855    11.872    0.186499927521    2    5
105    1607329778.28    1607329778.28    0.000999927520752    64    0.0125    0.8    0.0134999275208    2    5
106    1607329778.56    1607329778.56    0.0    4    0.0834    0.3336    0.0834    2    2
107    1607329778.66    1607329778.66    0.0    256    0.6189    158.4384    0.6189    3    6
108    1607329778.86    1607329778.86    0.000999927520752    256    0.6189    158.4384    0.619899927521    3    6
109    1607329779.84    1607329779.84    0.0    4    0.5984    2.3936    0.5984    2    2
110    1607329780.39    1607329780.39    0.000999927520752    64    0.0234    1.4976    0.0243999275208    2    6
111    1607329781.49    1607329781.49    0.0019998550415    256    0.6189    158.4384    0.620899855042    3    6
112    1607329782.04    1607329782.04    0.0    4    0.0284    0.1136    0.0284    2    2
113    1607329782.24    1607329782.24    0.0    256    0.0057    1.4592    0.0057    3    6
114    1607329782.45    1607329782.45    0.0    16    0.0429    0.6864    0.0429    2    2
115    1607329783.37    1607329783.37    0.0    256    0.8    204.8    0.8    3    6
116    1607329783.41    1607329783.42    0.000999927520752    16    0.0429    0.6864    0.0438999275208    2    2
117    1607329783.75    1607329783.75    0.00100016593933    64    0.1855    11.872    0.186500165939    2    5
118    1607329783.77    1607329783.77    0.000999927520752    256    0.0057    1.4592    0.00669992752075    3    6
119    1607329784.24    1607329784.24    0.0    64    0.9446    60.4544    0.9446    2    5
120    1607329784.4    1607329784.4    0.0    64    0.4167    26.6688    0.4167    2    5
121    1607329784.54    1607329784.54    0.0    4    0.0284    0.1136    0.0284    2    2
122    1607329785.15    1607329785.16    0.000999927520752    16    0.0098    0.1568    0.0107999275208    2    2
123    1607329785.39    1607329785.39    0.0    256    0.7528    192.7168    0.7528    3    6
124    1607329785.45    1607329785.45    0.0    4    0.0284    0.1136    0.0284    2    2
125    1607329785.92    1607329785.92    0.000999927520752    64    0.4167    26.6688    0.417699927521    2    5
126    1607329786.43    1607329786.43    0.0    16    0.4243    6.7888    0.4243    2    2
127    1607329786.5    1607329786.5    0.000999927520752    64    0.0125    0.8    0.0134999275208    2    6
128    1607329786.92    1607329786.92    0.0    256    0.7528    192.7168    0.7528    3    6
129    1607329787.24    1607329787.25    0.00100016593933    4    0.0284    0.1136    0.0294001659393    2    2
130    1607329788.5    1607329788.5    0.000999927520752    64    0.9446    60.4544    0.945599927521    2    5
131    1607329788.67    1607329788.67    0.0    4    0.6477    2.5908    0.6477    2    2
132    1607329788.95    1607329788.95    0.0    16    0.4243    6.7888    0.4243    2    2
133    1607329789.33    1607329789.33    0.0    256    0.0177    4.5312    0.0177    3    6
134    1607329789.53    1607329789.53    0.0    16    0.4243    6.7888    0.4243    2    2
135    1607329789.77    1607329789.77    0.0    16    0.8805    14.088    0.8805    2    2
136    1607329789.92    1607329789.92    0.0    4    0.0526    0.2104    0.0526    2    2
137    1607329790.51    1607329790.51    0.000999927520752    64    0.9446    60.4544    0.945599927521    2    6
138    1607329790.52    1607329790.52    0.0    16    0.0285    0.456    0.0285    2    2
139    1607329790.67    1607329790.67    0.0    4    0.0834    0.3336    0.0834    2    2
140    1607329790.68    1607329790.68    0.0    4    0.5984    2.3936    0.5984    2    2
141    1607329790.91    1607329790.91    0.0    16    0.7616    12.1856    0.7616    2    3
142    1607329790.96    1607329790.96    0.00100016593933    64    0.9446    60.4544    0.945600165939    2    6
143    1607329790.99    1607329790.99    0.0    4    0.0834    0.3336    0.0834    2    2
144    1607329790.99    1607329790.99    0.0    16    0.0098    0.1568    0.0098    2    5
145    1607329791.01    1607329791.01    0.00100016593933    64    0.0055    0.352    0.00650016593933    2    6
146    1607329791.59    1607329791.6    0.000999927520752    256    0.0177    4.5312    0.0186999275208    3    6
147    1607329792.26    1607329792.26    0.0    16    0.0285    0.456    0.0285    2    2
148    1607329792.67    1607329792.67    0.0    256    0.0177    4.5312    0.0177    3    6
149    1607329792.96    1607329792.96    0.0    256    0.7528    192.7168    0.7528    3    6
150    1607329793.65    1607329793.65    0.0    64    0.0125    0.8    0.0125    2    5
151    1607329794.32    1607329794.32    0.000999927520752    64    0.0125    0.8    0.0134999275208    2    5
152    1607329795.38    1607329795.39    0.000999927520752    64    0.0125    0.8    0.0134999275208    2    5
153    1607329795.65    1607329795.65    0.0    4    0.0526    0.2104    0.0526    2    2
154    1607329795.69    1607329795.69    0.0    4    0.0284    0.1136    0.0284    2    2
155    1607329795.79    1607329795.79    0.0    64    0.4167    26.6688    0.4167    2    5
156    1607329796.41    1607329796.41    0.0    64    0.0125    0.8    0.0125    2    5
157    1607329797.36    1607329797.36    0.0    16    0.8805    14.088    0.8805    2    2
158    1607329797.43    1607329797.43    0.0    64    0.1855    11.872    0.1855    2    6
159    1607329797.54    1607329797.54    0.00300002098083    256    0.4221    108.0576    0.425100020981    3    6
160    1607329797.74    1607329797.74    0.0    4    0.6477    2.5908    0.6477    2    2
161    1607329797.89    1607329797.89    0.0    4    0.5984    2.3936    0.5984    2    2
162    1607329798.4    1607329798.4    0.0    16    0.8805    14.088    0.8805    2    2
163    1607329798.53    1607329798.53    0.0    16    0.7616    12.1856    0.7616    2    2
164    1607329799.66    1607329799.66    0.0    16    0.8805    14.088    0.8805    2    2
165    1607329799.78    1607329799.78    0.000999927520752    64    0.6779    43.3856    0.678899927521    2    6
166    1607329800.59    1607329800.59    0.0    64    0.6779    43.3856    0.6779    2    5
167    1607329800.64    1607329800.64    0.000999927520752    64    0.0055    0.352    0.00649992752075    2    5
168    1607329800.83    1607329800.83    0.0    256    0.8    204.8    0.8    3    6
169    1607329800.85    1607329800.85    0.0    16    0.4243    6.7888    0.4243    2    2
170    1607329801.24    1607329801.24    0.0    64    0.0234    1.4976    0.0234    2    6
171    1607329801.3    1607329801.3    0.0    16    0.4243    6.7888    0.4243    2    2
172    1607329801.47    1607329801.47    0.0    4    1.1322    4.5288    1.1322    2    2
173    1607329801.64    1607329801.65    0.00800013542175    256    0.0177    4.5312    0.0257001354218    3    6
174    1607329802.44    1607329802.44    0.00100016593933    64    0.1855    11.872    0.186500165939    2    6
175    1607329803.03    1607329803.03    0.0    4    0.6477    2.5908    0.6477    2    2
176    1607329803.12    1607329803.12    0.0    16    0.0297    0.4752    0.0297    2    2
177    1607329803.17    1607329803.17    0.0    16    0.0285    0.456    0.0285    2    2
178    1607329803.43    1607329803.43    0.0    256    0.0177    4.5312    0.0177    3    6
179    1607329803.44    1607329803.44    0.0    256    0.0177    4.5312    0.0177    3    6
180    1607329804.06    1607329804.06    0.0    64    0.0125    0.8    0.0125    2    5
181    1607329804.4    1607329804.4    0.0    4    0.5984    2.3936    0.5984    2    2
182    1607329804.71    1607329804.71    0.0    64    0.6779    43.3856    0.6779    2    6
183    1607329805.25    1607329805.25    0.0    4    0.5984    2.3936    0.5984    2    2
184    1607329805.4    1607329805.4    0.0    16    0.7616    12.1856    0.7616    2    2
185    1607329805.51    1607329805.51    0.000999927520752    64    0.9446    60.4544    0.945599927521    2    6
186    1607329806.06    1607329806.06    0.0    256    0.4221    108.0576    0.4221    3    6
187    1607329806.43    1607329806.43    0.0    64    0.6779    43.3856    0.6779    2    6
188    1607329806.85    1607329806.85    0.00100016593933    256    0.7528    192.7168    0.753800165939    3    6
189    1607329806.87    1607329806.87    0.000999927520752    256    0.6189    158.4384    0.619899927521    3    6
190    1607329806.9    1607329806.9    0.000999927520752    16    0.0098    0.1568    0.0107999275208    2    2
191    1607329806.98    1607329806.98    0.000999927520752    64    0.0055    0.352    0.00649992752075    2    5
192    1607329807.33    1607329807.33    0.0    64    0.0125    0.8    0.0125    2    6
193    1607329807.38    1607329807.38    0.000999927520752    64    0.6779    43.3856    0.678899927521    2    6
194    1607329807.46    1607329807.46    0.0    64    0.1855    11.872    0.1855    2    5
195    1607329807.5    1607329807.5    0.00399994850159    16    0.4243    6.7888    0.428299948502    2    2
196    1607329807.85    1607329807.85    0.0    64    0.0234    1.4976    0.0234    2    6
197    1607329808.02    1607329808.02    0.0    256    0.4221    108.0576    0.4221    3    6
198    1607329808.47    1607329808.47    0.0    16    0.0285    0.456    0.0285    2    2
199    1607329808.55    1607329808.55    0.000999927520752    256    0.8    204.8    0.800999927521    3    6
200    1607329808.62    1607329808.62    0.00100016593933    16    0.0098    0.1568    0.0108001659393    2    2
201    1607329809.14    1607329809.14    0.0    256    0.0057    1.4592    0.0057    3    6
202    1607329809.4    1607329809.4    0.00100016593933    64    0.9446    60.4544    0.945600165939    2    5
203    1607329810.22    1607329810.22    0.000999927520752    64    0.0055    0.352    0.00649992752075    2    5
204    1607329810.48    1607329810.48    0.0    4    0.0059    0.0236    0.0059    2    2
205    1607329810.49    1607329810.49    -0.000999927520752    4    0.0834    0.3336    0.0824000724792    2    2
206    1607329810.89    1607329810.89    0.0    4    0.0526    0.2104    0.0526    2    2
207    1607329811.38    1607329811.38    0.0    64    0.6779    43.3856    0.6779    2    5
208    1607329811.62    1607329811.62    0.000999927520752    256    0.4221    108.0576    0.423099927521    3    6
209    1607329811.95    1607329811.95    0.000999927520752    64    0.1855    11.872    0.186499927521    2    5
210    1607329811.99    1607329811.99    0.0    4    0.0284    0.1136    0.0284    2    2
211    1607329812.17    1607329812.17    0.0    16    0.8805    14.088    0.8805    2    2
212    1607329812.41    1607329812.41    0.0    16    0.0098    0.1568    0.0098    2    2
213    1607329812.41    1607329812.41    0.0    4    0.0284    0.1136    0.0284    2    2
214    1607329812.51    1607329812.51    0.0    4    0.0059    0.0236    0.0059    2    2
215    1607329812.56    1607329812.57    0.00399994850159    256    0.0177    4.5312    0.0216999485016    3    6
216    1607329814.03    1607329814.03    0.0    256    0.6189    158.4384    0.6189    3    6
217    1607329814.26    1607329814.26    0.0    256    0.7528    192.7168    0.7528    3    6
218    1607329814.55    1607329814.55    0.0    4    0.0526    0.2104    0.0526    2    2
219    1607329814.73    1607329814.73    0.0    16    0.7616    12.1856    0.7616    2    2
220    1607329814.89    1607329814.89    0.0    16    0.4243    6.7888    0.4243    2    2
221    1607329815.65    1607329815.65    0.0    256    0.0177    4.5312    0.0177    3    6
222    1607329815.79    1607329815.79    0.00200009346008    256    0.6189    158.4384    0.62090009346    3    6
223    1607329815.94    1607329815.94    0.0    16    0.0098    0.1568    0.0098    2    2
224    1607329815.96    1607329815.96    0.000999927520752    64    0.0055    0.352    0.00649992752075    2    5
225    1607329816.43    1607329816.44    0.00799989700317    64    0.0234    1.4976    0.0313998970032    2    5
226    1607329816.49    1607329816.49    0.0    256    0.4221    108.0576    0.4221    3    6
227    1607329816.7    1607329816.7    0.000999927520752    64    0.9446    60.4544    0.945599927521    2    5
228    1607329817.08    1607329817.08    0.0    4    0.6477    2.5908    0.6477    2    2
229    1607329817.21    1607329817.21    0.0    4    0.0284    0.1136    0.0284    2    2
230    1607329817.59    1607329817.59    0.0    4    0.0284    0.1136    0.0284    2    2
231    1607329817.67    1607329817.67    0.0    16    0.0297    0.4752    0.0297    2    2
232    1607329818.51    1607329818.51    0.0    4    0.0834    0.3336    0.0834    2    2
233    1607329819.43    1607329819.43    0.0    4    0.0834    0.3336    0.0834    2    2
234    1607329820.23    1607329820.23    0.0    16    0.0429    0.6864    0.0429    2    2
235    1607329820.48    1607329820.48    0.0    16    0.0297    0.4752    0.0297    2    2
236    1607329821.8    1607329821.8    0.0    256    0.0057    1.4592    0.0057    3    6
237    1607329822.53    1607329822.53    0.000999927520752    256    0.7528    192.7168    0.753799927521    3    6
238    1607329822.63    1607329822.63    0.0    16    0.8805    14.088    0.8805    2    2
239    1607329823.32    1607329823.32    0.000999927520752    256    0.8    204.8    0.800999927521    3    6
240    1607329823.38    1607329823.38    0.0    4    0.0284    0.1136    0.0284    2    2
241    1607329823.64    1607329823.64    0.000999927520752    256    0.7528    192.7168    0.753799927521    3    6
242    1607329823.78    1607329823.78    0.0    4    0.0059    0.0236    0.0059    2    2
243    1607329823.83    1607329823.83    0.000999927520752    16    0.0429    0.6864    0.0438999275208    2    2
244    1607329823.92    1607329823.92    0.000999927520752    4    1.1322    4.5288    1.13319992752    2    2
245    1607329824.02    1607329824.02    0.0    64    0.0055    0.352    0.0055    2    6
246    1607329824.2    1607329824.2    0.0    64    0.6779    43.3856    0.6779    2    5
247    1607329824.8    1607329824.8    0.0    64    0.0125    0.8    0.0125    2    5
248    1607329825.48    1607329825.48    0.00200009346008    256    0.7528    192.7168    0.75480009346    3    6
249    1607329825.55    1607329825.55    0.0    4    0.0059    0.0236    0.0059    2    2
250    1607329825.62    1607329825.62    0.000999927520752    256    0.7528    192.7168    0.753799927521    3    6
251    1607329826.22    1607329826.22    0.000999927520752    64    0.1855    11.872    0.186499927521    2    5
252    1607329826.73    1607329826.73    0.0    4    0.0059    0.0236    0.0059    2    2
253    1607329826.87    1607329826.87    0.0    256    0.6189    158.4384    0.6189    3    6
254    1607329826.88    1607329826.88    0.0    64    0.1855    11.872    0.1855    2    5
255    1607329827.6    1607329827.6    0.0    4    0.0284    0.1136    0.0284    2    2
256    1607329827.85    1607329827.85    0.0    16    0.0297    0.4752    0.0297    2    2
257    1607329828.48    1607329828.48    0.0    16    0.0285    0.456    0.0285    2    2
258    1607329828.68    1607329828.68    0.00200009346008    256    0.7528    192.7168    0.75480009346    3    6
259    1607329828.85    1607329828.85    0.0    64    0.9446    60.4544    0.9446    2    5
260    1607329829.55    1607329829.55    0.0    16    0.0429    0.6864    0.0429    2    2
261    1607329829.98    1607329829.98    0.0    16    0.0098    0.1568    0.0098    2    2
262    1607329830.3    1607329830.3    0.0    64    0.0125    0.8    0.0125    2    5
263    1607329830.72    1607329830.72    0.0    4    1.1322    4.5288    1.1322    2    2
264    1607329831.59    1607329831.59    0.00100016593933    256    0.8    204.8    0.801000165939    3    6
265    1607329831.68    1607329831.68    0.0    256    0.0057    1.4592    0.0057    3    6
266    1607329831.92    1607329831.92    0.000999927520752    256    0.7528    192.7168    0.753799927521    3    6
267    1607329832.21    1607329832.21    0.0    16    0.0429    0.6864    0.0429    2    2
268    1607329832.84    1607329832.85    0.000999927520752    64    0.4167    26.6688    0.417699927521    2    5
269    1607329834.44    1607329834.45    0.00100016593933    64    0.1855    11.872    0.186500165939    2    5
270    1607329834.68    1607329834.68    0.0    4    1.1322    4.5288    1.1322    2    2
271    1607329835.15    1607329835.15    0.000999927520752    256    0.8    204.8    0.800999927521    3    6
272    1607329835.61    1607329835.61    0.000999927520752    16    0.7616    12.1856    0.762599927521    2    2
273    1607329836.68    1607329836.68    0.0    4    0.0059    0.0236    0.0059    2    2
274    1607329836.7    1607329836.7    0.000999927520752    64    0.6779    43.3856    0.678899927521    2    5
275    1607329836.87    1607329836.87    0.00100016593933    256    0.6189    158.4384    0.619900165939    3    6
276    1607329837.05    1607329837.05    0.000999927520752    16    0.0285    0.456    0.0294999275208    2    2
277    1607329837.19    1607329837.19    0.0    64    0.6779    43.3856    0.6779    2    5
278    1607329837.39    1607329837.39    0.000999927520752    4    0.0284    0.1136    0.0293999275208    2    2
279    1607329837.93    1607329837.93    0.0    16    0.0297    0.4752    0.0297    2    2
280    1607329838.11    1607329838.11    0.0    4    1.1322    4.5288    1.1322    2    2
281    1607329838.98    1607329838.98    0.0    16    0.0297    0.4752    0.0297    2    2
282    1607329839.53    1607329839.53    0.00100016593933    256    0.8    204.8    0.801000165939    3    6
283    1607329839.78    1607329839.78    0.000999927520752    256    0.0177    4.5312    0.0186999275208    3    6
284    1607329840.22    1607329840.22    0.000999927520752    4    1.1322    4.5288    1.13319992752    2    2
285    1607329840.61    1607329840.61    0.000999927520752    64    0.6779    43.3856    0.678899927521    2    5
286    1607329840.67    1607329840.67    0.00100016593933    16    0.0429    0.6864    0.0439001659393    2    2
287    1607329840.86    1607329840.86    0.0    16    0.0285    0.456    0.0285    2    2
288    1607329840.92    1607329840.92    0.0    64    0.1855    11.872    0.1855    2    5
289    1607329842.02    1607329842.02    0.0    4    0.0059    0.0236    0.0059    2    2
290    1607329842.13    1607329842.13    0.0    4    0.0526    0.2104    0.0526    2    2
291    1607329842.77    1607329842.77    0.0    4    0.5984    2.3936    0.5984    2    2
292    1607329843.02    1607329843.02    0.0    16    0.0297    0.4752    0.0297    2    2
293    1607329843.1    1607329843.1    0.00100016593933    256    0.4221    108.0576    0.423100165939    3    6
294    1607329843.56    1607329843.56    0.000999927520752    64    0.1855    11.872    0.186499927521    2    5
295    1607329844.8    1607329844.8    0.000999927520752    4    1.1322    4.5288    1.13319992752    2    2
296    1607329844.95    1607329844.95    0.0    256    0.8    204.8    0.8    3    6
297    1607329844.99    1607329844.99    0.000999927520752    16    0.8805    14.088    0.881499927521    2    2
298    1607329845.7    1607329845.7    0.0    256    0.6189    158.4384    0.6189    3    6
299    1607329846.39    1607329846.39    0.0    64    0.4167    26.6688    0.4167    2    5

dispatched jobs are: 300 out of 300
average queue time is: 0.289113329252
fso links are used for 0 times
overall utilization is 0.0222545875775
average response time is 0.629585995918
average weighted response time is 0.790727780476
average slowdown is 1.15443690499
cpu_request: 22860, cpu_run: 22860
ssd_request: 11643, ssd_run: 0
gpu_request: 12015, gpu_run: 0
cpu aspl: 2.21666666667
cpu diameter: 3.66666666667
job x: 0.0
job y: 0.0
job z: 0.0
