#timestep  occupied-CPU  total-CPU  utilization  queuingjobs
1    4    4096    0.0009765625    0
2    260    4096    0.0634765625    0
3    256    4096    0.0625    0
4    128    4096    0.03125    0
5    0    4096    0.0    0
6    0    4096    0.0    0
7    0    4096    0.0    0
8    68    4096    0.0166015625    0
9    0    4096    0.0    0
10    0    4096    0.0    0
11    80    4096    0.01953125    0
12    16    4096    0.00390625    0
13    0    4096    0.0    0
14    16    4096    0.00390625    0
15    32    4096    0.0078125    0
16    256    4096    0.0625    0
17    256    4096    0.0625    0
18    268    4096    0.0654296875    0
19    320    4096    0.078125    0
20    0    4096    0.0    0
21    16    4096    0.00390625    0
22    0    4096    0.0    0
23    0    4096    0.0    0
24    8    4096    0.001953125    0
25    4    4096    0.0009765625    0
26    0    4096    0.0    0
27    20    4096    0.0048828125    0
28    128    4096    0.03125    0
29    0    4096    0.0    0
30    64    4096    0.015625    0
31    16    4096    0.00390625    1
32    580    4096    0.1416015625    0
33    132    4096    0.0322265625    0
34    0    4096    0.0    0
35    16    4096    0.00390625    0
36    324    4096    0.0791015625    0
37    80    4096    0.01953125    0
38    128    4096    0.03125    0
39    128    4096    0.03125    0
40    272    4096    0.06640625    0
41    36    4096    0.0087890625    0
42    0    4096    0.0    0
43    16    4096    0.00390625    0
44    16    4096    0.00390625    0
45    16    4096    0.00390625    0
46    0    4096    0.0    0
47    260    4096    0.0634765625    0
48    0    4096    0.0    0
49    64    4096    0.015625    0
50    64    4096    0.015625    1
51    320    4096    0.078125    0
52    256    4096    0.0625    0
53    68    4096    0.0166015625    0
54    16    4096    0.00390625    0
55    34    4096    0.00830078125    0
56    8    4096    0.001953125    0
57    256    4096    0.0625    0
58    128    4096    0.03125    0
59    516    4096    0.1259765625    0
60    80    4096    0.01953125    0
61    384    4096    0.09375    0
62    256    4096    0.0625    0
63    4    4096    0.0009765625    0
64    0    4096    0.0    0
65    20    4096    0.0048828125    0
66    0    4096    0.0    0
67    324    4096    0.0791015625    0
68    4    4096    0.0009765625    0
69    20    4096    0.0048828125    0
70    80    4096    0.01953125    0
71    544    4096    0.1328125    0
72    96    4096    0.0234375    0
73    16    4096    0.00390625    0
74    64    4096    0.015625    0
75    68    4096    0.0166015625    0
76    64    4096    0.015625    0
77    0    4096    0.0    0
78    0    4096    0.0    0
79    28    4096    0.0068359375    0
80    64    4096    0.015625    0
81    64    4096    0.015625    0
82    4    4096    0.0009765625    0
83    0    4096    0.0    0
84    320    4096    0.078125    0
85    256    4096    0.0625    0
86    0    4096    0.0    0
87    80    4096    0.01953125    0
88    256    4096    0.0625    0
89    0    4096    0.0    0
90    320    4096    0.078125    0
91    0    4096    0.0    0
92    288    4096    0.0703125    0
93    68    4096    0.0166015625    0
94    0    4096    0.0    0

average cpu utilization is: 0.0252503740027
average ssd utilization is: 1.0
average gpu utilization is: 1.0
average utilization is: 0.675083458001
average queuing jobs are: 0.0212765957447
maximum queuing jobs are: 1


#job_number  submit  dispatch  queue  cpu#  runtime  weight  response(turnaround)  cpu_aspl  cpu_diameter
0    1607330547.44    1607330630.31    82.875    4    0.0522    0.2088    82.9272    0    0
1    1607330630.42    1607330630.42    0.0    64    0.0055    0.352    0.0055    1.0    1
2    1607330630.48    1607330630.48    0.0    4    0.5956    2.3824    0.5956    0    0
3    1607330630.71    1607330630.71    0.0    4    0.0522    0.2088    0.0522    0    0
4    1607330631.21    1607330631.21    0.0019998550415    256    0.8    204.8    0.801999855042    1.0    1
5    1607330631.39    1607330631.4    0.00699996948242    4    0.5956    2.3824    0.602599969482    0    0
6    1607330631.5    1607330631.5    0.000999927520752    4    0.5956    2.3824    0.596599927521    0    0
7    1607330631.58    1607330631.58    0.00600004196167    256    0.7528    192.7168    0.758800041962    1.0    1
8    1607330631.81    1607330631.81    0.00200009346008    16    0.0098    0.1568    0.0118000934601    0    0
9    1607330632.02    1607330632.03    0.00799989700317    256    0.6189    158.4384    0.626899897003    1.0    1
10    1607330632.83    1607330632.83    0.0    16    0.0098    0.1568    0.0098    0    0
11    1607330633.13    1607330633.13    0.000999927520752    64    0.0234    1.4976    0.0243999275208    1.0    1
12    1607330633.14    1607330633.14    0.0    16    0.0285    0.456    0.0285    0    0
13    1607330633.28    1607330633.28    0.000999927520752    64    0.0125    0.8    0.0134999275208    1.0    1
14    1607330633.56    1607330633.56    0.0    64    0.9446    60.4544    0.9446    1.0    1
15    1607330633.57    1607330633.57    0.00300002098083    64    0.0234    1.4976    0.0264000209808    1.0    1
16    1607330633.86    1607330633.87    0.00300002098083    256    0.0177    4.5312    0.0207000209808    1.0    1
17    1607330634.21    1607330634.21    0.000999927520752    64    0.4167    26.6688    0.417699927521    1.0    1
18    1607330634.38    1607330634.38    0.00100016593933    16    0.0098    0.1568    0.0108001659393    0    0
19    1607330634.92    1607330634.92    0.0    16    0.0098    0.1568    0.0098    0    0
20    1607330637.5    1607330637.5    0.000999927520752    64    0.4167    26.6688    0.417699927521    1.0    1
21    1607330637.51    1607330637.51    0.0    16    0.0297    0.4752    0.0297    0    0
22    1607330637.58    1607330637.58    0.0    4    1.1283    4.5132    1.1283    0    0
23    1607330638.11    1607330638.12    0.000999927520752    64    0.0055    0.352    0.00649992752075    1.0    1
24    1607330638.32    1607330638.33    0.00100016593933    64    0.0055    0.352    0.00650016593933    1.0    1
25    1607330638.81    1607330638.81    0.0    16    0.0285    0.456    0.0285    0    0
26    1607330639.03    1607330639.03    0.0    16    0.0285    0.456    0.0285    0    0
27    1607330639.17    1607330639.17    0.00300002098083    256    0.6189    158.4384    0.621900020981    1.0    1
28    1607330639.41    1607330639.41    0.000999927520752    4    0.0832    0.3328    0.0841999275208    0    0
29    1607330639.59    1607330639.59    0.00200009346008    4    0.0522    0.2088    0.0542000934601    0    0
30    1607330639.9    1607330639.9    0.0    4    0.0522    0.2088    0.0522    0    0
31    1607330640.1    1607330640.1    0.00300002098083    256    0.7528    192.7168    0.755800020981    1.0    1
32    1607330640.42    1607330640.42    0.000999927520752    16    0.7616    12.1856    0.762599927521    0    0
33    1607330640.46    1607330640.46    0.000999927520752    4    0.0832    0.3328    0.0841999275208    0    0
34    1607330640.82    1607330640.82    0.000999927520752    64    0.9446    60.4544    0.945599927521    1.0    1
35    1607330641.06    1607330641.06    0.00200009346008    256    0.0177    4.5312    0.0197000934601    1.0    1
36    1607330641.32    1607330641.32    0.000999927520752    16    0.0297    0.4752    0.0306999275208    0    0
37    1607330641.33    1607330641.33    0.000999927520752    64    0.4167    26.6688    0.417699927521    1.0    1
38    1607330641.44    1607330641.44    0.0    4    0.6452    2.5808    0.6452    0    0
39    1607330641.48    1607330641.48    0.000999927520752    16    0.8805    14.088    0.881499927521    1.0    1
40    1607330641.57    1607330641.58    0.00100016593933    16    0.0429    0.6864    0.0439001659393    1.0    1
41    1607330642.4    1607330642.4    0.0    16    0.0297    0.4752    0.0297    0    0
42    1607330642.47    1607330642.47    0.00299978256226    256    0.0177    4.5312    0.0206997825623    1.0    1
43    1607330642.69    1607330642.69    0.0    16    0.0297    0.4752    0.0297    0    0
44    1607330643.59    1607330643.59    0.0    64    0.6779    43.3856    0.6779    1.0    1
45    1607330643.76    1607330643.76    0.0    4    0.0284    0.1136    0.0284    0    0
46    1607330643.93    1607330643.93    0.0    64    0.0055    0.352    0.0055    1.0    1
47    1607330644.28    1607330644.28    0.0    16    0.0297    0.4752    0.0297    0    0
48    1607330644.63    1607330644.63    0.0    16    0.8805    14.088    0.8805    0    0
49    1607330644.64    1607330644.64    0.0    4    0.0284    0.1136    0.0284    0    0
50    1607330644.98    1607330644.98    0.000999927520752    16    0.0098    0.1568    0.0107999275208    0    0
51    1607330645.36    1607330645.36    0.0    16    0.7616    12.1856    0.7616    0    0
52    1607330646.3    1607330646.3    0.0    64    0.0125    0.8    0.0125    1.0    1
53    1607330646.35    1607330646.35    0.00300002098083    256    0.7528    192.7168    0.755800020981    1.0    1
54    1607330646.87    1607330646.88    0.00600004196167    256    0.8    204.8    0.806000041962    1.0    1
55    1607330647.04    1607330647.04    0.00300002098083    4    0.0522    0.2088    0.0552000209808    0    0
56    1607330647.36    1607330647.36    0.0    64    0.0055    0.352    0.0055    1.0    1
57    1607330647.57    1607330647.57    0.0    16    0.7616    12.1856    0.7616    0    0
58    1607330647.74    1607330647.74    0.0    4    1.1283    4.5132    1.1283    0    0
59    1607330647.97    1607330647.97    0.0    16    0.4243    6.7888    0.4243    1.0    1
60    1607330648.13    1607330648.13    0.0    4    0.5956    2.3824    0.5956    0    0
61    1607330648.48    1607330648.49    0.00399994850159    256    0.4221    108.0576    0.426099948502    1.0    1
62    1607330648.65    1607330648.65    0.00500011444092    4    0.0284    0.1136    0.0334001144409    0    0
63    1607330648.66    1607330648.69    0.0260000228882    256    0.4221    108.0576    0.448100022888    1.0    1
64    1607330648.74    1607330648.74    0.00399994850159    16    0.7616    12.1856    0.765599948502    1.0    1
65    1607330648.81    1607330648.81    0.00200009346008    16    0.8805    14.088    0.88250009346    0    0
66    1607330649.04    1607330649.04    0.0    16    0.0297    0.4752    0.0297    0    0
67    1607330649.23    1607330649.23    0.00399994850159    256    0.8    204.8    0.803999948502    1.0    1
68    1607330649.27    1607330649.27    0.00300002098083    64    0.6779    43.3856    0.680900020981    1.0    1
69    1607330649.63    1607330649.64    0.00500011444092    256    0.0177    4.5312    0.0227001144409    1.0    1
70    1607330649.92    1607330649.92    0.0    4    0.0059    0.0236    0.0059    0    0
71    1607330649.93    1607330649.93    0.000999927520752    4    0.0284    0.1136    0.0293999275208    0    0
72    1607330649.98    1607330649.99    0.00400018692017    256    0.4221    108.0576    0.42610018692    1.0    1
73    1607330650.44    1607330650.44    0.0    4    0.0284    0.1136    0.0284    0    0
74    1607330650.86    1607330650.86    0.0    16    0.0297    0.4752    0.0297    0    0
75    1607330650.89    1607330650.9    0.00599980354309    256    0.6189    158.4384    0.624899803543    1.0    1
76    1607330651.01    1607330651.01    0.0    4    0.6452    2.5808    0.6452    0    0
77    1607330651.19    1607330651.19    0.0019998550415    16    0.8805    14.088    0.882499855042    1.0    1
78    1607330651.29    1607330651.29    0.0019998550415    16    0.0285    0.456    0.0304998550415    1.0    1
79    1607330651.42    1607330651.42    0.00500011444092    256    0.0057    1.4592    0.0107001144409    1.0    1
80    1607330651.79    1607330651.79    0.000999927520752    16    0.0297    0.4752    0.0306999275208    0    0
81    1607330653.09    1607330653.09    0.0    4    0.6452    2.5808    0.6452    0    0
82    1607330653.4    1607330653.4    0.0    4    0.5956    2.3824    0.5956    0    0
83    1607330653.95    1607330653.95    0.000999927520752    16    0.0098    0.1568    0.0107999275208    0    0
84    1607330654.14    1607330654.14    0.0    4    1.1283    4.5132    1.1283    0    0
85    1607330654.33    1607330654.33    0.00100016593933    16    0.4243    6.7888    0.425300165939    0    0
86    1607330654.34    1607330654.34    0.000999927520752    4    1.1283    4.5132    1.12929992752    0    0
87    1607330655.11    1607330655.11    0.0    16    0.0297    0.4752    0.0297    0    0
88    1607330655.66    1607330655.66    0.0    4    0.6452    2.5808    0.6452    0    0
89    1607330655.79    1607330655.79    0.0    64    0.0055    0.352    0.0055    1.0    1
90    1607330656.79    1607330656.79    0.0    64    0.4167    26.6688    0.4167    1.0    1
91    1607330657.39    1607330657.39    0.000999927520752    4    0.0522    0.2088    0.0531999275208    0    0
92    1607330657.45    1607330657.45    0.0    4    1.1283    4.5132    1.1283    0    0
93    1607330657.7    1607330657.7    0.000999927520752    16    0.8805    14.088    0.881499927521    0    0
94    1607330658.02    1607330658.02    0.000999927520752    16    0.0098    0.1568    0.0107999275208    1.0    1
95    1607330658.66    1607330658.66    0.0    4    0.0284    0.1136    0.0284    0    0
96    1607330658.76    1607330658.76    0.0    64    0.6779    43.3856    0.6779    1.0    1
97    1607330658.83    1607330658.83    0.0    4    0.0284    0.1136    0.0284    0    0
98    1607330659.32    1607330659.32    0.000999927520752    64    0.4167    26.6688    0.417699927521    1.0    1
99    1607330659.41    1607330659.41    0.00200009346008    4    0.5956    2.3824    0.59760009346    0    0
100    1607330659.96    1607330659.96    0.0    16    0.0429    0.6864    0.0429    0    0
101    1607330660.11    1607330660.11    0.000999927520752    64    0.0055    0.352    0.00649992752075    1.0    1
102    1607330660.73    1607330660.73    0.0    64    0.9446    60.4544    0.9446    1.0    1
103    1607330661.38    1607330661.38    0.00100016593933    16    0.0285    0.456    0.0295001659393    0    0
104    1607330661.74    1607330661.74    0.0    16    0.0098    0.1568    0.0098    0    0
105    1607330662.28    1607330662.28    0.000999927520752    16    0.4243    6.7888    0.425299927521    0    0
106    1607330662.64    1607330662.65    0.00200009346008    64    0.0234    1.4976    0.0254000934601    1.0    1
107    1607330662.92    1607330662.92    0.0    16    0.4243    6.7888    0.4243    0    0
108    1607330662.94    1607330662.94    0.0    4    0.0832    0.3328    0.0832    0    0
109    1607330662.97    1607330662.97    0.0    4    1.1283    4.5132    1.1283    0    0
110    1607330663.02    1607330663.03    0.0090000629425    256    0.8    204.8    0.809000062943    1.0    1
111    1607330663.08    1607330663.08    0.00200009346008    64    0.6779    43.3856    0.67990009346    1.0    1
112    1607330663.2    1607330663.21    0.00200009346008    64    0.1855    11.872    0.18750009346    1.0    1
113    1607330663.53    1607330663.53    0.00499987602234    256    0.8    204.8    0.804999876022    1.17777777778    2
114    1607330663.57    1607330663.58    0.00300002098083    16    0.0429    0.6864    0.0459000209808    0    0
115    1607330663.93    1607330663.93    0.00300002098083    256    0.0177    4.5312    0.0207000209808    1.0    1
116    1607330664.02    1607330664.02    0.000999927520752    4    0.0059    0.0236    0.00689992752075    0    0
117    1607330664.11    1607330664.11    0.0    4    0.0522    0.2088    0.0522    0    0
118    1607330664.12    1607330664.12    0.0    64    0.4167    26.6688    0.4167    1.0    1
119    1607330664.28    1607330664.28    0.000999927520752    16    0.4243    6.7888    0.425299927521    1.0    1
120    1607330664.3    1607330664.3    0.000999927520752    64    0.0125    0.8    0.0134999275208    1.0    1
121    1607330664.33    1607330664.33    0.0    4    0.0284    0.1136    0.0284    0    0
122    1607330664.66    1607330664.66    0.000999927520752    64    0.9446    60.4544    0.945599927521    1.0    1
123    1607330664.68    1607330664.68    0.0    64    0.1855    11.872    0.1855    1.0    1
124    1607330664.68    1607330664.68    0.00400018692017    256    0.0057    1.4592    0.00970018692017    1.0    1
125    1607330664.71    1607330664.71    0.000999927520752    4    0.0284    0.1136    0.0293999275208    0    0
126    1607330665.25    1607330665.25    0.000999927520752    64    0.0055    0.352    0.00649992752075    1.0    1
127    1607330665.34    1607330665.35    0.00300002098083    256    0.0177    4.5312    0.0207000209808    1.0    1
128    1607330665.43    1607330665.43    0.0    16    0.0429    0.6864    0.0429    1.0    1
129    1607330666.38    1607330666.38    0.0    16    0.7616    12.1856    0.7616    0    0
130    1607330666.77    1607330666.77    0.00299978256226    256    0.0177    4.5312    0.0206997825623    1.0    1
131    1607330666.99    1607330666.99    0.000999927520752    4    0.0832    0.3328    0.0841999275208    0    0
132    1607330667.02    1607330667.02    0.000999927520752    4    1.1283    4.5132    1.12929992752    0    0
133    1607330667.07    1607330667.08    0.00400018692017    256    0.7528    192.7168    0.75680018692    1.0    1
134    1607330667.22    1607330667.22    0.0    16    0.0285    0.456    0.0285    0    0
135    1607330667.41    1607330667.41    0.000999927520752    16    0.4243    6.7888    0.425299927521    0    0
136    1607330667.6    1607330667.6    0.00200009346008    64    0.0234    1.4976    0.0254000934601    1.0    1
137    1607330667.67    1607330667.67    0.00100016593933    4    0.0522    0.2088    0.0532001659393    0    0
138    1607330667.75    1607330667.75    0.000999927520752    64    0.6779    43.3856    0.678899927521    1.0    1
139    1607330667.9    1607330667.91    0.00399994850159    256    0.6189    158.4384    0.622899948502    1.0    1
140    1607330668.11    1607330668.11    0.000999927520752    4    0.6452    2.5808    0.646199927521    0    0
141    1607330668.15    1607330668.15    0.0019998550415    16    0.7616    12.1856    0.763599855042    1.0    1
142    1607330668.65    1607330668.65    0.000999927520752    4    0.0059    0.0236    0.00689992752075    0    0
143    1607330668.71    1607330668.71    0.0    64    0.0234    1.4976    0.0234    1.0    1
144    1607330668.83    1607330668.83    0.00100016593933    64    0.6779    43.3856    0.678900165939    1.0    1
145    1607330668.88    1607330668.88    0.0    16    0.4243    6.7888    0.4243    0    0
146    1607330669.3    1607330669.3    0.0    4    0.0522    0.2088    0.0522    0    0
147    1607330669.84    1607330669.84    0.0    64    0.6779    43.3856    0.6779    1.0    1
148    1607330669.94    1607330669.94    0.000999927520752    64    0.6779    43.3856    0.678899927521    1.0    1
149    1607330670.14    1607330670.14    0.00400018692017    64    0.6779    43.3856    0.68190018692    1.0    1
150    1607330670.53    1607330670.53    0.0    4    0.0284    0.1136    0.0284    0    0
151    1607330670.74    1607330670.74    0.000999927520752    64    0.6779    43.3856    0.678899927521    1.0    1
152    1607330670.81    1607330670.81    0.0    4    0.0059    0.0236    0.0059    0    0
153    1607330670.87    1607330670.87    0.0    64    0.9446    60.4544    0.9446    1.0    1
154    1607330671.83    1607330671.83    0.000999927520752    16    0.0098    0.1568    0.0107999275208    0    0
155    1607330671.87    1607330671.88    0.00300002098083    256    0.0177    4.5312    0.0207000209808    1.0    1
156    1607330671.91    1607330671.92    0.00299978256226    256    0.6189    158.4384    0.621899782562    1.0    1
157    1607330671.96    1607330671.96    0.00100016593933    16    0.8805    14.088    0.881500165939    0    0
158    1607330672.32    1607330672.32    0.00500011444092    4    0.5956    2.3824    0.600600114441    0    0
159    1607330672.53    1607330672.53    0.000999927520752    4    0.5956    2.3824    0.596599927521    0    0
160    1607330672.63    1607330672.63    0.00300002098083    256    0.6189    158.4384    0.621900020981    1.0    1
161    1607330672.73    1607330672.73    0.00200009346008    64    0.0055    0.352    0.00750009346008    1.0    1
162    1607330672.93    1607330672.93    0.000999927520752    16    0.0285    0.456    0.0294999275208    0    0
163    1607330673.09    1607330673.09    0.0    16    0.7616    12.1856    0.7616    0    0
164    1607330673.16    1607330673.16    0.000999927520752    16    0.7616    12.1856    0.762599927521    0    0
165    1607330673.33    1607330673.33    0.0    4    0.0832    0.3328    0.0832    0    0
166    1607330673.69    1607330673.69    0.0    4    0.0059    0.0236    0.0059    0    0
167    1607330673.73    1607330673.73    0.0    16    0.0285    0.456    0.0285    0    0
168    1607330673.78    1607330673.78    0.0    64    0.0055    0.352    0.0055    1.0    1
169    1607330674.42    1607330674.43    0.0150001049042    256    0.7528    192.7168    0.767800104904    1.0    1
170    1607330674.44    1607330674.45    0.0110001564026    4    0.6452    2.5808    0.656200156403    0    0
171    1607330674.62    1607330674.63    0.00499987602234    256    0.0057    1.4592    0.0106998760223    1.0    1
172    1607330675.5    1607330675.5    0.0    16    0.0285    0.456    0.0285    0    0
173    1607330675.61    1607330675.61    0.00300002098083    256    0.7528    192.7168    0.755800020981    1.0    1
174    1607330675.79    1607330675.79    0.000999927520752    16    0.8805    14.088    0.881499927521    0    0
175    1607330676.18    1607330676.18    0.00399994850159    256    0.0057    1.4592    0.00969994850159    1.0    1
176    1607330676.61    1607330676.61    0.0    16    0.7616    12.1856    0.7616    0    0
177    1607330676.65    1607330676.65    0.00100016593933    64    0.0234    1.4976    0.0244001659393    1.0    1
178    1607330677.06    1607330677.06    0.0    64    0.0234    1.4976    0.0234    1.0    1
179    1607330677.17    1607330677.17    0.0    16    0.0098    0.1568    0.0098    0    0
180    1607330677.18    1607330677.18    0.0    64    0.0234    1.4976    0.0234    1.0    1
181    1607330677.28    1607330677.28    0.0    4    0.0059    0.0236    0.0059    0    0
182    1607330677.63    1607330677.63    0.0    16    0.8805    14.088    0.8805    0    0
183    1607330677.98    1607330677.98    0.0    16    0.0285    0.456    0.0285    0    0
184    1607330677.99    1607330677.99    0.0    4    0.0059    0.0236    0.0059    0    0
185    1607330678.56    1607330678.56    0.00300002098083    256    0.0177    4.5312    0.0207000209808    1.0    1
186    1607330678.88    1607330678.88    0.0    64    0.1855    11.872    0.1855    1.0    1
187    1607330679.01    1607330679.01    0.0    16    0.7616    12.1856    0.7616    0    0
188    1607330679.22    1607330679.22    0.0    4    0.0832    0.3328    0.0832    0    0
189    1607330679.25    1607330679.25    0.0    4    0.6452    2.5808    0.6452    0    0
190    1607330679.55    1607330679.55    0.00200009346008    256    0.7528    192.7168    0.75480009346    1.0    1
191    1607330680.05    1607330680.05    0.0019998550415    64    0.0234    1.4976    0.0253998550415    1.0    1
192    1607330680.98    1607330680.99    0.00300002098083    256    0.8    204.8    0.803000020981    1.0    1
193    1607330681.12    1607330681.12    0.00100016593933    64    0.4167    26.6688    0.417700165939    1.0    1
194    1607330681.91    1607330681.91    0.00100016593933    64    0.9446    60.4544    0.945600165939    1.0    1
195    1607330681.99    1607330681.99    0.00300002098083    64    0.9446    60.4544    0.947600020981    1.0    1
196    1607330682.15    1607330682.15    0.000999927520752    64    0.4167    26.6688    0.417699927521    1.0    1
197    1607330682.35    1607330682.36    0.000999927520752    64    0.4167    26.6688    0.417699927521    1.0    1
198    1607330682.66    1607330682.66    0.000999927520752    64    0.4167    26.6688    0.417699927521    1.0    1
199    1607330683.05    1607330683.06    0.0179998874664    256    0.7528    192.7168    0.770799887466    1.0    1
200    1607330683.2    1607330683.2    0.00500011444092    256    0.0177    4.5312    0.0227001144409    1.0    1
201    1607330683.23    1607330683.24    0.00399994850159    256    0.4221    108.0576    0.426099948502    1.0    1
202    1607330683.46    1607330683.47    0.00399994850159    64    0.9446    60.4544    0.948599948502    1.0    1
203    1607330683.64    1607330683.64    0.00399994850159    64    0.1855    11.872    0.189499948502    1.0    1
204    1607330683.77    1607330683.78    0.00500011444092    256    0.7528    192.7168    0.757800114441    1.0    1
205    1607330683.79    1607330683.8    0.00400018692017    64    0.0234    1.4976    0.0274001869202    1.0    1
206    1607330684.08    1607330684.08    0.000999927520752    16    0.0429    0.6864    0.0438999275208    0    0
207    1607330684.14    1607330684.14    0.0    4    0.0832    0.3328    0.0832    0    0
208    1607330684.22    1607330684.22    0.0    16    0.7616    12.1856    0.7616    0    0
209    1607330685.07    1607330685.07    0.00300002098083    256    0.8    204.8    0.803000020981    1.0    1
210    1607330685.35    1607330685.35    0.00100016593933    16    0.0429    0.6864    0.0439001659393    0    0
211    1607330685.51    1607330685.51    0.000999927520752    4    0.0284    0.1136    0.0293999275208    0    0
212    1607330685.91    1607330685.91    0.0    4    1.1283    4.5132    1.1283    0    0
213    1607330686.04    1607330686.04    0.0019998550415    64    0.1855    11.872    0.187499855042    1.0    1
214    1607330686.37    1607330686.37    0.00400018692017    256    0.7528    192.7168    0.75680018692    1.0    1
215    1607330686.53    1607330686.53    0.000999927520752    16    0.0098    0.1568    0.0107999275208    0    0
216    1607330686.65    1607330686.65    0.00200009346008    64    0.1855    11.872    0.18750009346    1.0    1
217    1607330687.11    1607330687.11    0.00100016593933    16    0.7616    12.1856    0.762600165939    1.0    1
218    1607330687.32    1607330687.32    0.0019998550415    64    0.1855    11.872    0.187499855042    1.0    1
219    1607330687.44    1607330687.44    0.00399994850159    256    0.7528    192.7168    0.756799948502    1.0    1
220    1607330687.71    1607330687.71    0.000999927520752    64    0.0234    1.4976    0.0243999275208    1.0    1
221    1607330688.08    1607330688.08    0.0    64    0.0125    0.8    0.0125    1.0    1
222    1607330688.37    1607330688.37    0.000999927520752    64    0.0234    1.4976    0.0243999275208    1.0    1
223    1607330688.58    1607330688.58    0.0    16    0.0297    0.4752    0.0297    0    0
224    1607330688.75    1607330688.75    0.0    4    1.1283    4.5132    1.1283    0    0
225    1607330689.22    1607330689.22    0.00300002098083    256    0.0057    1.4592    0.00870002098083    1.0    1
226    1607330689.33    1607330689.33    0.0    4    1.1283    4.5132    1.1283    0    0
227    1607330689.37    1607330689.37    0.000999927520752    64    0.0125    0.8    0.0134999275208    1.0    1
228    1607330689.82    1607330689.83    0.00399994850159    256    0.8    204.8    0.803999948502    1.0    1
229    1607330690.14    1607330690.15    0.0019998550415    64    0.0234    1.4976    0.0253998550415    1.0    1
230    1607330690.77    1607330690.77    0.00200009346008    256    0.4221    108.0576    0.42410009346    1.0    1
231    1607330691.26    1607330691.26    0.00100016593933    64    0.6779    43.3856    0.678900165939    1.0    1
232    1607330691.45    1607330691.45    0.000999927520752    16    0.0098    0.1568    0.0107999275208    0    0
233    1607330691.53    1607330691.53    0.000999927520752    64    0.1855    11.872    0.186499927521    1.0    1
234    1607330691.82    1607330691.82    0.0    4    0.0284    0.1136    0.0284    0    0
235    1607330691.84    1607330691.84    0.00100016593933    64    0.0125    0.8    0.0135001659393    1.0    1
236    1607330692.19    1607330692.19    0.00300002098083    256    0.7528    192.7168    0.755800020981    1.0    1
237    1607330692.37    1607330692.37    0.00399994850159    256    0.0177    4.5312    0.0216999485016    1.0    1
238    1607330692.44    1607330692.44    0.00399994850159    256    0.4221    108.0576    0.426099948502    1.0    1
239    1607330692.57    1607330692.57    0.00399994850159    64    0.0055    0.352    0.00949994850159    1.0    1
240    1607330692.6    1607330692.6    0.0019998550415    4    0.5956    2.3824    0.597599855042    0    0
241    1607330692.69    1607330692.71    0.0209999084473    64    0.0234    1.4976    0.0443999084473    1.0    1
242    1607330692.84    1607330692.84    0.000999927520752    16    0.8805    14.088    0.881499927521    0    0
243    1607330692.91    1607330692.91    0.00100016593933    4    0.0284    0.1136    0.0294001659393    0    0
244    1607330693.04    1607330693.05    0.00100016593933    64    0.0125    0.8    0.0135001659393    1.0    1
245    1607330693.14    1607330693.14    0.0    16    0.8805    14.088    0.8805    0    0
246    1607330693.14    1607330693.14    0.00100016593933    64    0.6779    43.3856    0.678900165939    1.0    1
247    1607330693.81    1607330693.81    0.00299978256226    256    0.6189    158.4384    0.621899782562    1.0    1
248    1607330694.09    1607330694.09    0.0    4    0.0522    0.2088    0.0522    0    0
249    1607330694.34    1607330694.34    0.0    64    0.6779    43.3856    0.6779    1.0    1
250    1607330694.43    1607330694.43    0.0019998550415    64    0.0234    1.4976    0.0253998550415    1.0    1
251    1607330694.59    1607330694.59    0.00100016593933    64    0.6779    43.3856    0.678900165939    1.0    1
252    1607330694.7    1607330694.7    0.00300002098083    256    0.7528    192.7168    0.755800020981    1.0    1
253    1607330694.88    1607330694.88    0.00200009346008    4    0.0284    0.1136    0.0304000934601    0    0
254    1607330694.91    1607330694.91    0.0019998550415    4    0.6452    2.5808    0.647199855042    0    0
255    1607330695.09    1607330695.09    0.0    4    0.5956    2.3824    0.5956    0    0
256    1607330695.29    1607330695.29    0.00100016593933    16    0.0098    0.1568    0.0108001659393    0    0
257    1607330695.45    1607330695.47    0.0140001773834    256    0.8    204.8    0.814000177383    1.19444444444    2
258    1607330695.67    1607330695.67    0.0    4    0.0284    0.1136    0.0284    0    0
259    1607330695.69    1607330695.69    0.00100016593933    16    0.0285    0.456    0.0295001659393    0    0
260    1607330696.07    1607330696.07    0.00399994850159    256    0.8    204.8    0.803999948502    1.0    1
261    1607330696.12    1607330696.13    0.00200009346008    4    0.0284    0.1136    0.0304000934601    0    0
262    1607330696.41    1607330696.41    0.000999927520752    4    0.5956    2.3824    0.596599927521    0    0
263    1607330696.96    1607330696.96    0.000999927520752    16    0.0429    0.6864    0.0438999275208    0    0
264    1607330697.19    1607330697.19    0.0    64    0.0055    0.352    0.0055    1.0    1
265    1607330697.63    1607330697.63    0.0    4    0.0522    0.2088    0.0522    0    0
266    1607330698.08    1607330698.08    0.00100016593933    4    1.1283    4.5132    1.12930016594    0    0
267    1607330698.09    1607330698.09    0.00399994850159    256    0.8    204.8    0.803999948502    1.0    1
268    1607330698.11    1607330698.11    0.00699996948242    256    0.8    204.8    0.806999969482    1.0    1
269    1607330698.43    1607330698.43    0.00399994850159    64    0.0055    0.352    0.00949994850159    1.0    1
270    1607330698.46    1607330698.46    0.00200009346008    16    0.7616    12.1856    0.76360009346    0    0
271    1607330698.57    1607330698.57    0.0019998550415    16    0.0297    0.4752    0.0316998550415    0    0
272    1607330699.22    1607330699.22    0.0    16    0.0285    0.456    0.0285    0    0
273    1607330699.72    1607330699.72    0.0    4    0.0284    0.1136    0.0284    0    0
274    1607330700.19    1607330700.22    0.0279998779297    256    0.6189    158.4384    0.64689987793    1.0    1
275    1607330700.5    1607330700.5    0.000999927520752    4    0.0284    0.1136    0.0293999275208    0    0
276    1607330700.53    1607330700.53    0.000999927520752    4    1.1283    4.5132    1.12929992752    0    0
277    1607330700.63    1607330700.63    0.000999927520752    64    0.0125    0.8    0.0134999275208    1.0    1
278    1607330700.97    1607330700.98    0.00400018692017    256    0.6189    158.4384    0.62290018692    1.0    1
279    1607330701.23    1607330701.23    0.00299978256226    64    0.1855    11.872    0.188499782562    1.0    1
280    1607330702.34    1607330702.34    0.0    4    0.0522    0.2088    0.0522    0    0
281    1607330702.5    1607330702.5    0.00699996948242    256    0.7528    192.7168    0.759799969482    1.0    1
282    1607330702.54    1607330702.54    0.00100016593933    16    0.0429    0.6864    0.0439001659393    0    0
283    1607330702.54    1607330702.55    0.00600004196167    256    0.6189    158.4384    0.624900041962    1.0    1
284    1607330702.66    1607330702.66    0.00300002098083    64    0.6779    43.3856    0.680900020981    1.0    1
285    1607330703.1    1607330703.1    0.00200009346008    4    0.5956    2.3824    0.59760009346    0    0
286    1607330703.36    1607330703.36    0.0    16    0.8805    14.088    0.8805    0    0
287    1607330703.83    1607330703.83    0.0    4    0.0284    0.1136    0.0284    0    0
288    1607330703.87    1607330703.87    0.0    64    0.6779    43.3856    0.6779    1.0    1
289    1607330704.03    1607330704.03    0.0    16    0.7616    12.1856    0.7616    0    0
290    1607330704.47    1607330704.47    0.000999927520752    64    0.0125    0.8    0.0134999275208    1.0    1
291    1607330704.72    1607330704.72    0.0    4    0.0522    0.2088    0.0522    0    0
292    1607330704.78    1607330704.78    0.000999927520752    64    0.0055    0.352    0.00649992752075    1.0    1
293    1607330704.96    1607330704.96    0.0    16    0.7616    12.1856    0.7616    0    0
294    1607330705.23    1607330705.24    0.00399994850159    256    0.6189    158.4384    0.622899948502    1.0    1
295    1607330705.53    1607330705.54    0.00499987602234    256    0.8    204.8    0.804999876022    1.0    1
296    1607330705.58    1607330705.59    0.00200009346008    16    0.4243    6.7888    0.42630009346    0    0
297    1607330705.73    1607330705.73    0.0    16    0.0285    0.456    0.0285    0    0
298    1607330705.93    1607330705.94    0.00300002098083    256    0.0057    1.4592    0.00870002098083    1.0    1
299    1607330705.96    1607330705.96    0.0    16    0.8805    14.088    0.8805    0    0
300    1607330706.12    1607330706.12    0.0    16    0.0098    0.1568    0.0098    0    0
301    1607330706.23    1607330706.23    0.000999927520752    64    0.4167    26.6688    0.417699927521    1.0    1
302    1607330706.41    1607330706.41    0.0    64    0.0125    0.8    0.0125    1.0    1
303    1607330706.54    1607330706.54    0.000999927520752    64    0.4167    26.6688    0.417699927521    1.0    1
304    1607330706.54    1607330706.54    0.000999927520752    16    0.8805    14.088    0.881499927521    0    0
305    1607330706.69    1607330706.69    0.0    4    0.0832    0.3328    0.0832    0    0
306    1607330707.38    1607330707.38    0.00100016593933    64    0.0234    1.4976    0.0244001659393    1.0    1
307    1607330707.71    1607330707.71    0.0    16    0.4243    6.7888    0.4243    0    0
308    1607330707.74    1607330707.74    0.00100016593933    4    0.0522    0.2088    0.0532001659393    0    0
309    1607330707.77    1607330707.77    0.000999927520752    4    0.0832    0.3328    0.0841999275208    0    0
310    1607330707.97    1607330707.97    0.0    4    0.0284    0.1136    0.0284    0    0
311    1607330708.02    1607330708.02    0.0    16    0.0098    0.1568    0.0098    0    0
312    1607330708.25    1607330708.26    0.00100016593933    64    0.9446    60.4544    0.945600165939    1.0    1
313    1607330708.88    1607330708.88    0.00300002098083    256    0.7528    192.7168    0.755800020981    1.0    1
314    1607330708.91    1607330708.91    0.000999927520752    64    0.0055    0.352    0.00649992752075    1.0    1
315    1607330709.07    1607330709.07    0.000999927520752    4    0.0284    0.1136    0.0293999275208    0    0
316    1607330709.21    1607330709.21    0.0    4    0.0284    0.1136    0.0284    0    0
317    1607330709.33    1607330709.33    0.000999927520752    4    0.6452    2.5808    0.646199927521    0    0
318    1607330709.64    1607330709.64    0.0019998550415    64    0.9446    60.4544    0.946599855042    1.0    1
319    1607330709.66    1607330709.66    0.0    16    0.0429    0.6864    0.0429    0    0
320    1607330709.78    1607330709.79    0.00100016593933    16    0.0285    0.456    0.0295001659393    0    0
321    1607330709.84    1607330709.84    0.00100016593933    4    0.0284    0.1136    0.0294001659393    0    0
322    1607330710.56    1607330710.57    0.00100016593933    64    0.6779    43.3856    0.678900165939    1.0    1
323    1607330710.62    1607330710.62    0.0    4    0.0284    0.1136    0.0284    0    0
324    1607330711.05    1607330711.05    0.0    4    0.0522    0.2088    0.0522    0    0
325    1607330711.22    1607330711.22    0.0    16    0.0297    0.4752    0.0297    0    0
326    1607330712.07    1607330712.07    0.00200009346008    64    0.0125    0.8    0.0145000934601    1.0    1
327    1607330712.16    1607330712.16    0.0    16    0.0285    0.456    0.0285    0    0
328    1607330712.38    1607330712.38    0.0019998550415    256    0.0177    4.5312    0.0196998550415    1.0    1
329    1607330712.49    1607330712.49    0.0    16    0.0098    0.1568    0.0098    0    0
330    1607330712.56    1607330712.56    0.0    16    0.0297    0.4752    0.0297    0    0
331    1607330712.56    1607330712.56    0.0    16    0.0297    0.4752    0.0297    0    0
332    1607330712.99    1607330712.99    0.0    64    0.0125    0.8    0.0125    1.0    1
333    1607330713.09    1607330713.09    0.0    4    1.1283    4.5132    1.1283    0    0
334    1607330713.41    1607330713.41    0.0    16    0.7616    12.1856    0.7616    0    0
335    1607330713.56    1607330713.56    0.0    4    0.0832    0.3328    0.0832    0    0
336    1607330713.58    1607330713.58    0.0    16    0.0297    0.4752    0.0297    1.0    1
337    1607330713.77    1607330713.77    0.0    4    0.5956    2.3824    0.5956    0    0
338    1607330713.88    1607330713.88    0.00100016593933    64    0.1855    11.872    0.186500165939    1.0    1
339    1607330713.89    1607330713.89    0.000999927520752    4    1.1283    4.5132    1.12929992752    0    0
340    1607330713.98    1607330713.98    0.000999927520752    16    0.0285    0.456    0.0294999275208    1.0    1
341    1607330714.05    1607330714.05    0.0    4    0.0059    0.0236    0.0059    0    0
342    1607330714.32    1607330714.32    0.000999927520752    64    0.0234    1.4976    0.0243999275208    1.0    1
343    1607330714.49    1607330714.5    0.00100016593933    16    0.0297    0.4752    0.0307001659393    0    0
344    1607330714.64    1607330714.64    0.0    64    0.6779    43.3856    0.6779    1.0    1
345    1607330715.7    1607330715.7    0.00200009346008    256    0.0057    1.4592    0.00770009346008    1.0    1
346    1607330716.23    1607330716.23    0.0    64    0.4167    26.6688    0.4167    1.0    1
347    1607330716.54    1607330716.54    0.000999927520752    64    0.4167    26.6688    0.417699927521    1.0    1
348    1607330716.92    1607330716.92    0.000999927520752    64    0.0055    0.352    0.00649992752075    1.0    1
349    1607330717.14    1607330717.14    0.0    64    0.1855    11.872    0.1855    1.0    1
350    1607330717.35    1607330717.35    0.0    4    0.0832    0.3328    0.0832    0    0
351    1607330717.41    1607330717.41    0.0019998550415    64    0.1855    11.872    0.187499855042    1.0    1
352    1607330717.6    1607330717.6    0.000999927520752    16    0.0098    0.1568    0.0107999275208    0    0
353    1607330717.71    1607330717.71    0.0    4    0.0059    0.0236    0.0059    0    0
354    1607330717.86    1607330717.86    0.0    64    0.0234    1.4976    0.0234    1.0    1
355    1607330718.57    1607330718.57    0.0    4    0.0832    0.3328    0.0832    0    0
356    1607330718.73    1607330718.73    0.00300002098083    256    0.0057    1.4592    0.00870002098083    1.0    1
357    1607330719.19    1607330719.19    0.0    16    0.0285    0.456    0.0285    0    0
358    1607330719.39    1607330719.4    0.000999927520752    64    0.4167    26.6688    0.417699927521    1.0    1
359    1607330719.49    1607330719.49    0.00399994850159    256    0.8    204.8    0.803999948502    1.0    1
360    1607330719.52    1607330719.52    0.00699996948242    64    0.1855    11.872    0.192499969482    1.0    1
361    1607330719.56    1607330719.57    0.00699996948242    4    0.5956    2.3824    0.602599969482    0    0
362    1607330719.67    1607330719.67    0.000999927520752    4    0.0832    0.3328    0.0841999275208    0    0
363    1607330719.86    1607330719.87    0.00600004196167    256    0.8    204.8    0.806000041962    1.19444444444    2
364    1607330719.93    1607330719.93    0.00499987602234    256    0.0057    1.4592    0.0106998760223    1.0    1
365    1607330719.97    1607330719.97    0.00200009346008    16    0.0297    0.4752    0.0317000934601    0    0
366    1607330720.11    1607330720.11    0.00499987602234    256    0.0057    1.4592    0.0106998760223    1.0    1
367    1607330720.12    1607330720.13    0.00699996948242    64    0.4167    26.6688    0.423699969482    1.0    1
368    1607330720.82    1607330720.82    0.0    64    0.1855    11.872    0.1855    1.0    1
369    1607330721.06    1607330721.06    0.00300002098083    256    0.0177    4.5312    0.0207000209808    1.0    1
370    1607330721.3    1607330721.3    0.000999927520752    64    0.0234    1.4976    0.0243999275208    1.0    1
371    1607330722.01    1607330722.01    0.0    4    0.0832    0.3328    0.0832    0    0
372    1607330722.33    1607330722.33    0.0    64    0.9446    60.4544    0.9446    1.0    1
373    1607330722.36    1607330722.36    0.00100016593933    16    0.0429    0.6864    0.0439001659393    0    0
374    1607330722.54    1607330722.54    0.000999927520752    16    0.4243    6.7888    0.425299927521    0    0
375    1607330722.73    1607330722.74    0.00300002098083    64    0.9446    60.4544    0.947600020981    1.0    1
376    1607330723.05    1607330723.05    0.000999927520752    64    0.1855    11.872    0.186499927521    1.0    1
377    1607330723.26    1607330723.26    0.00399994850159    256    0.7528    192.7168    0.756799948502    1.0    1
378    1607330723.72    1607330723.72    0.0    64    0.0055    0.352    0.0055    1.0    1
379    1607330724.19    1607330724.19    0.0    64    0.0125    0.8    0.0125    1.0    1
380    1607330725.3    1607330725.3    0.00300002098083    256    0.6189    158.4384    0.621900020981    1.0    1
381    1607330725.63    1607330725.63    0.00100016593933    64    0.0125    0.8    0.0135001659393    1.0    1
382    1607330725.67    1607330725.67    0.00200009346008    64    0.4167    26.6688    0.41870009346    1.0    1
383    1607330726.12    1607330726.12    0.0    16    0.7616    12.1856    0.7616    0    0
384    1607330726.2    1607330726.2    0.0    16    0.4243    6.7888    0.4243    0    0
385    1607330726.39    1607330726.39    0.00100016593933    64    0.1855    11.872    0.186500165939    1.0    1
386    1607330726.41    1607330726.42    0.00299978256226    256    0.0057    1.4592    0.00869978256226    1.0    1
387    1607330726.76    1607330726.76    0.0    4    0.0284    0.1136    0.0284    0    0
388    1607330726.95    1607330726.95    0.000999927520752    64    0.0055    0.352    0.00649992752075    1.0    1
389    1607330727.02    1607330727.02    0.000999927520752    16    0.0297    0.4752    0.0306999275208    0    0
390    1607330727.38    1607330727.38    0.0    16    0.8805    14.088    0.8805    0    0
391    1607330727.68    1607330727.68    0.00100016593933    16    0.8805    14.088    0.881500165939    0    0
392    1607330727.72    1607330727.73    0.00300002098083    256    0.8    204.8    0.803000020981    1.0    1
393    1607330727.94    1607330727.94    0.000999927520752    64    0.0055    0.352    0.00649992752075    1.0    1
394    1607330727.97    1607330727.97    0.000999927520752    16    0.0297    0.4752    0.0306999275208    0    0
395    1607330728.31    1607330728.31    0.0    4    0.5956    2.3824    0.5956    0    0
396    1607330728.48    1607330728.48    0.00200009346008    64    0.6779    43.3856    0.67990009346    1.0    1
397    1607330728.76    1607330728.76    0.0    4    0.5956    2.3824    0.5956    0    0
398    1607330729.04    1607330729.05    0.00100016593933    64    0.0234    1.4976    0.0244001659393    1.0    1
399    1607330729.2    1607330729.2    0.0    4    0.5956    2.3824    0.5956    0    0

dispatched jobs are: 400 out of 400
average queue time is: 0.20888499856
fso links are used for 0 times
overall utilization is 0.0287362044791
average response time is 0.55142799856
average weighted response time is 0.708742269588
average slowdown is 1.00854317313
cpu_request: 28540, cpu_run: 28540
ssd_request: 13306, ssd_run: 0
gpu_request: 14398, gpu_run: 0
cpu aspl: 1.00277777778
cpu diameter: 1.01470588235
job x: 0.0
job y: 0.0
job z: 0.0
