#timestep  occupied-CPU  total-CPU  utilization  queuingjobs
1    4    4096    0.0009765625    0
2    260    4096    0.0634765625    0
3    256    4096    0.0625    0
4    88    4096    0.021484375    0
5    0    4096    0.0    0
6    0    4096    0.0    0
7    0    4096    0.0    0
8    68    4096    0.0166015625    0
9    0    4096    0.0    0
10    0    4096    0.0    0
11    80    4096    0.01953125    0
12    16    4096    0.00390625    0
13    0    4096    0.0    0
14    0    4096    0.0    0
15    32    4096    0.0078125    0
16    256    4096    0.0625    0
17    272    4096    0.06640625    0
18    520    4096    0.126953125    1
19    320    4096    0.078125    0
20    0    4096    0.0    0
21    16    4096    0.00390625    0
22    0    4096    0.0    0
23    0    4096    0.0    0
24    8    4096    0.001953125    0
25    4    4096    0.0009765625    0
26    0    4096    0.0    0
27    20    4096    0.0048828125    0
28    128    4096    0.03125    0
29    0    4096    0.0    0
30    64    4096    0.015625    0
31    16    4096    0.00390625    0
32    580    4096    0.1416015625    0
33    128    4096    0.03125    0
34    0    4096    0.0    0
35    16    4096    0.00390625    0
36    324    4096    0.0791015625    0
37    80    4096    0.01953125    0
38    128    4096    0.03125    0
39    128    4096    0.03125    0
40    272    4096    0.06640625    0
41    32    4096    0.0078125    0
42    0    4096    0.0    0
43    16    4096    0.00390625    0
44    16    4096    0.00390625    0
45    16    4096    0.00390625    0
46    0    4096    0.0    0
47    260    4096    0.0634765625    0
48    0    4096    0.0    0
49    128    4096    0.03125    0
50    256    4096    0.0625    1
51    336    4096    0.08203125    0
52    256    4096    0.0625    0
53    260    4096    0.0634765625    0
54    336    4096    0.08203125    0
55    16    4096    0.00390625    0
56    8    4096    0.001953125    0
57    0    4096    0.0    0
58    68    4096    0.0166015625    0
59    280    4096    0.068359375    0
60    272    4096    0.06640625    0
61    324    4096    0.0791015625    0
62    512    4096    0.125    0
63    0    4096    0.0    0
64    516    4096    0.1259765625    0
65    0    4096    0.0    0
66    256    4096    0.0625    0
67    260    4096    0.0634765625    0
68    512    4096    0.125    0
69    20    4096    0.0048828125    0
70    20    4096    0.0048828125    0
71    528    4096    0.12890625    0
72    80    4096    0.01953125    0
73    16    4096    0.00390625    0
74    320    4096    0.078125    0
75    64    4096    0.015625    0
76    64    4096    0.015625    0
77    0    4096    0.0    0
78    4    4096    0.0009765625    0
79    4    4096    0.0009765625    0
80    0    4096    0.0    0
81    64    4096    0.015625    0
82    16    4096    0.00390625    0
83    0    4096    0.0    0
84    324    4096    0.0791015625    0
85    64    4096    0.015625    0
86    0    4096    0.0    0
87    128    4096    0.03125    0
88    0    4096    0.0    0
89    0    4096    0.0    0
90    32    4096    0.0078125    0
91    0    4096    0.0    0
92    276    4096    0.0673828125    0
93    4    4096    0.0009765625    0
94    0    4096    0.0    0

average cpu utilization is: 0.0286943151596
average ssd utilization is: 1.0
average gpu utilization is: 1.0
average utilization is: 0.676231438387
average queuing jobs are: 0.0212765957447
maximum queuing jobs are: 1


#job_number  submit  dispatch  queue  cpu#  runtime  weight  response(turnaround)  cpu_aspl  cpu_diameter
0    1607330255.54    1607330342.38    86.8420000076    4    0.0526    0.2104    86.8946000076    2    2
1    1607330342.48    1607330342.48    0.00100016593933    64    0.0055    0.352    0.00650016593933    2    5
2    1607330342.55    1607330342.55    0.0    4    0.5984    2.3936    0.5984    2    2
3    1607330342.77    1607330342.77    0.00200009346008    4    0.0526    0.2104    0.0546000934601    2    2
4    1607330343.28    1607330343.28    0.0019998550415    256    0.8    204.8    0.801999855042    3    6
5    1607330343.45    1607330343.46    0.00300002098083    4    0.5984    2.3936    0.601400020981    2    2
6    1607330343.56    1607330343.56    0.000999927520752    4    0.5984    2.3936    0.599399927521    2    2
7    1607330343.64    1607330343.64    0.00100016593933    256    0.7528    192.7168    0.753800165939    3    6
8    1607330343.87    1607330343.88    0.000999927520752    16    0.0098    0.1568    0.0107999275208    2    2
9    1607330344.09    1607330344.09    0.00300002098083    256    0.6189    158.4384    0.621900020981    3    6
10    1607330344.88    1607330344.88    0.000999927520752    16    0.0098    0.1568    0.0107999275208    2    2
11    1607330345.18    1607330345.18    0.0    64    0.0234    1.4976    0.0234    2    5
12    1607330345.19    1607330345.19    0.0    16    0.0285    0.456    0.0285    2    2
13    1607330345.33    1607330345.33    0.000999927520752    64    0.0125    0.8    0.0134999275208    2    5
14    1607330345.61    1607330345.61    0.0    64    0.9446    60.4544    0.9446    2    5
15    1607330345.62    1607330345.62    0.0    64    0.0234    1.4976    0.0234    2    5
16    1607330345.91    1607330345.91    0.000999927520752    256    0.0177    4.5312    0.0186999275208    3    6
17    1607330346.26    1607330346.26    0.0    64    0.4167    26.6688    0.4167    2    5
18    1607330346.43    1607330346.43    0.0    16    0.0098    0.1568    0.0098    2    2
19    1607330346.97    1607330346.97    0.000999927520752    16    0.0098    0.1568    0.0107999275208    2    2
20    1607330349.55    1607330349.55    0.000999927520752    64    0.4167    26.6688    0.417699927521    2    5
21    1607330349.56    1607330349.56    0.000999927520752    16    0.0297    0.4752    0.0306999275208    2    2
22    1607330349.63    1607330349.63    0.000999927520752    4    1.1322    4.5288    1.13319992752    2    2
23    1607330350.16    1607330350.16    0.0    64    0.0055    0.352    0.0055    2    5
24    1607330350.38    1607330350.38    0.000999927520752    64    0.0055    0.352    0.00649992752075    2    5
25    1607330350.86    1607330350.86    0.00100016593933    16    0.0285    0.456    0.0295001659393    2    2
26    1607330351.08    1607330351.09    0.0019998550415    16    0.0285    0.456    0.0304998550415    2    2
27    1607330351.22    1607330351.22    0.00100016593933    256    0.6189    158.4384    0.619900165939    3    6
28    1607330351.46    1607330351.46    0.00100016593933    4    0.0834    0.3336    0.0844001659393    2    2
29    1607330351.64    1607330351.64    0.00100016593933    4    0.0526    0.2104    0.0536001659393    2    2
30    1607330351.94    1607330351.94    0.0    4    0.0526    0.2104    0.0526    2    2
31    1607330352.14    1607330352.15    0.00300002098083    256    0.7528    192.7168    0.755800020981    3    6
32    1607330352.47    1607330352.47    0.000999927520752    16    0.7616    12.1856    0.762599927521    2    2
33    1607330352.51    1607330352.51    0.000999927520752    4    0.0834    0.3336    0.0843999275208    2    2
34    1607330352.86    1607330352.86    0.000999927520752    64    0.9446    60.4544    0.945599927521    2    6
35    1607330353.11    1607330353.11    0.0    256    0.0177    4.5312    0.0177    3    6
36    1607330353.37    1607330353.37    0.0    16    0.0297    0.4752    0.0297    2    2
37    1607330353.38    1607330353.38    0.0    64    0.4167    26.6688    0.4167    2    6
38    1607330353.49    1607330353.49    0.000999927520752    4    0.6477    2.5908    0.648699927521    2    2
39    1607330353.53    1607330353.53    0.0    16    0.8805    14.088    0.8805    2    3
40    1607330353.62    1607330353.62    0.0    16    0.0429    0.6864    0.0429    2    5
41    1607330354.45    1607330354.45    0.0    16    0.0297    0.4752    0.0297    2    2
42    1607330354.52    1607330354.52    0.0    256    0.0177    4.5312    0.0177    3    6
43    1607330354.74    1607330354.74    0.0    16    0.0297    0.4752    0.0297    2    2
44    1607330355.63    1607330355.64    0.000999927520752    64    0.6779    43.3856    0.678899927521    2    5
45    1607330355.81    1607330355.81    0.00100016593933    4    0.0284    0.1136    0.0294001659393    2    2
46    1607330355.97    1607330355.97    0.0    64    0.0055    0.352    0.0055    2    5
47    1607330356.33    1607330356.33    0.000999927520752    16    0.0297    0.4752    0.0306999275208    2    2
48    1607330356.68    1607330356.68    0.00100016593933    16    0.8805    14.088    0.881500165939    2    2
49    1607330356.69    1607330356.69    0.0    4    0.0284    0.1136    0.0284    2    2
50    1607330357.03    1607330357.03    0.00100016593933    16    0.0098    0.1568    0.0108001659393    2    2
51    1607330357.4    1607330357.4    0.0    16    0.7616    12.1856    0.7616    2    2
52    1607330358.34    1607330358.34    0.000999927520752    64    0.0125    0.8    0.0134999275208    2    5
53    1607330358.39    1607330358.4    0.000999927520752    256    0.7528    192.7168    0.753799927521    3    6
54    1607330358.92    1607330358.92    0.00100016593933    256    0.8    204.8    0.801000165939    3    6
55    1607330359.08    1607330359.09    0.000999927520752    4    0.0526    0.2104    0.0535999275208    2    2
56    1607330359.4    1607330359.4    0.000999927520752    64    0.0055    0.352    0.00649992752075    2    5
57    1607330359.61    1607330359.61    0.000999927520752    16    0.7616    12.1856    0.762599927521    2    2
58    1607330359.77    1607330359.77    0.0    4    1.1322    4.5288    1.1322    2    2
59    1607330360.01    1607330360.01    0.000999927520752    16    0.4243    6.7888    0.425299927521    2    5
60    1607330360.16    1607330360.16    0.0    4    0.5984    2.3936    0.5984    2    2
61    1607330360.52    1607330360.52    0.000999927520752    256    0.4221    108.0576    0.423099927521    3    6
62    1607330360.68    1607330360.68    0.000999927520752    4    0.0284    0.1136    0.0293999275208    2    2
63    1607330360.7    1607330360.7    0.000999927520752    256    0.4221    108.0576    0.423099927521    3    6
64    1607330360.78    1607330360.78    0.00200009346008    16    0.7616    12.1856    0.76360009346    3    6
65    1607330360.84    1607330360.85    0.000999927520752    16    0.8805    14.088    0.881499927521    2    5
66    1607330361.08    1607330361.08    0.0    16    0.0297    0.4752    0.0297    2    2
67    1607330361.27    1607330361.27    0.000999927520752    256    0.8    204.8    0.800999927521    3    6
68    1607330361.3    1607330361.3    0.000999927520752    64    0.6779    43.3856    0.678899927521    2    6
69    1607330361.67    1607330361.67    0.000999927520752    256    0.0177    4.5312    0.0186999275208    3    6
70    1607330361.95    1607330361.95    0.0    4    0.0059    0.0236    0.0059    2    2
71    1607330361.96    1607330361.96    0.00100016593933    4    0.0284    0.1136    0.0294001659393    2    2
72    1607330362.02    1607330362.02    0.000999927520752    256    0.4221    108.0576    0.423099927521    3    6
73    1607330362.47    1607330362.47    0.0    4    0.0284    0.1136    0.0284    2    2
74    1607330362.89    1607330362.9    0.000999927520752    16    0.0297    0.4752    0.0306999275208    2    2
75    1607330362.93    1607330362.93    0.000999927520752    256    0.6189    158.4384    0.619899927521    3    6
76    1607330363.05    1607330363.05    0.0    4    0.6477    2.5908    0.6477    2    2
77    1607330363.22    1607330363.22    0.000999927520752    16    0.8805    14.088    0.881499927521    2    3
78    1607330363.33    1607330363.33    0.0    16    0.0285    0.456    0.0285    2    5
79    1607330363.46    1607330363.46    0.000999927520752    256    0.0057    1.4592    0.00669992752075    3    6
80    1607330363.83    1607330363.83    0.0    16    0.0297    0.4752    0.0297    2    2
81    1607330365.12    1607330365.13    0.000999927520752    4    0.6477    2.5908    0.648699927521    2    2
82    1607330365.44    1607330365.44    0.000999927520752    4    0.5984    2.3936    0.599399927521    2    2
83    1607330365.99    1607330365.99    0.0    16    0.0098    0.1568    0.0098    2    2
84    1607330366.18    1607330366.18    0.0    4    1.1322    4.5288    1.1322    2    2
85    1607330366.37    1607330366.37    0.0    16    0.4243    6.7888    0.4243    2    2
86    1607330366.38    1607330366.38    0.0    4    1.1322    4.5288    1.1322    2    2
87    1607330367.15    1607330367.15    0.00200009346008    16    0.0297    0.4752    0.0317000934601    2    2
88    1607330367.7    1607330367.7    0.000999927520752    4    0.6477    2.5908    0.648699927521    2    2
89    1607330367.83    1607330367.83    0.0    64    0.0055    0.352    0.0055    2    6
90    1607330368.83    1607330368.83    0.0    64    0.4167    26.6688    0.4167    2    5
91    1607330369.42    1607330369.43    0.00100016593933    4    0.0526    0.2104    0.0536001659393    2    2
92    1607330369.49    1607330369.49    0.0    4    1.1322    4.5288    1.1322    2    2
93    1607330369.74    1607330369.74    0.0    16    0.8805    14.088    0.8805    2    2
94    1607330370.05    1607330370.05    0.000999927520752    16    0.0098    0.1568    0.0107999275208    2    5
95    1607330370.69    1607330370.7    0.00100016593933    4    0.0284    0.1136    0.0294001659393    2    2
96    1607330370.79    1607330370.8    0.00100016593933    64    0.6779    43.3856    0.678900165939    2    5
97    1607330370.87    1607330370.87    0.0    4    0.0284    0.1136    0.0284    2    2
98    1607330371.35    1607330371.35    0.00100016593933    64    0.4167    26.6688    0.417700165939    2    5
99    1607330371.44    1607330371.44    0.0019998550415    4    0.5984    2.3936    0.600399855042    2    2
100    1607330372.0    1607330372.0    0.000999927520752    16    0.0429    0.6864    0.0438999275208    2    2
101    1607330372.15    1607330372.15    0.0    64    0.0055    0.352    0.0055    2    5
102    1607330372.77    1607330372.77    0.000999927520752    64    0.9446    60.4544    0.945599927521    2    5
103    1607330373.41    1607330373.41    0.0    16    0.0285    0.456    0.0285    2    2
104    1607330373.77    1607330373.78    0.00100016593933    16    0.0098    0.1568    0.0108001659393    2    2
105    1607330374.31    1607330374.31    0.0    16    0.4243    6.7888    0.4243    2    2
106    1607330374.68    1607330374.68    0.00300002098083    64    0.0234    1.4976    0.0264000209808    2    6
107    1607330374.95    1607330374.95    0.000999927520752    16    0.4243    6.7888    0.425299927521    2    2
108    1607330374.98    1607330374.98    0.0    4    0.0834    0.3336    0.0834    2    2
109    1607330375.01    1607330375.01    0.0    4    1.1322    4.5288    1.1322    2    2
110    1607330375.06    1607330375.06    0.000999927520752    256    0.8    204.8    0.800999927521    3    6
111    1607330375.11    1607330375.11    0.000999927520752    64    0.6779    43.3856    0.678899927521    2    6
112    1607330375.24    1607330375.24    0.000999927520752    64    0.1855    11.872    0.186499927521    2    6
113    1607330375.56    1607330375.56    0.000999927520752    256    0.8    204.8    0.800999927521    3    6
114    1607330375.61    1607330375.61    0.000999927520752    16    0.0429    0.6864    0.0438999275208    2    2
115    1607330375.96    1607330375.96    0.000999927520752    256    0.0177    4.5312    0.0186999275208    3    6
116    1607330376.05    1607330376.05    0.0    4    0.0059    0.0236    0.0059    2    2
117    1607330376.14    1607330376.14    0.0    4    0.0526    0.2104    0.0526    2    2
118    1607330376.15    1607330376.15    0.000999927520752    64    0.4167    26.6688    0.417699927521    2    6
119    1607330376.32    1607330376.32    0.0    16    0.4243    6.7888    0.4243    2    3
120    1607330376.33    1607330376.33    0.0    64    0.0125    0.8    0.0125    3    6
121    1607330376.36    1607330376.36    0.0    4    0.0284    0.1136    0.0284    2    2
122    1607330376.69    1607330376.69    0.00100016593933    64    0.9446    60.4544    0.945600165939    2    6
123    1607330376.71    1607330376.71    0.00100016593933    64    0.1855    11.872    0.186500165939    2    6
124    1607330376.71    1607330376.71    0.00300002098083    256    0.0057    1.4592    0.00870002098083    3    6
125    1607330376.74    1607330376.75    0.00200009346008    4    0.0284    0.1136    0.0304000934601    2    2
126    1607330377.28    1607330377.29    0.00100016593933    64    0.0055    0.352    0.00650016593933    2    6
127    1607330377.38    1607330377.38    0.000999927520752    256    0.0177    4.5312    0.0186999275208    3    6
128    1607330377.46    1607330377.46    0.000999927520752    16    0.0429    0.6864    0.0438999275208    2    3
129    1607330378.42    1607330378.42    0.0    16    0.7616    12.1856    0.7616    2    2
130    1607330378.8    1607330378.8    0.000999927520752    256    0.0177    4.5312    0.0186999275208    3    6
131    1607330379.03    1607330379.03    0.000999927520752    4    0.0834    0.3336    0.0843999275208    2    2
132    1607330379.05    1607330379.05    0.000999927520752    4    1.1322    4.5288    1.13319992752    2    2
133    1607330379.11    1607330379.11    0.0    256    0.7528    192.7168    0.7528    3    6
134    1607330379.26    1607330379.26    0.0    16    0.0285    0.456    0.0285    2    2
135    1607330379.44    1607330379.45    0.00100016593933    16    0.4243    6.7888    0.425300165939    2    2
136    1607330379.63    1607330379.63    0.0    64    0.0234    1.4976    0.0234    2    6
137    1607330379.71    1607330379.71    0.0    4    0.0526    0.2104    0.0526    2    2
138    1607330379.79    1607330379.79    0.000999927520752    64    0.6779    43.3856    0.678899927521    2    6
139    1607330379.94    1607330379.94    0.000999927520752    256    0.6189    158.4384    0.619899927521    3    6
140    1607330380.14    1607330380.14    0.000999927520752    4    0.6477    2.5908    0.648699927521    2    2
141    1607330380.19    1607330380.19    0.0    16    0.7616    12.1856    0.7616    2    3
142    1607330380.68    1607330380.68    0.0    4    0.0059    0.0236    0.0059    2    2
143    1607330380.74    1607330380.74    0.00100016593933    64    0.0234    1.4976    0.0244001659393    2    6
144    1607330380.87    1607330380.87    0.000999927520752    64    0.6779    43.3856    0.678899927521    2    6
145    1607330380.91    1607330380.91    0.0    16    0.4243    6.7888    0.4243    2    2
146    1607330381.34    1607330381.34    0.000999927520752    4    0.0526    0.2104    0.0535999275208    2    2
147    1607330381.87    1607330381.87    0.000999927520752    64    0.6779    43.3856    0.678899927521    2    5
148    1607330381.97    1607330381.97    0.00100016593933    64    0.6779    43.3856    0.678900165939    2    5
149    1607330382.16    1607330382.17    0.00200009346008    64    0.6779    43.3856    0.67990009346    2    5
150    1607330382.56    1607330382.56    0.0    4    0.0284    0.1136    0.0284    2    2
151    1607330382.77    1607330382.77    0.0    64    0.6779    43.3856    0.6779    2    5
152    1607330382.84    1607330382.84    0.000999927520752    4    0.0059    0.0236    0.00689992752075    2    2
153    1607330382.9    1607330382.9    0.0    64    0.9446    60.4544    0.9446    2    5
154    1607330383.85    1607330383.85    0.0    16    0.0098    0.1568    0.0098    2    2
155    1607330383.9    1607330383.9    0.000999927520752    256    0.0177    4.5312    0.0186999275208    3    6
156    1607330383.94    1607330383.94    0.00100016593933    256    0.6189    158.4384    0.619900165939    3    6
157    1607330383.99    1607330383.99    0.00100016593933    16    0.8805    14.088    0.881500165939    2    2
158    1607330384.35    1607330384.35    0.00300002098083    4    0.5984    2.3936    0.601400020981    2    2
159    1607330384.55    1607330384.56    0.00100016593933    4    0.5984    2.3936    0.599400165939    2    2
160    1607330384.66    1607330384.66    0.0    256    0.6189    158.4384    0.6189    3    6
161    1607330384.76    1607330384.76    0.000999927520752    64    0.0055    0.352    0.00649992752075    2    6
162    1607330384.96    1607330384.96    0.000999927520752    16    0.0285    0.456    0.0294999275208    2    2
163    1607330385.12    1607330385.12    0.000999927520752    16    0.7616    12.1856    0.762599927521    2    2
164    1607330385.19    1607330385.19    0.000999927520752    16    0.7616    12.1856    0.762599927521    2    2
165    1607330385.36    1607330385.36    0.000999927520752    4    0.0834    0.3336    0.0843999275208    2    2
166    1607330385.72    1607330385.72    0.0    4    0.0059    0.0236    0.0059    2    2
167    1607330385.76    1607330385.76    0.0    16    0.0285    0.456    0.0285    2    2
168    1607330385.8    1607330385.8    0.000999927520752    64    0.0055    0.352    0.00649992752075    2    5
169    1607330386.45    1607330386.45    0.00499987602234    256    0.7528    192.7168    0.757799876022    3    6
170    1607330386.47    1607330386.48    0.0120000839233    4    0.6477    2.5908    0.659700083923    2    2
171    1607330386.65    1607330386.65    0.000999927520752    256    0.0057    1.4592    0.00669992752075    3    6
172    1607330387.53    1607330387.53    0.000999927520752    16    0.0285    0.456    0.0294999275208    2    2
173    1607330387.64    1607330387.64    0.000999927520752    256    0.7528    192.7168    0.753799927521    3    6
174    1607330387.82    1607330387.82    0.000999927520752    16    0.8805    14.088    0.881499927521    2    2
175    1607330388.21    1607330388.21    0.00100016593933    256    0.0057    1.4592    0.00670016593933    3    6
176    1607330388.64    1607330388.64    0.00100016593933    16    0.7616    12.1856    0.762600165939    2    2
177    1607330388.68    1607330388.68    0.00299978256226    64    0.0234    1.4976    0.0263997825623    2    6
178    1607330389.09    1607330389.09    0.0    64    0.0234    1.4976    0.0234    2    6
179    1607330389.21    1607330389.21    0.0    16    0.0098    0.1568    0.0098    2    2
180    1607330389.21    1607330389.22    0.00100016593933    64    0.0234    1.4976    0.0244001659393    3    6
181    1607330389.31    1607330389.32    0.00100016593933    4    0.0059    0.0236    0.00690016593933    2    2
182    1607330389.67    1607330389.67    0.0    16    0.8805    14.088    0.8805    2    2
183    1607330390.02    1607330390.02    0.00100016593933    16    0.0285    0.456    0.0295001659393    2    2
184    1607330390.02    1607330390.02    0.000999927520752    4    0.0059    0.0236    0.00689992752075    2    2
185    1607330390.59    1607330390.6    0.000999927520752    256    0.0177    4.5312    0.0186999275208    3    6
186    1607330390.91    1607330390.91    0.0    64    0.1855    11.872    0.1855    2    5
187    1607330391.04    1607330391.04    0.0    16    0.7616    12.1856    0.7616    2    2
188    1607330391.26    1607330391.26    0.000999927520752    4    0.0834    0.3336    0.0843999275208    2    2
189    1607330391.28    1607330391.28    0.00100016593933    4    0.6477    2.5908    0.648700165939    2    2
190    1607330391.58    1607330391.58    0.000999927520752    256    0.7528    192.7168    0.753799927521    3    6
191    1607330392.08    1607330392.08    0.0    64    0.0234    1.4976    0.0234    2    6
192    1607330393.01    1607330393.02    0.00399994850159    256    0.8    204.8    0.803999948502    3    6
193    1607330393.15    1607330393.15    0.000999927520752    64    0.4167    26.6688    0.417699927521    2    5
194    1607330393.94    1607330393.94    0.0    64    0.9446    60.4544    0.9446    2    5
195    1607330394.02    1607330394.02    0.0    64    0.9446    60.4544    0.9446    2    5
196    1607330394.18    1607330394.18    0.00100016593933    64    0.4167    26.6688    0.417700165939    2    5
197    1607330394.38    1607330394.39    0.000999927520752    64    0.4167    26.6688    0.417699927521    2    5
198    1607330394.69    1607330394.69    0.000999927520752    64    0.4167    26.6688    0.417699927521    2    5
199    1607330395.07    1607330395.08    0.00200009346008    256    0.7528    192.7168    0.75480009346    3    6
200    1607330395.23    1607330395.24    0.00799989700317    256    0.0177    4.5312    0.0256998970032    3    6
201    1607330395.27    1607330395.27    0.000999927520752    256    0.4221    108.0576    0.423099927521    3    6
202    1607330395.49    1607330395.5    0.00100016593933    64    0.9446    60.4544    0.945600165939    2    5
203    1607330395.67    1607330395.67    0.000999927520752    64    0.1855    11.872    0.186499927521    2    5
204    1607330395.81    1607330395.81    0.000999927520752    256    0.7528    192.7168    0.753799927521    3    6
205    1607330395.82    1607330395.82    0.0019998550415    64    0.0234    1.4976    0.0253998550415    2    5
206    1607330396.11    1607330396.11    0.0    16    0.0429    0.6864    0.0429    2    2
207    1607330396.17    1607330396.17    0.0    4    0.0834    0.3336    0.0834    2    2
208    1607330396.26    1607330396.26    0.0019998550415    16    0.7616    12.1856    0.763599855042    2    2
209    1607330397.1    1607330397.1    0.0    256    0.8    204.8    0.8    3    6
210    1607330397.38    1607330397.39    0.00399994850159    16    0.0429    0.6864    0.0468999485016    2    2
211    1607330397.54    1607330397.54    0.00100016593933    4    0.0284    0.1136    0.0294001659393    2    2
212    1607330397.94    1607330397.94    0.0    4    1.1322    4.5288    1.1322    2    2
213    1607330398.07    1607330398.07    0.000999927520752    64    0.1855    11.872    0.186499927521    2    6
214    1607330398.4    1607330398.4    0.0    256    0.7528    192.7168    0.7528    3    6
215    1607330398.57    1607330398.57    0.000999927520752    16    0.0098    0.1568    0.0107999275208    2    2
216    1607330398.68    1607330398.69    0.00200009346008    64    0.1855    11.872    0.18750009346    2    6
217    1607330399.14    1607330399.14    0.000999927520752    16    0.7616    12.1856    0.762599927521    2    3
218    1607330399.35    1607330399.35    0.0    64    0.1855    11.872    0.1855    2    6
219    1607330399.47    1607330399.47    0.000999927520752    256    0.7528    192.7168    0.753799927521    3    6
220    1607330399.74    1607330399.74    0.00100016593933    64    0.0234    1.4976    0.0244001659393    2    6
221    1607330400.11    1607330400.11    0.000999927520752    64    0.0125    0.8    0.0134999275208    2    5
222    1607330400.4    1607330400.4    0.00100016593933    64    0.0234    1.4976    0.0244001659393    2    5
223    1607330400.61    1607330400.61    0.000999927520752    16    0.0297    0.4752    0.0306999275208    2    2
224    1607330400.78    1607330400.78    0.000999927520752    4    1.1322    4.5288    1.13319992752    2    2
225    1607330401.25    1607330401.25    0.000999927520752    256    0.0057    1.4592    0.00669992752075    3    6
226    1607330401.36    1607330401.36    0.000999927520752    4    1.1322    4.5288    1.13319992752    2    2
227    1607330401.4    1607330401.4    0.000999927520752    64    0.0125    0.8    0.0134999275208    2    6
228    1607330401.85    1607330401.86    0.000999927520752    256    0.8    204.8    0.800999927521    3    6
229    1607330402.18    1607330402.18    0.000999927520752    64    0.0234    1.4976    0.0243999275208    2    6
230    1607330402.8    1607330402.8    0.00399994850159    256    0.4221    108.0576    0.426099948502    3    6
231    1607330403.29    1607330403.29    0.000999927520752    64    0.6779    43.3856    0.678899927521    2    5
232    1607330403.48    1607330403.48    0.0    16    0.0098    0.1568    0.0098    2    2
233    1607330403.57    1607330403.57    0.000999927520752    64    0.1855    11.872    0.186499927521    2    5
234    1607330403.85    1607330403.85    0.0    4    0.0284    0.1136    0.0284    2    2
235    1607330403.88    1607330403.88    0.0019998550415    64    0.0125    0.8    0.0144998550415    2    6
236    1607330404.22    1607330404.22    0.000999927520752    256    0.7528    192.7168    0.753799927521    3    6
237    1607330404.4    1607330404.4    0.00200009346008    256    0.0177    4.5312    0.0197000934601    3    6
238    1607330404.47    1607330404.48    0.00100016593933    256    0.4221    108.0576    0.423100165939    3    6
239    1607330404.6    1607330404.6    0.000999927520752    64    0.0055    0.352    0.00649992752075    2    5
240    1607330404.63    1607330404.63    0.00100016593933    4    0.5984    2.3936    0.599400165939    2    2
241    1607330404.72    1607330404.72    0.00200009346008    64    0.0234    1.4976    0.0254000934601    2    6
242    1607330404.88    1607330404.88    0.000999927520752    16    0.8805    14.088    0.881499927521    2    2
243    1607330404.95    1607330404.95    0.00399994850159    4    0.0284    0.1136    0.0323999485016    2    2
244    1607330405.08    1607330405.08    0.000999927520752    64    0.0125    0.8    0.0134999275208    2    5
245    1607330405.17    1607330405.17    0.000999927520752    16    0.8805    14.088    0.881499927521    2    2
246    1607330405.18    1607330405.18    0.0    64    0.6779    43.3856    0.6779    2    6
247    1607330405.85    1607330405.85    0.000999927520752    256    0.6189    158.4384    0.619899927521    3    6
248    1607330406.12    1607330406.12    0.0    4    0.0526    0.2104    0.0526    2    2
249    1607330406.38    1607330406.38    0.000999927520752    64    0.6779    43.3856    0.678899927521    2    5
250    1607330406.46    1607330406.46    0.000999927520752    64    0.0234    1.4976    0.0243999275208    2    6
251    1607330406.62    1607330406.62    0.000999927520752    64    0.6779    43.3856    0.678899927521    2    5
252    1607330406.73    1607330406.74    0.00100016593933    256    0.7528    192.7168    0.753800165939    3    6
253    1607330406.92    1607330406.92    0.000999927520752    4    0.0284    0.1136    0.0293999275208    2    2
254    1607330406.95    1607330406.95    0.000999927520752    4    0.6477    2.5908    0.648699927521    2    2
255    1607330407.13    1607330407.13    0.00100016593933    4    0.5984    2.3936    0.599400165939    2    2
256    1607330407.33    1607330407.33    0.000999927520752    16    0.0098    0.1568    0.0107999275208    2    2
257    1607330407.49    1607330407.49    0.00100016593933    256    0.8    204.8    0.801000165939    3    6
258    1607330407.7    1607330407.7    0.00100016593933    4    0.0284    0.1136    0.0294001659393    2    2
259    1607330407.72    1607330407.72    0.000999927520752    16    0.0285    0.456    0.0294999275208    2    2
260    1607330408.1    1607330408.1    0.00100016593933    256    0.8    204.8    0.801000165939    3    6
261    1607330408.16    1607330408.16    0.000999927520752    4    0.0284    0.1136    0.0293999275208    2    2
262    1607330408.45    1607330408.45    0.000999927520752    4    0.5984    2.3936    0.599399927521    2    2
263    1607330409.0    1607330409.0    0.000999927520752    16    0.0429    0.6864    0.0438999275208    2    2
264    1607330409.22    1607330409.22    0.000999927520752    64    0.0055    0.352    0.00649992752075    2    5
265    1607330409.66    1607330409.66    0.00100016593933    4    0.0526    0.2104    0.0536001659393    2    2
266    1607330410.12    1607330410.12    0.000999927520752    4    1.1322    4.5288    1.13319992752    2    2
267    1607330410.12    1607330410.12    0.0    256    0.8    204.8    0.8    3    6
268    1607330410.14    1607330410.14    0.00100016593933    256    0.8    204.8    0.801000165939    3    6
269    1607330410.46    1607330410.46    0.00100016593933    64    0.0055    0.352    0.00650016593933    2    6
270    1607330410.49    1607330410.49    0.000999927520752    16    0.7616    12.1856    0.762599927521    2    2
271    1607330410.6    1607330410.6    0.000999927520752    16    0.0297    0.4752    0.0306999275208    2    5
272    1607330411.25    1607330411.25    0.0    16    0.0285    0.456    0.0285    2    2
273    1607330411.75    1607330411.75    0.0    4    0.0284    0.1136    0.0284    2    2
274    1607330412.22    1607330412.22    0.0    256    0.6189    158.4384    0.6189    3    6
275    1607330412.53    1607330412.53    0.00300002098083    4    0.0284    0.1136    0.0314000209808    2    2
276    1607330412.57    1607330412.57    0.000999927520752    4    1.1322    4.5288    1.13319992752    2    2
277    1607330412.66    1607330412.66    0.00100016593933    64    0.0125    0.8    0.0135001659393    2    6
278    1607330413.01    1607330413.01    0.0    256    0.6189    158.4384    0.6189    3    6
279    1607330413.27    1607330413.27    0.0    64    0.1855    11.872    0.1855    2    6
280    1607330414.38    1607330414.38    0.0    4    0.0526    0.2104    0.0526    2    2
281    1607330414.53    1607330414.53    0.000999927520752    256    0.7528    192.7168    0.753799927521    3    6
282    1607330414.57    1607330414.57    0.000999927520752    16    0.0429    0.6864    0.0438999275208    2    2
283    1607330414.58    1607330414.58    0.00100016593933    256    0.6189    158.4384    0.619900165939    3    6
284    1607330414.69    1607330414.69    0.0019998550415    64    0.6779    43.3856    0.679899855042    2    6
285    1607330415.13    1607330415.13    0.00100016593933    4    0.5984    2.3936    0.599400165939    2    2
286    1607330415.39    1607330415.39    0.000999927520752    16    0.8805    14.088    0.881499927521    2    2
287    1607330415.86    1607330415.86    0.0    4    0.0284    0.1136    0.0284    2    2
288    1607330415.91    1607330415.91    0.000999927520752    64    0.6779    43.3856    0.678899927521    2    6
289    1607330416.06    1607330416.06    0.0    16    0.7616    12.1856    0.7616    2    2
290    1607330416.5    1607330416.5    0.0    64    0.0125    0.8    0.0125    3    6
291    1607330416.75    1607330416.75    0.0    4    0.0526    0.2104    0.0526    2    2
292    1607330416.81    1607330416.81    0.00200009346008    64    0.0055    0.352    0.00750009346008    2    5
293    1607330416.99    1607330416.99    0.0    16    0.7616    12.1856    0.7616    2    2
294    1607330417.27    1607330417.27    0.000999927520752    256    0.6189    158.4384    0.619899927521    3    6
295    1607330417.56    1607330417.57    0.00100016593933    256    0.8    204.8    0.801000165939    3    6
296    1607330417.62    1607330417.62    0.00100016593933    16    0.4243    6.7888    0.425300165939    2    2
297    1607330417.76    1607330417.76    0.0    16    0.0285    0.456    0.0285    2    2
298    1607330417.97    1607330417.97    0.0    256    0.0057    1.4592    0.0057    3    6
299    1607330417.99    1607330417.99    0.0    16    0.8805    14.088    0.8805    2    2
300    1607330418.15    1607330418.15    0.000999927520752    16    0.0098    0.1568    0.0107999275208    2    2
301    1607330418.26    1607330418.26    0.0    64    0.4167    26.6688    0.4167    2    6
302    1607330418.44    1607330418.44    0.000999927520752    64    0.0125    0.8    0.0134999275208    2    6
303    1607330418.57    1607330418.57    0.0    64    0.4167    26.6688    0.4167    2    6
304    1607330418.58    1607330418.58    0.000999927520752    16    0.8805    14.088    0.881499927521    2    2
305    1607330418.72    1607330418.72    0.0    4    0.0834    0.3336    0.0834    2    2
306    1607330419.41    1607330419.42    0.000999927520752    64    0.0234    1.4976    0.0243999275208    2    5
307    1607330419.74    1607330419.74    0.0    16    0.4243    6.7888    0.4243    2    2
308    1607330419.77    1607330419.77    0.00100016593933    4    0.0526    0.2104    0.0536001659393    2    2
309    1607330419.8    1607330419.8    0.0    4    0.0834    0.3336    0.0834    2    2
310    1607330420.0    1607330420.01    0.00100016593933    4    0.0284    0.1136    0.0294001659393    2    2
311    1607330420.05    1607330420.06    0.00100016593933    16    0.0098    0.1568    0.0108001659393    2    2
312    1607330420.29    1607330420.29    0.0    64    0.9446    60.4544    0.9446    2    5
313    1607330420.91    1607330420.92    0.000999927520752    256    0.7528    192.7168    0.753799927521    3    6
314    1607330420.94    1607330420.94    0.000999927520752    64    0.0055    0.352    0.00649992752075    2    5
315    1607330421.1    1607330421.11    0.00500011444092    4    0.0284    0.1136    0.0334001144409    2    2
316    1607330421.25    1607330421.25    0.000999927520752    4    0.0284    0.1136    0.0293999275208    2    2
317    1607330421.36    1607330421.36    0.00100016593933    4    0.6477    2.5908    0.648700165939    2    2
318    1607330421.67    1607330421.68    0.00899982452393    64    0.9446    60.4544    0.953599824524    2    6
319    1607330421.69    1607330421.69    0.000999927520752    16    0.0429    0.6864    0.0438999275208    2    2
320    1607330421.82    1607330421.82    0.000999927520752    16    0.0285    0.456    0.0294999275208    2    2
321    1607330421.87    1607330421.87    0.000999927520752    4    0.0284    0.1136    0.0293999275208    2    2
322    1607330422.6    1607330422.6    0.000999927520752    64    0.6779    43.3856    0.678899927521    2    6
323    1607330422.65    1607330422.65    0.0    4    0.0284    0.1136    0.0284    2    2
324    1607330423.08    1607330423.08    0.0    4    0.0526    0.2104    0.0526    2    2
325    1607330423.25    1607330423.25    0.0019998550415    16    0.0297    0.4752    0.0316998550415    2    2
326    1607330424.1    1607330424.1    0.0    64    0.0125    0.8    0.0125    2    5
327    1607330424.19    1607330424.19    0.0    16    0.0285    0.456    0.0285    2    2
328    1607330424.41    1607330424.41    0.000999927520752    256    0.0177    4.5312    0.0186999275208    3    6
329    1607330424.52    1607330424.52    0.000999927520752    16    0.0098    0.1568    0.0107999275208    2    2
330    1607330424.59    1607330424.59    0.00100016593933    16    0.0297    0.4752    0.0307001659393    2    2
331    1607330424.59    1607330424.59    0.0    16    0.0297    0.4752    0.0297    2    2
332    1607330425.02    1607330425.02    0.00100016593933    64    0.0125    0.8    0.0135001659393    2    5
333    1607330425.12    1607330425.12    0.00100016593933    4    1.1322    4.5288    1.13320016594    2    2
334    1607330425.44    1607330425.44    0.000999927520752    16    0.7616    12.1856    0.762599927521    2    2
335    1607330425.59    1607330425.59    0.0    4    0.0834    0.3336    0.0834    2    2
336    1607330425.61    1607330425.61    0.0    16    0.0297    0.4752    0.0297    2    5
337    1607330425.8    1607330425.8    0.0    4    0.5984    2.3936    0.5984    2    2
338    1607330425.91    1607330425.91    0.000999927520752    64    0.1855    11.872    0.186499927521    2    6
339    1607330425.92    1607330425.92    0.0    4    1.1322    4.5288    1.1322    2    2
340    1607330426.01    1607330426.01    0.000999927520752    16    0.0285    0.456    0.0294999275208    2    5
341    1607330426.08    1607330426.08    0.000999927520752    4    0.0059    0.0236    0.00689992752075    2    2
342    1607330426.35    1607330426.35    0.000999927520752    64    0.0234    1.4976    0.0243999275208    2    6
343    1607330426.52    1607330426.52    0.0    16    0.0297    0.4752    0.0297    2    2
344    1607330426.67    1607330426.67    0.00100016593933    64    0.6779    43.3856    0.678900165939    2    5
345    1607330427.73    1607330427.73    0.000999927520752    256    0.0057    1.4592    0.00669992752075    3    6
346    1607330428.26    1607330428.26    0.0    64    0.4167    26.6688    0.4167    2    5
347    1607330428.57    1607330428.57    0.00299978256226    64    0.4167    26.6688    0.419699782562    2    5
348    1607330428.95    1607330428.95    0.0    64    0.0055    0.352    0.0055    2    5
349    1607330429.17    1607330429.17    0.0    64    0.1855    11.872    0.1855    2    5
350    1607330429.38    1607330429.38    0.000999927520752    4    0.0834    0.3336    0.0843999275208    2    2
351    1607330429.44    1607330429.44    0.000999927520752    64    0.1855    11.872    0.186499927521    2    6
352    1607330429.63    1607330429.63    0.000999927520752    16    0.0098    0.1568    0.0107999275208    2    2
353    1607330429.74    1607330429.74    0.0    4    0.0059    0.0236    0.0059    2    2
354    1607330429.89    1607330429.89    0.000999927520752    64    0.0234    1.4976    0.0243999275208    2    5
355    1607330430.6    1607330430.6    0.00100016593933    4    0.0834    0.3336    0.0844001659393    2    2
356    1607330430.76    1607330430.76    0.00399994850159    256    0.0057    1.4592    0.00969994850159    3    6
357    1607330431.22    1607330431.22    0.000999927520752    16    0.0285    0.456    0.0294999275208    2    2
358    1607330431.42    1607330431.42    0.0    64    0.4167    26.6688    0.4167    2    5
359    1607330431.52    1607330431.52    0.000999927520752    256    0.8    204.8    0.800999927521    3    6
360    1607330431.54    1607330431.55    0.00100016593933    64    0.1855    11.872    0.186500165939    2    5
361    1607330431.59    1607330431.59    0.0    4    0.5984    2.3936    0.5984    2    2
362    1607330431.7    1607330431.7    0.000999927520752    4    0.0834    0.3336    0.0843999275208    2    2
363    1607330431.89    1607330431.89    0.000999927520752    256    0.8    204.8    0.800999927521    3    6
364    1607330431.96    1607330431.96    0.000999927520752    256    0.0057    1.4592    0.00669992752075    3    6
365    1607330432.0    1607330432.0    0.00100016593933    16    0.0297    0.4752    0.0307001659393    2    2
366    1607330432.13    1607330432.13    0.00100016593933    256    0.0057    1.4592    0.00670016593933    3    6
367    1607330432.15    1607330432.15    0.00200009346008    64    0.4167    26.6688    0.41870009346    2    6
368    1607330432.84    1607330432.84    0.0    64    0.1855    11.872    0.1855    2    5
369    1607330433.08    1607330433.08    0.000999927520752    256    0.0177    4.5312    0.0186999275208    3    6
370    1607330433.32    1607330433.32    0.0    64    0.0234    1.4976    0.0234    2    5
371    1607330434.04    1607330434.04    0.000999927520752    4    0.0834    0.3336    0.0843999275208    2    2
372    1607330434.36    1607330434.36    0.000999927520752    64    0.9446    60.4544    0.945599927521    2    5
373    1607330434.38    1607330434.38    0.0    16    0.0429    0.6864    0.0429    2    2
374    1607330434.56    1607330434.56    0.0    16    0.4243    6.7888    0.4243    2    2
375    1607330434.76    1607330434.76    0.000999927520752    64    0.9446    60.4544    0.945599927521    2    6
376    1607330435.07    1607330435.07    0.0019998550415    64    0.1855    11.872    0.187499855042    2    6
377    1607330435.28    1607330435.28    0.000999927520752    256    0.7528    192.7168    0.753799927521    3    6
378    1607330435.75    1607330435.75    0.0    64    0.0055    0.352    0.0055    2    5
379    1607330436.21    1607330436.21    0.000999927520752    64    0.0125    0.8    0.0134999275208    2    5
380    1607330437.32    1607330437.32    0.000999927520752    256    0.6189    158.4384    0.619899927521    3    6
381    1607330437.65    1607330437.66    0.000999927520752    64    0.0125    0.8    0.0134999275208    2    5
382    1607330437.69    1607330437.69    0.0    64    0.4167    26.6688    0.4167    2    5
383    1607330438.14    1607330438.14    0.000999927520752    16    0.7616    12.1856    0.762599927521    2    2
384    1607330438.23    1607330438.23    0.0    16    0.4243    6.7888    0.4243    2    2
385    1607330438.41    1607330438.41    0.0    64    0.1855    11.872    0.1855    3    6
386    1607330438.43    1607330438.44    0.00100016593933    256    0.0057    1.4592    0.00670016593933    3    6
387    1607330438.78    1607330438.78    0.0    4    0.0284    0.1136    0.0284    2    2
388    1607330438.97    1607330438.97    0.000999927520752    64    0.0055    0.352    0.00649992752075    2    5
389    1607330439.04    1607330439.04    0.0    16    0.0297    0.4752    0.0297    2    2
390    1607330439.41    1607330439.41    0.00100016593933    16    0.8805    14.088    0.881500165939    2    2
391    1607330439.7    1607330439.7    0.0    16    0.8805    14.088    0.8805    2    2
392    1607330439.75    1607330439.75    0.000999927520752    256    0.8    204.8    0.800999927521    3    6
393    1607330439.96    1607330439.96    0.000999927520752    64    0.0055    0.352    0.00649992752075    3    6
394    1607330439.99    1607330439.99    0.000999927520752    16    0.0297    0.4752    0.0306999275208    2    2
395    1607330440.33    1607330440.33    0.0    4    0.5984    2.3936    0.5984    2    2
396    1607330440.5    1607330440.51    0.00300002098083    64    0.6779    43.3856    0.680900020981    3    6
397    1607330440.79    1607330440.79    0.000999927520752    4    0.5984    2.3936    0.599399927521    2    2
398    1607330441.07    1607330441.07    0.0    64    0.0234    1.4976    0.0234    2    6
399    1607330441.22    1607330441.22    0.000999927520752    4    0.5984    2.3936    0.599399927521    2    2

dispatched jobs are: 400 out of 400
average queue time is: 0.217999994755
fso links are used for 0 times
overall utilization is 0.0286483925604
average response time is 0.560876744755
average weighted response time is 0.70543926871
average slowdown is 1.00378691497
cpu_request: 28540, cpu_run: 28540
ssd_request: 13306, ssd_run: 0
gpu_request: 14398, gpu_run: 0
cpu aspl: 2.2025
cpu diameter: 3.8325
job x: 0.0
job y: 0.0
job z: 0.0
