#timestep  occupied-CPU  total-CPU  utilization  queuingjobs
1    167    4096    0.040771484375    0
2    0    4096    0.0    0
3    0    4096    0.0    0
4    0    4096    0.0    0
5    320    4096    0.078125    0
6    0    4096    0.0    0
7    64    4096    0.015625    0
8    0    4096    0.0    0
9    0    4096    0.0    0
10    0    4096    0.0    0
11    4    4096    0.0009765625    0
12    0    4096    0.0    0
13    0    4096    0.0    0
14    0    4096    0.0    0
15    0    4096    0.0    0
16    0    4096    0.0    0
17    0    4096    0.0    0
18    260    4096    0.0634765625    0
19    0    4096    0.0    0
20    0    4096    0.0    0
21    4    4096    0.0009765625    0
22    256    4096    0.0625    0
23    298    4096    0.07275390625    0
24    256    4096    0.0625    0
25    0    4096    0.0    0
26    80    4096    0.01953125    0
27    0    4096    0.0    0
28    16    4096    0.00390625    0
29    0    4096    0.0    0
30    0    4096    0.0    0
31    0    4096    0.0    0
32    16    4096    0.00390625    0
33    0    4096    0.0    0
34    0    4096    0.0    0
35    0    4096    0.0    0
36    0    4096    0.0    0
37    0    4096    0.0    0
38    0    4096    0.0    0
39    0    4096    0.0    0
40    0    4096    0.0    1
41    0    4096    0.0    0
42    16    4096    0.00390625    0
43    64    4096    0.015625    0
44    64    4096    0.015625    0
45    0    4096    0.0    0
46    64    4096    0.015625    0
47    0    4096    0.0    0
48    0    4096    0.0    0
49    4    4096    0.0009765625    0
50    0    4096    0.0    0
51    0    4096    0.0    0
52    256    4096    0.0625    0
53    0    4096    0.0    0
54    0    4096    0.0    0
55    0    4096    0.0    0
56    0    4096    0.0    0
57    0    4096    0.0    0
58    174    4096    0.04248046875    0
59    0    4096    0.0    0
60    0    4096    0.0    0
61    0    4096    0.0    0
62    0    4096    0.0    0
63    320    4096    0.078125    0
64    4    4096    0.0009765625    0
65    0    4096    0.0    0
66    0    4096    0.0    0
67    0    4096    0.0    0
68    0    4096    0.0    0
69    0    4096    0.0    0
70    64    4096    0.015625    0
71    0    4096    0.0    0
72    0    4096    0.0    0
73    0    4096    0.0    0
74    64    4096    0.015625    0
75    0    4096    0.0    0
76    0    4096    0.0    0
77    256    4096    0.0625    0
78    16    4096    0.00390625    0
79    0    4096    0.0    0
80    0    4096    0.0    0
81    256    4096    0.0625    0
82    0    4096    0.0    0

average cpu utilization is: 0.0100127429497
average ssd utilization is: 1.0
average gpu utilization is: 1.0
average utilization is: 0.67000424765
average queuing jobs are: 0.0121951219512
maximum queuing jobs are: 1


#job_number  submit  dispatch  queue  cpu#  runtime  weight  response(turnaround)  cpu_aspl  cpu_diameter
0    1607327358.15    1607327439.06    80.9169998169    256    0.7528    192.7168    81.6697998169    3    6
1    1607327440.2    1607327440.2    0.000999927520752    16    0.7616    12.1856    0.762599927521    2    2
2    1607327442.73    1607327442.73    0.0    64    0.6779    43.3856    0.6779    2    5
3    1607327443.03    1607327443.04    0.00100016593933    16    0.0297    0.4752    0.0307001659393    2    2
4    1607327443.29    1607327443.29    0.0    4    0.0526    0.2104    0.0526    2    2
5    1607327443.37    1607327443.38    0.000999927520752    256    0.6189    158.4384    0.619899927521    3    6
6    1607327445.1    1607327445.1    0.0    64    0.6779    43.3856    0.6779    2    5
7    1607327445.12    1607327445.12    0.0    64    0.0125    0.8    0.0125    2    5
8    1607327445.21    1607327445.21    0.00100016593933    256    0.0057    1.4592    0.00670016593933    3    6
9    1607327449.12    1607327449.12    0.0    256    0.0057    1.4592    0.0057    3    6
10    1607327449.37    1607327449.37    0.0    4    0.6477    2.5908    0.6477    2    2
11    1607327451.76    1607327451.76    0.0    16    0.0297    0.4752    0.0297    2    2
12    1607327452.0    1607327452.0    0.0019998550415    16    0.4243    6.7888    0.426299855042    2    2
13    1607327452.26    1607327452.26    0.0    4    0.6477    2.5908    0.6477    2    2
14    1607327453.19    1607327453.19    0.0    256    0.0177    4.5312    0.0177    3    6
15    1607327454.83    1607327454.83    0.0    64    0.1855    11.872    0.1855    2    5
16    1607327456.28    1607327456.29    0.00200009346008    256    0.8    204.8    0.80200009346    3    6
17    1607327456.63    1607327456.63    0.000999927520752    256    0.7528    192.7168    0.753799927521    3    6
18    1607327456.78    1607327456.78    0.000999927520752    256    0.0057    1.4592    0.00669992752075    3    6
19    1607327457.01    1607327457.01    0.000999927520752    4    1.1322    4.5288    1.13319992752    2    2
20    1607327458.44    1607327458.44    0.0    64    0.4167    26.6688    0.4167    2    5
21    1607327460.39    1607327460.39    0.0    4    0.6477    2.5908    0.6477    2    2
22    1607327460.45    1607327460.45    0.0    4    0.0059    0.0236    0.0059    2    2
23    1607327461.51    1607327461.51    0.0    16    0.0098    0.1568    0.0098    2    2
24    1607327461.62    1607327461.62    0.0    256    0.8    204.8    0.8    3    6
25    1607327462.15    1607327462.15    0.000999927520752    256    0.6189    158.4384    0.619899927521    3    6
26    1607327462.46    1607327462.46    0.0    16    0.0098    0.1568    0.0098    2    2
27    1607327462.71    1607327462.71    0.00100016593933    64    0.4167    26.6688    0.417700165939    2    5
28    1607327462.74    1607327462.74    0.00399994850159    256    0.4221    108.0576    0.426099948502    3    6
29    1607327463.14    1607327463.14    0.000999927520752    64    0.4167    26.6688    0.417699927521    2    5
30    1607327463.43    1607327463.43    0.000999927520752    256    0.6189    158.4384    0.619899927521    3    6
31    1607327464.31    1607327464.31    0.0    4    0.0059    0.0236    0.0059    2    2
32    1607327464.64    1607327464.64    0.000999927520752    64    0.0234    1.4976    0.0243999275208    2    5
33    1607327465.28    1607327465.28    0.0    4    0.6477    2.5908    0.6477    2    2
34    1607327465.44    1607327465.44    0.0    16    0.7616    12.1856    0.7616    2    2
35    1607327465.44    1607327465.44    0.000999927520752    64    0.9446    60.4544    0.945599927521    2    6
36    1607327467.99    1607327467.99    0.0    16    0.7616    12.1856    0.7616    2    2
37    1607327468.24    1607327468.24    0.0    16    0.0285    0.456    0.0285    2    2
38    1607327469.69    1607327469.69    0.0    4    0.0526    0.2104    0.0526    2    2
39    1607327469.76    1607327469.76    0.0    4    0.0834    0.3336    0.0834    2    2
40    1607327469.79    1607327469.79    0.000999927520752    64    0.1855    11.872    0.186499927521    2    6
41    1607327470.96    1607327470.96    0.0    64    0.0055    0.352    0.0055    2    5
42    1607327472.08    1607327472.08    0.0    16    0.8805    14.088    0.8805    2    2
43    1607327472.68    1607327472.68    0.0    4    0.0834    0.3336    0.0834    2    2
44    1607327476.31    1607327476.31    0.000999927520752    64    0.0234    1.4976    0.0243999275208    2    5
45    1607327477.43    1607327477.43    0.00100016593933    64    0.0234    1.4976    0.0244001659393    2    5
46    1607327479.15    1607327479.15    0.0    64    0.0234    1.4976    0.0234    2    5
47    1607327479.46    1607327479.46    0.0    4    0.0059    0.0236    0.0059    2    2
48    1607327480.34    1607327480.34    0.0    16    0.0429    0.6864    0.0429    2    2
49    1607327481.01    1607327481.01    0.000999927520752    64    0.9446    60.4544    0.945599927521    2    5
50    1607327482.4    1607327482.4    0.0    16    0.8805    14.088    0.8805    2    2
51    1607327484.15    1607327484.15    0.0    64    0.0234    1.4976    0.0234    2    5
52    1607327484.31    1607327484.32    0.00100016593933    64    0.0234    1.4976    0.0244001659393    2    5
53    1607327484.58    1607327484.58    0.00100016593933    64    0.9446    60.4544    0.945600165939    2    5
54    1607327485.09    1607327485.09    0.0    16    0.0285    0.456    0.0285    2    2
55    1607327485.28    1607327485.28    0.0    4    0.6477    2.5908    0.6477    2    2
56    1607327485.43    1607327485.43    0.0    4    0.0834    0.3336    0.0834    2    2
57    1607327485.63    1607327485.63    0.0    64    0.0125    0.8    0.0125    2    5
58    1607327487.12    1607327487.12    0.0    64    0.4167    26.6688    0.4167    2    5
59    1607327488.18    1607327488.18    0.0    4    0.0059    0.0236    0.0059    2    2
60    1607327489.57    1607327489.57    0.0019998550415    256    0.6189    158.4384    0.620899855042    3    6
61    1607327489.92    1607327489.92    0.00100016593933    16    0.0429    0.6864    0.0439001659393    2    2
62    1607327490.55    1607327490.55    0.0    4    0.5984    2.3936    0.5984    2    2
63    1607327492.15    1607327492.15    0.0    4    0.0059    0.0236    0.0059    2    2
64    1607327493.41    1607327493.41    0.0    256    0.6189    158.4384    0.6189    3    6
65    1607327495.07    1607327495.07    0.0    4    0.0059    0.0236    0.0059    2    2
66    1607327496.62    1607327496.62    0.0    16    0.4243    6.7888    0.4243    2    2
67    1607327496.62    1607327496.62    0.0    16    0.4243    6.7888    0.4243    2    2
68    1607327497.6    1607327497.6    0.000999927520752    64    0.0055    0.352    0.00649992752075    2    5
69    1607327499.09    1607327499.09    0.0    4    0.0059    0.0236    0.0059    2    2
70    1607327500.2    1607327500.2    0.0    4    1.1322    4.5288    1.1322    2    2
71    1607327500.29    1607327500.29    0.0    256    0.6189    158.4384    0.6189    3    6
72    1607327501.02    1607327501.02    0.0    16    0.0429    0.6864    0.0429    2    2
73    1607327501.44    1607327501.44    0.0    4    0.0284    0.1136    0.0284    2    2
74    1607327503.09    1607327503.09    0.0    64    0.0234    1.4976    0.0234    2    5
75    1607327503.83    1607327503.83    0.0    4    0.0059    0.0236    0.0059    2    2
76    1607327504.33    1607327504.33    0.00100016593933    64    0.0234    1.4976    0.0244001659393    2    5
77    1607327504.75    1607327504.75    0.0    64    0.9446    60.4544    0.9446    2    5
78    1607327504.8    1607327504.8    0.0    256    0.8    204.8    0.8    3    6
79    1607327505.27    1607327505.28    0.00100016593933    256    0.8    204.8    0.801000165939    3    6
80    1607327506.22    1607327506.22    0.0    16    0.0297    0.4752    0.0297    2    2
81    1607327506.38    1607327506.38    0.0    4    0.0284    0.1136    0.0284    2    2
82    1607327506.52    1607327506.52    0.0    4    1.1322    4.5288    1.1322    2    2
83    1607327507.44    1607327507.44    0.0    4    0.0284    0.1136    0.0284    2    2
84    1607327507.95    1607327507.95    0.0    4    0.6477    2.5908    0.6477    2    2
85    1607327509.85    1607327509.85    0.0    256    0.0177    4.5312    0.0177    3    6
86    1607327512.8    1607327512.8    0.00100016593933    64    0.1855    11.872    0.186500165939    2    5
87    1607327513.1    1607327513.1    0.0    64    0.9446    60.4544    0.9446    2    5
88    1607327517.44    1607327517.44    0.0    64    0.0234    1.4976    0.0234    2    5
89    1607327517.59    1607327517.59    0.000999927520752    256    0.7528    192.7168    0.753799927521    3    6
90    1607327520.54    1607327520.54    0.0    64    0.0055    0.352    0.0055    2    5
91    1607327520.58    1607327520.58    0.0    256    0.8    204.8    0.8    3    6
92    1607327520.77    1607327520.77    0.0    64    0.0234    1.4976    0.0234    2    5
93    1607327521.11    1607327521.11    0.000999927520752    16    0.0429    0.6864    0.0438999275208    2    2
94    1607327521.17    1607327521.17    0.0    16    0.7616    12.1856    0.7616    2    2
95    1607327522.01    1607327522.01    0.0    256    0.0177    4.5312    0.0177    3    6
96    1607327522.75    1607327522.75    0.0    256    0.0057    1.4592    0.0057    3    6
97    1607327522.93    1607327522.93    0.0    4    0.0526    0.2104    0.0526    2    2
98    1607327524.81    1607327524.81    0.000999927520752    256    0.8    204.8    0.800999927521    3    6
99    1607327525.0    1607327525.01    0.00200009346008    64    0.0055    0.352    0.00750009346008    2    5

dispatched jobs are: 100 out of 100
average queue time is: 0.809560000896
fso links are used for 0 times
overall utilization is 0.00990317288411
average response time is 1.1564810009
average weighted response time is 5.08095750679
average slowdown is 7.12585789489
cpu_request: 8236, cpu_run: 8236
ssd_request: 4343, ssd_run: 0
gpu_request: 4326, gpu_run: 0
cpu aspl: 2.23
cpu diameter: 3.84
job x: 0.0
job y: 0.0
job z: 0.0
