#timestep  occupied-CPU  total-CPU  utilization  queuingjobs
1    64    4096    0.015625    0
2    0    4096    0.0    0
3    4    4096    0.0009765625    0
4    0    4096    0.0    0
5    16    4096    0.00390625    0
6    0    4096    0.0    0
7    0    4096    0.0    0
8    0    4096    0.0    0
9    0    4096    0.0    0
10    0    4096    0.0    0
11    0    4096    0.0    0
12    20    4096    0.0048828125    1
13    84    4096    0.0205078125    1
14    0    4096    0.0    0
15    260    4096    0.0634765625    0
16    0    4096    0.0    0
17    16    4096    0.00390625    0
18    320    4096    0.078125    0
19    68    4096    0.0166015625    0
20    4    4096    0.0009765625    0
21    0    4096    0.0    0
22    64    4096    0.015625    0
23    0    4096    0.0    0
24    256    4096    0.0625    0
25    16    4096    0.00390625    0
26    0    4096    0.0    0
27    16    4096    0.00390625    0
28    4    4096    0.0009765625    0
29    0    4096    0.0    0
30    512    4096    0.125    0
31    272    4096    0.06640625    0
32    0    4096    0.0    0
33    0    4096    0.0    0
34    8    4096    0.001953125    0
35    256    4096    0.0625    0
36    0    4096    0.0    0
37    0    4096    0.0    0
38    0    4096    0.0    0
39    260    4096    0.0634765625    0
40    260    4096    0.0634765625    0
41    20    4096    0.0048828125    0
42    256    4096    0.0625    0
43    0    4096    0.0    0
44    0    4096    0.0    0
45    0    4096    0.0    0
46    280    4096    0.068359375    0
47    0    4096    0.0    0
48    0    4096    0.0    0
49    0    4096    0.0    0
50    0    4096    0.0    0
51    256    4096    0.0625    0
52    256    4096    0.0625    0
53    0    4096    0.0    0
54    0    4096    0.0    0
55    276    4096    0.0673828125    0
56    0    4096    0.0    0
57    64    4096    0.015625    0
58    0    4096    0.0    0
59    0    4096    0.0    0
60    0    4096    0.0    0
61    276    4096    0.0673828125    0
62    0    4096    0.0    0
63    0    4096    0.0    0
64    0    4096    0.0    0
65    0    4096    0.0    0
66    0    4096    0.0    0
67    64    4096    0.015625    0
68    260    4096    0.0634765625    0
69    4    4096    0.0009765625    0
70    20    4096    0.0048828125    0
71    4    4096    0.0009765625    0
72    256    4096    0.0625    0
73    4    4096    0.0009765625    0
74    64    4096    0.015625    0
75    0    4096    0.0    0
76    272    4096    0.06640625    0
77    0    4096    0.0    0
78    20    4096    0.0048828125    0
79    260    4096    0.0634765625    0
80    80    4096    0.01953125    0
81    256    4096    0.0625    0
82    256    4096    0.0625    0
83    0    4096    0.0    0

average cpu utilization is: 0.0184840926205
average ssd utilization is: 1.0
average gpu utilization is: 1.0
average utilization is: 0.672828030873
average queuing jobs are: 0.0240963855422
maximum queuing jobs are: 1


#job_number  submit  dispatch  queue  cpu#  runtime  weight  response(turnaround)  cpu_aspl  cpu_diameter
0    1607328478.19    1607328562.86    84.6670000553    64    0.0125    0.8    84.6795000553    2    5
1    1607328563.27    1607328563.27    0.0    64    0.0125    0.8    0.0125    2    5
2    1607328563.49    1607328563.49    0.0    16    0.0285    0.456    0.0285    2    2
3    1607328564.24    1607328564.24    0.0    256    0.7528    192.7168    0.7528    3    6
4    1607328564.85    1607328564.85    0.0    4    0.5984    2.3936    0.5984    2    2
5    1607328564.92    1607328564.92    0.000999927520752    64    0.0234    1.4976    0.0243999275208    2    6
6    1607328565.51    1607328565.52    0.00100016593933    64    0.1855    11.872    0.186500165939    2    5
7    1607328566.18    1607328566.18    0.0    256    0.6189    158.4384    0.6189    3    6
8    1607328566.38    1607328566.38    0.0    16    0.8805    14.088    0.8805    2    2
9    1607328566.79    1607328566.79    0.00100016593933    64    0.0125    0.8    0.0135001659393    2    6
10    1607328567.22    1607328567.22    0.00300002098083    256    0.4221    108.0576    0.425100020981    3    6
11    1607328567.71    1607328567.71    0.0    4    0.0834    0.3336    0.0834    2    2
12    1607328568.08    1607328568.08    0.0    16    0.0098    0.1568    0.0098    2    2
13    1607328570.07    1607328570.07    0.0    4    0.0284    0.1136    0.0284    2    2
14    1607328570.42    1607328570.42    0.000999927520752    64    0.0125    0.8    0.0134999275208    2    5
15    1607328570.9    1607328570.9    0.0    256    0.4221    108.0576    0.4221    3    6
16    1607328571.38    1607328571.38    0.000999927520752    256    0.0057    1.4592    0.00669992752075    3    6
17    1607328571.77    1607328571.77    0.0    4    0.0834    0.3336    0.0834    2    2
18    1607328573.01    1607328573.0    -0.00100016593933    64    0.4167    26.6688    0.415699834061    2    5
19    1607328573.34    1607328573.34    0.000999927520752    64    0.0055    0.352    0.00649992752075    2    5
20    1607328574.5    1607328574.5    0.0    16    0.7616    12.1856    0.7616    2    2
21    1607328574.68    1607328574.68    0.0    4    1.1322    4.5288    1.1322    2    2
22    1607328574.77    1607328574.77    0.000999927520752    64    0.1855    11.872    0.186499927521    2    6
23    1607328575.06    1607328575.06    0.0    16    0.0285    0.456    0.0285    2    5
24    1607328575.47    1607328575.47    -0.00100016593933    16    0.8805    14.088    0.879499834061    2    2
25    1607328575.57    1607328575.57    0.000999927520752    64    0.4167    26.6688    0.417699927521    2    6
26    1607328575.83    1607328575.84    0.0019998550415    256    0.0177    4.5312    0.0196998550415    3    6
27    1607328576.4    1607328576.4    0.0    16    0.0429    0.6864    0.0429    2    2
28    1607328576.98    1607328576.98    0.0    4    0.0526    0.2104    0.0526    2    2
29    1607328577.05    1607328577.05    0.0    64    0.0125    0.8    0.0125    2    5
30    1607328577.39    1607328577.39    0.0    256    0.7528    192.7168    0.7528    3    6
31    1607328577.39    1607328577.4    0.000999927520752    4    1.1322    4.5288    1.13319992752    2    2
32    1607328577.99    1607328577.99    0.0    4    0.0284    0.1136    0.0284    2    2
33    1607328579.53    1607328579.53    0.000999927520752    64    0.0234    1.4976    0.0243999275208    2    5
34    1607328579.53    1607328579.54    0.00200009346008    64    0.1855    11.872    0.18750009346    2    5
35    1607328579.66    1607328579.66    0.0    16    0.8805    14.088    0.8805    2    2
36    1607328579.89    1607328579.89    0.0    16    0.0429    0.6864    0.0429    2    2
37    1607328580.69    1607328580.69    0.0    16    0.0429    0.6864    0.0429    2    2
38    1607328580.7    1607328580.7    0.0    4    0.0059    0.0236    0.0059    2    2
39    1607328580.99    1607328580.99    0.000999927520752    256    0.7528    192.7168    0.753799927521    3    6
40    1607328581.06    1607328581.06    0.0    64    0.9446    60.4544    0.9446    2    5
41    1607328581.21    1607328581.22    0.00200009346008    64    0.0234    1.4976    0.0254000934601    2    5
42    1607328581.27    1607328581.27    0.0    64    0.0055    0.352    0.0055    2    5
43    1607328581.48    1607328581.48    0.000999927520752    256    0.6189    158.4384    0.619899927521    3    6
44    1607328581.96    1607328581.96    0.0    256    0.0177    4.5312    0.0177    3    6
45    1607328582.18    1607328582.18    0.0    4    1.1322    4.5288    1.1322    2    2
46    1607328582.22    1607328582.22    0.0    64    0.6779    43.3856    0.6779    2    6
47    1607328582.8    1607328582.8    0.0    4    0.0284    0.1136    0.0284    2    2
48    1607328583.08    1607328583.08    0.000999927520752    4    1.1322    4.5288    1.13319992752    2    2
49    1607328583.12    1607328583.12    0.00100016593933    64    0.1855    11.872    0.186500165939    2    6
50    1607328583.81    1607328583.81    0.0    4    0.0526    0.2104    0.0526    2    2
51    1607328584.15    1607328584.15    0.00100016593933    64    0.0234    1.4976    0.0244001659393    2    6
52    1607328584.4    1607328584.4    0.0    16    0.4243    6.7888    0.4243    2    2
53    1607328584.67    1607328584.67    0.00100016593933    4    0.0059    0.0236    0.00690016593933    2    2
54    1607328584.73    1607328584.73    0.0    64    0.9446    60.4544    0.9446    2    6
55    1607328585.53    1607328585.53    0.00200009346008    256    0.4221    108.0576    0.42410009346    3    6
56    1607328586.2    1607328586.2    0.0    64    0.0055    0.352    0.0055    2    5
57    1607328587.24    1607328587.24    0.0    256    0.4221    108.0576    0.4221    3    6
58    1607328587.41    1607328587.41    0.0    4    0.0834    0.3336    0.0834    2    2
59    1607328587.84    1607328587.84    0.0    4    0.0284    0.1136    0.0284    2    2
60    1607328587.89    1607328587.89    0.0    64    0.4167    26.6688    0.4167    2    5
61    1607328588.56    1607328588.56    0.0    16    0.4243    6.7888    0.4243    2    2
62    1607328589.02    1607328589.02    0.0    16    0.0098    0.1568    0.0098    2    2
63    1607328590.54    1607328590.54    0.000999927520752    16    0.8805    14.088    0.881499927521    2    2
64    1607328590.98    1607328590.98    0.0    4    0.0526    0.2104    0.0526    2    2
65    1607328591.2    1607328591.2    0.0    64    0.0125    0.8    0.0125    2    6
66    1607328591.51    1607328591.51    0.0    4    0.5984    2.3936    0.5984    2    2
67    1607328591.58    1607328591.58    0.0    64    0.0055    0.352    0.0055    2    6
68    1607328591.77    1607328591.77    0.0    4    0.0059    0.0236    0.0059    2    2
69    1607328592.07    1607328592.07    0.0    256    0.6189    158.4384    0.6189    3    6
70    1607328592.12    1607328592.12    0.0    16    0.0297    0.4752    0.0297    2    3
71    1607328593.06    1607328593.06    0.00200009346008    256    0.4221    108.0576    0.42410009346    3    6
72    1607328593.09    1607328593.09    0.0    64    0.9446    60.4544    0.9446    2    5
73    1607328593.34    1607328593.35    0.000999927520752    256    0.8    204.8    0.800999927521    3    6
74    1607328593.59    1607328593.6    0.000999927520752    256    0.4221    108.0576    0.423099927521    3    6
75    1607328593.6    1607328593.6    0.00300002098083    256    0.6189    158.4384    0.621900020981    3    6
76    1607328593.62    1607328593.62    0.000999927520752    4    0.0059    0.0236    0.00689992752075    2    2
77    1607328594.55    1607328594.55    0.0    16    0.8805    14.088    0.8805    2    2
78    1607328594.57    1607328594.57    0.0    256    0.8    204.8    0.8    3    6
79    1607328595.42    1607328595.43    0.00100016593933    256    0.0177    4.5312    0.0187001659393    3    6
80    1607328595.82    1607328595.82    0.00100016593933    64    0.4167    26.6688    0.417700165939    2    5
81    1607328596.16    1607328596.16    0.00100016593933    16    0.0297    0.4752    0.0307001659393    2    2
82    1607328596.67    1607328596.68    0.00100016593933    64    0.0125    0.8    0.0135001659393    2    5
83    1607328597.33    1607328597.33    0.0019998550415    256    0.8    204.8    0.801999855042    3    6
84    1607328598.03    1607328598.03    0.0    4    0.5984    2.3936    0.5984    2    2
85    1607328598.16    1607328598.16    0.0    4    1.1322    4.5288    1.1322    2    2
86    1607328598.7    1607328598.7    0.0    16    0.0098    0.1568    0.0098    2    2
87    1607328599.0    1607328599.0    0.0    64    0.0234    1.4976    0.0234    2    6
88    1607328599.37    1607328599.37    0.0    256    0.8    204.8    0.8    3    6
89    1607328599.51    1607328599.51    0.000999927520752    16    0.0429    0.6864    0.0438999275208    2    2
90    1607328599.51    1607328599.52    0.00300002098083    16    0.0297    0.4752    0.0327000209808    2    2
91    1607328599.86    1607328599.87    0.000999927520752    16    0.0285    0.456    0.0294999275208    2    2
92    1607328600.76    1607328600.76    0.0    4    0.0834    0.3336    0.0834    2    2
93    1607328601.64    1607328601.64    0.00100016593933    64    0.9446    60.4544    0.945600165939    2    5
94    1607328602.08    1607328602.08    0.000999927520752    4    0.0834    0.3336    0.0843999275208    2    2
95    1607328602.8    1607328602.8    0.0    256    0.8    204.8    0.8    3    6
96    1607328603.17    1607328603.17    0.0    4    0.0284    0.1136    0.0284    2    2
97    1607328603.21    1607328603.21    0.0    4    0.5984    2.3936    0.5984    2    2
98    1607328603.25    1607328603.25    0.000999927520752    16    0.0285    0.456    0.0294999275208    2    2
99    1607328603.36    1607328603.36    0.000999927520752    256    0.6189    158.4384    0.619899927521    3    6
100    1607328603.82    1607328603.82    0.0    16    0.7616    12.1856    0.7616    2    2
101    1607328604.17    1607328604.17    0.0    16    0.0297    0.4752    0.0297    2    2
102    1607328604.62    1607328604.62    0.0    4    1.1322    4.5288    1.1322    2    2
103    1607328604.8    1607328604.8    0.0    256    0.4221    108.0576    0.4221    3    6
104    1607328605.08    1607328605.08    0.0    16    0.0098    0.1568    0.0098    2    2
105    1607328605.37    1607328605.38    0.000999927520752    16    0.7616    12.1856    0.762599927521    2    2
106    1607328605.47    1607328605.47    0.0    4    0.5984    2.3936    0.5984    2    2
107    1607328606.33    1607328606.33    0.0    16    0.0429    0.6864    0.0429    2    2
108    1607328606.35    1607328606.35    0.0    256    0.7528    192.7168    0.7528    3    6
109    1607328607.95    1607328607.95    0.0    4    0.0526    0.2104    0.0526    2    2
110    1607328608.35    1607328608.35    0.0    16    0.0098    0.1568    0.0098    2    2
111    1607328608.45    1607328608.45    0.0    4    0.5984    2.3936    0.5984    2    2
112    1607328608.52    1607328608.52    0.0    16    0.0285    0.456    0.0285    2    2
113    1607328610.34    1607328610.34    0.0    4    1.1322    4.5288    1.1322    2    2
114    1607328610.83    1607328610.83    0.0    4    1.1322    4.5288    1.1322    2    2
115    1607328611.0    1607328611.0    0.0    16    0.8805    14.088    0.8805    2    2
116    1607328611.03    1607328611.03    0.000999927520752    256    0.4221    108.0576    0.423099927521    3    6
117    1607328611.55    1607328611.55    0.0    4    0.0834    0.3336    0.0834    2    2
118    1607328612.19    1607328612.19    0.0    16    0.0098    0.1568    0.0098    2    2
119    1607328613.25    1607328613.25    0.0    64    0.0234    1.4976    0.0234    2    5
120    1607328613.68    1607328613.68    0.0    4    0.5984    2.3936    0.5984    2    2
121    1607328614.94    1607328614.94    0.0    16    0.4243    6.7888    0.4243    2    2
122    1607328615.43    1607328615.43    0.0    256    0.0057    1.4592    0.0057    3    6
123    1607328615.91    1607328615.91    0.0    64    0.1855    11.872    0.1855    2    5
124    1607328616.17    1607328616.17    0.0    256    0.6189    158.4384    0.6189    3    6
125    1607328616.48    1607328616.48    0.000999927520752    16    0.0429    0.6864    0.0438999275208    2    2
126    1607328616.88    1607328616.88    0.0    64    0.4167    26.6688    0.4167    2    5
127    1607328617.03    1607328617.03    0.0    4    0.0526    0.2104    0.0526    2    2
128    1607328617.21    1607328617.21    0.000999927520752    256    0.4221    108.0576    0.423099927521    3    6
129    1607328617.31    1607328617.31    0.000999927520752    256    0.6189    158.4384    0.619899927521    3    6
130    1607328617.6    1607328617.6    0.000999927520752    64    0.0234    1.4976    0.0243999275208    2    5
131    1607328618.06    1607328618.06    0.0    64    0.0234    1.4976    0.0234    2    5
132    1607328618.13    1607328618.13    0.00100016593933    64    0.0055    0.352    0.00650016593933    2    5
133    1607328618.91    1607328618.91    0.0    16    0.4243    6.7888    0.4243    2    2
134    1607328620.06    1607328620.06    0.0    256    0.7528    192.7168    0.7528    3    6
135    1607328620.37    1607328620.37    0.000999927520752    256    0.6189    158.4384    0.619899927521    3    6
136    1607328620.67    1607328620.67    0.00100016593933    4    1.1322    4.5288    1.13320016594    2    2
137    1607328620.74    1607328620.74    0.000999927520752    16    0.8805    14.088    0.881499927521    2    2
138    1607328621.22    1607328621.22    0.00100016593933    64    0.0125    0.8    0.0135001659393    2    5
139    1607328621.65    1607328621.65    0.00200009346008    64    0.0234    1.4976    0.0254000934601    2    5
140    1607328621.87    1607328621.87    0.0    16    0.0285    0.456    0.0285    2    2
141    1607328622.87    1607328622.87    0.0    64    0.6779    43.3856    0.6779    2    5
142    1607328623.18    1607328623.18    0.00100016593933    16    0.8805    14.088    0.881500165939    2    2
143    1607328623.21    1607328623.21    0.0    4    0.0526    0.2104    0.0526    2    2
144    1607328623.88    1607328623.88    0.0    16    0.0098    0.1568    0.0098    2    2
145    1607328624.09    1607328624.09    0.0    64    0.0125    0.8    0.0125    2    5
146    1607328625.59    1607328625.59    0.000999927520752    256    0.0057    1.4592    0.00669992752075    3    6
147    1607328626.66    1607328626.67    0.000999927520752    256    0.0177    4.5312    0.0186999275208    3    6
148    1607328626.77    1607328626.77    0.0    4    0.6477    2.5908    0.6477    2    2
149    1607328627.0    1607328627.0    0.0    16    0.8805    14.088    0.8805    2    2
150    1607328627.09    1607328627.09    0.000999927520752    256    0.6189    158.4384    0.619899927521    3    6
151    1607328627.96    1607328627.97    0.00100016593933    256    0.0177    4.5312    0.0187001659393    3    6
152    1607328629.51    1607328629.51    0.00100016593933    64    0.0125    0.8    0.0135001659393    2    5
153    1607328629.72    1607328629.72    0.0    256    0.6189    158.4384    0.6189    3    6
154    1607328630.24    1607328630.24    0.000999927520752    64    0.0055    0.352    0.00649992752075    2    5
155    1607328630.47    1607328630.47    0.00100016593933    64    0.0125    0.8    0.0135001659393    2    5
156    1607328630.69    1607328630.69    0.0    256    0.8    204.8    0.8    3    6
157    1607328630.93    1607328630.93    0.000999927520752    256    0.4221    108.0576    0.423099927521    3    6
158    1607328632.31    1607328632.31    0.0    4    0.0284    0.1136    0.0284    2    2
159    1607328632.9    1607328632.9    0.0    256    0.0177    4.5312    0.0177    3    6
160    1607328633.1    1607328633.1    0.0    256    0.0057    1.4592    0.0057    3    6
161    1607328633.61    1607328633.61    0.0    16    0.0297    0.4752    0.0297    2    2
162    1607328633.75    1607328633.76    0.00100016593933    64    0.0234    1.4976    0.0244001659393    2    5
163    1607328634.28    1607328634.28    0.0    256    0.6189    158.4384    0.6189    3    6
164    1607328634.6    1607328634.6    0.000999927520752    4    1.1322    4.5288    1.13319992752    2    2
165    1607328634.88    1607328634.88    0.000999927520752    4    1.1322    4.5288    1.13319992752    2    2
166    1607328636.12    1607328636.12    0.0    64    0.1855    11.872    0.1855    2    5
167    1607328636.7    1607328636.7    0.0    16    0.7616    12.1856    0.7616    2    2
168    1607328636.95    1607328636.95    0.0    4    1.1322    4.5288    1.1322    2    2
169    1607328637.55    1607328637.55    0.000999927520752    256    0.0057    1.4592    0.00669992752075    3    6
170    1607328637.66    1607328637.66    0.0    16    0.0285    0.456    0.0285    2    2
171    1607328637.79    1607328637.79    0.0    4    0.0059    0.0236    0.0059    2    2
172    1607328638.67    1607328638.67    0.0    4    0.0284    0.1136    0.0284    2    2
173    1607328638.71    1607328638.71    0.0    16    0.0297    0.4752    0.0297    2    2
174    1607328638.88    1607328638.88    0.000999927520752    256    0.4221    108.0576    0.423099927521    3    6
175    1607328639.96    1607328639.96    0.0    4    0.5984    2.3936    0.5984    2    2
176    1607328640.08    1607328640.08    -0.00100016593933    16    0.0429    0.6864    0.0418998340607    2    2
177    1607328640.25    1607328640.25    0.0    16    0.4243    6.7888    0.4243    2    2
178    1607328640.26    1607328640.26    0.000999927520752    16    0.0297    0.4752    0.0306999275208    2    5
179    1607328640.35    1607328640.35    0.00100016593933    64    0.1855    11.872    0.186500165939    2    6
180    1607328641.13    1607328641.13    0.00100016593933    64    0.6779    43.3856    0.678900165939    2    5
181    1607328641.78    1607328641.78    0.0    4    0.0526    0.2104    0.0526    2    2
182    1607328642.6    1607328642.6    0.0    16    0.8805    14.088    0.8805    2    2
183    1607328642.88    1607328642.88    0.0    16    0.4243    6.7888    0.4243    2    2
184    1607328643.18    1607328643.18    0.000999927520752    256    0.8    204.8    0.800999927521    3    6
185    1607328643.32    1607328643.32    0.000999927520752    4    0.0284    0.1136    0.0293999275208    2    2
186    1607328643.78    1607328643.78    0.0    16    0.0285    0.456    0.0285    2    2
187    1607328645.08    1607328645.08    0.0    16    0.8805    14.088    0.8805    2    2
188    1607328645.55    1607328645.55    0.0    4    0.0526    0.2104    0.0526    2    2
189    1607328646.15    1607328646.15    0.0    4    1.1322    4.5288    1.1322    2    2
190    1607328646.24    1607328646.24    0.0    256    0.4221    108.0576    0.4221    3    6
191    1607328647.34    1607328647.34    0.0    16    0.8805    14.088    0.8805    2    2
192    1607328647.46    1607328647.46    0.0    64    0.6779    43.3856    0.6779    2    6
193    1607328648.38    1607328648.38    0.00100016593933    256    0.7528    192.7168    0.753800165939    3    6
194    1607328648.7    1607328648.7    0.0    16    0.0098    0.1568    0.0098    2    2
195    1607328648.84    1607328648.84    0.00300002098083    256    0.7528    192.7168    0.755800020981    3    6
196    1607328649.15    1607328649.15    0.0    4    0.6477    2.5908    0.6477    2    2
197    1607328649.31    1607328649.31    0.000999927520752    256    0.4221    108.0576    0.423099927521    3    6
198    1607328649.33    1607328649.33    0.00100016593933    256    0.7528    192.7168    0.753800165939    3    6
199    1607328650.03    1607328650.03    0.0    16    0.4243    6.7888    0.4243    2    2

dispatched jobs are: 200 out of 200
average queue time is: 0.423765002489
fso links are used for 0 times
overall utilization is 0.0196692782151
average response time is 0.792290002489
average weighted response time is 0.662566779826
average slowdown is 1.01551551751
cpu_request: 16856, cpu_run: 16856
ssd_request: 8852, ssd_run: 0
gpu_request: 8673, gpu_run: 0
cpu aspl: 2.25
cpu diameter: 3.805
job x: 0.0
job y: 0.0
job z: 0.0
