#timestep  occupied-CPU  total-CPU  utilization  queuingjobs
1    64    4096    0.015625    0
2    352    4096    0.0859375    0
3    276    4096    0.0673828125    0
4    72    4096    0.017578125    0
5    8    4096    0.001953125    0
6    80    4096    0.01953125    0
7    32    4096    0.0078125    0
8    16    4096    0.00390625    0
9    64    4096    0.015625    0
10    292    4096    0.0712890625    0
11    20    4096    0.0048828125    0
12    560    4096    0.13671875    0
13    0    4096    0.0    0
14    584    4096    0.142578125    1
15    768    4096    0.1875    0
16    20    4096    0.0048828125    0
17    256    4096    0.0625    0
18    16    4096    0.00390625    0
19    96    4096    0.0234375    0
20    292    4096    0.0712890625    0
21    16    4096    0.00390625    0
22    320    4096    0.078125    0
23    4    4096    0.0009765625    1
24    400    4096    0.09765625    0
25    8    4096    0.001953125    0
26    260    4096    0.0634765625    1
27    340    4096    0.0830078125    0
28    324    4096    0.0791015625    0
29    336    4096    0.08203125    1
30    352    4096    0.0859375    0
31    0    4096    0.0    0
32    576    4096    0.140625    0
33    256    4096    0.0625    0
34    288    4096    0.0703125    0
35    112    4096    0.02734375    0
36    276    4096    0.0673828125    0
37    276    4096    0.0673828125    0
38    600    4096    0.146484375    0
39    276    4096    0.0673828125    0
40    336    4096    0.08203125    0
41    320    4096    0.078125    0
42    340    4096    0.0830078125    0
43    16    4096    0.00390625    0
44    788    4096    0.1923828125    0
45    596    4096    0.1455078125    0
46    320    4096    0.078125    0
47    100    4096    0.0244140625    0
48    0    4096    0.0    0
49    4    4096    0.0009765625    0
50    16    4096    0.00390625    0
51    324    4096    0.0791015625    0
52    64    4096    0.015625    0
53    8    4096    0.001953125    0
54    72    4096    0.017578125    0
55    0    4096    0.0    0
56    84    4096    0.0205078125    0
57    4    4096    0.0009765625    0
58    28    4096    0.0068359375    0
59    260    4096    0.0634765625    0
60    516    4096    0.1259765625    0
61    256    4096    0.0625    0
62    16    4096    0.00390625    0
63    260    4096    0.0634765625    0
64    48    4096    0.01171875    0
65    100    4096    0.0244140625    0
66    800    4096    0.1953125    0
67    0    4096    0.0    0
68    64    4096    0.015625    0
69    64    4096    0.015625    0
70    320    4096    0.078125    0
71    544    4096    0.1328125    0
72    292    4096    0.0712890625    0
73    0    4096    0.0    0
74    20    4096    0.0048828125    0
75    256    4096    0.0625    1
76    0    4096    0.0    0
77    152    4096    0.037109375    0
78    64    4096    0.015625    0
79    174    4096    0.04248046875    1
80    36    4096    0.0087890625    0
81    4    4096    0.0009765625    0
82    272    4096    0.06640625    0
83    16    4096    0.00390625    0
84    1108    4096    0.2705078125    0
85    400    4096    0.09765625    0
86    332    4096    0.0810546875    0
87    840    4096    0.205078125    0
88    132    4096    0.0322265625    0
89    256    4096    0.0625    0
90    784    4096    0.19140625    0
91    212    4096    0.0517578125    0
92    256    4096    0.0625    1
93    16    4096    0.00390625    0
94    0    4096    0.0    0
95    144    4096    0.03515625    0
96    324    4096    0.0791015625    0
97    0    4096    0.0    0

average cpu utilization is: 0.0544811130799
average ssd utilization is: 1.0
average gpu utilization is: 1.0
average utilization is: 0.684827037693
average queuing jobs are: 0.0721649484536
maximum queuing jobs are: 1


#job_number  submit  dispatch  queue  cpu#  runtime  weight  response(turnaround)  cpu_aspl  cpu_diameter
0    1607336383.54    1607336463.47    79.9289999008    64    0.0234    1.4976    79.9523999008    2    5
1    1607336463.86    1607336463.86    0.0    16    0.7616    12.1856    0.7616    2    2
2    1607336463.89    1607336463.89    0.0    64    0.1855    11.872    0.1855    2    6
3    1607336463.94    1607336463.94    0.0    64    0.9446    60.4544    0.9446    2    6
4    1607336463.94    1607336463.94    0.000999927520752    16    0.8805    14.088    0.881499927521    2    2
5    1607336464.1    1607336464.1    0.0    256    0.6189    158.4384    0.6189    3    6
6    1607336464.77    1607336464.77    0.0    256    0.0177    4.5312    0.0177    3    6
7    1607336464.77    1607336464.77    0.0    4    0.5984    2.3936    0.5984    2    2
8    1607336465.04    1607336465.04    0.000999927520752    256    0.0057    1.4592    0.00669992752075    3    6
9    1607336465.29    1607336465.29    0.0    256    0.4221    108.0576    0.4221    3    6
10    1607336465.3    1607336465.3    0.0    4    0.0059    0.0236    0.0059    2    2
11    1607336465.44    1607336465.44    0.000999927520752    16    0.4243    6.7888    0.425299927521    2    2
12    1607336465.61    1607336465.61    0.000999927520752    4    0.0526    0.2104    0.0535999275208    2    2
13    1607336465.64    1607336465.64    0.00200009346008    64    0.0125    0.8    0.0145000934601    2    6
14    1607336465.71    1607336465.71    0.000999927520752    4    0.0526    0.2104    0.0535999275208    2    2
15    1607336465.92    1607336465.92    0.0    4    1.1322    4.5288    1.1322    2    2
16    1607336466.57    1607336466.57    0.0    64    0.6779    43.3856    0.6779    2    6
17    1607336466.59    1607336466.59    0.00100016593933    256    0.0057    1.4592    0.00670016593933    3    6
18    1607336466.64    1607336466.64    0.00100016593933    4    1.1322    4.5288    1.13320016594    2    2
19    1607336466.98    1607336466.98    0.0    4    0.0059    0.0236    0.0059    2    2
20    1607336467.05    1607336467.05    0.000999927520752    64    0.0125    0.8    0.0134999275208    2    6
21    1607336467.19    1607336467.19    0.000999927520752    16    0.0098    0.1568    0.0107999275208    2    3
22    1607336467.26    1607336467.26    0.000999927520752    64    0.1855    11.872    0.186499927521    2    5
23    1607336467.5    1607336467.5    0.0    16    0.0297    0.4752    0.0297    2    2
24    1607336467.52    1607336467.52    0.0    64    0.1855    11.872    0.1855    2    6
25    1607336467.59    1607336467.59    0.0    4    1.1322    4.5288    1.1322    2    2
26    1607336467.74    1607336467.74    0.0    4    0.0284    0.1136    0.0284    2    2
27    1607336468.06    1607336468.06    0.0    16    0.7616    12.1856    0.7616    2    2
28    1607336468.1    1607336468.1    0.0    4    0.6477    2.5908    0.6477    2    2
29    1607336468.19    1607336468.19    0.0    256    0.0177    4.5312    0.0177    3    6
30    1607336468.2    1607336468.2    0.0    4    0.0059    0.0236    0.0059    2    2
31    1607336468.58    1607336468.58    0.00100016593933    64    0.4167    26.6688    0.417700165939    2    6
32    1607336469.12    1607336469.12    0.0    16    0.4243    6.7888    0.4243    2    2
33    1607336469.42    1607336469.42    0.0    16    0.8805    14.088    0.8805    2    2
34    1607336469.48    1607336469.48    0.00100016593933    64    0.0055    0.352    0.00650016593933    3    6
35    1607336469.48    1607336469.48    0.00100016593933    16    0.0297    0.4752    0.0307001659393    2    2
36    1607336469.74    1607336469.74    0.0    16    0.8805    14.088    0.8805    2    2
37    1607336469.8    1607336469.8    0.0    4    0.0284    0.1136    0.0284    2    2
38    1607336470.0    1607336470.0    0.0    16    0.0297    0.4752    0.0297    2    2
39    1607336470.04    1607336470.04    0.0    4    0.0834    0.3336    0.0834    2    2
40    1607336470.28    1607336470.28    0.0    64    0.0055    0.352    0.0055    3    6
41    1607336470.36    1607336470.36    0.0    16    0.7616    12.1856    0.7616    2    2
42    1607336471.08    1607336471.08    0.0    16    0.0429    0.6864    0.0429    2    2
43    1607336471.25    1607336471.25    0.0    16    0.0429    0.6864    0.0429    2    2
44    1607336471.34    1607336471.34    0.0    64    0.9446    60.4544    0.9446    2    5
45    1607336471.99    1607336471.99    0.00200009346008    256    0.6189    158.4384    0.62090009346    3    6
46    1607336472.19    1607336472.19    0.00100016593933    256    0.7528    192.7168    0.753800165939    3    6
47    1607336472.29    1607336472.29    0.000999927520752    16    0.8805    14.088    0.881499927521    2    2
48    1607336472.45    1607336472.45    0.0    16    0.0297    0.4752    0.0297    2    2
49    1607336472.53    1607336472.53    0.0    64    0.0055    0.352    0.0055    2    5
50    1607336472.56    1607336472.56    0.0    4    0.0059    0.0236    0.0059    2    2
51    1607336472.66    1607336472.66    0.0    16    0.8805    14.088    0.8805    2    2
52    1607336472.76    1607336472.76    0.0    4    0.5984    2.3936    0.5984    2    2
53    1607336472.76    1607336472.76    0.0    256    0.7528    192.7168    0.7528    3    6
54    1607336473.04    1607336473.05    0.00100016593933    16    0.4243    6.7888    0.425300165939    2    5
55    1607336473.22    1607336473.23    0.00100016593933    256    0.8    204.8    0.801000165939    3    6
56    1607336473.37    1607336473.37    0.00100016593933    256    0.4221    108.0576    0.423100165939    3    6
57    1607336473.43    1607336473.43    0.000999927520752    16    0.8805    14.088    0.881499927521    2    2
58    1607336473.59    1607336473.59    0.0    16    0.4243    6.7888    0.4243    2    2
59    1607336473.71    1607336473.71    0.0    4    0.0284    0.1136    0.0284    2    2
60    1607336473.73    1607336473.73    0.0    4    0.5984    2.3936    0.5984    2    2
61    1607336473.9    1607336473.9    0.0    16    0.0285    0.456    0.0285    2    5
62    1607336474.0    1607336474.0    0.0    16    0.0285    0.456    0.0285    2    5
63    1607336474.66    1607336474.66    0.0    16    0.4243    6.7888    0.4243    2    2
64    1607336474.66    1607336474.66    0.0    16    0.0429    0.6864    0.0429    2    2
65    1607336474.75    1607336474.75    0.00100016593933    256    0.6189    158.4384    0.619900165939    3    6
66    1607336474.76    1607336474.76    0.0    16    0.8805    14.088    0.8805    2    2
67    1607336474.78    1607336474.78    0.000999927520752    256    0.6189    158.4384    0.619899927521    3    6
68    1607336474.83    1607336474.84    0.000999927520752    64    0.0125    0.8    0.0134999275208    3    6
69    1607336474.85    1607336474.85    0.0    16    0.4243    6.7888    0.4243    2    2
70    1607336475.06    1607336475.06    0.000999927520752    16    0.7616    12.1856    0.762599927521    2    2
71    1607336475.23    1607336475.23    0.000999927520752    64    0.6779    43.3856    0.678899927521    2    6
72    1607336475.28    1607336475.28    0.0    4    0.0284    0.1136    0.0284    2    2
73    1607336475.34    1607336475.34    0.0    4    0.0526    0.2104    0.0526    2    2
74    1607336475.35    1607336475.35    0.000999927520752    4    0.0526    0.2104    0.0535999275208    2    2
75    1607336475.39    1607336475.39    0.0    256    0.8    204.8    0.8    3    6
76    1607336475.48    1607336475.48    0.00100016593933    256    0.0057    1.4592    0.00670016593933    3    6
77    1607336475.56    1607336475.56    0.0    64    0.0055    0.352    0.0055    3    6
78    1607336475.57    1607336475.57    0.000999927520752    64    0.0055    0.352    0.00649992752075    3    6
79    1607336476.0    1607336476.0    0.0    16    0.0285    0.456    0.0285    2    2
80    1607336476.5    1607336476.5    0.000999927520752    64    0.0125    0.8    0.0134999275208    2    5
81    1607336476.52    1607336476.52    0.0    256    0.7528    192.7168    0.7528    3    6
82    1607336476.91    1607336476.91    0.000999927520752    16    0.0297    0.4752    0.0306999275208    2    2
83    1607336477.07    1607336477.07    0.0    64    0.6779    43.3856    0.6779    2    5
84    1607336477.11    1607336477.11    0.0    256    0.4221    108.0576    0.4221    3    6
85    1607336477.12    1607336477.12    0.0    4    0.5984    2.3936    0.5984    2    2
86    1607336477.24    1607336477.24    0.000999927520752    4    0.0834    0.3336    0.0843999275208    2    2
87    1607336477.31    1607336477.32    0.00200009346008    256    0.4221    108.0576    0.42410009346    3    6
88    1607336477.72    1607336477.73    0.00100016593933    4    0.0834    0.3336    0.0844001659393    2    2
89    1607336477.9    1607336477.9    0.0    16    0.0098    0.1568    0.0098    2    2
90    1607336477.96    1607336477.96    0.000999927520752    256    0.7528    192.7168    0.753799927521    3    6
91    1607336478.25    1607336478.25    0.00100016593933    256    0.6189    158.4384    0.619900165939    3    6
92    1607336478.26    1607336478.27    0.00100016593933    256    0.6189    158.4384    0.619900165939    3    6
93    1607336478.71    1607336478.71    0.000999927520752    16    0.4243    6.7888    0.425299927521    2    2
94    1607336478.91    1607336478.91    0.00100016593933    256    0.0057    1.4592    0.00670016593933    3    6
95    1607336478.97    1607336478.97    0.0    4    1.1322    4.5288    1.1322    2    2
96    1607336479.29    1607336479.29    0.000999927520752    16    0.7616    12.1856    0.762599927521    2    2
97    1607336479.4    1607336479.4    0.00100016593933    16    0.0285    0.456    0.0295001659393    2    5
98    1607336479.49    1607336479.49    0.0    4    0.0834    0.3336    0.0834    2    2
99    1607336479.54    1607336479.55    0.00100016593933    4    0.5984    2.3936    0.599400165939    2    2
100    1607336479.77    1607336479.77    0.00100016593933    256    0.8    204.8    0.801000165939    3    6
101    1607336479.9    1607336479.91    0.000999927520752    16    0.0098    0.1568    0.0107999275208    2    5
102    1607336480.04    1607336480.04    0.000999927520752    256    0.0057    1.4592    0.00669992752075    3    6
103    1607336480.15    1607336480.16    0.000999927520752    64    0.0234    1.4976    0.0243999275208    2    6
104    1607336480.34    1607336480.34    0.0    4    0.0284    0.1136    0.0284    2    2
105    1607336480.54    1607336480.54    0.0    16    0.4243    6.7888    0.4243    2    2
106    1607336480.67    1607336480.67    0.000999927520752    256    0.6189    158.4384    0.619899927521    3    6
107    1607336480.7    1607336480.7    0.000999927520752    16    0.0297    0.4752    0.0306999275208    2    2
108    1607336480.86    1607336480.86    0.0    16    0.7616    12.1856    0.7616    2    2
109    1607336480.99    1607336480.99    0.0    4    0.0284    0.1136    0.0284    2    2
110    1607336481.07    1607336481.07    0.0    4    0.0059    0.0236    0.0059    2    2
111    1607336481.41    1607336481.41    0.0    16    0.0098    0.1568    0.0098    2    2
112    1607336481.52    1607336481.52    0.0    256    0.8    204.8    0.8    3    6
113    1607336481.55    1607336481.55    0.0    256    0.0057    1.4592    0.0057    3    6
114    1607336481.72    1607336481.72    0.0    64    0.9446    60.4544    0.9446    2    5
115    1607336481.93    1607336481.93    0.0    4    0.0284    0.1136    0.0284    2    2
116    1607336482.23    1607336482.23    0.00100016593933    16    0.8805    14.088    0.881500165939    2    2
117    1607336482.45    1607336482.45    0.0    16    0.4243    6.7888    0.4243    2    2
118    1607336482.59    1607336482.59    0.0    4    0.6477    2.5908    0.6477    2    2
119    1607336482.75    1607336482.75    0.0    64    0.1855    11.872    0.1855    2    6
120    1607336482.77    1607336482.77    0.0    4    0.0059    0.0236    0.0059    2    2
121    1607336482.83    1607336482.83    0.0    16    0.0285    0.456    0.0285    2    5
122    1607336482.97    1607336482.97    0.0    16    0.8805    14.088    0.8805    2    2
123    1607336483.34    1607336483.34    0.00100016593933    256    0.6189    158.4384    0.619900165939    3    6
124    1607336483.37    1607336483.37    0.0    64    0.0234    1.4976    0.0234    2    6
125    1607336483.51    1607336483.51    0.000999927520752    256    0.0177    4.5312    0.0186999275208    3    6
126    1607336483.58    1607336483.58    0.0    4    0.6477    2.5908    0.6477    2    2
127    1607336483.63    1607336483.63    0.0    16    0.0285    0.456    0.0285    2    5
128    1607336483.79    1607336483.79    0.0    64    0.4167    26.6688    0.4167    2    6
129    1607336483.93    1607336483.93    0.0    4    0.0834    0.3336    0.0834    2    2
130    1607336484.03    1607336484.03    0.000999927520752    64    0.0234    1.4976    0.0243999275208    2    5
131    1607336484.46    1607336484.46    0.0    4    0.0059    0.0236    0.0059    2    2
132    1607336484.5    1607336484.5    0.0    16    0.8805    14.088    0.8805    2    2
133    1607336484.93    1607336484.93    0.0    16    0.7616    12.1856    0.7616    2    2
134    1607336485.34    1607336485.34    0.0    64    0.4167    26.6688    0.4167    3    6
135    1607336485.39    1607336485.39    0.0    256    0.8    204.8    0.8    3    6
136    1607336485.76    1607336485.76    0.0    4    0.0059    0.0236    0.0059    2    2
137    1607336485.87    1607336485.87    0.0    4    1.1322    4.5288    1.1322    2    2
138    1607336486.09    1607336486.09    0.0    64    0.0125    0.8    0.0125    2    6
139    1607336486.46    1607336486.46    0.0    64    0.1855    11.872    0.1855    2    6
140    1607336486.62    1607336486.62    0.000999927520752    16    0.0429    0.6864    0.0438999275208    2    2
141    1607336486.77    1607336486.77    0.0    64    0.0055    0.352    0.0055    2    6
142    1607336486.87    1607336486.87    0.000999927520752    64    0.0055    0.352    0.00649992752075    2    6
143    1607336486.92    1607336486.92    0.000999927520752    256    0.0177    4.5312    0.0186999275208    3    6
144    1607336486.98    1607336486.98    0.0    16    0.8805    14.088    0.8805    2    2
145    1607336487.01    1607336487.01    0.00100016593933    64    0.9446    60.4544    0.945600165939    2    6
146    1607336487.05    1607336487.05    0.000999927520752    64    0.0234    1.4976    0.0243999275208    2    6
147    1607336487.25    1607336487.25    0.0    16    0.4243    6.7888    0.4243    2    2
148    1607336487.34    1607336487.34    0.0    16    0.7616    12.1856    0.7616    2    2
149    1607336487.44    1607336487.44    0.000999927520752    256    0.4221    108.0576    0.423099927521    3    6
150    1607336487.48    1607336487.48    0.0    4    0.0284    0.1136    0.0284    2    2
151    1607336487.63    1607336487.63    0.000999927520752    4    0.0526    0.2104    0.0535999275208    2    2
152    1607336487.67    1607336487.67    0.00300002098083    256    0.4221    108.0576    0.425100020981    3    6
153    1607336487.76    1607336487.76    0.000999927520752    64    0.9446    60.4544    0.945599927521    3    6
154    1607336487.99    1607336487.99    0.0    4    0.6477    2.5908    0.6477    2    2
155    1607336488.11    1607336488.11    0.0    4    0.5984    2.3936    0.5984    2    2
156    1607336488.35    1607336488.35    0.0    16    0.4243    6.7888    0.4243    2    2
157    1607336488.41    1607336488.41    0.0    4    0.0059    0.0236    0.0059    2    2
158    1607336488.5    1607336488.5    0.0    4    0.5984    2.3936    0.5984    2    2
159    1607336488.52    1607336488.52    0.0    16    0.0297    0.4752    0.0297    2    5
160    1607336488.63    1607336488.63    0.0    4    0.0526    0.2104    0.0526    2    2
161    1607336488.75    1607336488.75    0.0    64    0.1855    11.872    0.1855    2    6
162    1607336488.77    1607336488.77    0.0    4    0.5984    2.3936    0.5984    2    2
163    1607336488.97    1607336488.97    0.0    4    0.0526    0.2104    0.0526    2    2
164    1607336489.11    1607336489.11    0.0    16    0.0098    0.1568    0.0098    2    2
165    1607336489.26    1607336489.26    0.0    64    0.0125    0.8    0.0125    2    5
166    1607336489.35    1607336489.35    0.0    4    0.5984    2.3936    0.5984    2    2
167    1607336489.48    1607336489.48    0.0    4    0.6477    2.5908    0.6477    2    2
168    1607336489.5    1607336489.5    0.000999927520752    64    0.4167    26.6688    0.417699927521    2    6
169    1607336489.65    1607336489.65    0.0    256    0.8    204.8    0.8    3    6
170    1607336489.85    1607336489.85    0.0    16    0.0429    0.6864    0.0429    2    2
171    1607336490.05    1607336490.05    0.00200009346008    256    0.7528    192.7168    0.75480009346    3    6
172    1607336490.06    1607336490.07    0.00100016593933    16    0.0098    0.1568    0.0108001659393    2    2
173    1607336490.19    1607336490.2    0.00100016593933    256    0.0177    4.5312    0.0187001659393    3    6
174    1607336490.25    1607336490.25    0.000999927520752    64    0.0234    1.4976    0.0243999275208    2    6
175    1607336490.36    1607336490.36    0.00100016593933    16    0.4243    6.7888    0.425300165939    2    3
176    1607336490.37    1607336490.38    0.000999927520752    4    1.1322    4.5288    1.13319992752    2    2
177    1607336490.4    1607336490.4    0.00100016593933    256    0.0177    4.5312    0.0187001659393    3    6
178    1607336490.46    1607336490.46    0.0019998550415    64    0.9446    60.4544    0.946599855042    2    6
179    1607336490.65    1607336490.65    0.0    256    0.7528    192.7168    0.7528    3    6
180    1607336490.66    1607336490.67    0.000999927520752    4    0.0834    0.3336    0.0843999275208    2    2
181    1607336490.93    1607336490.93    0.0    16    0.7616    12.1856    0.7616    2    2
182    1607336491.2    1607336491.2    0.0    4    0.0059    0.0236    0.0059    2    2
183    1607336491.32    1607336491.32    0.0    4    0.0834    0.3336    0.0834    2    2
184    1607336491.44    1607336491.44    0.0    256    0.8    204.8    0.8    3    6
185    1607336491.55    1607336491.55    0.0    4    1.1322    4.5288    1.1322    2    2
186    1607336491.69    1607336491.69    0.0    64    0.0234    1.4976    0.0234    2    6
187    1607336491.91    1607336491.91    0.0    64    0.4167    26.6688    0.4167    2    6
188    1607336492.18    1607336492.18    0.000999927520752    64    0.9446    60.4544    0.945599927521    2    6
189    1607336492.25    1607336492.26    0.00999999046326    256    0.0177    4.5312    0.0276999904633    3    6
190    1607336492.37    1607336492.37    0.0    256    0.4221    108.0576    0.4221    3    6
191    1607336492.48    1607336492.48    0.000999927520752    256    0.0177    4.5312    0.0186999275208    3    6
192    1607336492.51    1607336492.52    0.00399994850159    64    0.1855    11.872    0.189499948502    2    6
193    1607336492.57    1607336492.57    0.000999927520752    16    0.8805    14.088    0.881499927521    2    2
194    1607336492.75    1607336492.75    0.000999927520752    256    0.8    204.8    0.800999927521    3    6
195    1607336492.79    1607336492.79    0.00100016593933    16    0.0297    0.4752    0.0307001659393    2    2
196    1607336493.16    1607336493.16    0.0    64    0.4167    26.6688    0.4167    2    5
197    1607336493.23    1607336493.23    0.0019998550415    256    0.4221    108.0576    0.424099855042    3    6
198    1607336493.35    1607336493.35    0.000999927520752    4    0.0834    0.3336    0.0843999275208    2    2
199    1607336493.43    1607336493.43    0.000999927520752    256    0.4221    108.0576    0.423099927521    3    6
200    1607336493.49    1607336493.49    0.00100016593933    256    0.0177    4.5312    0.0187001659393    3    6
201    1607336493.55    1607336493.55    0.0019998550415    256    0.7528    192.7168    0.754799855042    3    6
202    1607336493.77    1607336493.77    0.0    4    0.0059    0.0236    0.0059    2    2
203    1607336493.8    1607336493.8    0.0    64    0.0055    0.352    0.0055    2    5
204    1607336494.15    1607336494.15    0.0    64    0.9446    60.4544    0.9446    2    5
205    1607336494.2    1607336494.2    0.00100016593933    16    0.8805    14.088    0.881500165939    2    2
206    1607336494.22    1607336494.22    0.00100016593933    16    0.0285    0.456    0.0295001659393    2    2
207    1607336494.32    1607336494.32    0.0    16    0.0429    0.6864    0.0429    2    2
208    1607336494.4    1607336494.4    0.000999927520752    256    0.8    204.8    0.800999927521    3    6
209    1607336494.43    1607336494.43    0.000999927520752    16    0.0297    0.4752    0.0306999275208    2    2
210    1607336494.68    1607336494.68    0.000999927520752    16    0.0285    0.456    0.0294999275208    2    2
211    1607336494.74    1607336494.74    0.0    4    0.0834    0.3336    0.0834    2    2
212    1607336495.01    1607336495.01    0.0    16    0.0098    0.1568    0.0098    2    2
213    1607336495.05    1607336495.05    0.0    4    0.0284    0.1136    0.0284    2    2
214    1607336495.66    1607336495.66    0.0    256    0.4221    108.0576    0.4221    3    6
215    1607336495.78    1607336495.78    0.0    16    0.0297    0.4752    0.0297    2    2
216    1607336495.79    1607336495.79    0.000999927520752    256    0.4221    108.0576    0.423099927521    3    6
217    1607336495.89    1607336495.89    0.00100016593933    64    0.6779    43.3856    0.678900165939    2    6
218    1607336495.99    1607336495.99    0.00100016593933    256    0.7528    192.7168    0.753800165939    3    6
219    1607336496.2    1607336496.2    0.0    64    0.0125    0.8    0.0125    2    5
220    1607336496.26    1607336496.26    0.0    256    0.8    204.8    0.8    3    6
221    1607336496.28    1607336496.28    0.0    4    0.0526    0.2104    0.0526    2    2
222    1607336496.58    1607336496.58    0.0    4    0.0526    0.2104    0.0526    2    2
223    1607336496.71    1607336496.71    0.0    16    0.0285    0.456    0.0285    2    2
224    1607336496.79    1607336496.79    0.000999927520752    256    0.4221    108.0576    0.423099927521    3    6
225    1607336496.87    1607336496.87    0.000999927520752    4    0.0059    0.0236    0.00689992752075    2    2
226    1607336497.06    1607336497.06    0.000999927520752    256    0.8    204.8    0.800999927521    3    6
227    1607336497.31    1607336497.31    0.0    4    0.0834    0.3336    0.0834    2    2
228    1607336497.51    1607336497.52    0.00100016593933    64    0.6779    43.3856    0.678900165939    2    5
229    1607336497.67    1607336497.67    0.0    256    0.0177    4.5312    0.0177    3    6
230    1607336497.7    1607336497.7    0.000999927520752    16    0.8805    14.088    0.881499927521    2    2
231    1607336497.97    1607336497.97    0.0    64    0.0234    1.4976    0.0234    2    6
232    1607336498.1    1607336498.1    0.000999927520752    16    0.0429    0.6864    0.0438999275208    2    2
233    1607336498.13    1607336498.14    0.000999927520752    16    0.0429    0.6864    0.0438999275208    2    2
234    1607336498.23    1607336498.23    0.0    64    0.0055    0.352    0.0055    2    5
235    1607336498.27    1607336498.27    0.0    256    0.6189    158.4384    0.6189    3    6
236    1607336498.37    1607336498.37    0.0    16    0.4243    6.7888    0.4243    2    2
237    1607336498.59    1607336498.59    0.0    4    0.6477    2.5908    0.6477    2    2
238    1607336498.62    1607336498.62    0.0    64    0.9446    60.4544    0.9446    3    6
239    1607336498.83    1607336498.83    0.0    16    0.0098    0.1568    0.0098    2    2
240    1607336499.0    1607336499.0    0.000999927520752    64    0.4167    26.6688    0.417699927521    2    5
241    1607336499.16    1607336499.16    0.000999927520752    16    0.7616    12.1856    0.762599927521    2    2
242    1607336499.24    1607336499.24    0.0    16    0.7616    12.1856    0.7616    2    2
243    1607336499.39    1607336499.39    0.0    16    0.8805    14.088    0.8805    2    2
244    1607336499.56    1607336499.56    0.0019998550415    256    0.4221    108.0576    0.424099855042    3    6
245    1607336499.82    1607336499.82    0.0    16    0.0429    0.6864    0.0429    2    2
246    1607336499.88    1607336499.88    0.0    16    0.0429    0.6864    0.0429    2    2
247    1607336499.9    1607336499.91    0.000999927520752    64    0.0055    0.352    0.00649992752075    2    6
248    1607336499.99    1607336499.99    0.0    4    1.1322    4.5288    1.1322    2    2
249    1607336500.03    1607336500.03    0.000999927520752    256    0.8    204.8    0.800999927521    3    6
250    1607336500.09    1607336500.1    0.000999927520752    16    0.0098    0.1568    0.0107999275208    2    5
251    1607336500.4    1607336500.4    0.0    16    0.4243    6.7888    0.4243    2    2
252    1607336500.63    1607336500.63    0.00300002098083    256    0.4221    108.0576    0.425100020981    3    6
253    1607336500.84    1607336500.84    0.0    4    1.1322    4.5288    1.1322    2    2
254    1607336500.9    1607336500.9    0.0    16    0.0285    0.456    0.0285    2    2
255    1607336501.03    1607336501.03    0.00100016593933    64    0.0125    0.8    0.0135001659393    2    6
256    1607336501.22    1607336501.22    0.0    64    0.0234    1.4976    0.0234    2    6
257    1607336501.35    1607336501.35    0.0    64    0.0055    0.352    0.0055    2    6
258    1607336501.38    1607336501.38    0.0    256    0.7528    192.7168    0.7528    3    6
259    1607336501.44    1607336501.44    0.0    16    0.8805    14.088    0.8805    2    2
260    1607336501.71    1607336501.71    0.0    64    0.0055    0.352    0.0055    2    6
261    1607336501.76    1607336501.76    0.0    64    0.0125    0.8    0.0125    2    6
262    1607336501.9    1607336501.9    0.0    16    0.0297    0.4752    0.0297    2    5
263    1607336502.11    1607336502.11    0.0    4    1.1322    4.5288    1.1322    2    2
264    1607336502.18    1607336502.18    0.0    256    0.0057    1.4592    0.0057    3    6
265    1607336502.21    1607336502.21    0.0    256    0.6189    158.4384    0.6189    3    6
266    1607336502.22    1607336502.22    0.0    4    0.5984    2.3936    0.5984    2    2
267    1607336502.25    1607336502.25    0.000999927520752    16    0.0098    0.1568    0.0107999275208    2    5
268    1607336502.42    1607336502.42    0.0    16    0.4243    6.7888    0.4243    2    2
269    1607336502.46    1607336502.46    0.0    64    0.1855    11.872    0.1855    2    6
270    1607336502.52    1607336502.52    0.000999927520752    256    0.6189    158.4384    0.619899927521    3    6
271    1607336502.53    1607336502.53    0.000999927520752    64    0.6779    43.3856    0.678899927521    2    6
272    1607336502.78    1607336502.78    0.00100016593933    4    0.6477    2.5908    0.648700165939    2    2
273    1607336502.82    1607336502.82    0.0    4    0.0284    0.1136    0.0284    2    2
274    1607336502.84    1607336502.84    0.00100016593933    4    0.0526    0.2104    0.0536001659393    2    2
275    1607336503.01    1607336503.01    -0.000999927520752    4    1.1322    4.5288    1.13120007248    2    2
276    1607336503.5    1607336503.5    0.0    4    0.0284    0.1136    0.0284    2    2
277    1607336503.58    1607336503.58    0.000999927520752    256    0.6189    158.4384    0.619899927521    3    6
278    1607336503.58    1607336503.58    0.0    16    0.7616    12.1856    0.7616    2    2
279    1607336503.63    1607336503.64    0.000999927520752    4    0.0526    0.2104    0.0535999275208    2    2
280    1607336504.12    1607336504.12    0.0    16    0.0429    0.6864    0.0429    2    5
281    1607336504.15    1607336504.15    0.0    64    0.0055    0.352    0.0055    3    6
282    1607336504.44    1607336504.44    0.0    16    0.8805    14.088    0.8805    2    2
283    1607336504.51    1607336504.51    0.0    256    0.0177    4.5312    0.0177    3    6
284    1607336504.61    1607336504.61    0.000999927520752    256    0.6189    158.4384    0.619899927521    3    6
285    1607336504.69    1607336504.69    0.0    16    0.0285    0.456    0.0285    2    2
286    1607336504.72    1607336504.72    0.0    16    0.0429    0.6864    0.0429    2    2
287    1607336504.82    1607336504.82    0.0    64    0.6779    43.3856    0.6779    2    6
288    1607336504.94    1607336504.94    0.00100016593933    64    0.1855    11.872    0.186500165939    2    6
289    1607336505.13    1607336505.13    0.00300002098083    256    0.8    204.8    0.803000020981    3    6
290    1607336505.6    1607336505.6    0.00100016593933    64    0.4167    26.6688    0.417700165939    2    5
291    1607336505.95    1607336505.95    0.00100016593933    64    0.0125    0.8    0.0135001659393    2    5
292    1607336506.33    1607336506.33    0.000999927520752    256    0.0177    4.5312    0.0186999275208    3    6
293    1607336506.34    1607336506.34    0.0    4    0.0059    0.0236    0.0059    2    2
294    1607336506.34    1607336506.34    0.0    4    0.0284    0.1136    0.0284    2    2
295    1607336506.53    1607336506.53    0.000999927520752    64    0.0125    0.8    0.0134999275208    2    5
296    1607336506.63    1607336506.63    0.0    64    0.0234    1.4976    0.0234    2    5
297    1607336506.63    1607336506.63    0.00200009346008    256    0.7528    192.7168    0.75480009346    3    6
298    1607336506.69    1607336506.7    0.00100016593933    64    0.4167    26.6688    0.417700165939    2    5
299    1607336506.7    1607336506.7    0.000999927520752    16    0.0285    0.456    0.0294999275208    2    2
300    1607336506.72    1607336506.72    0.000999927520752    64    0.0234    1.4976    0.0243999275208    2    6
301    1607336506.87    1607336506.87    0.000999927520752    16    0.4243    6.7888    0.425299927521    2    2
302    1607336506.87    1607336506.87    0.000999927520752    4    0.5984    2.3936    0.599399927521    2    2
303    1607336507.26    1607336507.26    0.0    16    0.0098    0.1568    0.0098    2    2
304    1607336507.31    1607336507.31    0.0    64    0.4167    26.6688    0.4167    2    5
305    1607336507.35    1607336507.35    0.0    16    0.8805    14.088    0.8805    2    2
306    1607336507.44    1607336507.44    0.000999927520752    256    0.0057    1.4592    0.00669992752075    3    6
307    1607336507.64    1607336507.64    0.0    4    0.0834    0.3336    0.0834    2    2
308    1607336508.46    1607336508.46    0.0    4    1.1322    4.5288    1.1322    2    2
309    1607336508.53    1607336508.53    0.0    256    0.6189    158.4384    0.6189    3    6
310    1607336508.76    1607336508.76    0.0    256    0.4221    108.0576    0.4221    3    6
311    1607336508.85    1607336508.85    0.0    16    0.8805    14.088    0.8805    2    2
312    1607336508.89    1607336508.89    0.000999927520752    256    0.8    204.8    0.800999927521    3    6
313    1607336509.04    1607336509.04    0.000999927520752    64    0.0125    0.8    0.0134999275208    2    6
314    1607336509.29    1607336509.29    0.0    16    0.4243    6.7888    0.4243    2    2
315    1607336509.51    1607336509.51    0.0    16    0.0285    0.456    0.0285    2    5
316    1607336509.54    1607336509.54    0.000999927520752    16    0.0098    0.1568    0.0107999275208    2    2
317    1607336509.62    1607336509.62    0.0    64    0.6779    43.3856    0.6779    2    6
318    1607336509.68    1607336509.68    0.000999927520752    256    0.7528    192.7168    0.753799927521    3    6
319    1607336509.7    1607336509.7    0.0    4    0.5984    2.3936    0.5984    2    2
320    1607336509.75    1607336509.75    0.0    4    0.0834    0.3336    0.0834    2    2
321    1607336509.76    1607336509.76    0.00100016593933    256    0.7528    192.7168    0.753800165939    3    6
322    1607336510.07    1607336510.07    0.000999927520752    16    0.4243    6.7888    0.425299927521    2    3
323    1607336510.26    1607336510.26    0.000999927520752    4    0.0526    0.2104    0.0535999275208    2    2
324    1607336510.31    1607336510.31    0.000999927520752    256    0.0177    4.5312    0.0186999275208    3    6
325    1607336510.53    1607336510.53    0.0    16    0.4243    6.7888    0.4243    2    2
326    1607336510.7    1607336510.7    0.0    64    0.6779    43.3856    0.6779    2    6
327    1607336510.85    1607336510.85    0.0    256    0.7528    192.7168    0.7528    3    6
328    1607336510.95    1607336510.95    0.000999927520752    4    0.0526    0.2104    0.0535999275208    2    2
329    1607336511.02    1607336511.02    0.00200009346008    256    0.0177    4.5312    0.0197000934601    3    6
330    1607336511.12    1607336511.12    0.000999927520752    4    0.0059    0.0236    0.00689992752075    2    2
331    1607336511.4    1607336511.4    0.0    4    0.5984    2.3936    0.5984    2    2
332    1607336511.48    1607336511.48    0.0    64    0.6779    43.3856    0.6779    2    6
333    1607336511.49    1607336511.49    0.0    16    0.0285    0.456    0.0285    2    3
334    1607336511.62    1607336511.63    0.000999927520752    16    0.8805    14.088    0.881499927521    2    2
335    1607336511.63    1607336511.63    0.00100016593933    16    0.7616    12.1856    0.762600165939    2    5
336    1607336511.66    1607336511.66    0.0    256    0.6189    158.4384    0.6189    3    6
337    1607336511.7    1607336511.7    0.0    16    0.0297    0.4752    0.0297    2    2
338    1607336511.77    1607336511.77    0.00100016593933    64    0.6779    43.3856    0.678900165939    2    6
339    1607336512.05    1607336512.05    0.0    4    0.0059    0.0236    0.0059    2    2
340    1607336512.07    1607336512.07    0.0    4    0.0834    0.3336    0.0834    2    2
341    1607336512.23    1607336512.23    0.0    4    0.5984    2.3936    0.5984    2    2
342    1607336512.43    1607336512.43    0.0    16    0.8805    14.088    0.8805    2    2
343    1607336512.59    1607336512.59    0.0    16    0.0297    0.4752    0.0297    2    5
344    1607336512.78    1607336512.78    0.0    4    0.0284    0.1136    0.0284    2    2
345    1607336512.96    1607336512.96    0.0    4    0.0284    0.1136    0.0284    2    2
346    1607336513.2    1607336513.2    0.0    4    0.0059    0.0236    0.0059    2    2
347    1607336513.3    1607336513.3    0.0    4    0.0059    0.0236    0.0059    2    2
348    1607336513.49    1607336513.49    0.0    64    0.0234    1.4976    0.0234    2    5
349    1607336513.61    1607336513.61    0.000999927520752    64    0.4167    26.6688    0.417699927521    2    5
350    1607336513.82    1607336513.82    0.0    4    0.5984    2.3936    0.5984    2    2
351    1607336513.82    1607336513.82    0.0    4    0.0834    0.3336    0.0834    2    2
352    1607336513.92    1607336513.92    0.0    64    0.1855    11.872    0.1855    2    6
353    1607336514.44    1607336514.44    0.00100016593933    16    0.0297    0.4752    0.0307001659393    2    2
354    1607336514.51    1607336514.51    0.0    16    0.0098    0.1568    0.0098    2    2
355    1607336514.59    1607336514.59    0.0    4    0.0526    0.2104    0.0526    2    2
356    1607336514.65    1607336514.65    0.000999927520752    4    0.6477    2.5908    0.648699927521    2    2
357    1607336514.72    1607336514.72    0.000999927520752    256    0.6189    158.4384    0.619899927521    3    6
358    1607336514.87    1607336514.87    0.0    16    0.0297    0.4752    0.0297    2    2
359    1607336514.91    1607336514.91    0.0    64    0.0055    0.352    0.0055    2    6
360    1607336514.96    1607336514.96    0.0    16    0.0098    0.1568    0.0098    2    2
361    1607336514.97    1607336514.97    0.0    16    0.0297    0.4752    0.0297    2    2
362    1607336515.22    1607336515.22    0.0    64    0.0234    1.4976    0.0234    2    6
363    1607336515.23    1607336515.23    0.0    4    0.0284    0.1136    0.0284    2    2
364    1607336515.27    1607336515.27    0.0    16    0.4243    6.7888    0.4243    2    2
365    1607336515.58    1607336515.58    0.0    4    0.6477    2.5908    0.6477    2    2
366    1607336515.99    1607336515.99    0.0    4    0.5984    2.3936    0.5984    2    2
367    1607336516.1    1607336516.1    0.0    64    0.4167    26.6688    0.4167    2    6
368    1607336516.14    1607336516.14    0.000999927520752    16    0.0429    0.6864    0.0438999275208    2    2
369    1607336516.18    1607336516.18    0.000999927520752    256    0.4221    108.0576    0.423099927521    3    6
370    1607336516.32    1607336516.32    0.0    64    0.0234    1.4976    0.0234    2    6
371    1607336516.53    1607336516.53    0.0    64    0.6779    43.3856    0.6779    2    6
372    1607336516.55    1607336516.55    0.000999927520752    4    0.0284    0.1136    0.0293999275208    2    2
373    1607336516.66    1607336516.66    0.0    64    0.9446    60.4544    0.9446    2    6
374    1607336516.7    1607336516.7    0.000999927520752    256    0.8    204.8    0.800999927521    3    6
375    1607336517.23    1607336517.23    0.000999927520752    64    0.0125    0.8    0.0134999275208    2    6
376    1607336517.63    1607336517.63    0.0    4    0.0526    0.2104    0.0526    2    2
377    1607336517.77    1607336517.78    0.00100016593933    256    0.0057    1.4592    0.00670016593933    3    6
378    1607336517.93    1607336517.93    0.0    4    1.1322    4.5288    1.1322    2    2
379    1607336517.96    1607336517.96    0.000999927520752    64    0.6779    43.3856    0.678899927521    2    6
380    1607336518.11    1607336518.11    0.00100016593933    16    0.0297    0.4752    0.0307001659393    2    2
381    1607336518.46    1607336518.46    0.0    4    0.6477    2.5908    0.6477    2    2
382    1607336518.89    1607336518.89    0.0    64    0.6779    43.3856    0.6779    2    6
383    1607336519.22    1607336519.22    0.0    4    0.6477    2.5908    0.6477    2    2
384    1607336519.44    1607336519.44    0.000999927520752    4    0.0284    0.1136    0.0293999275208    2    2
385    1607336519.59    1607336519.59    0.000999927520752    64    0.6779    43.3856    0.678899927521    2    6
386    1607336519.6    1607336519.6    0.0    4    0.5984    2.3936    0.5984    2    2
387    1607336519.81    1607336519.81    0.000999927520752    256    0.7528    192.7168    0.753799927521    3    6
388    1607336520.02    1607336520.02    0.000999927520752    256    0.4221    108.0576    0.423099927521    3    6
389    1607336520.13    1607336520.13    0.000999927520752    256    0.4221    108.0576    0.423099927521    3    6
390    1607336520.17    1607336520.17    0.0019998550415    256    0.0177    4.5312    0.0196998550415    3    6
391    1607336520.86    1607336520.86    0.0    4    0.0284    0.1136    0.0284    2    2
392    1607336521.15    1607336521.15    0.0    16    0.8805    14.088    0.8805    2    2
393    1607336521.48    1607336521.48    0.0    64    0.0234    1.4976    0.0234    2    6
394    1607336521.57    1607336521.57    0.0    4    0.5984    2.3936    0.5984    2    2
395    1607336521.59    1607336521.59    0.0    64    0.4167    26.6688    0.4167    2    6
396    1607336521.6    1607336521.6    0.000999927520752    64    0.0234    1.4976    0.0243999275208    2    6
397    1607336521.61    1607336521.61    0.0    16    0.0098    0.1568    0.0098    2    5
398    1607336521.93    1607336521.93    0.0    256    0.0057    1.4592    0.0057    3    6
399    1607336521.98    1607336521.98    0.0    4    0.0059    0.0236    0.0059    2    2
400    1607336522.07    1607336522.07    0.0    16    0.0429    0.6864    0.0429    2    2
401    1607336522.1    1607336522.1    0.0    256    0.7528    192.7168    0.7528    3    6
402    1607336522.2    1607336522.2    0.000999927520752    256    0.0177    4.5312    0.0186999275208    3    6
403    1607336522.31    1607336522.31    0.0    4    0.5984    2.3936    0.5984    2    2
404    1607336522.37    1607336522.38    0.000999927520752    256    0.0057    1.4592    0.00669992752075    3    6
405    1607336522.54    1607336522.54    0.0    64    0.0055    0.352    0.0055    2    6
406    1607336522.63    1607336522.63    0.000999927520752    256    0.0177    4.5312    0.0186999275208    3    6
407    1607336522.86    1607336522.86    0.000999927520752    16    0.0285    0.456    0.0294999275208    2    2
408    1607336523.19    1607336523.19    0.0    16    0.4243    6.7888    0.4243    2    2
409    1607336523.2    1607336523.2    0.0    4    1.1322    4.5288    1.1322    2    2
410    1607336523.46    1607336523.46    0.0    16    0.7616    12.1856    0.7616    2    5
411    1607336523.51    1607336523.51    0.0    4    1.1322    4.5288    1.1322    2    2
412    1607336523.59    1607336523.59    0.000999927520752    64    0.0055    0.352    0.00649992752075    2    6
413    1607336523.59    1607336523.59    0.00200009346008    16    0.0285    0.456    0.0305000934601    2    2
414    1607336523.78    1607336523.78    0.0    4    1.1322    4.5288    1.1322    2    2
415    1607336523.86    1607336523.86    0.0    64    0.0055    0.352    0.0055    2    6
416    1607336523.99    1607336523.99    0.0    16    0.7616    12.1856    0.7616    2    5
417    1607336523.99    1607336523.99    0.0    4    1.1322    4.5288    1.1322    2    2
418    1607336524.01    1607336524.01    0.0    256    0.0177    4.5312    0.0177    3    6
419    1607336524.25    1607336524.25    0.0    256    0.7528    192.7168    0.7528    3    6
420    1607336524.3    1607336524.3    0.0    64    0.1855    11.872    0.1855    3    6
421    1607336524.55    1607336524.55    0.0    64    0.0055    0.352    0.0055    3    6
422    1607336524.59    1607336524.59    0.00100016593933    256    0.0177    4.5312    0.0187001659393    3    6
423    1607336524.67    1607336524.67    0.000999927520752    256    0.4221    108.0576    0.423099927521    3    6
424    1607336524.69    1607336524.69    0.00100016593933    16    0.0285    0.456    0.0295001659393    2    5
425    1607336525.17    1607336525.17    0.0    16    0.8805    14.088    0.8805    2    2
426    1607336525.28    1607336525.28    0.0    64    0.6779    43.3856    0.6779    2    6
427    1607336525.61    1607336525.61    0.0    4    0.0284    0.1136    0.0284    2    2
428    1607336525.72    1607336525.72    0.0    4    0.6477    2.5908    0.6477    2    2
429    1607336525.75    1607336525.75    0.000999927520752    256    0.7528    192.7168    0.753799927521    3    6
430    1607336525.76    1607336525.76    0.00100016593933    256    0.8    204.8    0.801000165939    3    6
431    1607336526.21    1607336526.21    0.000999927520752    256    0.8    204.8    0.800999927521    3    6
432    1607336526.44    1607336526.44    0.00100016593933    256    0.8    204.8    0.801000165939    3    6
433    1607336527.3    1607336527.3    0.00100016593933    256    0.0177    4.5312    0.0187001659393    3    6
434    1607336527.37    1607336527.37    0.0    64    0.0055    0.352    0.0055    2    5
435    1607336527.53    1607336527.54    0.00100016593933    16    0.0098    0.1568    0.0108001659393    2    2
436    1607336527.59    1607336527.59    0.000999927520752    64    0.4167    26.6688    0.417699927521    2    5
437    1607336527.95    1607336527.95    0.0    16    0.8805    14.088    0.8805    2    2
438    1607336528.14    1607336528.14    0.0    16    0.0098    0.1568    0.0098    2    2
439    1607336528.2    1607336528.2    0.0    4    0.0284    0.1136    0.0284    2    2
440    1607336528.42    1607336528.42    0.0    4    0.6477    2.5908    0.6477    2    2
441    1607336528.82    1607336528.82    0.0    4    0.5984    2.3936    0.5984    2    2
442    1607336528.88    1607336528.88    0.0    16    0.0297    0.4752    0.0297    2    2
443    1607336528.89    1607336528.89    0.0    256    0.8    204.8    0.8    3    6
444    1607336528.9    1607336528.9    0.0019998550415    64    0.0055    0.352    0.0074998550415    2    6
445    1607336528.95    1607336528.95    0.0    4    0.0526    0.2104    0.0526    2    2
446    1607336528.96    1607336528.96    0.0    4    0.0059    0.0236    0.0059    2    2
447    1607336529.33    1607336529.33    0.0    4    0.0526    0.2104    0.0526    2    2
448    1607336529.35    1607336529.35    0.0    4    0.0284    0.1136    0.0284    2    2
449    1607336529.37    1607336529.37    0.00100016593933    64    0.4167    26.6688    0.417700165939    2    6
450    1607336529.44    1607336529.44    0.000999927520752    256    0.6189    158.4384    0.619899927521    3    6
451    1607336529.44    1607336529.44    0.00200009346008    4    0.0834    0.3336    0.0854000934601    2    2
452    1607336529.55    1607336529.55    0.000999927520752    64    0.0055    0.352    0.00649992752075    2    5
453    1607336529.6    1607336529.6    0.0    4    0.5984    2.3936    0.5984    2    2
454    1607336529.63    1607336529.63    0.000999927520752    64    0.0055    0.352    0.00649992752075    2    6
455    1607336529.69    1607336529.69    0.000999927520752    16    0.8805    14.088    0.881499927521    2    2
456    1607336529.83    1607336529.83    0.000999927520752    64    0.0234    1.4976    0.0243999275208    2    6
457    1607336530.07    1607336530.07    0.0    16    0.7616    12.1856    0.7616    2    2
458    1607336530.14    1607336530.14    0.0    16    0.0098    0.1568    0.0098    2    2
459    1607336530.21    1607336530.21    0.0    16    0.8805    14.088    0.8805    2    2
460    1607336530.54    1607336530.54    0.0    16    0.8805    14.088    0.8805    2    2
461    1607336530.62    1607336530.62    0.0    64    0.9446    60.4544    0.9446    2    6
462    1607336530.73    1607336530.73    0.0    4    1.1322    4.5288    1.1322    2    2
463    1607336530.75    1607336530.75    0.00100016593933    64    0.0055    0.352    0.00650016593933    2    6
464    1607336530.8    1607336530.8    0.0    4    0.0284    0.1136    0.0284    2    2
465    1607336531.36    1607336531.36    0.0    16    0.0098    0.1568    0.0098    2    2
466    1607336531.42    1607336531.42    0.0    4    0.0526    0.2104    0.0526    2    2
467    1607336531.42    1607336531.42    0.000999927520752    16    0.0429    0.6864    0.0438999275208    2    2
468    1607336531.75    1607336531.75    0.0    16    0.7616    12.1856    0.7616    2    2
469    1607336531.89    1607336531.89    0.0    256    0.7528    192.7168    0.7528    3    6
470    1607336532.07    1607336532.07    0.0    16    0.4243    6.7888    0.4243    2    2
471    1607336532.2    1607336532.2    0.000999927520752    256    0.8    204.8    0.800999927521    3    6
472    1607336532.25    1607336532.25    0.000999927520752    256    0.8    204.8    0.800999927521    3    6
473    1607336532.27    1607336532.28    0.00200009346008    64    0.0234    1.4976    0.0254000934601    3    6
474    1607336532.4    1607336532.4    0.00100016593933    16    0.0098    0.1568    0.0108001659393    2    2
475    1607336532.45    1607336532.45    0.00600004196167    256    0.0177    4.5312    0.0237000419617    3    6
476    1607336532.68    1607336532.68    0.0    64    0.0125    0.8    0.0125    2    5
477    1607336533.22    1607336533.22    0.0    4    0.0526    0.2104    0.0526    2    2
478    1607336533.52    1607336533.52    0.0    4    0.0284    0.1136    0.0284    2    2
479    1607336533.6    1607336533.6    0.000999927520752    64    0.9446    60.4544    0.945599927521    2    5
480    1607336533.67    1607336533.67    0.0    64    0.0125    0.8    0.0125    2    5
481    1607336533.82    1607336533.82    0.000999927520752    256    0.4221    108.0576    0.423099927521    3    6
482    1607336534.42    1607336534.42    0.0    4    0.0834    0.3336    0.0834    2    2
483    1607336534.57    1607336534.57    0.00100016593933    64    0.1855    11.872    0.186500165939    2    5
484    1607336534.92    1607336534.92    0.0    4    0.0284    0.1136    0.0284    2    2
485    1607336535.31    1607336535.31    0.0    256    0.0177    4.5312    0.0177    3    6
486    1607336535.52    1607336535.52    0.0    64    0.6779    43.3856    0.6779    2    5
487    1607336535.96    1607336535.96    0.0    64    0.0234    1.4976    0.0234    2    5
488    1607336535.98    1607336535.98    0.0    4    0.0284    0.1136    0.0284    2    2
489    1607336536.03    1607336536.03    0.0    256    0.0057    1.4592    0.0057    3    6
490    1607336536.36    1607336536.37    0.000999927520752    256    0.6189    158.4384    0.619899927521    3    6
491    1607336536.65    1607336536.65    0.0    64    0.6779    43.3856    0.6779    2    5
492    1607336536.76    1607336536.76    0.00100016593933    64    0.1855    11.872    0.186500165939    2    5
493    1607336537.07    1607336537.07    0.000999927520752    256    0.8    204.8    0.800999927521    3    6
494    1607336537.07    1607336537.07    0.0    4    0.5984    2.3936    0.5984    2    2
495    1607336537.2    1607336537.2    0.0    16    0.0285    0.456    0.0285    2    2
496    1607336537.23    1607336537.23    0.0    16    0.0429    0.6864    0.0429    2    5
497    1607336537.26    1607336537.26    0.0    16    0.4243    6.7888    0.4243    2    2
498    1607336537.4    1607336537.4    0.00100016593933    256    0.8    204.8    0.801000165939    3    6
499    1607336537.45    1607336537.46    0.00100016593933    16    0.7616    12.1856    0.762600165939    2    5
500    1607336537.61    1607336537.62    0.000999927520752    16    0.7616    12.1856    0.762599927521    2    2
501    1607336537.88    1607336537.88    0.0    64    0.0125    0.8    0.0125    2    5
502    1607336538.0    1607336538.0    0.0    16    0.0098    0.1568    0.0098    2    2
503    1607336538.14    1607336538.14    0.0    4    0.5984    2.3936    0.5984    2    2
504    1607336538.35    1607336538.35    0.0    256    0.8    204.8    0.8    3    6
505    1607336538.47    1607336538.47    0.0    4    0.5984    2.3936    0.5984    2    2
506    1607336538.47    1607336538.47    0.0    16    0.7616    12.1856    0.7616    2    2
507    1607336538.5    1607336538.5    0.0    16    0.4243    6.7888    0.4243    2    5
508    1607336539.4    1607336539.4    0.0    4    0.0284    0.1136    0.0284    2    2
509    1607336539.87    1607336539.87    0.0    4    0.6477    2.5908    0.6477    2    2
510    1607336540.02    1607336540.02    0.000999927520752    64    0.4167    26.6688    0.417699927521    2    6
511    1607336540.12    1607336540.12    0.0    64    0.1855    11.872    0.1855    2    6
512    1607336540.34    1607336540.34    0.0    4    0.0284    0.1136    0.0284    2    2
513    1607336540.38    1607336540.38    0.0    256    0.0057    1.4592    0.0057    3    6
514    1607336540.47    1607336540.47    0.0    4    0.0834    0.3336    0.0834    2    2
515    1607336540.58    1607336540.58    0.0    256    0.0057    1.4592    0.0057    3    6
516    1607336540.75    1607336540.75    0.0    16    0.0098    0.1568    0.0098    2    2
517    1607336540.75    1607336540.75    0.00100016593933    4    1.1322    4.5288    1.13320016594    2    2
518    1607336540.9    1607336540.9    0.0    16    0.7616    12.1856    0.7616    2    2
519    1607336541.09    1607336541.09    0.0    4    0.5984    2.3936    0.5984    2    2
520    1607336541.85    1607336541.85    0.0    256    0.7528    192.7168    0.7528    3    6
521    1607336541.93    1607336541.93    0.000999927520752    256    0.0177    4.5312    0.0186999275208    3    6
522    1607336542.03    1607336542.04    0.00300002098083    256    0.0177    4.5312    0.0207000209808    3    6
523    1607336542.36    1607336542.36    0.0    64    0.1855    11.872    0.1855    2    6
524    1607336542.91    1607336542.91    0.0    4    0.0059    0.0236    0.0059    2    2
525    1607336543.07    1607336543.07    0.0019998550415    256    0.7528    192.7168    0.754799855042    3    6
526    1607336543.17    1607336543.17    0.0    4    0.5984    2.3936    0.5984    2    2
527    1607336543.31    1607336543.31    0.0    4    0.0526    0.2104    0.0526    2    2
528    1607336543.36    1607336543.36    0.00100016593933    256    0.6189    158.4384    0.619900165939    3    6
529    1607336543.38    1607336543.38    0.00100016593933    16    0.8805    14.088    0.881500165939    2    3
530    1607336543.51    1607336543.51    0.00100016593933    4    1.1322    4.5288    1.13320016594    2    2
531    1607336543.54    1607336543.54    0.0    4    0.0284    0.1136    0.0284    2    2
532    1607336543.62    1607336543.62    0.000999927520752    64    0.9446    60.4544    0.945599927521    2    6
533    1607336543.93    1607336543.93    0.0    256    0.0177    4.5312    0.0177    3    6
534    1607336543.99    1607336543.99    0.0    4    1.1322    4.5288    1.1322    2    2
535    1607336544.04    1607336544.04    0.000999927520752    64    0.6779    43.3856    0.678899927521    2    6
536    1607336544.18    1607336544.18    0.000999927520752    16    0.0098    0.1568    0.0107999275208    2    2
537    1607336544.41    1607336544.41    0.0    256    0.7528    192.7168    0.7528    3    6
538    1607336544.77    1607336544.77    0.0    64    0.1855    11.872    0.1855    2    6
539    1607336544.93    1607336544.93    0.0    64    0.0234    1.4976    0.0234    2    6
540    1607336544.98    1607336544.98    0.0    4    0.0059    0.0236    0.0059    2    2
541    1607336544.98    1607336544.98    0.0    4    0.0284    0.1136    0.0284    2    2
542    1607336545.06    1607336545.06    0.000999927520752    64    0.4167    26.6688    0.417699927521    2    6
543    1607336545.29    1607336545.29    0.0    256    0.4221    108.0576    0.4221    3    6
544    1607336545.33    1607336545.33    0.00100016593933    256    0.7528    192.7168    0.753800165939    3    6
545    1607336545.4    1607336545.4    0.00100016593933    256    0.0057    1.4592    0.00670016593933    3    6
546    1607336545.56    1607336545.56    0.0    16    0.7616    12.1856    0.7616    2    2
547    1607336545.98    1607336545.98    0.0    16    0.0285    0.456    0.0285    2    2
548    1607336546.23    1607336546.23    0.0    256    0.0057    1.4592    0.0057    3    6
549    1607336546.27    1607336546.27    0.00200009346008    256    0.8    204.8    0.80200009346    3    6
550    1607336546.3    1607336546.3    0.000999927520752    4    0.0834    0.3336    0.0843999275208    2    2
551    1607336546.32    1607336546.32    0.000999927520752    256    0.0057    1.4592    0.00669992752075    3    6
552    1607336546.78    1607336546.78    0.0    4    0.0834    0.3336    0.0834    2    2
553    1607336546.83    1607336546.83    0.0    16    0.7616    12.1856    0.7616    2    3
554    1607336546.87    1607336546.87    0.0    64    0.0055    0.352    0.0055    2    6
555    1607336546.96    1607336546.96    0.0    16    0.0429    0.6864    0.0429    2    3
556    1607336547.05    1607336547.05    0.0    16    0.8805    14.088    0.8805    2    3
557    1607336547.11    1607336547.11    0.0    4    1.1322    4.5288    1.1322    2    2
558    1607336547.32    1607336547.32    0.00100016593933    64    0.1855    11.872    0.186500165939    2    6
559    1607336547.5    1607336547.5    0.0    4    1.1322    4.5288    1.1322    2    2
560    1607336547.57    1607336547.57    0.0    4    0.0284    0.1136    0.0284    2    2
561    1607336547.58    1607336547.58    0.0    16    0.7616    12.1856    0.7616    2    5
562    1607336547.61    1607336547.61    0.0    4    0.5984    2.3936    0.5984    2    2
563    1607336547.67    1607336547.67    0.0    4    0.0526    0.2104    0.0526    2    2
564    1607336547.79    1607336547.79    0.0    4    0.0284    0.1136    0.0284    2    2
565    1607336548.35    1607336548.35    0.000999927520752    64    0.0055    0.352    0.00649992752075    2    5
566    1607336548.44    1607336548.44    0.000999927520752    64    0.0234    1.4976    0.0243999275208    2    5
567    1607336548.56    1607336548.56    0.0    4    0.6477    2.5908    0.6477    2    2
568    1607336548.57    1607336548.57    0.0    4    0.0284    0.1136    0.0284    2    2
569    1607336549.06    1607336549.06    0.0    4    0.0284    0.1136    0.0284    2    2
570    1607336549.12    1607336549.12    0.0    256    0.4221    108.0576    0.4221    3    6
571    1607336549.14    1607336549.14    0.0    16    0.0297    0.4752    0.0297    2    2
572    1607336549.31    1607336549.31    0.0    4    0.0526    0.2104    0.0526    2    2
573    1607336549.34    1607336549.34    0.0    16    0.4243    6.7888    0.4243    2    2
574    1607336549.75    1607336549.75    0.0    4    0.0059    0.0236    0.0059    2    2
575    1607336549.88    1607336549.88    0.0    64    0.1855    11.872    0.1855    2    5
576    1607336549.92    1607336549.92    0.00100016593933    256    0.0177    4.5312    0.0187001659393    3    6
577    1607336550.0    1607336550.0    0.0    16    0.4243    6.7888    0.4243    2    2
578    1607336550.04    1607336550.04    0.0    16    0.0098    0.1568    0.0098    2    2
579    1607336550.24    1607336550.24    0.0    16    0.0098    0.1568    0.0098    2    2
580    1607336550.31    1607336550.31    0.0    16    0.8805    14.088    0.8805    2    2
581    1607336550.34    1607336550.34    0.0    16    0.0098    0.1568    0.0098    2    2
582    1607336550.68    1607336550.68    0.0    16    0.0297    0.4752    0.0297    2    2
583    1607336550.69    1607336550.69    0.000999927520752    256    0.0057    1.4592    0.00669992752075    3    6
584    1607336550.74    1607336550.74    0.0    64    0.0234    1.4976    0.0234    2    6
585    1607336550.83    1607336550.83    0.0    4    1.1322    4.5288    1.1322    2    2
586    1607336550.92    1607336550.92    0.0    16    0.0429    0.6864    0.0429    2    5
587    1607336550.98    1607336550.98    0.0    256    0.0177    4.5312    0.0177    3    6
588    1607336551.0    1607336551.0    0.0    16    0.0098    0.1568    0.0098    2    5
589    1607336551.08    1607336551.08    0.000999927520752    256    0.6189    158.4384    0.619899927521    3    6
590    1607336551.21    1607336551.21    0.000999927520752    256    0.4221    108.0576    0.423099927521    3    6
591    1607336551.26    1607336551.26    0.00100016593933    16    0.4243    6.7888    0.425300165939    2    2
592    1607336551.32    1607336551.32    0.000999927520752    256    0.4221    108.0576    0.423099927521    3    6
593    1607336551.36    1607336551.36    0.0    64    0.4167    26.6688    0.4167    2    6
594    1607336551.47    1607336551.47    0.000999927520752    256    0.4221    108.0576    0.423099927521    3    6
595    1607336551.51    1607336551.51    0.000999927520752    16    0.0098    0.1568    0.0107999275208    2    5
596    1607336551.81    1607336551.81    0.00100016593933    64    0.0125    0.8    0.0135001659393    2    6
597    1607336551.82    1607336551.82    0.00100016593933    16    0.8805    14.088    0.881500165939    2    2
598    1607336551.88    1607336551.88    0.00100016593933    256    0.0177    4.5312    0.0187001659393    3    6
599    1607336552.03    1607336552.03    0.0    64    0.6779    43.3856    0.6779    2    5
600    1607336552.38    1607336552.38    0.000999927520752    256    0.7528    192.7168    0.753799927521    3    6
601    1607336552.41    1607336552.41    0.0    16    0.0429    0.6864    0.0429    2    2
602    1607336552.59    1607336552.59    0.000999927520752    64    0.0234    1.4976    0.0243999275208    2    6
603    1607336552.59    1607336552.59    0.00200009346008    4    0.0059    0.0236    0.00790009346008    2    2
604    1607336552.63    1607336552.63    0.00200009346008    16    0.0285    0.456    0.0305000934601    2    2
605    1607336552.97    1607336552.97    0.0    256    0.7528    192.7168    0.7528    3    6
606    1607336553.08    1607336553.09    0.000999927520752    64    0.9446    60.4544    0.945599927521    2    5
607    1607336553.14    1607336553.15    0.00300002098083    64    0.4167    26.6688    0.419700020981    2    6
608    1607336553.23    1607336553.23    0.00100016593933    16    0.0429    0.6864    0.0439001659393    2    2
609    1607336553.28    1607336553.28    0.0    4    0.5984    2.3936    0.5984    2    2
610    1607336553.33    1607336553.33    0.0    64    0.0125    0.8    0.0125    2    6
611    1607336553.42    1607336553.42    0.000999927520752    4    0.6477    2.5908    0.648699927521    2    2
612    1607336553.58    1607336553.58    0.0    4    1.1322    4.5288    1.1322    2    2
613    1607336553.59    1607336553.59    0.00100016593933    256    0.0057    1.4592    0.00670016593933    3    6
614    1607336553.73    1607336553.73    0.0    16    0.0098    0.1568    0.0098    2    2
615    1607336553.85    1607336553.85    0.0    16    0.0098    0.1568    0.0098    2    2
616    1607336553.97    1607336553.97    0.0    16    0.0297    0.4752    0.0297    2    2
617    1607336554.0    1607336554.0    0.0    4    0.0526    0.2104    0.0526    2    2
618    1607336554.09    1607336554.09    0.0    4    0.0284    0.1136    0.0284    2    2
619    1607336554.39    1607336554.39    0.0    4    0.5984    2.3936    0.5984    2    2
620    1607336554.48    1607336554.48    0.0    64    0.9446    60.4544    0.9446    2    6
621    1607336554.49    1607336554.49    0.0    256    0.7528    192.7168    0.7528    3    6
622    1607336554.55    1607336554.55    0.0    64    0.0234    1.4976    0.0234    2    6
623    1607336554.56    1607336554.56    0.0    4    0.0284    0.1136    0.0284    2    2
624    1607336554.61    1607336554.61    0.000999927520752    256    0.7528    192.7168    0.753799927521    3    6
625    1607336554.64    1607336554.65    0.00200009346008    256    0.6189    158.4384    0.62090009346    3    6
626    1607336554.65    1607336554.65    0.000999927520752    4    1.1322    4.5288    1.13319992752    2    2
627    1607336554.76    1607336554.76    0.00499987602234    64    0.4167    26.6688    0.421699876022    2    6
628    1607336554.8    1607336554.8    0.000999927520752    4    0.6477    2.5908    0.648699927521    2    2
629    1607336554.82    1607336554.82    0.0019998550415    16    0.7616    12.1856    0.763599855042    2    2
630    1607336554.88    1607336554.88    0.000999927520752    4    1.1322    4.5288    1.13319992752    2    2
631    1607336554.92    1607336554.92    0.00200009346008    256    0.0057    1.4592    0.00770009346008    3    6
632    1607336554.95    1607336554.95    0.000999927520752    4    0.0834    0.3336    0.0843999275208    2    2
633    1607336555.18    1607336555.18    0.000999927520752    64    0.0125    0.8    0.0134999275208    3    6
634    1607336555.48    1607336555.48    0.0    64    0.4167    26.6688    0.4167    2    5
635    1607336555.63    1607336555.63    0.0    64    0.4167    26.6688    0.4167    2    5
636    1607336556.36    1607336556.36    0.000999927520752    256    0.8    204.8    0.800999927521    3    6
637    1607336556.88    1607336556.89    0.00300002098083    256    0.6189    158.4384    0.621900020981    3    6
638    1607336557.0    1607336557.0    0.00100016593933    256    0.6189    158.4384    0.619900165939    3    6
639    1607336557.43    1607336557.43    0.0    64    0.4167    26.6688    0.4167    2    5
640    1607336557.45    1607336557.45    0.00100016593933    16    0.0098    0.1568    0.0108001659393    2    2
641    1607336557.46    1607336557.46    0.0    64    0.0055    0.352    0.0055    2    6
642    1607336557.54    1607336557.54    0.00100016593933    4    0.0834    0.3336    0.0844001659393    2    2
643    1607336557.56    1607336557.56    0.000999927520752    256    0.8    204.8    0.800999927521    3    6
644    1607336557.68    1607336557.68    0.000999927520752    256    0.6189    158.4384    0.619899927521    3    6
645    1607336557.72    1607336557.72    0.00100016593933    16    0.7616    12.1856    0.762600165939    2    2
646    1607336557.8    1607336557.8    0.0    16    0.0297    0.4752    0.0297    2    2
647    1607336557.89    1607336557.89    0.00100016593933    256    0.8    204.8    0.801000165939    3    6
648    1607336558.0    1607336558.01    0.00200009346008    64    0.4167    26.6688    0.41870009346    2    6
649    1607336558.01    1607336558.02    0.00200009346008    256    0.0177    4.5312    0.0197000934601    3    6
650    1607336558.11    1607336558.11    0.0019998550415    64    0.0125    0.8    0.0144998550415    2    6
651    1607336558.2    1607336558.2    0.000999927520752    64    0.9446    60.4544    0.945599927521    2    6
652    1607336558.25    1607336558.25    0.0019998550415    64    0.0055    0.352    0.0074998550415    2    6
653    1607336558.25    1607336558.25    0.00300002098083    16    0.0297    0.4752    0.0327000209808    2    2
654    1607336558.33    1607336558.33    0.00100016593933    4    0.0526    0.2104    0.0536001659393    2    2
655    1607336558.34    1607336558.34    0.0    4    0.0284    0.1136    0.0284    2    2
656    1607336558.39    1607336558.39    0.00100016593933    256    0.4221    108.0576    0.423100165939    3    6
657    1607336558.57    1607336558.57    0.0    64    0.9446    60.4544    0.9446    2    5
658    1607336558.63    1607336558.63    0.0    16    0.4243    6.7888    0.4243    2    2
659    1607336558.66    1607336558.66    0.000999927520752    64    0.6779    43.3856    0.678899927521    2    6
660    1607336558.83    1607336558.83    0.0    256    0.0177    4.5312    0.0177    3    6
661    1607336558.97    1607336558.97    0.0    4    0.0284    0.1136    0.0284    2    2
662    1607336558.97    1607336558.97    0.0    4    0.0059    0.0236    0.0059    2    2
663    1607336559.01    1607336559.01    0.00200009346008    256    0.8    204.8    0.80200009346    3    6
664    1607336559.08    1607336559.08    0.0    16    0.0429    0.6864    0.0429    2    2
665    1607336559.23    1607336559.23    0.000999927520752    4    0.5984    2.3936    0.599399927521    2    2
666    1607336559.52    1607336559.52    0.000999927520752    256    0.8    204.8    0.800999927521    3    6
667    1607336559.52    1607336559.52    0.00300002098083    4    0.0284    0.1136    0.0314000209808    2    2
668    1607336559.73    1607336559.73    0.000999927520752    4    0.0526    0.2104    0.0535999275208    2    2
669    1607336560.1    1607336560.1    0.000999927520752    64    0.0055    0.352    0.00649992752075    2    5
670    1607336560.43    1607336560.43    0.0    256    0.6189    158.4384    0.6189    3    6
671    1607336560.62    1607336560.62    0.0    64    0.4167    26.6688    0.4167    2    5
672    1607336560.76    1607336560.76    0.000999927520752    16    0.8805    14.088    0.881499927521    2    2
673    1607336560.83    1607336560.83    0.000999927520752    64    0.0055    0.352    0.00649992752075    2    6
674    1607336560.89    1607336560.89    0.000999927520752    256    0.0057    1.4592    0.00669992752075    3    6
675    1607336561.33    1607336561.33    0.0    256    0.0177    4.5312    0.0177    3    6
676    1607336561.34    1607336561.34    0.0    4    0.0526    0.2104    0.0526    2    2
677    1607336561.37    1607336561.37    0.0    256    0.0177    4.5312    0.0177    3    6
678    1607336561.78    1607336561.78    0.0    256    0.0057    1.4592    0.0057    3    6
679    1607336562.51    1607336562.51    0.00100016593933    64    0.9446    60.4544    0.945600165939    2    5
680    1607336562.53    1607336562.54    0.00100016593933    16    0.0429    0.6864    0.0439001659393    2    2
681    1607336562.57    1607336562.57    0.000999927520752    256    0.4221    108.0576    0.423099927521    3    6
682    1607336562.59    1607336562.59    0.000999927520752    16    0.0429    0.6864    0.0438999275208    2    2
683    1607336562.67    1607336562.67    0.000999927520752    64    0.0055    0.352    0.00649992752075    2    6
684    1607336562.94    1607336562.94    0.0    64    0.4167    26.6688    0.4167    2    6
685    1607336562.95    1607336562.95    0.0    16    0.8805    14.088    0.8805    2    2
686    1607336563.24    1607336563.24    0.000999927520752    64    0.0125    0.8    0.0134999275208    2    6
687    1607336563.25    1607336563.25    0.00100016593933    64    0.6779    43.3856    0.678900165939    2    6
688    1607336563.33    1607336563.33    0.000999927520752    4    0.0059    0.0236    0.00689992752075    2    2
689    1607336563.36    1607336563.36    0.0    4    1.1322    4.5288    1.1322    2    2
690    1607336563.54    1607336563.54    0.00100016593933    64    0.0234    1.4976    0.0244001659393    2    5
691    1607336563.6    1607336563.6    0.000999927520752    256    0.4221    108.0576    0.423099927521    3    6
692    1607336563.88    1607336563.88    0.000999927520752    256    0.7528    192.7168    0.753799927521    3    6
693    1607336564.16    1607336564.16    0.000999927520752    64    0.9446    60.4544    0.945599927521    2    5
694    1607336564.3    1607336564.3    0.0    4    0.0059    0.0236    0.0059    2    2
695    1607336564.31    1607336564.31    0.000999927520752    16    0.0285    0.456    0.0294999275208    2    2
696    1607336564.37    1607336564.37    0.0    16    0.7616    12.1856    0.7616    2    2
697    1607336564.42    1607336564.42    0.00100016593933    256    0.8    204.8    0.801000165939    3    6
698    1607336564.45    1607336564.45    0.000999927520752    16    0.7616    12.1856    0.762599927521    2    5
699    1607336564.79    1607336564.79    0.000999927520752    16    0.0285    0.456    0.0294999275208    2    3

dispatched jobs are: 700 out of 700
average queue time is: 0.11469285965
fso links are used for 0 times
overall utilization is 0.054766939127
average response time is 0.47331285965
average weighted response time is 0.688405751131
average slowdown is 1.0087546622
cpu_request: 56296, cpu_run: 56296
ssd_request: 26518, ssd_run: 0
gpu_request: 27175, gpu_run: 0
cpu aspl: 2.25428571429
cpu diameter: 3.92
job x: 0.0
job y: 0.0
job z: 0.0
