#timestep  occupied-CPU  total-CPU  utilization  queuingjobs
1    64    4096    0.015625    0
2    0    4096    0.0    1
3    0    4096    0.0    1
4    100    4096    0.0244140625    0
5    0    4096    0.0    0
6    320    4096    0.078125    1
7    64    4096    0.015625    0
8    0    4096    0.0    0
9    264    4096    0.064453125    0
10    256    4096    0.0625    0
11    64    4096    0.015625    0
12    16    4096    0.00390625    0
13    0    4096    0.0    0
14    16    4096    0.00390625    0
15    0    4096    0.0    0
16    0    4096    0.0    0
17    256    4096    0.0625    0
18    0    4096    0.0    0
19    0    4096    0.0    1
20    0    4096    0.0    0
21    16    4096    0.00390625    0
22    0    4096    0.0    0
23    272    4096    0.06640625    0
24    0    4096    0.0    0
25    16    4096    0.00390625    0
26    0    4096    0.0    0
27    0    4096    0.0    0
28    16    4096    0.00390625    0
29    4    4096    0.0009765625    0
30    0    4096    0.0    0
31    4    4096    0.0009765625    0
32    84    4096    0.0205078125    0
33    256    4096    0.0625    0
34    0    4096    0.0    0
35    0    4096    0.0    0
36    64    4096    0.015625    0
37    256    4096    0.0625    0
38    68    4096    0.0166015625    0
39    0    4096    0.0    0
40    0    4096    0.0    0
41    256    4096    0.0625    0
42    128    4096    0.03125    0
43    256    4096    0.0625    0
44    16    4096    0.00390625    0
45    0    4096    0.0    0
46    84    4096    0.0205078125    0
47    16    4096    0.00390625    0
48    148    4096    0.0361328125    0
49    0    4096    0.0    0
50    256    4096    0.0625    0
51    0    4096    0.0    0
52    0    4096    0.0    0
53    0    4096    0.0    0
54    336    4096    0.08203125    0
55    32    4096    0.0078125    0
56    16    4096    0.00390625    1
57    64    4096    0.015625    2
58    4    4096    0.0009765625    0
59    0    4096    0.0    0
60    0    4096    0.0    0
61    64    4096    0.015625    0
62    336    4096    0.08203125    0
63    512    4096    0.125    0
64    256    4096    0.0625    0
65    0    4096    0.0    0
66    0    4096    0.0    0
67    64    4096    0.015625    0
68    16    4096    0.00390625    0
69    0    4096    0.0    0
70    272    4096    0.06640625    0
71    256    4096    0.0625    0
72    320    4096    0.078125    0
73    0    4096    0.0    0
74    0    4096    0.0    0
75    0    4096    0.0    0
76    0    4096    0.0    0
77    0    4096    0.0    0
78    272    4096    0.06640625    0
79    100    4096    0.0244140625    0
80    256    4096    0.0625    0
81    0    4096    0.0    0
82    0    4096    0.0    0
83    256    4096    0.0625    0
84    0    4096    0.0    0
85    4    4096    0.0009765625    0
86    256    4096    0.0625    0
87    64    4096    0.015625    0
88    0    4096    0.0    0
89    260    4096    0.0634765625    0
90    16    4096    0.00390625    0
91    384    4096    0.09375    0
92    4    4096    0.0009765625    0
93    0    4096    0.0    1
94    4    4096    0.0009765625    0
95    0    4096    0.0    0
96    0    4096    0.0    0
97    0    4096    0.0    0
98    4    4096    0.0009765625    0
99    260    4096    0.0634765625    0
100    0    4096    0.0    0

average cpu utilization is: 0.020322265625
average ssd utilization is: 1.0
average gpu utilization is: 1.0
average utilization is: 0.673440755208
average queuing jobs are: 0.08
maximum queuing jobs are: 2


#job_number  submit  dispatch  queue  cpu#  runtime  weight  response(turnaround)  cpu_aspl  cpu_diameter
0    1607329954.62    1607330043.3    88.6870000362    64    0.1855    11.872    88.8725000362    1.0    1
1    1607330044.32    1607330044.32    0.0    4    0.0284    0.1136    0.0284    0    0
2    1607330044.48    1607330044.48    0.0    4    0.6452    2.5808    0.6452    0    0
3    1607330045.5    1607330045.56    0.0550000667572    256    0.6189    158.4384    0.673900066757    1.0    1
4    1607330045.65    1607330045.65    0.0    4    1.1283    4.5132    1.1283    0    0
5    1607330045.8    1607330045.82    0.0199999809265    256    0.7528    192.7168    0.772799980927    1    2
6    1607330045.81    1607330045.82    0.0179998874664    16    0.0429    0.6864    0.0608998874664    0    0
7    1607330045.88    1607330045.88    0.000999927520752    16    0.0098    0.1568    0.0107999275208    0    0
8    1607330045.94    1607330045.94    0.000999927520752    16    0.0297    0.4752    0.0306999275208    0    0
9    1607330046.17    1607330046.18    0.00200009346008    64    0.9446    60.4544    0.94660009346    1.0    1
10    1607330047.67    1607330047.67    0.0    4    0.5956    2.3824    0.5956    0    0
11    1607330047.93    1607330047.93    0.00100016593933    16    0.7616    12.1856    0.762600165939    0    0
12    1607330048.03    1607330048.03    0.000999927520752    64    0.9446    60.4544    0.945599927521    1.0    1
13    1607330048.44    1607330048.45    0.0139999389648    256    0.7528    192.7168    0.766799938965    1.0    1
14    1607330048.45    1607330048.46    0.010999917984    16    0.0098    0.1568    0.020799917984    0    0
15    1607330048.78    1607330048.82    0.0410001277924    256    0.6189    158.4384    0.659900127792    1.19444444444    2
16    1607330049.74    1607330049.74    0.000999927520752    64    0.1855    11.872    0.186499927521    1.0    1
17    1607330049.98    1607330049.98    0.0    16    0.7616    12.1856    0.7616    0    0
18    1607330050.3    1607330050.3    0.000999927520752    16    0.0098    0.1568    0.0107999275208    0    0
19    1607330050.3    1607330050.31    0.00100016593933    16    0.0297    0.4752    0.0307001659393    0    0
20    1607330050.33    1607330050.33    0.0    4    0.0059    0.0236    0.0059    0    0
21    1607330050.89    1607330050.89    0.00200009346008    16    0.0098    0.1568    0.0118000934601    0    0
22    1607330051.38    1607330051.38    0.0    4    0.6452    2.5808    0.6452    0    0
23    1607330051.62    1607330051.63    0.0139999389648    256    0.6189    158.4384    0.632899938965    1.0    1
24    1607330051.95    1607330051.95    0.0    4    0.0284    0.1136    0.0284    0    0
25    1607330052.3    1607330052.3    0.0    16    0.0429    0.6864    0.0429    0    0
26    1607330052.32    1607330052.32    0.0    16    0.0429    0.6864    0.0429    0    0
27    1607330052.56    1607330052.56    0.0    4    0.0832    0.3328    0.0832    0    0
28    1607330052.9    1607330052.91    0.00999999046326    256    0.4221    108.0576    0.432099990463    1.0    1
29    1607330053.8    1607330053.8    0.00100016593933    64    0.9446    60.4544    0.945600165939    1.0    1
30    1607330054.02    1607330054.02    0.0    16    0.0429    0.6864    0.0429    0    0
31    1607330054.39    1607330054.39    0.000999927520752    4    0.0284    0.1136    0.0293999275208    0    0
32    1607330055.18    1607330055.18    0.000999927520752    16    0.7616    12.1856    0.762599927521    0    0
33    1607330055.19    1607330055.19    0.0    4    0.6452    2.5808    0.6452    0    0
34    1607330055.46    1607330055.46    0.000999927520752    16    0.4243    6.7888    0.425299927521    1.0    1
35    1607330055.56    1607330055.56    0.0    16    0.4243    6.7888    0.4243    0    0
36    1607330056.04    1607330056.05    0.0100002288818    256    0.0057    1.4592    0.0157002288818    1.0    1
37    1607330056.95    1607330056.95    0.0    4    0.0832    0.3328    0.0832    0    0
38    1607330057.23    1607330057.24    0.00100016593933    16    0.4243    6.7888    0.425300165939    0    0
39    1607330057.47    1607330057.47    0.0    4    0.5956    2.3824    0.5956    0    0
40    1607330058.48    1607330058.48    0.0    4    0.6452    2.5808    0.6452    0    0
41    1607330059.17    1607330059.17    0.000999927520752    16    0.0098    0.1568    0.0107999275208    0    0
42    1607330059.4    1607330059.4    0.0    4    0.0284    0.1136    0.0284    0    0
43    1607330059.43    1607330059.43    0.00100016593933    64    0.0055    0.352    0.00650016593933    1.0    1
44    1607330060.03    1607330060.05    0.0150001049042    256    0.8    204.8    0.815000104904    1.0    1
45    1607330060.04    1607330060.05    0.0120000839233    16    0.0429    0.6864    0.0549000839233    0    0
46    1607330060.23    1607330060.23    0.0    16    0.0098    0.1568    0.0098    0    0
47    1607330060.75    1607330060.76    0.00100016593933    4    0.0059    0.0236    0.00690016593933    0    0
48    1607330060.96    1607330060.96    0.0    16    0.0297    0.4752    0.0297    0    0
49    1607330061.16    1607330061.16    0.000999927520752    16    0.0429    0.6864    0.0438999275208    0    0
50    1607330061.55    1607330061.55    0.0    16    0.0297    0.4752    0.0297    0    0
51    1607330062.74    1607330062.75    0.00300002098083    64    0.9446    60.4544    0.947600020981    1.0    1
52    1607330062.94    1607330062.94    0.000999927520752    4    0.0284    0.1136    0.0293999275208    0    0
53    1607330064.44    1607330064.44    0.0    4    0.0832    0.3328    0.0832    0    0
54    1607330064.72    1607330064.72    0.0    16    0.8805    14.088    0.8805    0    0
55    1607330065.06    1607330065.06    0.0    64    0.4167    26.6688    0.4167    1.0    1
56    1607330065.51    1607330065.51    0.000999927520752    64    0.0055    0.352    0.00649992752075    1.0    1
57    1607330065.91    1607330065.91    0.0    4    0.5956    2.3824    0.5956    0    0
58    1607330066.71    1607330066.71    0.000999927520752    64    0.0125    0.8    0.0134999275208    1.0    1
59    1607330066.78    1607330066.79    0.0120000839233    256    0.4221    108.0576    0.434100083923    1.0    1
60    1607330066.95    1607330066.95    0.0    16    0.0429    0.6864    0.0429    0    0
61    1607330067.09    1607330067.09    0.0    16    0.4243    6.7888    0.4243    0    0
62    1607330067.3    1607330067.31    0.010999917984    256    0.0177    4.5312    0.028699917984    1.0    1
63    1607330067.45    1607330067.45    0.0    4    0.0832    0.3328    0.0832    0    0
64    1607330067.63    1607330067.63    0.0    4    0.0832    0.3328    0.0832    0    0
65    1607330067.84    1607330067.84    0.0    16    0.0285    0.456    0.0285    0    0
66    1607330068.17    1607330068.17    0.00100016593933    64    0.0125    0.8    0.0135001659393    1.0    1
67    1607330068.34    1607330068.34    0.0    16    0.0098    0.1568    0.0098    0    0
68    1607330068.43    1607330068.43    0.0    16    0.7616    12.1856    0.7616    0    0
69    1607330068.46    1607330068.47    0.0119998455048    256    0.0057    1.4592    0.0176998455048    1.0    1
70    1607330068.68    1607330068.69    0.00100016593933    16    0.0429    0.6864    0.0439001659393    0    0
71    1607330069.31    1607330069.31    0.0    64    0.4167    26.6688    0.4167    1.0    1
72    1607330069.6    1607330069.6    0.00100016593933    16    0.4243    6.7888    0.425300165939    0    0
73    1607330070.04    1607330070.04    0.0    16    0.0098    0.1568    0.0098    0    0
74    1607330071.14    1607330071.15    0.0090000629425    256    0.0057    1.4592    0.0147000629425    1.0    1
75    1607330071.38    1607330071.38    0.0    4    0.5956    2.3824    0.5956    0    0
76    1607330071.52    1607330071.53    0.0120000839233    256    0.7528    192.7168    0.764800083923    1.0    1
77    1607330071.99    1607330071.99    0.00100016593933    16    0.8805    14.088    0.881500165939    1.0    1
78    1607330072.72    1607330072.72    0.000999927520752    16    0.0098    0.1568    0.0107999275208    0    0
79    1607330073.21    1607330073.21    0.0    16    0.0297    0.4752    0.0297    0    0
80    1607330073.3    1607330073.3    0.0    4    0.6452    2.5808    0.6452    0    0
81    1607330073.76    1607330073.77    0.0110001564026    256    0.4221    108.0576    0.433100156403    1.0    1
82    1607330073.83    1607330073.83    0.000999927520752    16    0.0429    0.6864    0.0438999275208    0    0
83    1607330074.01    1607330074.02    0.0159997940063    256    0.0057    1.4592    0.0216997940063    1.19444444444    2
84    1607330074.3    1607330074.3    0.000999927520752    64    0.0234    1.4976    0.0243999275208    1.0    1
85    1607330074.8    1607330074.8    0.0    4    0.0832    0.3328    0.0832    0    0
86    1607330074.97    1607330074.97    0.0    4    1.1283    4.5132    1.1283    0    0
87    1607330075.2    1607330075.2    0.000999927520752    16    0.0285    0.456    0.0294999275208    0    0
88    1607330075.94    1607330075.94    0.0    16    0.0098    0.1568    0.0098    0    0
89    1607330076.05    1607330076.05    0.0    16    0.4243    6.7888    0.4243    0    0
90    1607330076.09    1607330076.09    0.0    4    0.0522    0.2088    0.0522    0    0
91    1607330076.12    1607330076.12    0.0    4    0.0522    0.2088    0.0522    0    0
92    1607330076.25    1607330076.25    0.0    4    0.5956    2.3824    0.5956    0    0
93    1607330076.49    1607330076.49    0.000999927520752    16    0.7616    12.1856    0.762599927521    0    0
94    1607330076.58    1607330076.58    0.00100016593933    64    0.9446    60.4544    0.945600165939    1.0    1
95    1607330076.59    1607330076.59    0.000999927520752    64    0.0234    1.4976    0.0243999275208    1.0    1
96    1607330076.72    1607330076.72    0.0    4    0.0522    0.2088    0.0522    0    0
97    1607330077.29    1607330077.3    0.010999917984    256    0.6189    158.4384    0.629899917984    1.0    1
98    1607330077.42    1607330077.42    0.000999927520752    16    0.0429    0.6864    0.0438999275208    0    0
99    1607330077.8    1607330077.83    0.0220000743866    256    0.4221    108.0576    0.444100074387    1.19444444444    2
100    1607330077.82    1607330077.83    0.0090000629425    16    0.0098    0.1568    0.0188000629425    0    0
101    1607330078.21    1607330078.21    0.0    16    0.0297    0.4752    0.0297    0    0
102    1607330079.56    1607330079.56    0.0    64    0.0125    0.8    0.0125    1.0    1
103    1607330080.48    1607330080.48    0.0    16    0.0098    0.1568    0.0098    0    0
104    1607330080.83    1607330080.83    0.0    64    0.1855    11.872    0.1855    1.0    1
105    1607330080.95    1607330080.95    0.00500011444092    64    0.0125    0.8    0.0175001144409    1.0    1
106    1607330081.23    1607330081.23    0.0    4    0.0832    0.3328    0.0832    0    0
107    1607330081.34    1607330081.35    0.00999999046326    256    0.6189    158.4384    0.628899990463    1.0    1
108    1607330081.53    1607330081.54    0.0149998664856    256    0.6189    158.4384    0.633899866486    1    2
109    1607330082.51    1607330082.51    0.0    4    0.5956    2.3824    0.5956    0    0
110    1607330083.06    1607330083.06    0.000999927520752    64    0.0234    1.4976    0.0243999275208    1.0    1
111    1607330084.16    1607330084.21    0.0500001907349    256    0.6189    158.4384    0.668900190735    1.0    1
112    1607330084.71    1607330084.71    0.000999927520752    4    0.0284    0.1136    0.0293999275208    0    0
113    1607330084.91    1607330084.92    0.0090000629425    256    0.0057    1.4592    0.0147000629425    1.0    1
114    1607330085.12    1607330085.12    0.0    16    0.0429    0.6864    0.0429    0    0
115    1607330086.04    1607330086.05    0.0090000629425    256    0.8    204.8    0.809000062943    1.0    1
116    1607330086.09    1607330086.09    0.0    16    0.0429    0.6864    0.0429    0    0
117    1607330086.42    1607330086.42    0.00100016593933    64    0.1855    11.872    0.186500165939    1.0    1
118    1607330086.44    1607330086.46    0.0160000324249    256    0.0057    1.4592    0.0217000324249    1    2
119    1607330086.9    1607330086.91    0.000999927520752    64    0.9446    60.4544    0.945599927521    1.0    1
120    1607330087.07    1607330087.07    0.000999927520752    64    0.4167    26.6688    0.417699927521    1.0    1
121    1607330087.21    1607330087.21    0.00100016593933    4    0.0284    0.1136    0.0294001659393    0    0
122    1607330087.83    1607330087.83    0.0    16    0.0098    0.1568    0.0098    0    0
123    1607330088.07    1607330088.08    0.00999999046326    256    0.7528    192.7168    0.762799990463    1.0    1
124    1607330088.12    1607330088.12    0.000999927520752    4    0.0284    0.1136    0.0293999275208    0    0
125    1607330088.6    1607330088.6    0.00100016593933    64    0.4167    26.6688    0.417700165939    1.0    1
126    1607330089.1    1607330089.1    0.000999927520752    16    0.4243    6.7888    0.425299927521    0    0
127    1607330089.17    1607330089.17    0.000999927520752    64    0.0125    0.8    0.0134999275208    1.0    1
128    1607330089.59    1607330089.6    0.00999999046326    256    0.7528    192.7168    0.762799990463    1.0    1
129    1607330089.92    1607330089.92    0.00100016593933    4    0.0284    0.1136    0.0294001659393    0    0
130    1607330091.17    1607330091.17    0.0    64    0.9446    60.4544    0.9446    1.0    1
131    1607330091.34    1607330091.34    0.0    4    0.6452    2.5808    0.6452    0    0
132    1607330091.62    1607330091.62    0.0    16    0.4243    6.7888    0.4243    0    0
133    1607330092.0    1607330092.01    0.0120000839233    256    0.0177    4.5312    0.0297000839233    1.0    1
134    1607330092.2    1607330092.2    0.0    16    0.4243    6.7888    0.4243    0    0
135    1607330092.43    1607330092.44    0.00100016593933    16    0.8805    14.088    0.881500165939    0    0
136    1607330092.59    1607330092.59    0.000999927520752    4    0.0522    0.2088    0.0531999275208    0    0
137    1607330093.18    1607330093.18    0.000999927520752    64    0.9446    60.4544    0.945599927521    1.0    1
138    1607330093.19    1607330093.19    0.0    16    0.0285    0.456    0.0285    0    0
139    1607330093.34    1607330093.34    0.0    4    0.0832    0.3328    0.0832    0    0
140    1607330093.36    1607330093.36    0.0    4    0.5956    2.3824    0.5956    0    0
141    1607330093.58    1607330093.58    0.00100016593933    16    0.7616    12.1856    0.762600165939    1.0    1
142    1607330093.63    1607330093.63    0.000999927520752    64    0.9446    60.4544    0.945599927521    1.0    1
143    1607330093.66    1607330093.66    0.0    4    0.0832    0.3328    0.0832    0    0
144    1607330093.66    1607330093.66    0.0    16    0.0098    0.1568    0.0098    1.0    1
145    1607330093.68    1607330093.68    0.000999927520752    64    0.0055    0.352    0.00649992752075    1.0    1
146    1607330094.26    1607330094.28    0.0130000114441    256    0.0177    4.5312    0.0307000114441    1.0    1
147    1607330094.92    1607330094.92    0.000999927520752    16    0.0285    0.456    0.0294999275208    0    0
148    1607330095.33    1607330095.34    0.00999999046326    256    0.0177    4.5312    0.0276999904633    1.0    1
149    1607330095.63    1607330095.64    0.0090000629425    256    0.7528    192.7168    0.761800062943    1.0    1
150    1607330096.32    1607330096.32    0.000999927520752    64    0.0125    0.8    0.0134999275208    1.0    1
151    1607330096.99    1607330096.99    0.000999927520752    64    0.0125    0.8    0.0134999275208    1.0    1
152    1607330098.05    1607330098.05    0.0    64    0.0125    0.8    0.0125    1.0    1
153    1607330098.32    1607330098.32    0.0    4    0.0522    0.2088    0.0522    0    0
154    1607330098.36    1607330098.36    0.000999927520752    4    0.0284    0.1136    0.0293999275208    0    0
155    1607330098.45    1607330098.46    0.00100016593933    64    0.4167    26.6688    0.417700165939    1.0    1
156    1607330099.08    1607330099.08    0.000999927520752    64    0.0125    0.8    0.0134999275208    1.0    1
157    1607330100.03    1607330100.03    0.000999927520752    16    0.8805    14.088    0.881499927521    0    0
158    1607330100.09    1607330100.09    0.00100016593933    64    0.1855    11.872    0.186500165939    1.0    1
159    1607330100.2    1607330100.22    0.0189998149872    256    0.4221    108.0576    0.441099814987    1.0    1
160    1607330100.41    1607330100.41    0.0    4    0.6452    2.5808    0.6452    0    0
161    1607330100.55    1607330100.56    0.00100016593933    4    0.5956    2.3824    0.596600165939    0    0
162    1607330101.06    1607330101.06    0.0    16    0.8805    14.088    0.8805    0    0
163    1607330101.2    1607330101.2    0.000999927520752    16    0.7616    12.1856    0.762599927521    0    0
164    1607330102.33    1607330102.33    0.00100016593933    16    0.8805    14.088    0.881500165939    0    0
165    1607330102.45    1607330102.45    0.00100016593933    64    0.6779    43.3856    0.678900165939    1.0    1
166    1607330103.26    1607330103.26    0.0    64    0.6779    43.3856    0.6779    1.0    1
167    1607330103.31    1607330103.31    0.000999927520752    64    0.0055    0.352    0.00649992752075    1.0    1
168    1607330103.5    1607330103.53    0.0309998989105    256    0.8    204.8    0.830999898911    1.0    1
169    1607330103.52    1607330103.54    0.0150001049042    16    0.4243    6.7888    0.439300104904    0    0
170    1607330103.9    1607330103.9    0.0019998550415    64    0.0234    1.4976    0.0253998550415    1.0    1
171    1607330103.96    1607330103.96    0.0    16    0.4243    6.7888    0.4243    0    0
172    1607330104.13    1607330104.13    0.0    4    1.1283    4.5132    1.1283    0    0
173    1607330104.31    1607330104.33    0.0199999809265    256    0.0177    4.5312    0.0376999809265    1.19444444444    2
174    1607330105.11    1607330105.11    0.00200009346008    64    0.1855    11.872    0.18750009346    1.0    1
175    1607330105.7    1607330105.7    0.0    4    0.6452    2.5808    0.6452    0    0
176    1607330105.79    1607330105.79    0.0    16    0.0297    0.4752    0.0297    0    0
177    1607330105.84    1607330105.84    0.000999927520752    16    0.0285    0.456    0.0294999275208    0    0
178    1607330106.1    1607330106.12    0.0139999389648    256    0.0177    4.5312    0.0316999389648    1.0    1
179    1607330106.11    1607330106.15    0.0400002002716    256    0.0177    4.5312    0.0577002002716    1    2
180    1607330106.73    1607330106.73    0.00300002098083    64    0.0125    0.8    0.0155000209808    1.0    1
181    1607330107.06    1607330107.06    0.0    4    0.5956    2.3824    0.5956    0    0
182    1607330107.38    1607330107.38    0.0    64    0.6779    43.3856    0.6779    1.0    1
183    1607330107.91    1607330107.91    0.0    4    0.5956    2.3824    0.5956    0    0
184    1607330108.06    1607330108.06    0.0    16    0.7616    12.1856    0.7616    0    0
185    1607330108.17    1607330108.17    0.0    64    0.9446    60.4544    0.9446    1.0    1
186    1607330108.73    1607330108.74    0.010999917984    256    0.4221    108.0576    0.433099917984    1.0    1
187    1607330109.09    1607330109.1    0.00399994850159    64    0.6779    43.3856    0.681899948502    1.0    1
188    1607330109.52    1607330109.53    0.0120000839233    256    0.7528    192.7168    0.764800083923    1.0    1
189    1607330109.54    1607330109.56    0.0190000534058    256    0.6189    158.4384    0.637900053406    1    2
190    1607330109.56    1607330109.57    0.00100016593933    16    0.0098    0.1568    0.0108001659393    0    0
191    1607330109.65    1607330109.65    0.000999927520752    64    0.0055    0.352    0.00649992752075    1.0    1
192    1607330110.0    1607330110.0    0.00300002098083    64    0.0125    0.8    0.0155000209808    1.0    1
193    1607330110.05    1607330110.06    0.00400018692017    64    0.6779    43.3856    0.68190018692    1.0    1
194    1607330110.13    1607330110.13    0.0019998550415    64    0.1855    11.872    0.187499855042    1.0    1
195    1607330110.17    1607330110.17    0.00200009346008    16    0.4243    6.7888    0.42630009346    0    0
196    1607330110.52    1607330110.52    0.000999927520752    64    0.0234    1.4976    0.0243999275208    1.0    1
197    1607330110.68    1607330110.69    0.0119998455048    256    0.4221    108.0576    0.434099845505    1.0    1
198    1607330111.14    1607330111.14    0.0    16    0.0285    0.456    0.0285    0    0
199    1607330111.21    1607330111.22    0.0110001564026    256    0.8    204.8    0.811000156403    1.0    1
200    1607330111.29    1607330111.29    0.00100016593933    16    0.0098    0.1568    0.0108001659393    0    0
201    1607330111.81    1607330111.82    0.0139999389648    256    0.0057    1.4592    0.0196999389648    1    2
202    1607330112.07    1607330112.07    0.00200009346008    64    0.9446    60.4544    0.94660009346    1.0    1
203    1607330112.89    1607330112.89    0.000999927520752    64    0.0055    0.352    0.00649992752075    1.0    1
204    1607330113.15    1607330113.15    0.0    4    0.0059    0.0236    0.0059    0    0
205    1607330113.16    1607330113.16    0.0    4    0.0832    0.3328    0.0832    0    0
206    1607330113.57    1607330113.57    0.0    4    0.0522    0.2088    0.0522    0    0
207    1607330114.05    1607330114.05    0.0    64    0.6779    43.3856    0.6779    1.0    1
208    1607330114.29    1607330114.31    0.0139999389648    256    0.4221    108.0576    0.436099938965    1.0    1
209    1607330114.62    1607330114.62    0.000999927520752    64    0.1855    11.872    0.186499927521    1.0    1
210    1607330114.67    1607330114.67    0.0    4    0.0284    0.1136    0.0284    0    0
211    1607330114.84    1607330114.84    0.0    16    0.8805    14.088    0.8805    0    0
212    1607330115.08    1607330115.08    0.0    16    0.0098    0.1568    0.0098    0    0
213    1607330115.09    1607330115.09    0.0    4    0.0284    0.1136    0.0284    0    0
214    1607330115.18    1607330115.18    0.000999927520752    4    0.0059    0.0236    0.00689992752075    0    0
215    1607330115.23    1607330115.24    0.0130000114441    256    0.0177    4.5312    0.0307000114441    1.0    1
216    1607330116.7    1607330116.71    0.00999999046326    256    0.6189    158.4384    0.628899990463    1.0    1
217    1607330116.93    1607330116.94    0.0169999599457    256    0.7528    192.7168    0.769799959946    1    2
218    1607330117.22    1607330117.22    0.00100016593933    4    0.0522    0.2088    0.0532001659393    0    0
219    1607330117.4    1607330117.4    0.0    16    0.7616    12.1856    0.7616    0    0
220    1607330117.57    1607330117.57    0.000999927520752    16    0.4243    6.7888    0.425299927521    0    0
221    1607330118.32    1607330118.33    0.00999999046326    256    0.0177    4.5312    0.0276999904633    1.0    1
222    1607330118.46    1607330118.47    0.00999999046326    256    0.6189    158.4384    0.628899990463    1.0    1
223    1607330118.62    1607330118.62    0.000999927520752    16    0.0098    0.1568    0.0107999275208    0    0
224    1607330118.63    1607330118.63    0.00200009346008    64    0.0055    0.352    0.00750009346008    1.0    1
225    1607330119.1    1607330119.11    0.00300002098083    64    0.0234    1.4976    0.0264000209808    1.0    1
226    1607330119.16    1607330119.17    0.00999999046326    256    0.4221    108.0576    0.432099990463    1.0    1
227    1607330119.38    1607330119.38    0.000999927520752    64    0.9446    60.4544    0.945599927521    1.0    1
228    1607330119.75    1607330119.75    0.0    4    0.6452    2.5808    0.6452    0    0
229    1607330119.88    1607330119.88    0.0    4    0.0284    0.1136    0.0284    0    0
230    1607330120.27    1607330120.27    0.0    4    0.0284    0.1136    0.0284    0    0
231    1607330120.34    1607330120.34    0.0    16    0.0297    0.4752    0.0297    0    0
232    1607330121.18    1607330121.18    0.0    4    0.0832    0.3328    0.0832    0    0
233    1607330122.1    1607330122.1    0.0    4    0.0832    0.3328    0.0832    0    0
234    1607330122.9    1607330122.9    0.000999927520752    16    0.0429    0.6864    0.0438999275208    0    0
235    1607330123.15    1607330123.15    0.00100016593933    16    0.0297    0.4752    0.0307001659393    0    0
236    1607330124.47    1607330124.48    0.010999917984    256    0.0057    1.4592    0.016699917984    1.0    1
237    1607330125.2    1607330125.21    0.0100002288818    256    0.7528    192.7168    0.762800228882    1.0    1
238    1607330125.3    1607330125.3    0.000999927520752    16    0.8805    14.088    0.881499927521    0    0
239    1607330125.99    1607330126.0    0.0090000629425    256    0.8    204.8    0.809000062943    1.0    1
240    1607330126.05    1607330126.05    0.00300002098083    4    0.0284    0.1136    0.0314000209808    0    0
241    1607330126.31    1607330126.33    0.0150001049042    256    0.7528    192.7168    0.767800104904    1    2
242    1607330126.45    1607330126.45    0.000999927520752    4    0.0059    0.0236    0.00689992752075    0    0
243    1607330126.5    1607330126.5    0.00200009346008    16    0.0429    0.6864    0.0449000934601    0    0
244    1607330126.59    1607330126.59    0.000999927520752    4    1.1283    4.5132    1.12929992752    0    0
245    1607330126.69    1607330126.69    0.00299978256226    64    0.0055    0.352    0.00849978256226    1.0    1
246    1607330126.87    1607330126.87    0.0    64    0.6779    43.3856    0.6779    1.0    1
247    1607330127.47    1607330127.47    0.0    64    0.0125    0.8    0.0125    1.0    1
248    1607330128.15    1607330128.16    0.0090000629425    256    0.7528    192.7168    0.761800062943    1.0    1
249    1607330128.22    1607330128.22    0.00399994850159    4    0.0059    0.0236    0.00989994850159    0    0
250    1607330128.29    1607330128.31    0.0160000324249    256    0.7528    192.7168    0.768800032425    1    2
251    1607330128.89    1607330128.89    0.000999927520752    64    0.1855    11.872    0.186499927521    1.0    1
252    1607330129.4    1607330129.4    0.0    4    0.0059    0.0236    0.0059    0    0
253    1607330129.54    1607330129.55    0.010999917984    256    0.6189    158.4384    0.629899917984    1.0    1
254    1607330129.55    1607330129.55    0.00600004196167    64    0.1855    11.872    0.191500041962    1.0    1
255    1607330130.27    1607330130.27    0.0    4    0.0284    0.1136    0.0284    0    0
256    1607330130.52    1607330130.52    0.0    16    0.0297    0.4752    0.0297    0    0
257    1607330131.15    1607330131.15    0.0    16    0.0285    0.456    0.0285    0    0
258    1607330131.35    1607330131.36    0.00799989700317    256    0.7528    192.7168    0.760799897003    1.0    1
259    1607330131.52    1607330131.52    0.0019998550415    64    0.9446    60.4544    0.946599855042    1.0    1
260    1607330132.22    1607330132.22    0.0    16    0.0429    0.6864    0.0429    0    0
261    1607330132.65    1607330132.65    0.000999927520752    16    0.0098    0.1568    0.0107999275208    0    0
262    1607330132.97    1607330132.97    0.000999927520752    64    0.0125    0.8    0.0134999275208    1.0    1
263    1607330133.39    1607330133.39    0.0    4    1.1283    4.5132    1.1283    0    0
264    1607330134.26    1607330134.27    0.0119998455048    256    0.8    204.8    0.811999845505    1.0    1
265    1607330134.35    1607330134.37    0.0199999809265    256    0.0057    1.4592    0.0256999809265    1    2
266    1607330134.6    1607330134.63    0.0329999923706    256    0.7528    192.7168    0.785799992371    1.19444444444    2
267    1607330134.88    1607330134.88    0.000999927520752    16    0.0429    0.6864    0.0438999275208    0    0
268    1607330135.52    1607330135.52    0.000999927520752    64    0.4167    26.6688    0.417699927521    1.0    1
269    1607330137.12    1607330137.12    0.0    64    0.1855    11.872    0.1855    1.0    1
270    1607330137.36    1607330137.36    0.0    4    1.1283    4.5132    1.1283    0    0
271    1607330137.82    1607330137.83    0.0120000839233    256    0.8    204.8    0.812000083923    1.0    1
272    1607330138.28    1607330138.28    0.00100016593933    16    0.7616    12.1856    0.762600165939    0    0
273    1607330139.35    1607330139.35    0.0    4    0.0059    0.0236    0.0059    0    0
274    1607330139.37    1607330139.37    0.000999927520752    64    0.6779    43.3856    0.678899927521    1.0    1
275    1607330139.54    1607330139.55    0.0110001564026    256    0.6189    158.4384    0.629900156403    1.0    1
276    1607330139.71    1607330139.71    0.000999927520752    16    0.0285    0.456    0.0294999275208    0    0
277    1607330139.86    1607330139.86    0.000999927520752    64    0.6779    43.3856    0.678899927521    1.0    1
278    1607330140.06    1607330140.06    0.0    4    0.0284    0.1136    0.0284    0    0
279    1607330140.6    1607330140.6    0.000999927520752    16    0.0297    0.4752    0.0306999275208    0    0
280    1607330140.78    1607330140.78    0.0    4    1.1283    4.5132    1.1283    0    0
281    1607330141.65    1607330141.66    0.000999927520752    16    0.0297    0.4752    0.0306999275208    0    0
282    1607330142.2    1607330142.22    0.0209999084473    256    0.8    204.8    0.820999908447    1.0    1
283    1607330142.45    1607330142.47    0.0210001468658    256    0.0177    4.5312    0.0387001468658    1    2
284    1607330142.9    1607330142.9    0.000999927520752    4    1.1283    4.5132    1.12929992752    0    0
285    1607330143.28    1607330143.28    0.0019998550415    64    0.6779    43.3856    0.679899855042    1.0    1
286    1607330143.34    1607330143.34    0.00100016593933    16    0.0429    0.6864    0.0439001659393    0    0
287    1607330143.53    1607330143.53    0.000999927520752    16    0.0285    0.456    0.0294999275208    0    0
288    1607330143.59    1607330143.59    0.000999927520752    64    0.1855    11.872    0.186499927521    1.0    1
289    1607330144.69    1607330144.69    0.0    4    0.0059    0.0236    0.0059    0    0
290    1607330144.8    1607330144.8    0.0    4    0.0522    0.2088    0.0522    0    0
291    1607330145.44    1607330145.44    0.0    4    0.5956    2.3824    0.5956    0    0
292    1607330145.69    1607330145.7    0.00100016593933    16    0.0297    0.4752    0.0307001659393    0    0
293    1607330145.77    1607330145.79    0.0130000114441    256    0.4221    108.0576    0.435100011444    1.0    1
294    1607330146.23    1607330146.23    0.00100016593933    64    0.1855    11.872    0.186500165939    1.0    1
295    1607330147.47    1607330147.47    0.000999927520752    4    1.1283    4.5132    1.12929992752    0    0
296    1607330147.62    1607330147.63    0.0120000839233    256    0.8    204.8    0.812000083923    1.0    1
297    1607330147.66    1607330147.66    0.0    16    0.8805    14.088    0.8805    0    0
298    1607330148.37    1607330148.38    0.0169999599457    256    0.6189    158.4384    0.635899959946    1    2
299    1607330149.06    1607330149.06    0.000999927520752    64    0.4167    26.6688    0.417699927521    1.0    1

dispatched jobs are: 300 out of 300
average queue time is: 0.299760003885
fso links are used for 0 times
overall utilization is 0.0222381916297
average response time is 0.639919337218
average weighted response time is 0.805387798986
average slowdown is 1.17589730829
cpu_request: 22860, cpu_run: 22860
ssd_request: 11643, ssd_run: 0
gpu_request: 12015, gpu_run: 0
cpu aspl: 1.00699440448
cpu diameter: 1.12230215827
job x: 0.0
job y: 0.0
job z: 0.0
