#timestep  occupied-CPU  total-CPU  utilization  queuingjobs
1    64    4096    0.015625    0
2    0    4096    0.0    0
3    4    4096    0.0009765625    0
4    0    4096    0.0    0
5    16    4096    0.00390625    0
6    0    4096    0.0    0
7    0    4096    0.0    0
8    0    4096    0.0    0
9    0    4096    0.0    0
10    0    4096    0.0    0
11    0    4096    0.0    0
12    84    4096    0.0205078125    0
13    336    4096    0.08203125    0
14    0    4096    0.0    0
15    264    4096    0.064453125    0
16    0    4096    0.0    0
17    16    4096    0.00390625    0
18    352    4096    0.0859375    0
19    68    4096    0.0166015625    0
20    4    4096    0.0009765625    0
21    16    4096    0.00390625    0
22    64    4096    0.015625    0
23    0    4096    0.0    0
24    256    4096    0.0625    0
25    16    4096    0.00390625    0
26    0    4096    0.0    0
27    16    4096    0.00390625    0
28    4    4096    0.0009765625    0
29    0    4096    0.0    1
30    512    4096    0.125    0
31    272    4096    0.06640625    0
32    0    4096    0.0    0
33    0    4096    0.0    0
34    8    4096    0.001953125    0
35    256    4096    0.0625    0
36    0    4096    0.0    0
37    0    4096    0.0    0
38    0    4096    0.0    0
39    260    4096    0.0634765625    0
40    260    4096    0.0634765625    0
41    20    4096    0.0048828125    0
42    256    4096    0.0625    0
43    0    4096    0.0    0
44    0    4096    0.0    0
45    0    4096    0.0    0
46    280    4096    0.068359375    0
47    0    4096    0.0    0
48    0    4096    0.0    0
49    0    4096    0.0    0
50    0    4096    0.0    0
51    256    4096    0.0625    0
52    256    4096    0.0625    0
53    0    4096    0.0    0
54    0    4096    0.0    0
55    276    4096    0.0673828125    0
56    0    4096    0.0    0
57    64    4096    0.015625    0
58    0    4096    0.0    0
59    0    4096    0.0    0
60    0    4096    0.0    0
61    276    4096    0.0673828125    0
62    0    4096    0.0    0
63    64    4096    0.015625    0
64    0    4096    0.0    0
65    0    4096    0.0    0
66    0    4096    0.0    0
67    0    4096    0.0    0
68    264    4096    0.064453125    0
69    4    4096    0.0009765625    0
70    20    4096    0.0048828125    0
71    0    4096    0.0    0
72    256    4096    0.0625    0
73    4    4096    0.0009765625    0
74    64    4096    0.015625    0
75    0    4096    0.0    0
76    272    4096    0.06640625    0
77    0    4096    0.0    0
78    16    4096    0.00390625    0
79    4    4096    0.0009765625    0
80    80    4096    0.01953125    0
81    256    4096    0.0625    0
82    256    4096    0.0625    0
83    0    4096    0.0    0

average cpu utilization is: 0.0188017695783
average ssd utilization is: 1.0
average gpu utilization is: 1.0
average utilization is: 0.672933923193
average queuing jobs are: 0.0120481927711
maximum queuing jobs are: 1


#job_number  submit  dispatch  queue  cpu#  runtime  weight  response(turnaround)  cpu_aspl  cpu_diameter
0    1607328209.59    1607328291.86    82.2690000534    64    0.0125    0.8    82.2815000534    1.0    1
1    1607328292.28    1607328292.28    0.0    64    0.0125    0.8    0.0125    1.0    1
2    1607328292.49    1607328292.49    0.0    16    0.0285    0.456    0.0285    0    0
3    1607328293.24    1607328293.25    0.00399994850159    256    0.7528    192.7168    0.756799948502    1.0    1
4    1607328293.85    1607328293.85    0.00200009346008    4    0.5956    2.3824    0.59760009346    0    0
5    1607328293.92    1607328293.92    0.0019998550415    64    0.0234    1.4976    0.0253998550415    1.0    1
6    1607328294.52    1607328294.52    0.00100016593933    64    0.1855    11.872    0.186500165939    1.0    1
7    1607328295.19    1607328295.2    0.0159997940063    256    0.6189    158.4384    0.634899794006    1.0    1
8    1607328295.39    1607328295.39    0.00100016593933    16    0.8805    14.088    0.881500165939    0    0
9    1607328295.8    1607328295.8    0.000999927520752    64    0.0125    0.8    0.0134999275208    1.0    1
10    1607328296.23    1607328296.26    0.0339999198914    256    0.4221    108.0576    0.456099919891    1.0    1
11    1607328296.72    1607328296.72    0.0    4    0.0832    0.3328    0.0832    0    0
12    1607328297.08    1607328297.08    0.0    16    0.0098    0.1568    0.0098    0    0
13    1607328299.07    1607328299.07    0.0    4    0.0284    0.1136    0.0284    0    0
14    1607328299.42    1607328299.42    0.0    64    0.0125    0.8    0.0125    1.0    1
15    1607328299.91    1607328299.91    0.00300002098083    256    0.4221    108.0576    0.425100020981    1.0    1
16    1607328300.38    1607328300.39    0.00300002098083    256    0.0057    1.4592    0.00870002098083    1.0    1
17    1607328300.77    1607328300.77    0.0    4    0.0832    0.3328    0.0832    0    0
18    1607328302.01    1607328302.01    0.0    64    0.4167    26.6688    0.4167    1.0    1
19    1607328302.34    1607328302.34    0.000999927520752    64    0.0055    0.352    0.00649992752075    1.0    1
20    1607328303.5    1607328303.5    0.0    16    0.7616    12.1856    0.7616    0    0
21    1607328303.68    1607328303.68    0.0    4    1.1283    4.5132    1.1283    0    0
22    1607328303.77    1607328303.78    0.00300002098083    64    0.1855    11.872    0.188500020981    1.0    1
23    1607328304.07    1607328304.07    0.00100016593933    16    0.0285    0.456    0.0295001659393    1.0    1
24    1607328304.47    1607328304.47    0.0    16    0.8805    14.088    0.8805    0    0
25    1607328304.57    1607328304.57    0.000999927520752    64    0.4167    26.6688    0.417699927521    1.0    1
26    1607328304.84    1607328304.84    0.00300002098083    256    0.0177    4.5312    0.0207000209808    1.0    1
27    1607328305.4    1607328305.4    0.0    16    0.0429    0.6864    0.0429    0    0
28    1607328305.99    1607328305.99    0.000999927520752    4    0.0522    0.2088    0.0531999275208    0    0
29    1607328306.05    1607328306.05    0.0    64    0.0125    0.8    0.0125    1.0    1
30    1607328306.39    1607328306.39    0.00300002098083    256    0.7528    192.7168    0.755800020981    1.0    1
31    1607328306.4    1607328306.4    0.00100016593933    4    1.1283    4.5132    1.12930016594    0    0
32    1607328307.0    1607328307.0    0.000999927520752    4    0.0284    0.1136    0.0293999275208    0    0
33    1607328308.54    1607328308.54    0.0    64    0.0234    1.4976    0.0234    1.0    1
34    1607328308.54    1607328308.54    0.00200009346008    64    0.1855    11.872    0.18750009346    1.0    1
35    1607328308.66    1607328308.66    0.0    16    0.8805    14.088    0.8805    0    0
36    1607328308.89    1607328308.89    0.0    16    0.0429    0.6864    0.0429    0    0
37    1607328309.69    1607328309.69    0.000999927520752    16    0.0429    0.6864    0.0438999275208    0    0
38    1607328309.71    1607328309.71    0.0    4    0.0059    0.0236    0.0059    0    0
39    1607328309.99    1607328309.99    0.00300002098083    256    0.7528    192.7168    0.755800020981    1.0    1
40    1607328310.07    1607328310.07    0.000999927520752    64    0.9446    60.4544    0.945599927521    1.0    1
41    1607328310.22    1607328310.23    0.00699996948242    64    0.0234    1.4976    0.0303999694824    1.0    1
42    1607328310.28    1607328310.28    0.00699996948242    64    0.0055    0.352    0.0124999694824    1.0    1
43    1607328310.48    1607328310.49    0.00500011444092    256    0.6189    158.4384    0.623900114441    1.0    1
44    1607328310.97    1607328310.97    0.00399994850159    256    0.0177    4.5312    0.0216999485016    1.0    1
45    1607328311.18    1607328311.18    0.0    4    1.1283    4.5132    1.1283    0    0
46    1607328311.22    1607328311.22    0.00100016593933    64    0.6779    43.3856    0.678900165939    1.0    1
47    1607328311.81    1607328311.81    0.0    4    0.0284    0.1136    0.0284    0    0
48    1607328312.09    1607328312.09    0.0    4    1.1283    4.5132    1.1283    0    0
49    1607328312.12    1607328312.12    0.000999927520752    64    0.1855    11.872    0.186499927521    1.0    1
50    1607328312.82    1607328312.82    0.0    4    0.0522    0.2088    0.0522    0    0
51    1607328313.16    1607328313.16    0.00100016593933    64    0.0234    1.4976    0.0244001659393    1.0    1
52    1607328313.41    1607328313.41    0.000999927520752    16    0.4243    6.7888    0.425299927521    0    0
53    1607328313.68    1607328313.68    0.0    4    0.0059    0.0236    0.0059    0    0
54    1607328313.74    1607328313.74    0.000999927520752    64    0.9446    60.4544    0.945599927521    1.0    1
55    1607328314.53    1607328314.55    0.0169999599457    256    0.4221    108.0576    0.439099959946    1.0    1
56    1607328315.21    1607328315.21    0.0    64    0.0055    0.352    0.0055    1.0    1
57    1607328316.24    1607328316.25    0.00200009346008    256    0.4221    108.0576    0.42410009346    1.0    1
58    1607328316.42    1607328316.42    0.000999927520752    4    0.0832    0.3328    0.0841999275208    0    0
59    1607328316.85    1607328316.85    0.0    4    0.0284    0.1136    0.0284    0    0
60    1607328316.9    1607328316.9    0.00200009346008    64    0.4167    26.6688    0.41870009346    1.0    1
61    1607328317.57    1607328317.57    0.0    16    0.4243    6.7888    0.4243    0    0
62    1607328318.02    1607328318.03    0.00100016593933    16    0.0098    0.1568    0.0108001659393    0    0
63    1607328319.54    1607328319.54    0.0    16    0.8805    14.088    0.8805    0    0
64    1607328319.99    1607328319.99    0.000999927520752    4    0.0522    0.2088    0.0531999275208    0    0
65    1607328320.21    1607328320.21    0.000999927520752    64    0.0125    0.8    0.0134999275208    1.0    1
66    1607328320.51    1607328320.51    0.0    4    0.5956    2.3824    0.5956    0    0
67    1607328320.58    1607328320.58    0.000999927520752    64    0.0055    0.352    0.00649992752075    1.0    1
68    1607328320.78    1607328320.78    0.0    4    0.0059    0.0236    0.0059    0    0
69    1607328321.07    1607328321.07    0.00299978256226    256    0.6189    158.4384    0.621899782562    1.0    1
70    1607328321.12    1607328321.12    0.00100016593933    16    0.0297    0.4752    0.0307001659393    1.0    1
71    1607328322.07    1607328322.08    0.0139999389648    256    0.4221    108.0576    0.436099938965    1.0    1
72    1607328322.1    1607328322.1    0.00499987602234    64    0.9446    60.4544    0.949599876022    1.0    1
73    1607328322.35    1607328322.36    0.00600004196167    256    0.8    204.8    0.806000041962    1.0    1
74    1607328322.6    1607328322.61    0.00300002098083    256    0.4221    108.0576    0.425100020981    1.0    1
75    1607328322.61    1607328322.62    0.00999999046326    256    0.6189    158.4384    0.628899990463    1.0    1
76    1607328322.62    1607328322.63    0.0019998550415    4    0.0059    0.0236    0.0078998550415    0    0
77    1607328323.56    1607328323.56    0.00100016593933    16    0.8805    14.088    0.881500165939    0    0
78    1607328323.58    1607328323.58    0.00300002098083    256    0.8    204.8    0.803000020981    1.0    1
79    1607328324.43    1607328324.43    0.00300002098083    256    0.0177    4.5312    0.0207000209808    1.0    1
80    1607328324.82    1607328324.82    0.000999927520752    64    0.4167    26.6688    0.417699927521    1.0    1
81    1607328325.16    1607328325.16    0.0    16    0.0297    0.4752    0.0297    0    0
82    1607328325.68    1607328325.68    0.000999927520752    64    0.0125    0.8    0.0134999275208    1.0    1
83    1607328326.33    1607328326.35    0.0130000114441    256    0.8    204.8    0.813000011444    1.0    1
84    1607328327.04    1607328327.04    0.000999927520752    4    0.5956    2.3824    0.596599927521    0    0
85    1607328327.17    1607328327.17    0.0    4    1.1283    4.5132    1.1283    0    0
86    1607328327.71    1607328327.71    0.0    16    0.0098    0.1568    0.0098    0    0
87    1607328328.0    1607328328.01    0.00100016593933    64    0.0234    1.4976    0.0244001659393    1.0    1
88    1607328328.38    1607328328.38    0.00300002098083    256    0.8    204.8    0.803000020981    1.0    1
89    1607328328.51    1607328328.52    0.00499987602234    16    0.0429    0.6864    0.0478998760223    0    0
90    1607328328.52    1607328328.53    0.00499987602234    16    0.0297    0.4752    0.0346998760223    0    0
91    1607328328.87    1607328328.87    0.000999927520752    16    0.0285    0.456    0.0294999275208    0    0
92    1607328329.77    1607328329.77    0.0    4    0.0832    0.3328    0.0832    0    0
93    1607328330.65    1607328330.65    0.000999927520752    64    0.9446    60.4544    0.945599927521    1.0    1
94    1607328331.09    1607328331.09    0.0    4    0.0832    0.3328    0.0832    0    0
95    1607328331.81    1607328331.81    0.0019998550415    256    0.8    204.8    0.801999855042    1.0    1
96    1607328332.18    1607328332.18    0.00200009346008    4    0.0284    0.1136    0.0304000934601    0    0
97    1607328332.22    1607328332.22    0.000999927520752    4    0.5956    2.3824    0.596599927521    0    0
98    1607328332.26    1607328332.26    0.00100016593933    16    0.0285    0.456    0.0295001659393    0    0
99    1607328332.37    1607328332.38    0.00400018692017    256    0.6189    158.4384    0.62290018692    1.0    1
100    1607328332.84    1607328332.84    0.000999927520752    16    0.7616    12.1856    0.762599927521    0    0
101    1607328333.18    1607328333.18    0.000999927520752    16    0.0297    0.4752    0.0306999275208    0    0
102    1607328333.63    1607328333.63    0.000999927520752    4    1.1283    4.5132    1.12929992752    0    0
103    1607328333.81    1607328333.81    0.00300002098083    256    0.4221    108.0576    0.425100020981    1.0    1
104    1607328334.09    1607328334.09    0.00200009346008    16    0.0098    0.1568    0.0118000934601    0    0
105    1607328334.39    1607328334.39    0.0    16    0.7616    12.1856    0.7616    0    0
106    1607328334.48    1607328334.48    0.0    4    0.5956    2.3824    0.5956    0    0
107    1607328335.35    1607328335.35    0.0    16    0.0429    0.6864    0.0429    0    0
108    1607328335.36    1607328335.37    0.00300002098083    256    0.7528    192.7168    0.755800020981    1.0    1
109    1607328336.96    1607328336.96    0.0    4    0.0522    0.2088    0.0522    0    0
110    1607328337.36    1607328337.37    0.000999927520752    16    0.0098    0.1568    0.0107999275208    0    0
111    1607328337.47    1607328337.47    0.0    4    0.5956    2.3824    0.5956    0    0
112    1607328337.53    1607328337.53    0.000999927520752    16    0.0285    0.456    0.0294999275208    0    0
113    1607328339.35    1607328339.35    0.0    4    1.1283    4.5132    1.1283    0    0
114    1607328339.84    1607328339.84    0.0    4    1.1283    4.5132    1.1283    0    0
115    1607328340.01    1607328340.01    0.00100016593933    16    0.8805    14.088    0.881500165939    0    0
116    1607328340.04    1607328340.05    0.00300002098083    256    0.4221    108.0576    0.425100020981    1.0    1
117    1607328340.56    1607328340.56    0.0    4    0.0832    0.3328    0.0832    0    0
118    1607328341.21    1607328341.21    0.0    16    0.0098    0.1568    0.0098    0    0
119    1607328342.26    1607328342.26    0.0    64    0.0234    1.4976    0.0234    1.0    1
120    1607328342.7    1607328342.7    0.0    4    0.5956    2.3824    0.5956    0    0
121    1607328343.95    1607328343.95    0.0    16    0.4243    6.7888    0.4243    0    0
122    1607328344.45    1607328344.45    0.00300002098083    256    0.0057    1.4592    0.00870002098083    1.0    1
123    1607328344.92    1607328344.92    0.0    64    0.1855    11.872    0.1855    1.0    1
124    1607328345.18    1607328345.18    0.00300002098083    256    0.6189    158.4384    0.621900020981    1.0    1
125    1607328345.49    1607328345.49    0.0019998550415    16    0.0429    0.6864    0.0448998550415    0    0
126    1607328345.89    1607328345.89    0.0    64    0.4167    26.6688    0.4167    1.0    1
127    1607328346.04    1607328346.04    0.0    4    0.0522    0.2088    0.0522    0    0
128    1607328346.22    1607328346.22    0.0019998550415    256    0.4221    108.0576    0.424099855042    1.0    1
129    1607328346.32    1607328346.33    0.00499987602234    256    0.6189    158.4384    0.623899876022    1.21428571429    2
130    1607328346.61    1607328346.61    0.00200009346008    64    0.0234    1.4976    0.0254000934601    1.0    1
131    1607328347.07    1607328347.07    0.0    64    0.0234    1.4976    0.0234    1.0    1
132    1607328347.14    1607328347.14    0.0    64    0.0055    0.352    0.0055    1.0    1
133    1607328347.92    1607328347.92    0.0    16    0.4243    6.7888    0.4243    0    0
134    1607328349.07    1607328349.08    0.00300002098083    256    0.7528    192.7168    0.755800020981    1.0    1
135    1607328349.38    1607328349.38    0.00399994850159    256    0.6189    158.4384    0.622899948502    1.0    1
136    1607328349.68    1607328349.68    0.00200009346008    4    1.1283    4.5132    1.13030009346    0    0
137    1607328349.75    1607328349.75    0.00200009346008    16    0.8805    14.088    0.88250009346    0    0
138    1607328350.23    1607328350.23    0.0    64    0.0125    0.8    0.0125    1.0    1
139    1607328350.66    1607328350.66    0.0    64    0.0234    1.4976    0.0234    1.0    1
140    1607328350.88    1607328350.88    0.000999927520752    16    0.0285    0.456    0.0294999275208    0    0
141    1607328351.88    1607328351.88    0.0    64    0.6779    43.3856    0.6779    1.0    1
142    1607328352.19    1607328352.19    0.0    16    0.8805    14.088    0.8805    0    0
143    1607328352.22    1607328352.22    0.0    4    0.0522    0.2088    0.0522    0    0
144    1607328352.89    1607328352.89    0.0    16    0.0098    0.1568    0.0098    0    0
145    1607328353.1    1607328353.1    0.000999927520752    64    0.0125    0.8    0.0134999275208    1.0    1
146    1607328354.6    1607328354.61    0.00300002098083    256    0.0057    1.4592    0.00870002098083    1.0    1
147    1607328355.67    1607328355.68    0.00300002098083    256    0.0177    4.5312    0.0207000209808    1.0    1
148    1607328355.78    1607328355.78    0.0    4    0.6452    2.5808    0.6452    0    0
149    1607328356.01    1607328356.01    0.0    16    0.8805    14.088    0.8805    0    0
150    1607328356.1    1607328356.11    0.00399994850159    256    0.6189    158.4384    0.622899948502    1.0    1
151    1607328356.98    1607328356.98    0.00300002098083    256    0.0177    4.5312    0.0207000209808    1.0    1
152    1607328358.52    1607328358.52    0.00100016593933    64    0.0125    0.8    0.0135001659393    1.0    1
153    1607328358.73    1607328358.73    0.00299978256226    256    0.6189    158.4384    0.621899782562    1.0    1
154    1607328359.25    1607328359.25    0.000999927520752    64    0.0055    0.352    0.00649992752075    1.0    1
155    1607328359.48    1607328359.48    0.000999927520752    64    0.0125    0.8    0.0134999275208    1.0    1
156    1607328359.7    1607328359.71    0.00400018692017    256    0.8    204.8    0.80400018692    1.0    1
157    1607328359.94    1607328359.94    0.00399994850159    256    0.4221    108.0576    0.426099948502    1.0    1
158    1607328361.32    1607328361.32    0.0    4    0.0284    0.1136    0.0284    0    0
159    1607328361.91    1607328361.91    0.00300002098083    256    0.0177    4.5312    0.0207000209808    1.0    1
160    1607328362.12    1607328362.12    0.00200009346008    256    0.0057    1.4592    0.00770009346008    1.0    1
161    1607328362.62    1607328362.63    0.000999927520752    16    0.0297    0.4752    0.0306999275208    0    0
162    1607328362.77    1607328362.77    0.0    64    0.0234    1.4976    0.0234    1.0    1
163    1607328363.29    1607328363.29    0.00300002098083    256    0.6189    158.4384    0.621900020981    1.0    1
164    1607328363.61    1607328363.61    0.000999927520752    4    1.1283    4.5132    1.12929992752    0    0
165    1607328363.89    1607328363.89    0.00499987602234    4    1.1283    4.5132    1.13329987602    0    0
166    1607328365.13    1607328365.13    0.0    64    0.1855    11.872    0.1855    1.0    1
167    1607328365.71    1607328365.71    0.000999927520752    16    0.7616    12.1856    0.762599927521    0    0
168    1607328365.96    1607328365.96    0.0    4    1.1283    4.5132    1.1283    0    0
169    1607328366.56    1607328366.56    0.00300002098083    256    0.0057    1.4592    0.00870002098083    1.0    1
170    1607328366.66    1607328366.66    0.000999927520752    16    0.0285    0.456    0.0294999275208    0    0
171    1607328366.8    1607328366.8    0.0    4    0.0059    0.0236    0.0059    0    0
172    1607328367.68    1607328367.68    0.0    4    0.0284    0.1136    0.0284    0    0
173    1607328367.72    1607328367.72    0.0    16    0.0297    0.4752    0.0297    0    0
174    1607328367.89    1607328367.89    0.00299978256226    256    0.4221    108.0576    0.425099782562    1.0    1
175    1607328368.96    1607328368.96    0.0    4    0.5956    2.3824    0.5956    0    0
176    1607328369.09    1607328369.09    0.0    16    0.0429    0.6864    0.0429    0    0
177    1607328369.25    1607328369.26    0.00100016593933    16    0.4243    6.7888    0.425300165939    0    0
178    1607328369.26    1607328369.27    0.00100016593933    16    0.0297    0.4752    0.0307001659393    1.0    1
179    1607328369.36    1607328369.36    0.00100016593933    64    0.1855    11.872    0.186500165939    1.0    1
180    1607328370.14    1607328370.14    0.0    64    0.6779    43.3856    0.6779    1.0    1
181    1607328370.8    1607328370.8    0.000999927520752    4    0.0522    0.2088    0.0531999275208    0    0
182    1607328371.61    1607328371.61    0.0    16    0.8805    14.088    0.8805    0    0
183    1607328371.89    1607328371.89    0.0    16    0.4243    6.7888    0.4243    0    0
184    1607328372.2    1607328372.2    0.00299978256226    256    0.8    204.8    0.802999782562    1.0    1
185    1607328372.33    1607328372.33    0.0    4    0.0284    0.1136    0.0284    0    0
186    1607328372.79    1607328372.79    0.00200009346008    16    0.0285    0.456    0.0305000934601    0    0
187    1607328374.09    1607328374.09    0.0    16    0.8805    14.088    0.8805    0    0
188    1607328374.56    1607328374.56    0.0    4    0.0522    0.2088    0.0522    0    0
189    1607328375.16    1607328375.16    0.00100016593933    4    1.1283    4.5132    1.12930016594    0    0
190    1607328375.26    1607328375.26    0.00299978256226    256    0.4221    108.0576    0.425099782562    1.0    1
191    1607328376.35    1607328376.35    0.0    16    0.8805    14.088    0.8805    0    0
192    1607328376.47    1607328376.47    0.00100016593933    64    0.6779    43.3856    0.678900165939    1.0    1
193    1607328377.39    1607328377.39    0.00300002098083    256    0.7528    192.7168    0.755800020981    1.0    1
194    1607328377.71    1607328377.71    0.000999927520752    16    0.0098    0.1568    0.0107999275208    0    0
195    1607328377.85    1607328377.87    0.0209999084473    256    0.7528    192.7168    0.773799908447    1.0    1
196    1607328378.16    1607328378.16    0.0    4    0.6452    2.5808    0.6452    0    0
197    1607328378.33    1607328378.33    0.00600004196167    256    0.4221    108.0576    0.428100041962    1.19444444444    2
198    1607328378.34    1607328378.35    0.00699996948242    256    0.7528    192.7168    0.759799969482    1.0    1
199    1607328379.05    1607328379.05    0.000999927520752    16    0.4243    6.7888    0.425299927521    0    0

dispatched jobs are: 200 out of 200
average queue time is: 0.413274996281
fso links are used for 0 times
overall utilization is 0.0196588907995
average response time is 0.781387496281
average weighted response time is 0.666723350305
average slowdown is 1.02196876395
cpu_request: 16856, cpu_run: 16856
ssd_request: 8852, ssd_run: 0
gpu_request: 8673, gpu_run: 0
cpu aspl: 1.00408730159
cpu diameter: 1.02
job x: 0.0
job y: 0.0
job z: 0.0
