#timestep  occupied-CPU  total-CPU  utilization  queuingjobs
1    0    4096    0.0    0
2    0    4096    0.0    0
3    0    4096    0.0    0
4    0    4096    0.0    0
5    320    4096    0.078125    0
6    0    4096    0.0    0
7    64    4096    0.015625    0
8    0    4096    0.0    0
9    0    4096    0.0    0
10    0    4096    0.0    0
11    4    4096    0.0009765625    0
12    0    4096    0.0    0
13    0    4096    0.0    0
14    0    4096    0.0    0
15    0    4096    0.0    0
16    0    4096    0.0    0
17    0    4096    0.0    1
18    260    4096    0.0634765625    0
19    0    4096    0.0    0
20    0    4096    0.0    0
21    4    4096    0.0009765625    0
22    256    4096    0.0625    0
23    320    4096    0.078125    1
24    256    4096    0.0625    0
25    0    4096    0.0    0
26    80    4096    0.01953125    0
27    0    4096    0.0    0
28    16    4096    0.00390625    0
29    0    4096    0.0    0
30    0    4096    0.0    0
31    0    4096    0.0    0
32    16    4096    0.00390625    0
33    0    4096    0.0    0
34    0    4096    0.0    0
35    0    4096    0.0    0
36    0    4096    0.0    0
37    0    4096    0.0    0
38    0    4096    0.0    0
39    0    4096    0.0    0
40    0    4096    0.0    0
41    0    4096    0.0    0
42    16    4096    0.00390625    0
43    0    4096    0.0    0
44    68    4096    0.0166015625    0
45    0    4096    0.0    0
46    64    4096    0.015625    0
47    0    4096    0.0    0
48    256    4096    0.0625    0
49    4    4096    0.0009765625    0
50    0    4096    0.0    0
51    0    4096    0.0    0
52    256    4096    0.0625    0
53    0    4096    0.0    0
54    0    4096    0.0    0
55    0    4096    0.0    0
56    0    4096    0.0    0
57    0    4096    0.0    0
58    260    4096    0.0634765625    0
59    0    4096    0.0    0
60    0    4096    0.0    0
61    0    4096    0.0    0
62    0    4096    0.0    0
63    256    4096    0.0625    0
64    4    4096    0.0009765625    0
65    0    4096    0.0    0
66    0    4096    0.0    0
67    0    4096    0.0    0
68    0    4096    0.0    0
69    0    4096    0.0    0
70    64    4096    0.015625    0
71    0    4096    0.0    0
72    0    4096    0.0    0
73    0    4096    0.0    0
74    0    4096    0.0    0
75    0    4096    0.0    0
76    0    4096    0.0    0
77    320    4096    0.078125    0
78    16    4096    0.00390625    0
79    0    4096    0.0    0
80    0    4096    0.0    0

average cpu utilization is: 0.00970458984375
average ssd utilization is: 1.0
average gpu utilization is: 1.0
average utilization is: 0.669901529948
average queuing jobs are: 0.025
maximum queuing jobs are: 1


#job_number  submit  dispatch  queue  cpu#  runtime  weight  response(turnaround)  cpu_aspl  cpu_diameter
0    1607327626.21    1607327707.77    81.5639998913    256    0.7528    192.7168    82.3167998913    1.0    1
1    1607327708.86    1607327708.86    0.00100016593933    16    0.7616    12.1856    0.762600165939    0    0
2    1607327711.39    1607327711.39    0.0    64    0.6779    43.3856    0.6779    1.0    1
3    1607327711.69    1607327711.69    0.00100016593933    16    0.0297    0.4752    0.0307001659393    0    0
4    1607327711.95    1607327711.95    0.0    4    0.0522    0.2088    0.0522    0    0
5    1607327712.04    1607327712.05    0.010999917984    256    0.6189    158.4384    0.629899917984    1.0    1
6    1607327713.76    1607327713.76    0.000999927520752    64    0.6779    43.3856    0.678899927521    1.0    1
7    1607327713.78    1607327713.78    0.000999927520752    64    0.0125    0.8    0.0134999275208    1.0    1
8    1607327713.87    1607327713.88    0.00999999046326    256    0.0057    1.4592    0.0156999904633    1.0    1
9    1607327717.79    1607327717.8    0.00999999046326    256    0.0057    1.4592    0.0156999904633    1.0    1
10    1607327718.03    1607327718.03    0.0    4    0.6452    2.5808    0.6452    0    0
11    1607327720.42    1607327720.42    0.00100016593933    16    0.0297    0.4752    0.0307001659393    0    0
12    1607327720.65    1607327720.65    0.000999927520752    16    0.4243    6.7888    0.425299927521    0    0
13    1607327720.91    1607327720.91    0.0    4    0.6452    2.5808    0.6452    0    0
14    1607327721.85    1607327721.86    0.00999999046326    256    0.0177    4.5312    0.0276999904633    1.0    1
15    1607327723.48    1607327723.49    0.00100016593933    64    0.1855    11.872    0.186500165939    1.0    1
16    1607327724.94    1607327724.99    0.0539999008179    256    0.8    204.8    0.853999900818    1.0    1
17    1607327725.28    1607327725.3    0.0160000324249    256    0.7528    192.7168    0.768800032425    1    2
18    1607327725.43    1607327725.45    0.0150001049042    256    0.0057    1.4592    0.0207001049042    1.0    1
19    1607327725.66    1607327725.66    0.000999927520752    4    1.1283    4.5132    1.12929992752    0    0
20    1607327727.09    1607327727.09    0.0019998550415    64    0.4167    26.6688    0.418699855042    1.0    1
21    1607327729.04    1607327729.04    0.0    4    0.6452    2.5808    0.6452    0    0
22    1607327729.1    1607327729.1    0.0    4    0.0059    0.0236    0.0059    0    0
23    1607327730.16    1607327730.16    0.0    16    0.0098    0.1568    0.0098    0    0
24    1607327730.27    1607327730.28    0.00999999046326    256    0.8    204.8    0.809999990463    1.0    1
25    1607327730.8    1607327730.82    0.0149998664856    256    0.6189    158.4384    0.633899866486    1    2
26    1607327731.12    1607327731.12    0.000999927520752    16    0.0098    0.1568    0.0107999275208    0    0
27    1607327731.36    1607327731.36    0.0    64    0.4167    26.6688    0.4167    1.0    1
28    1607327731.39    1607327731.47    0.0759999752045    256    0.4221    108.0576    0.498099975204    1.0    1
29    1607327731.79    1607327731.79    0.00100016593933    64    0.4167    26.6688    0.417700165939    1.0    1
30    1607327732.08    1607327732.11    0.0230000019073    256    0.6189    158.4384    0.641900001907    1.0    1
31    1607327732.97    1607327732.97    0.000999927520752    4    0.0059    0.0236    0.00689992752075    0    0
32    1607327733.3    1607327733.3    0.0    64    0.0234    1.4976    0.0234    1.0    1
33    1607327733.93    1607327733.93    0.0    4    0.6452    2.5808    0.6452    0    0
34    1607327734.09    1607327734.09    0.0    16    0.7616    12.1856    0.7616    0    0
35    1607327734.1    1607327734.1    0.000999927520752    64    0.9446    60.4544    0.945599927521    1.0    1
36    1607327736.65    1607327736.65    0.0    16    0.7616    12.1856    0.7616    0    0
37    1607327736.89    1607327736.89    0.000999927520752    16    0.0285    0.456    0.0294999275208    0    0
38    1607327738.35    1607327738.35    0.0    4    0.0522    0.2088    0.0522    0    0
39    1607327738.41    1607327738.41    0.0    4    0.0832    0.3328    0.0832    0    0
40    1607327738.44    1607327738.44    0.000999927520752    64    0.1855    11.872    0.186499927521    1.0    1
41    1607327739.62    1607327739.62    0.0    64    0.0055    0.352    0.0055    1.0    1
42    1607327740.74    1607327740.74    0.0    16    0.8805    14.088    0.8805    0    0
43    1607327741.33    1607327741.33    0.0    4    0.0832    0.3328    0.0832    0    0
44    1607327744.97    1607327744.97    0.0    64    0.0234    1.4976    0.0234    1.0    1
45    1607327746.08    1607327746.08    0.000999927520752    64    0.0234    1.4976    0.0243999275208    1.0    1
46    1607327747.8    1607327747.8    0.000999927520752    64    0.0234    1.4976    0.0243999275208    1.0    1
47    1607327748.11    1607327748.11    0.0    4    0.0059    0.0236    0.0059    0    0
48    1607327748.99    1607327748.99    0.0    16    0.0429    0.6864    0.0429    0    0
49    1607327749.66    1607327749.67    0.00300002098083    64    0.9446    60.4544    0.947600020981    1.0    1
50    1607327751.05    1607327751.05    0.0    16    0.8805    14.088    0.8805    0    0
51    1607327752.8    1607327752.81    0.00100016593933    64    0.0234    1.4976    0.0244001659393    1.0    1
52    1607327752.96    1607327752.96    0.0    64    0.0234    1.4976    0.0234    1.0    1
53    1607327753.23    1607327753.23    0.0    64    0.9446    60.4544    0.9446    1.0    1
54    1607327753.74    1607327753.74    0.000999927520752    16    0.0285    0.456    0.0294999275208    0    0
55    1607327753.93    1607327753.93    0.000999927520752    4    0.6452    2.5808    0.646199927521    0    0
56    1607327754.08    1607327754.08    0.0    4    0.0832    0.3328    0.0832    0    0
57    1607327754.27    1607327754.28    0.00100016593933    64    0.0125    0.8    0.0135001659393    1.0    1
58    1607327755.77    1607327755.77    0.000999927520752    64    0.4167    26.6688    0.417699927521    1.0    1
59    1607327756.82    1607327756.82    0.0    4    0.0059    0.0236    0.0059    0    0
60    1607327758.21    1607327758.22    0.010999917984    256    0.6189    158.4384    0.629899917984    1.0    1
61    1607327758.57    1607327758.57    0.00100016593933    16    0.0429    0.6864    0.0439001659393    0    0
62    1607327759.19    1607327759.19    0.0    4    0.5956    2.3824    0.5956    0    0
63    1607327760.8    1607327760.8    0.0    4    0.0059    0.0236    0.0059    0    0
64    1607327762.06    1607327762.07    0.0090000629425    256    0.6189    158.4384    0.627900062943    1.0    1
65    1607327763.72    1607327763.72    0.0    4    0.0059    0.0236    0.0059    0    0
66    1607327765.27    1607327765.27    0.0    16    0.4243    6.7888    0.4243    0    0
67    1607327765.28    1607327765.28    0.0    16    0.4243    6.7888    0.4243    0    0
68    1607327766.25    1607327766.25    0.0    64    0.0055    0.352    0.0055    1.0    1
69    1607327767.74    1607327767.74    0.0    4    0.0059    0.0236    0.0059    0    0
70    1607327768.85    1607327768.85    0.00100016593933    4    1.1283    4.5132    1.12930016594    0    0
71    1607327768.94    1607327768.96    0.0140001773834    256    0.6189    158.4384    0.632900177383    1.0    1
72    1607327769.67    1607327769.67    0.0    16    0.0429    0.6864    0.0429    0    0
73    1607327770.1    1607327770.1    0.00100016593933    4    0.0284    0.1136    0.0294001659393    0    0
74    1607327771.75    1607327771.75    0.000999927520752    64    0.0234    1.4976    0.0243999275208    1.0    1
75    1607327772.49    1607327772.49    0.0    4    0.0059    0.0236    0.0059    0    0
76    1607327772.99    1607327772.99    0.0    64    0.0234    1.4976    0.0234    1.0    1
77    1607327773.41    1607327773.41    0.0    64    0.9446    60.4544    0.9446    1.0    1
78    1607327773.46    1607327773.47    0.010999917984    256    0.8    204.8    0.810999917984    1.0    1
79    1607327773.93    1607327773.95    0.0170001983643    256    0.8    204.8    0.817000198364    1    2
80    1607327774.87    1607327774.87    0.0    16    0.0297    0.4752    0.0297    0    0
81    1607327775.03    1607327775.03    0.0    4    0.0284    0.1136    0.0284    0    0
82    1607327775.17    1607327775.17    0.0    4    1.1283    4.5132    1.1283    0    0
83    1607327776.1    1607327776.1    0.0    4    0.0284    0.1136    0.0284    0    0
84    1607327776.6    1607327776.6    0.0    4    0.6452    2.5808    0.6452    0    0
85    1607327778.5    1607327778.51    0.00899982452393    256    0.0177    4.5312    0.0266998245239    1.0    1
86    1607327781.45    1607327781.45    0.00100016593933    64    0.1855    11.872    0.186500165939    1.0    1
87    1607327781.76    1607327781.76    0.00100016593933    64    0.9446    60.4544    0.945600165939    1.0    1
88    1607327786.09    1607327786.09    0.000999927520752    64    0.0234    1.4976    0.0243999275208    1.0    1
89    1607327786.24    1607327786.25    0.0139999389648    256    0.7528    192.7168    0.766799938965    1.0    1
90    1607327789.19    1607327789.2    0.00100016593933    64    0.0055    0.352    0.00650016593933    1.0    1
91    1607327789.24    1607327789.25    0.0119998455048    256    0.8    204.8    0.811999845505    1.0    1
92    1607327789.42    1607327789.43    0.00100016593933    64    0.0234    1.4976    0.0244001659393    1.0    1
93    1607327789.76    1607327789.76    0.0    16    0.0429    0.6864    0.0429    0    0
94    1607327789.83    1607327789.83    0.000999927520752    16    0.7616    12.1856    0.762599927521    0    0
95    1607327790.66    1607327790.67    0.00999999046326    256    0.0177    4.5312    0.0276999904633    1.0    1
96    1607327791.4    1607327791.41    0.0090000629425    256    0.0057    1.4592    0.0147000629425    1.0    1
97    1607327791.59    1607327791.59    0.000999927520752    4    0.0522    0.2088    0.0531999275208    0    0
98    1607327793.47    1607327793.48    0.0090000629425    256    0.8    204.8    0.809000062943    1.0    1
99    1607327793.66    1607327793.66    0.00100016593933    64    0.0055    0.352    0.00650016593933    1.0    1

dispatched jobs are: 100 out of 100
average queue time is: 0.819770007133
fso links are used for 0 times
overall utilization is 0.0101371704753
average response time is 1.16637800713
average weighted response time is 5.1295266759
average slowdown is 7.19428061173
cpu_request: 8236, cpu_run: 8236
ssd_request: 4343, ssd_run: 0
gpu_request: 4326, gpu_run: 0
cpu aspl: 1.0
cpu diameter: 1.05660377358
job x: 0.0
job y: 0.0
job z: 0.0
