#timestep  occupied-CPU  total-CPU  utilization  queuingjobs
1    64    4096    0.015625    0
2    352    4096    0.0859375    0
3    276    4096    0.0673828125    0
4    72    4096    0.017578125    0
5    8    4096    0.001953125    0
6    80    4096    0.01953125    0
7    32    4096    0.0078125    0
8    16    4096    0.00390625    0
9    64    4096    0.015625    1
10    292    4096    0.0712890625    0
11    20    4096    0.0048828125    0
12    560    4096    0.13671875    0
13    256    4096    0.0625    0
14    584    4096    0.142578125    0
15    768    4096    0.1875    0
16    20    4096    0.0048828125    0
17    256    4096    0.0625    0
18    16    4096    0.00390625    2
19    96    4096    0.0234375    0
20    292    4096    0.0712890625    0
21    16    4096    0.00390625    0
22    308    4096    0.0751953125    0
23    4    4096    0.0009765625    0
24    400    4096    0.09765625    0
25    8    4096    0.001953125    0
26    260    4096    0.0634765625    2
27    340    4096    0.0830078125    0
28    324    4096    0.0791015625    0
29    336    4096    0.08203125    1
30    336    4096    0.08203125    0
31    0    4096    0.0    0
32    580    4096    0.1416015625    0
33    260    4096    0.0634765625    0
34    288    4096    0.0703125    0
35    112    4096    0.02734375    0
36    276    4096    0.0673828125    0
37    276    4096    0.0673828125    0
38    600    4096    0.146484375    0
39    276    4096    0.0673828125    0
40    336    4096    0.08203125    0
41    320    4096    0.078125    0
42    340    4096    0.0830078125    0
43    16    4096    0.00390625    0
44    788    4096    0.1923828125    0
45    596    4096    0.1455078125    0
46    320    4096    0.078125    0
47    100    4096    0.0244140625    0
48    0    4096    0.0    0
49    0    4096    0.0    0
50    16    4096    0.00390625    0
51    324    4096    0.0791015625    0
52    64    4096    0.015625    0
53    8    4096    0.001953125    0
54    72    4096    0.017578125    0
55    0    4096    0.0    0
56    84    4096    0.0205078125    1
57    0    4096    0.0    0
58    48    4096    0.01171875    0
59    260    4096    0.0634765625    0
60    516    4096    0.1259765625    1
61    256    4096    0.0625    0
62    16    4096    0.00390625    0
63    264    4096    0.064453125    0
64    48    4096    0.01171875    0
65    72    4096    0.017578125    0
66    768    4096    0.1875    0
67    0    4096    0.0    0
68    64    4096    0.015625    0
69    64    4096    0.015625    0
70    320    4096    0.078125    0
71    544    4096    0.1328125    0
72    292    4096    0.0712890625    0
73    4    4096    0.0009765625    0
74    20    4096    0.0048828125    0
75    256    4096    0.0625    0
76    260    4096    0.0634765625    0
77    152    4096    0.037109375    0
78    64    4096    0.015625    1
79    260    4096    0.0634765625    0
80    100    4096    0.0244140625    0
81    4    4096    0.0009765625    0
82    272    4096    0.06640625    0
83    16    4096    0.00390625    0
84    852    4096    0.2080078125    0
85    256    4096    0.0625    0
86    92    4096    0.0224609375    0
87    924    4096    0.2255859375    0
88    132    4096    0.0322265625    0
89    512    4096    0.125    0
90    784    4096    0.19140625    1
91    448    4096    0.109375    0
92    256    4096    0.0625    0
93    16    4096    0.00390625    0
94    0    4096    0.0    0
95    208    4096    0.05078125    0
96    340    4096    0.0830078125    2
97    0    4096    0.0    0

average cpu utilization is: 0.0560466333763
average ssd utilization is: 1.0
average gpu utilization is: 1.0
average utilization is: 0.685348877792
average queuing jobs are: 0.123711340206
maximum queuing jobs are: 2


#job_number  submit  dispatch  queue  cpu#  runtime  weight  response(turnaround)  cpu_aspl  cpu_diameter
0    1607336701.77    1607336771.7    69.9260001183    64    0.0234    1.4976    69.9494001183    1.0    1
1    1607336772.08    1607336772.08    0.0    16    0.7616    12.1856    0.7616    0    0
2    1607336772.12    1607336772.12    0.0    64    0.1855    11.872    0.1855    1.0    1
3    1607336772.16    1607336772.16    0.000999927520752    64    0.9446    60.4544    0.945599927521    1.0    1
4    1607336772.17    1607336772.17    0.0    16    0.8805    14.088    0.8805    0    0
5    1607336772.32    1607336772.34    0.0130000114441    256    0.6189    158.4384    0.631900011444    1.0    1
6    1607336772.99    1607336773.01    0.0169999599457    256    0.0177    4.5312    0.0346999599457    1.0    1
7    1607336773.0    1607336773.01    0.010999917984    4    0.5956    2.3824    0.606599917984    0    0
8    1607336773.27    1607336773.28    0.00999999046326    256    0.0057    1.4592    0.0156999904633    1.0    1
9    1607336773.51    1607336773.52    0.010999917984    256    0.4221    108.0576    0.433099917984    1.0    1
10    1607336773.52    1607336773.53    0.00499987602234    4    0.0059    0.0236    0.0108998760223    0    0
11    1607336773.66    1607336773.66    0.000999927520752    16    0.4243    6.7888    0.425299927521    0    0
12    1607336773.83    1607336773.83    0.00300002098083    4    0.0522    0.2088    0.0552000209808    0    0
13    1607336773.87    1607336773.87    0.00599980354309    64    0.0125    0.8    0.0184998035431    1.0    1
14    1607336773.93    1607336773.93    0.0    4    0.0522    0.2088    0.0522    0    0
15    1607336774.14    1607336774.14    0.0    4    1.1283    4.5132    1.1283    0    0
16    1607336774.8    1607336774.8    0.000999927520752    64    0.6779    43.3856    0.678899927521    1.0    1
17    1607336774.82    1607336774.83    0.0110001564026    256    0.0057    1.4592    0.0167001564026    1.0    1
18    1607336774.87    1607336774.87    0.0    4    1.1283    4.5132    1.1283    0    0
19    1607336775.21    1607336775.21    0.0    4    0.0059    0.0236    0.0059    0    0
20    1607336775.27    1607336775.27    0.000999927520752    64    0.0125    0.8    0.0134999275208    1.0    1
21    1607336775.42    1607336775.42    0.0    16    0.0098    0.1568    0.0098    1.0    1
22    1607336775.48    1607336775.48    0.0    64    0.1855    11.872    0.1855    1.0    1
23    1607336775.72    1607336775.72    0.000999927520752    16    0.0297    0.4752    0.0306999275208    0    0
24    1607336775.74    1607336775.74    0.000999927520752    64    0.1855    11.872    0.186499927521    1.0    1
25    1607336775.82    1607336775.82    0.0    4    1.1283    4.5132    1.1283    0    0
26    1607336775.97    1607336775.97    0.0    4    0.0284    0.1136    0.0284    0    0
27    1607336776.28    1607336776.29    0.00100016593933    16    0.7616    12.1856    0.762600165939    0    0
28    1607336776.32    1607336776.32    0.0    4    0.6452    2.5808    0.6452    0    0
29    1607336776.41    1607336776.43    0.0139999389648    256    0.0177    4.5312    0.0316999389648    1.0    1
30    1607336776.42    1607336776.43    0.00699996948242    4    0.0059    0.0236    0.0128999694824    0    0
31    1607336776.8    1607336776.8    0.0    64    0.4167    26.6688    0.4167    1.0    1
32    1607336777.35    1607336777.35    0.0    16    0.4243    6.7888    0.4243    0    0
33    1607336777.64    1607336777.64    0.0    16    0.8805    14.088    0.8805    0    0
34    1607336777.7    1607336777.7    0.0    64    0.0055    0.352    0.0055    1.0    1
35    1607336777.71    1607336777.71    0.0    16    0.0297    0.4752    0.0297    0    0
36    1607336777.97    1607336777.97    0.0    16    0.8805    14.088    0.8805    0    0
37    1607336778.03    1607336778.03    0.0    4    0.0284    0.1136    0.0284    0    0
38    1607336778.23    1607336778.23    0.000999927520752    16    0.0297    0.4752    0.0306999275208    0    0
39    1607336778.26    1607336778.26    0.0    4    0.0832    0.3328    0.0832    0    0
40    1607336778.5    1607336778.5    0.00100016593933    64    0.0055    0.352    0.00650016593933    1.0    1
41    1607336778.59    1607336778.59    0.0    16    0.7616    12.1856    0.7616    0    0
42    1607336779.3    1607336779.3    0.0    16    0.0429    0.6864    0.0429    0    0
43    1607336779.47    1607336779.47    0.0    16    0.0429    0.6864    0.0429    0    0
44    1607336779.57    1607336779.57    0.000999927520752    64    0.9446    60.4544    0.945599927521    1.0    1
45    1607336780.21    1607336780.26    0.0439999103546    256    0.6189    158.4384    0.662899910355    1.0    1
46    1607336780.42    1607336780.43    0.0140001773834    256    0.7528    192.7168    0.766800177383    1    2
47    1607336780.51    1607336780.51    0.00100016593933    16    0.8805    14.088    0.881500165939    0    0
48    1607336780.67    1607336780.67    0.0    16    0.0297    0.4752    0.0297    0    0
49    1607336780.76    1607336780.76    0.00100016593933    64    0.0055    0.352    0.00650016593933    1.0    1
50    1607336780.78    1607336780.78    0.0    4    0.0059    0.0236    0.0059    0    0
51    1607336780.89    1607336780.89    0.0    16    0.8805    14.088    0.8805    0    0
52    1607336780.98    1607336780.98    0.0    4    0.5956    2.3824    0.5956    0    0
53    1607336780.99    1607336781.0    0.00999999046326    256    0.7528    192.7168    0.762799990463    1.0    1
54    1607336781.27    1607336781.27    0.00300002098083    16    0.4243    6.7888    0.427300020981    1.0    1
55    1607336781.46    1607336781.48    0.0149998664856    256    0.8    204.8    0.814999866486    1    2
56    1607336781.62    1607336781.63    0.0160000324249    256    0.4221    108.0576    0.438100032425    1.0    1
57    1607336781.68    1607336781.68    0.0    16    0.8805    14.088    0.8805    0    0
58    1607336781.85    1607336781.85    0.0    16    0.4243    6.7888    0.4243    0    0
59    1607336781.98    1607336781.98    0.0    4    0.0284    0.1136    0.0284    0    0
60    1607336781.99    1607336781.99    0.0    4    0.5956    2.3824    0.5956    0    0
61    1607336782.17    1607336782.17    0.0    16    0.0285    0.456    0.0285    1.0    1
62    1607336782.26    1607336782.26    0.0    16    0.0285    0.456    0.0285    1.0    1
63    1607336782.92    1607336782.92    0.0    16    0.4243    6.7888    0.4243    0    0
64    1607336782.93    1607336782.93    0.0    16    0.0429    0.6864    0.0429    0    0
65    1607336783.02    1607336783.03    0.00999999046326    256    0.6189    158.4384    0.628899990463    1.0    1
66    1607336783.03    1607336783.03    0.00300002098083    16    0.8805    14.088    0.883500020981    0    0
67    1607336783.05    1607336783.06    0.0130000114441    256    0.6189    158.4384    0.631900011444    1    2
68    1607336783.1    1607336783.1    0.000999927520752    64    0.0125    0.8    0.0134999275208    1.0    1
69    1607336783.12    1607336783.12    0.00100016593933    16    0.4243    6.7888    0.425300165939    0    0
70    1607336783.33    1607336783.33    0.000999927520752    16    0.7616    12.1856    0.762599927521    0    0
71    1607336783.5    1607336783.51    0.00600004196167    64    0.6779    43.3856    0.683900041962    1.0    1
72    1607336783.55    1607336783.55    0.0019998550415    4    0.0284    0.1136    0.0303998550415    0    0
73    1607336783.61    1607336783.61    0.000999927520752    4    0.0522    0.2088    0.0531999275208    0    0
74    1607336783.62    1607336783.62    0.00100016593933    4    0.0522    0.2088    0.0532001659393    0    0
75    1607336783.65    1607336783.67    0.018000125885    256    0.8    204.8    0.818000125885    1.0    1
76    1607336783.74    1607336783.76    0.0160000324249    256    0.0057    1.4592    0.0217000324249    1    2
77    1607336783.83    1607336783.83    0.000999927520752    64    0.0055    0.352    0.00649992752075    1.0    1
78    1607336783.84    1607336783.84    0.000999927520752    64    0.0055    0.352    0.00649992752075    1.0    1
79    1607336784.27    1607336784.27    0.0    16    0.0285    0.456    0.0285    0    0
80    1607336784.76    1607336784.76    0.0    64    0.0125    0.8    0.0125    1.0    1
81    1607336784.78    1607336784.79    0.00799989700317    256    0.7528    192.7168    0.760799897003    1.0    1
82    1607336785.18    1607336785.18    0.0    16    0.0297    0.4752    0.0297    0    0
83    1607336785.34    1607336785.34    0.000999927520752    64    0.6779    43.3856    0.678899927521    1.0    1
84    1607336785.38    1607336785.39    0.0160000324249    256    0.4221    108.0576    0.438100032425    1    2
85    1607336785.39    1607336785.4    0.0090000629425    4    0.5956    2.3824    0.604600062943    0    0
86    1607336785.51    1607336785.51    0.00600004196167    4    0.0832    0.3328    0.0892000419617    0    0
87    1607336785.58    1607336785.59    0.00999999046326    256    0.4221    108.0576    0.432099990463    1.0    1
88    1607336785.99    1607336785.99    0.00100016593933    4    0.0832    0.3328    0.0842001659393    0    0
89    1607336786.16    1607336786.16    0.0    16    0.0098    0.1568    0.0098    0    0
90    1607336786.22    1607336786.23    0.0090000629425    256    0.7528    192.7168    0.761800062943    1.0    1
91    1607336786.51    1607336786.53    0.0130000114441    256    0.6189    158.4384    0.631900011444    1    2
92    1607336786.53    1607336786.55    0.0160000324249    256    0.6189    158.4384    0.634900032425    1.0    1
93    1607336786.97    1607336786.98    0.00100016593933    16    0.4243    6.7888    0.425300165939    0    0
94    1607336787.17    1607336787.18    0.0120000839233    256    0.0057    1.4592    0.0177000839233    1.0    1
95    1607336787.24    1607336787.24    0.0    4    1.1283    4.5132    1.1283    0    0
96    1607336787.56    1607336787.56    0.0    16    0.7616    12.1856    0.7616    0    0
97    1607336787.67    1607336787.67    0.0    16    0.0285    0.456    0.0285    1.0    1
98    1607336787.76    1607336787.76    0.0    4    0.0832    0.3328    0.0832    0    0
99    1607336787.81    1607336787.81    0.0    4    0.5956    2.3824    0.5956    0    0
100    1607336788.03    1607336788.04    0.010999917984    256    0.8    204.8    0.810999917984    1.0    1
101    1607336788.17    1607336788.17    0.000999927520752    16    0.0098    0.1568    0.0107999275208    1.0    1
102    1607336788.31    1607336788.32    0.0169999599457    256    0.0057    1.4592    0.0226999599457    1    2
103    1607336788.42    1607336788.42    0.00300002098083    64    0.0234    1.4976    0.0264000209808    1.0    1
104    1607336788.61    1607336788.61    0.0    4    0.0284    0.1136    0.0284    0    0
105    1607336788.81    1607336788.81    0.0    16    0.4243    6.7888    0.4243    0    0
106    1607336788.93    1607336788.94    0.00999999046326    256    0.6189    158.4384    0.628899990463    1.0    1
107    1607336788.96    1607336788.96    0.00100016593933    16    0.0297    0.4752    0.0307001659393    0    0
108    1607336789.13    1607336789.13    0.000999927520752    16    0.7616    12.1856    0.762599927521    0    0
109    1607336789.26    1607336789.26    0.0    4    0.0284    0.1136    0.0284    0    0
110    1607336789.33    1607336789.33    0.0    4    0.0059    0.0236    0.0059    0    0
111    1607336789.66    1607336789.66    0.0    16    0.0098    0.1568    0.0098    0    0
112    1607336789.78    1607336789.81    0.0349998474121    256    0.8    204.8    0.834999847412    1.0    1
113    1607336789.8    1607336789.83    0.0329999923706    256    0.0057    1.4592    0.0386999923706    1    2
114    1607336789.97    1607336789.97    0.00100016593933    64    0.9446    60.4544    0.945600165939    1.0    1
115    1607336790.16    1607336790.16    0.0    4    0.0284    0.1136    0.0284    0    0
116    1607336790.46    1607336790.46    0.0    16    0.8805    14.088    0.8805    0    0
117    1607336790.68    1607336790.68    0.0    16    0.4243    6.7888    0.4243    0    0
118    1607336790.82    1607336790.82    0.000999927520752    4    0.6452    2.5808    0.646199927521    0    0
119    1607336790.98    1607336790.98    0.00100016593933    64    0.1855    11.872    0.186500165939    1.0    1
120    1607336791.0    1607336791.0    0.0    4    0.0059    0.0236    0.0059    0    0
121    1607336791.06    1607336791.06    0.0    16    0.0285    0.456    0.0285    1.0    1
122    1607336791.2    1607336791.2    0.0    16    0.8805    14.088    0.8805    0    0
123    1607336791.57    1607336791.58    0.010999917984    256    0.6189    158.4384    0.629899917984    1.0    1
124    1607336791.6    1607336791.6    0.00100016593933    64    0.0234    1.4976    0.0244001659393    1.0    1
125    1607336791.74    1607336791.75    0.0150001049042    256    0.0177    4.5312    0.0327001049042    1    2
126    1607336791.81    1607336791.81    0.000999927520752    4    0.6452    2.5808    0.646199927521    0    0
127    1607336791.86    1607336791.86    0.00100016593933    16    0.0285    0.456    0.0295001659393    1.0    1
128    1607336792.02    1607336792.02    0.0019998550415    64    0.4167    26.6688    0.418699855042    1.0    1
129    1607336792.16    1607336792.16    0.0    4    0.0832    0.3328    0.0832    0    0
130    1607336792.26    1607336792.26    0.000999927520752    64    0.0234    1.4976    0.0243999275208    1.0    1
131    1607336792.69    1607336792.69    0.0    4    0.0059    0.0236    0.0059    0    0
132    1607336792.73    1607336792.73    0.00100016593933    16    0.8805    14.088    0.881500165939    0    0
133    1607336793.16    1607336793.16    0.0    16    0.7616    12.1856    0.7616    0    0
134    1607336793.57    1607336793.57    0.00100016593933    64    0.4167    26.6688    0.417700165939    1.0    1
135    1607336793.62    1607336793.63    0.00999999046326    256    0.8    204.8    0.809999990463    1.0    1
136    1607336793.99    1607336793.99    0.0    4    0.0059    0.0236    0.0059    0    0
137    1607336794.09    1607336794.09    0.0    4    1.1283    4.5132    1.1283    0    0
138    1607336794.32    1607336794.32    0.000999927520752    64    0.0125    0.8    0.0134999275208    1.0    1
139    1607336794.68    1607336794.68    0.000999927520752    64    0.1855    11.872    0.186499927521    1.0    1
140    1607336794.85    1607336794.85    0.0    16    0.0429    0.6864    0.0429    0    0
141    1607336794.99    1607336795.0    0.00100016593933    64    0.0055    0.352    0.00650016593933    1.0    1
142    1607336795.1    1607336795.11    0.00500011444092    64    0.0055    0.352    0.0105001144409    1.0    1
143    1607336795.15    1607336795.16    0.010999917984    256    0.0177    4.5312    0.028699917984    1.0    1
144    1607336795.21    1607336795.21    0.0    16    0.8805    14.088    0.8805    0    0
145    1607336795.24    1607336795.24    0.000999927520752    64    0.9446    60.4544    0.945599927521    1.0    1
146    1607336795.28    1607336795.28    0.000999927520752    64    0.0234    1.4976    0.0243999275208    1.0    1
147    1607336795.47    1607336795.47    0.0    16    0.4243    6.7888    0.4243    0    0
148    1607336795.57    1607336795.57    0.0    16    0.7616    12.1856    0.7616    0    0
149    1607336795.67    1607336795.68    0.0130000114441    256    0.4221    108.0576    0.435100011444    1.0    1
150    1607336795.71    1607336795.71    0.000999927520752    4    0.0284    0.1136    0.0293999275208    0    0
151    1607336795.86    1607336795.86    0.0    4    0.0522    0.2088    0.0522    0    0
152    1607336795.9    1607336795.92    0.0199999809265    256    0.4221    108.0576    0.442099980927    1    2
153    1607336795.99    1607336796.0    0.00600004196167    64    0.9446    60.4544    0.950600041962    1.0    1
154    1607336796.22    1607336796.22    0.0    4    0.6452    2.5808    0.6452    0    0
155    1607336796.34    1607336796.34    0.0    4    0.5956    2.3824    0.5956    0    0
156    1607336796.58    1607336796.58    0.0    16    0.4243    6.7888    0.4243    0    0
157    1607336796.64    1607336796.64    0.0    4    0.0059    0.0236    0.0059    0    0
158    1607336796.73    1607336796.73    0.0    4    0.5956    2.3824    0.5956    0    0
159    1607336796.75    1607336796.75    0.0    16    0.0297    0.4752    0.0297    1.0    1
160    1607336796.85    1607336796.85    0.0    4    0.0522    0.2088    0.0522    0    0
161    1607336796.98    1607336796.98    0.000999927520752    64    0.1855    11.872    0.186499927521    1.0    1
162    1607336797.0    1607336797.0    0.0    4    0.5956    2.3824    0.5956    0    0
163    1607336797.2    1607336797.2    0.0    4    0.0522    0.2088    0.0522    0    0
164    1607336797.34    1607336797.34    0.0    16    0.0098    0.1568    0.0098    0    0
165    1607336797.48    1607336797.48    0.000999927520752    64    0.0125    0.8    0.0134999275208    1.0    1
166    1607336797.57    1607336797.57    0.0    4    0.5956    2.3824    0.5956    0    0
167    1607336797.71    1607336797.71    0.0    4    0.6452    2.5808    0.6452    0    0
168    1607336797.73    1607336797.73    0.000999927520752    64    0.4167    26.6688    0.417699927521    1.0    1
169    1607336797.88    1607336797.89    0.0120000839233    256    0.8    204.8    0.812000083923    1.0    1
170    1607336798.07    1607336798.07    0.000999927520752    16    0.0429    0.6864    0.0438999275208    0    0
171    1607336798.28    1607336798.31    0.0369999408722    256    0.7528    192.7168    0.789799940872    1.17777777778    2
172    1607336798.29    1607336798.32    0.0249998569489    16    0.0098    0.1568    0.0347998569489    0    0
173    1607336798.42    1607336798.44    0.0179998874664    256    0.0177    4.5312    0.0356998874664    1.0    1
174    1607336798.48    1607336798.48    0.00300002098083    64    0.0234    1.4976    0.0264000209808    1.0    1
175    1607336798.59    1607336798.6    0.00200009346008    16    0.4243    6.7888    0.42630009346    1.0    1
176    1607336798.6    1607336798.61    0.000999927520752    4    1.1283    4.5132    1.12929992752    0    0
177    1607336798.63    1607336798.65    0.018000125885    256    0.0177    4.5312    0.035700125885    1.0    1
178    1607336798.69    1607336798.69    0.00300002098083    64    0.9446    60.4544    0.947600020981    1.0    1
179    1607336798.88    1607336798.9    0.0139999389648    256    0.7528    192.7168    0.766799938965    1.0    1
180    1607336798.89    1607336798.9    0.0090000629425    4    0.0832    0.3328    0.0922000629425    0    0
181    1607336799.15    1607336799.15    0.0    16    0.7616    12.1856    0.7616    0    0
182    1607336799.43    1607336799.43    0.0    4    0.0059    0.0236    0.0059    0    0
183    1607336799.55    1607336799.55    0.000999927520752    4    0.0832    0.3328    0.0841999275208    0    0
184    1607336799.67    1607336799.68    0.0110001564026    256    0.8    204.8    0.811000156403    1.0    1
185    1607336799.77    1607336799.77    0.000999927520752    4    1.1283    4.5132    1.12929992752    0    0
186    1607336799.92    1607336799.92    0.00300002098083    64    0.0234    1.4976    0.0264000209808    1.0    1
187    1607336800.14    1607336800.14    0.00300002098083    64    0.4167    26.6688    0.419700020981    1.0    1
188    1607336800.41    1607336800.41    0.00200009346008    64    0.9446    60.4544    0.94660009346    1.0    1
189    1607336800.47    1607336800.5    0.0260000228882    256    0.0177    4.5312    0.0437000228882    1    2
190    1607336800.59    1607336800.6    0.00800013542175    256    0.4221    108.0576    0.430100135422    1.0    1
191    1607336800.7    1607336800.72    0.0209999084473    256    0.0177    4.5312    0.0386999084473    1    2
192    1607336800.73    1607336800.73    0.00299978256226    64    0.1855    11.872    0.188499782562    1.0    1
193    1607336800.79    1607336800.79    0.0    16    0.8805    14.088    0.8805    0    0
194    1607336800.97    1607336800.99    0.018000125885    256    0.8    204.8    0.818000125885    1    2
195    1607336801.01    1607336801.01    0.00100016593933    16    0.0297    0.4752    0.0307001659393    0    0
196    1607336801.39    1607336801.39    0.0    64    0.4167    26.6688    0.4167    1.0    1
197    1607336801.47    1607336801.49    0.0160000324249    256    0.4221    108.0576    0.438100032425    1.0    1
198    1607336801.6    1607336801.6    0.0    4    0.0832    0.3328    0.0832    0    0
199    1607336801.69    1607336801.71    0.0160000324249    256    0.4221    108.0576    0.438100032425    1.0    1
200    1607336801.75    1607336801.77    0.0160000324249    256    0.0177    4.5312    0.0337000324249    1    2
201    1607336801.83    1607336801.85    0.0149998664856    256    0.7528    192.7168    0.767799866486    1.17777777778    2
202    1607336802.05    1607336802.05    0.0    4    0.0059    0.0236    0.0059    0    0
203    1607336802.08    1607336802.08    0.000999927520752    64    0.0055    0.352    0.00649992752075    1.0    1
204    1607336802.43    1607336802.43    0.0    64    0.9446    60.4544    0.9446    1.0    1
205    1607336802.48    1607336802.48    0.0    16    0.8805    14.088    0.8805    0    0
206    1607336802.5    1607336802.5    0.000999927520752    16    0.0285    0.456    0.0294999275208    0    0
207    1607336802.61    1607336802.61    0.0    16    0.0429    0.6864    0.0429    0    0
208    1607336802.69    1607336802.7    0.0120000839233    256    0.8    204.8    0.812000083923    1.0    1
209    1607336802.71    1607336802.71    0.000999927520752    16    0.0297    0.4752    0.0306999275208    0    0
210    1607336802.97    1607336802.97    0.00100016593933    16    0.0285    0.456    0.0295001659393    0    0
211    1607336803.02    1607336803.02    0.000999927520752    4    0.0832    0.3328    0.0841999275208    0    0
212    1607336803.29    1607336803.29    0.0    16    0.0098    0.1568    0.0098    0    0
213    1607336803.33    1607336803.33    0.000999927520752    4    0.0284    0.1136    0.0293999275208    0    0
214    1607336803.94    1607336803.95    0.0090000629425    256    0.4221    108.0576    0.431100062943    1.0    1
215    1607336804.07    1607336804.07    0.0    16    0.0297    0.4752    0.0297    0    0
216    1607336804.08    1607336804.1    0.0149998664856    256    0.4221    108.0576    0.437099866486    1    2
217    1607336804.18    1607336804.18    0.00300002098083    64    0.6779    43.3856    0.680900020981    1.0    1
218    1607336804.28    1607336804.29    0.0149998664856    256    0.7528    192.7168    0.767799866486    1.0    1
219    1607336804.49    1607336804.49    0.000999927520752    64    0.0125    0.8    0.0134999275208    1.0    1
220    1607336804.55    1607336804.56    0.0090000629425    256    0.8    204.8    0.809000062943    1.0    1
221    1607336804.57    1607336804.57    0.0    4    0.0522    0.2088    0.0522    0    0
222    1607336804.87    1607336804.87    0.00100016593933    4    0.0522    0.2088    0.0532001659393    0    0
223    1607336805.0    1607336805.0    0.0    16    0.0285    0.456    0.0285    0    0
224    1607336805.08    1607336805.1    0.0139999389648    256    0.4221    108.0576    0.436099938965    1    2
225    1607336805.16    1607336805.16    0.000999927520752    4    0.0059    0.0236    0.00689992752075    0    0
226    1607336805.35    1607336805.37    0.0220000743866    256    0.8    204.8    0.822000074387    1.0    1
227    1607336805.59    1607336805.59    0.0    4    0.0832    0.3328    0.0832    0    0
228    1607336805.8    1607336805.8    0.000999927520752    64    0.6779    43.3856    0.678899927521    1.0    1
229    1607336805.96    1607336805.97    0.00999999046326    256    0.0177    4.5312    0.0276999904633    1.0    1
230    1607336805.99    1607336806.0    0.00399994850159    16    0.8805    14.088    0.884499948502    0    0
231    1607336806.26    1607336806.26    0.000999927520752    64    0.0234    1.4976    0.0243999275208    1.0    1
232    1607336806.39    1607336806.39    0.0    16    0.0429    0.6864    0.0429    0    0
233    1607336806.42    1607336806.42    0.0    16    0.0429    0.6864    0.0429    0    0
234    1607336806.52    1607336806.52    0.0    64    0.0055    0.352    0.0055    1.0    1
235    1607336806.55    1607336806.56    0.00999999046326    256    0.6189    158.4384    0.628899990463    1.0    1
236    1607336806.66    1607336806.66    0.00100016593933    16    0.4243    6.7888    0.425300165939    0    0
237    1607336806.87    1607336806.87    0.000999927520752    4    0.6452    2.5808    0.646199927521    0    0
238    1607336806.91    1607336806.91    0.00300002098083    64    0.9446    60.4544    0.947600020981    1.0    1
239    1607336807.11    1607336807.12    0.000999927520752    16    0.0098    0.1568    0.0107999275208    0    0
240    1607336807.29    1607336807.29    0.000999927520752    64    0.4167    26.6688    0.417699927521    1.0    1
241    1607336807.45    1607336807.45    0.0    16    0.7616    12.1856    0.7616    0    0
242    1607336807.53    1607336807.53    0.0    16    0.7616    12.1856    0.7616    0    0
243    1607336807.68    1607336807.68    0.0    16    0.8805    14.088    0.8805    0    0
244    1607336807.85    1607336807.86    0.0130000114441    256    0.4221    108.0576    0.435100011444    1.0    1
245    1607336808.11    1607336808.11    0.0    16    0.0429    0.6864    0.0429    0    0
246    1607336808.17    1607336808.17    0.0    16    0.0429    0.6864    0.0429    0    0
247    1607336808.19    1607336808.19    0.0    64    0.0055    0.352    0.0055    1.0    1
248    1607336808.28    1607336808.28    0.000999927520752    4    1.1283    4.5132    1.12929992752    0    0
249    1607336808.32    1607336808.33    0.00999999046326    256    0.8    204.8    0.809999990463    1.0    1
250    1607336808.38    1607336808.38    0.000999927520752    16    0.0098    0.1568    0.0107999275208    1.0    1
251    1607336808.69    1607336808.69    0.0    16    0.4243    6.7888    0.4243    0    0
252    1607336808.91    1607336808.93    0.0149998664856    256    0.4221    108.0576    0.437099866486    1    2
253    1607336809.13    1607336809.13    0.0    4    1.1283    4.5132    1.1283    0    0
254    1607336809.18    1607336809.18    0.0    16    0.0285    0.456    0.0285    0    0
255    1607336809.31    1607336809.31    0.0    64    0.0125    0.8    0.0125    1.0    1
256    1607336809.51    1607336809.51    0.0    64    0.0234    1.4976    0.0234    1.0    1
257    1607336809.63    1607336809.63    0.0019998550415    64    0.0055    0.352    0.0074998550415    1.0    1
258    1607336809.65    1607336809.67    0.0169999599457    256    0.7528    192.7168    0.769799959946    1.0    1
259    1607336809.7    1607336809.7    0.0    16    0.8805    14.088    0.8805    0    0
260    1607336809.95    1607336809.96    0.00699996948242    64    0.0055    0.352    0.0124999694824    1.0    1
261    1607336809.99    1607336809.99    0.00200009346008    64    0.0125    0.8    0.0145000934601    1.0    1
262    1607336810.12    1607336810.12    0.00100016593933    16    0.0297    0.4752    0.0307001659393    1.0    1
263    1607336810.33    1607336810.33    0.0    4    1.1283    4.5132    1.1283    0    0
264    1607336810.4    1607336810.41    0.0160000324249    256    0.0057    1.4592    0.0217000324249    1    2
265    1607336810.43    1607336810.45    0.021999835968    256    0.6189    158.4384    0.640899835968    1.0    1
266    1607336810.44    1607336810.45    0.0139999389648    4    0.5956    2.3824    0.609599938965    0    0
267    1607336810.47    1607336810.47    0.000999927520752    16    0.0098    0.1568    0.0107999275208    1.0    1
268    1607336810.64    1607336810.64    0.000999927520752    16    0.4243    6.7888    0.425299927521    0    0
269    1607336810.68    1607336810.68    0.000999927520752    64    0.1855    11.872    0.186499927521    1.0    1
270    1607336810.74    1607336810.76    0.018000125885    256    0.6189    158.4384    0.636900125885    1    2
271    1607336810.75    1607336810.76    0.010999917984    64    0.6779    43.3856    0.688899917984    1.0    1
272    1607336811.0    1607336811.01    0.00400018692017    4    0.6452    2.5808    0.64920018692    0    0
273    1607336811.04    1607336811.04    0.000999927520752    4    0.0284    0.1136    0.0293999275208    0    0
274    1607336811.06    1607336811.06    0.00100016593933    4    0.0522    0.2088    0.0532001659393    0    0
275    1607336811.22    1607336811.22    0.0    4    1.1283    4.5132    1.1283    0    0
276    1607336811.72    1607336811.72    0.0    4    0.0284    0.1136    0.0284    0    0
277    1607336811.79    1607336811.81    0.0130000114441    256    0.6189    158.4384    0.631900011444    1.0    1
278    1607336811.8    1607336811.81    0.00500011444092    16    0.7616    12.1856    0.766600114441    0    0
279    1607336811.85    1607336811.86    0.000999927520752    4    0.0522    0.2088    0.0531999275208    0    0
280    1607336812.34    1607336812.34    0.000999927520752    16    0.0429    0.6864    0.0438999275208    1.0    1
281    1607336812.37    1607336812.38    0.00200009346008    64    0.0055    0.352    0.00750009346008    1.0    1
282    1607336812.66    1607336812.66    0.000999927520752    16    0.8805    14.088    0.881499927521    0    0
283    1607336812.73    1607336812.74    0.010999917984    256    0.0177    4.5312    0.028699917984    1.0    1
284    1607336812.83    1607336812.84    0.0150001049042    256    0.6189    158.4384    0.633900104904    1.0    1
285    1607336812.91    1607336812.91    0.000999927520752    16    0.0285    0.456    0.0294999275208    0    0
286    1607336812.94    1607336812.94    0.00100016593933    16    0.0429    0.6864    0.0439001659393    0    0
287    1607336813.04    1607336813.04    0.00100016593933    64    0.6779    43.3856    0.678900165939    1.0    1
288    1607336813.16    1607336813.16    0.00200009346008    64    0.1855    11.872    0.18750009346    1.0    1
289    1607336813.35    1607336813.37    0.0190000534058    256    0.8    204.8    0.819000053406    1    2
290    1607336813.82    1607336813.82    0.0    64    0.4167    26.6688    0.4167    1.0    1
291    1607336814.17    1607336814.17    0.00300002098083    64    0.0125    0.8    0.0155000209808    1.0    1
292    1607336814.54    1607336814.55    0.00999999046326    256    0.0177    4.5312    0.0276999904633    1.0    1
293    1607336814.55    1607336814.56    0.00300002098083    4    0.0059    0.0236    0.00890002098083    0    0
294    1607336814.56    1607336814.56    0.000999927520752    4    0.0284    0.1136    0.0293999275208    0    0
295    1607336814.75    1607336814.75    0.0    64    0.0125    0.8    0.0125    1.0    1
296    1607336814.85    1607336814.85    0.000999927520752    64    0.0234    1.4976    0.0243999275208    1.0    1
297    1607336814.85    1607336814.86    0.010999917984    256    0.7528    192.7168    0.763799917984    1.0    1
298    1607336814.91    1607336814.92    0.000999927520752    64    0.4167    26.6688    0.417699927521    1.0    1
299    1607336814.92    1607336814.92    0.000999927520752    16    0.0285    0.456    0.0294999275208    0    0
300    1607336814.94    1607336814.94    0.000999927520752    64    0.0234    1.4976    0.0243999275208    1.0    1
301    1607336815.09    1607336815.09    0.000999927520752    16    0.4243    6.7888    0.425299927521    0    0
302    1607336815.09    1607336815.09    0.00200009346008    4    0.5956    2.3824    0.59760009346    0    0
303    1607336815.48    1607336815.48    0.0    16    0.0098    0.1568    0.0098    0    0
304    1607336815.53    1607336815.53    0.0    64    0.4167    26.6688    0.4167    1.0    1
305    1607336815.57    1607336815.57    0.000999927520752    16    0.8805    14.088    0.881499927521    0    0
306    1607336815.66    1607336815.67    0.00999999046326    256    0.0057    1.4592    0.0156999904633    1.0    1
307    1607336815.86    1607336815.86    0.00100016593933    4    0.0832    0.3328    0.0842001659393    0    0
308    1607336816.68    1607336816.68    0.0    4    1.1283    4.5132    1.1283    0    0
309    1607336816.75    1607336816.76    0.0110001564026    256    0.6189    158.4384    0.629900156403    1.0    1
310    1607336816.98    1607336817.0    0.0160000324249    256    0.4221    108.0576    0.438100032425    1    2
311    1607336817.07    1607336817.07    0.000999927520752    16    0.8805    14.088    0.881499927521    0    0
312    1607336817.11    1607336817.13    0.0160000324249    256    0.8    204.8    0.816000032425    1.0    1
313    1607336817.26    1607336817.26    0.0019998550415    64    0.0125    0.8    0.0144998550415    1.0    1
314    1607336817.51    1607336817.52    0.00100016593933    16    0.4243    6.7888    0.425300165939    0    0
315    1607336817.73    1607336817.73    0.000999927520752    16    0.0285    0.456    0.0294999275208    1.0    1
316    1607336817.76    1607336817.76    0.000999927520752    16    0.0098    0.1568    0.0107999275208    0    0
317    1607336817.84    1607336817.84    0.0    64    0.6779    43.3856    0.6779    1.0    1
318    1607336817.9    1607336817.92    0.0129997730255    256    0.7528    192.7168    0.765799773026    1.0    1
319    1607336817.92    1607336817.92    0.00200009346008    4    0.5956    2.3824    0.59760009346    0    0
320    1607336817.97    1607336817.97    0.0    4    0.0832    0.3328    0.0832    0    0
321    1607336817.98    1607336818.0    0.0209999084473    256    0.7528    192.7168    0.773799908447    1.17777777778    2
322    1607336818.29    1607336818.29    0.00200009346008    16    0.4243    6.7888    0.42630009346    1.0    1
323    1607336818.48    1607336818.48    0.000999927520752    4    0.0522    0.2088    0.0531999275208    0    0
324    1607336818.53    1607336818.56    0.029000043869    256    0.0177    4.5312    0.046700043869    1.0    1
325    1607336818.75    1607336818.75    0.0    16    0.4243    6.7888    0.4243    0    0
326    1607336818.92    1607336818.93    0.00100016593933    64    0.6779    43.3856    0.678900165939    1.0    1
327    1607336819.07    1607336819.08    0.0120000839233    256    0.7528    192.7168    0.764800083923    1.0    1
328    1607336819.17    1607336819.17    0.00100016593933    4    0.0522    0.2088    0.0532001659393    0    0
329    1607336819.24    1607336819.25    0.0160000324249    256    0.0177    4.5312    0.0337000324249    1.19444444444    2
330    1607336819.34    1607336819.34    0.0    4    0.0059    0.0236    0.0059    0    0
331    1607336819.62    1607336819.62    0.0    4    0.5956    2.3824    0.5956    0    0
332    1607336819.7    1607336819.71    0.00100016593933    64    0.6779    43.3856    0.678900165939    1.0    1
333    1607336819.71    1607336819.71    0.00200009346008    16    0.0285    0.456    0.0305000934601    1.0    1
334    1607336819.85    1607336819.85    0.00300002098083    16    0.8805    14.088    0.883500020981    0    0
335    1607336819.85    1607336819.85    0.000999927520752    16    0.7616    12.1856    0.762599927521    1.0    1
336    1607336819.88    1607336819.89    0.0130000114441    256    0.6189    158.4384    0.631900011444    1.0    1
337    1607336819.92    1607336819.92    0.00100016593933    16    0.0297    0.4752    0.0307001659393    0    0
338    1607336819.99    1607336819.99    0.0019998550415    64    0.6779    43.3856    0.679899855042    1.0    1
339    1607336820.27    1607336820.27    0.0    4    0.0059    0.0236    0.0059    0    0
340    1607336820.29    1607336820.29    0.0    4    0.0832    0.3328    0.0832    0    0
341    1607336820.45    1607336820.45    0.0    4    0.5956    2.3824    0.5956    0    0
342    1607336820.65    1607336820.65    0.0    16    0.8805    14.088    0.8805    0    0
343    1607336820.81    1607336820.81    0.0    16    0.0297    0.4752    0.0297    1.0    1
344    1607336821.0    1607336821.0    0.0    4    0.0284    0.1136    0.0284    0    0
345    1607336821.18    1607336821.18    0.0    4    0.0284    0.1136    0.0284    0    0
346    1607336821.42    1607336821.42    0.0    4    0.0059    0.0236    0.0059    0    0
347    1607336821.53    1607336821.53    0.0    4    0.0059    0.0236    0.0059    0    0
348    1607336821.72    1607336821.72    0.0    64    0.0234    1.4976    0.0234    1.0    1
349    1607336821.85    1607336821.85    0.0    64    0.4167    26.6688    0.4167    1.0    1
350    1607336822.06    1607336822.06    0.0    4    0.5956    2.3824    0.5956    0    0
351    1607336822.06    1607336822.06    0.0    4    0.0832    0.3328    0.0832    0    0
352    1607336822.16    1607336822.16    0.000999927520752    64    0.1855    11.872    0.186499927521    1.0    1
353    1607336822.68    1607336822.68    0.000999927520752    16    0.0297    0.4752    0.0306999275208    0    0
354    1607336822.75    1607336822.75    0.0    16    0.0098    0.1568    0.0098    0    0
355    1607336822.83    1607336822.83    0.0    4    0.0522    0.2088    0.0522    0    0
356    1607336822.89    1607336822.89    0.0    4    0.6452    2.5808    0.6452    0    0
357    1607336822.96    1607336822.97    0.0119998455048    256    0.6189    158.4384    0.630899845505    1.0    1
358    1607336823.1    1607336823.1    0.00100016593933    16    0.0297    0.4752    0.0307001659393    0    0
359    1607336823.15    1607336823.15    0.0019998550415    64    0.0055    0.352    0.0074998550415    1.0    1
360    1607336823.2    1607336823.2    0.00100016593933    16    0.0098    0.1568    0.0108001659393    0    0
361    1607336823.21    1607336823.21    0.0    16    0.0297    0.4752    0.0297    0    0
362    1607336823.46    1607336823.46    0.00200009346008    64    0.0234    1.4976    0.0254000934601    1.0    1
363    1607336823.47    1607336823.47    0.000999927520752    4    0.0284    0.1136    0.0293999275208    0    0
364    1607336823.51    1607336823.51    0.0    16    0.4243    6.7888    0.4243    0    0
365    1607336823.82    1607336823.82    0.0    4    0.6452    2.5808    0.6452    0    0
366    1607336824.23    1607336824.23    0.0    4    0.5956    2.3824    0.5956    0    0
367    1607336824.34    1607336824.34    0.000999927520752    64    0.4167    26.6688    0.417699927521    1.0    1
368    1607336824.37    1607336824.37    0.0    16    0.0429    0.6864    0.0429    0    0
369    1607336824.41    1607336824.43    0.0120000839233    256    0.4221    108.0576    0.434100083923    1.0    1
370    1607336824.55    1607336824.56    0.00400018692017    64    0.0234    1.4976    0.0274001869202    1.0    1
371    1607336824.76    1607336824.76    0.000999927520752    64    0.6779    43.3856    0.678899927521    1.0    1
372    1607336824.79    1607336824.79    0.000999927520752    4    0.0284    0.1136    0.0293999275208    0    0
373    1607336824.9    1607336824.9    0.000999927520752    64    0.9446    60.4544    0.945599927521    1.0    1
374    1607336824.93    1607336824.94    0.0120000839233    256    0.8    204.8    0.812000083923    1.0    1
375    1607336825.47    1607336825.47    0.000999927520752    64    0.0125    0.8    0.0134999275208    1.0    1
376    1607336825.87    1607336825.87    0.000999927520752    4    0.0522    0.2088    0.0531999275208    0    0
377    1607336826.01    1607336826.02    0.0090000629425    256    0.0057    1.4592    0.0147000629425    1.0    1
378    1607336826.16    1607336826.16    0.0    4    1.1283    4.5132    1.1283    0    0
379    1607336826.19    1607336826.19    0.000999927520752    64    0.6779    43.3856    0.678899927521    1.0    1
380    1607336826.35    1607336826.35    0.0    16    0.0297    0.4752    0.0297    0    0
381    1607336826.7    1607336826.7    0.0    4    0.6452    2.5808    0.6452    0    0
382    1607336827.12    1607336827.12    0.00100016593933    64    0.6779    43.3856    0.678900165939    1.0    1
383    1607336827.45    1607336827.45    0.000999927520752    4    0.6452    2.5808    0.646199927521    0    0
384    1607336827.67    1607336827.67    0.0    4    0.0284    0.1136    0.0284    0    0
385    1607336827.82    1607336827.82    0.0    64    0.6779    43.3856    0.6779    1.0    1
386    1607336827.83    1607336827.83    0.0    4    0.5956    2.3824    0.5956    0    0
387    1607336828.04    1607336828.05    0.0130000114441    256    0.7528    192.7168    0.765800011444    1.0    1
388    1607336828.26    1607336828.27    0.0189998149872    256    0.4221    108.0576    0.441099814987    1.17777777778    2
389    1607336828.36    1607336828.38    0.0209999084473    256    0.4221    108.0576    0.443099908447    1.0    1
390    1607336828.4    1607336828.43    0.029000043869    256    0.0177    4.5312    0.046700043869    1    2
391    1607336829.1    1607336829.1    0.0    4    0.0284    0.1136    0.0284    0    0
392    1607336829.38    1607336829.38    0.0    16    0.8805    14.088    0.8805    0    0
393    1607336829.7    1607336829.7    0.0    64    0.0234    1.4976    0.0234    1.0    1
394    1607336829.79    1607336829.79    0.000999927520752    4    0.5956    2.3824    0.596599927521    0    0
395    1607336829.8    1607336829.8    0.000999927520752    64    0.4167    26.6688    0.417699927521    1.0    1
396    1607336829.81    1607336829.81    0.000999927520752    64    0.0234    1.4976    0.0243999275208    1.0    1
397    1607336829.82    1607336829.82    0.0    16    0.0098    0.1568    0.0098    1.0    1
398    1607336830.13    1607336830.14    0.0150001049042    256    0.0057    1.4592    0.0207001049042    1.0    1
399    1607336830.17    1607336830.17    0.0    4    0.0059    0.0236    0.0059    0    0
400    1607336830.26    1607336830.26    0.0    16    0.0429    0.6864    0.0429    1.0    1
401    1607336830.29    1607336830.3    0.0100002288818    256    0.7528    192.7168    0.762800228882    1.0    1
402    1607336830.39    1607336830.41    0.0139999389648    256    0.0177    4.5312    0.0316999389648    1.17777777778    2
403    1607336830.49    1607336830.49    0.0    4    0.5956    2.3824    0.5956    0    0
404    1607336830.56    1607336830.58    0.0190000534058    256    0.0057    1.4592    0.0247000534058    1.16363636364    2
405    1607336830.73    1607336830.73    0.00300002098083    64    0.0055    0.352    0.00850002098083    1.0    1
406    1607336830.82    1607336830.84    0.0189998149872    256    0.0177    4.5312    0.0366998149872    1.16363636364    2
407    1607336831.05    1607336831.05    0.000999927520752    16    0.0285    0.456    0.0294999275208    1.0    1
408    1607336831.38    1607336831.38    0.0    16    0.4243    6.7888    0.4243    0    0
409    1607336831.39    1607336831.39    0.0    4    1.1283    4.5132    1.1283    0    0
410    1607336831.65    1607336831.65    0.0    16    0.7616    12.1856    0.7616    1.0    1
411    1607336831.69    1607336831.69    0.0    4    1.1283    4.5132    1.1283    0    0
412    1607336831.78    1607336831.78    0.000999927520752    64    0.0055    0.352    0.00649992752075    1.0    1
413    1607336831.78    1607336831.78    0.00200009346008    16    0.0285    0.456    0.0305000934601    0    0
414    1607336831.96    1607336831.96    0.0    4    1.1283    4.5132    1.1283    0    0
415    1607336832.05    1607336832.05    0.000999927520752    64    0.0055    0.352    0.00649992752075    1.0    1
416    1607336832.18    1607336832.18    0.0    16    0.7616    12.1856    0.7616    1.0    1
417    1607336832.18    1607336832.18    0.0    4    1.1283    4.5132    1.1283    0    0
418    1607336832.2    1607336832.27    0.0659999847412    256    0.0177    4.5312    0.0836999847412    1.0    1
419    1607336832.44    1607336832.45    0.010999917984    256    0.7528    192.7168    0.763799917984    1.0    1
420    1607336832.49    1607336832.49    0.000999927520752    64    0.1855    11.872    0.186499927521    1.0    1
421    1607336832.74    1607336832.74    0.0019998550415    64    0.0055    0.352    0.0074998550415    1.0    1
422    1607336832.78    1607336832.8    0.0160000324249    256    0.0177    4.5312    0.0337000324249    1.19444444444    2
423    1607336832.86    1607336832.88    0.0150001049042    256    0.4221    108.0576    0.437100104904    1.17777777778    2
424    1607336832.88    1607336832.89    0.000999927520752    16    0.0285    0.456    0.0294999275208    1.0    1
425    1607336833.36    1607336833.36    0.0    16    0.8805    14.088    0.8805    0    0
426    1607336833.47    1607336833.47    0.0    64    0.6779    43.3856    0.6779    1.0    1
427    1607336833.81    1607336833.81    0.0    4    0.0284    0.1136    0.0284    0    0
428    1607336833.91    1607336833.91    0.000999927520752    4    0.6452    2.5808    0.646199927521    0    0
429    1607336833.94    1607336833.96    0.0139999389648    256    0.7528    192.7168    0.766799938965    1.0    1
430    1607336833.95    1607336833.98    0.0250000953674    256    0.8    204.8    0.825000095367    1    2
431    1607336834.4    1607336834.44    0.039999961853    256    0.8    204.8    0.839999961853    1.0    1
432    1607336834.64    1607336834.66    0.0189998149872    256    0.8    204.8    0.818999814987    1.0    1
433    1607336835.49    1607336835.5    0.00800013542175    256    0.0177    4.5312    0.0257001354218    1.0    1
434    1607336835.57    1607336835.57    0.000999927520752    64    0.0055    0.352    0.00649992752075    1.0    1
435    1607336835.73    1607336835.73    0.0    16    0.0098    0.1568    0.0098    0    0
436    1607336835.79    1607336835.79    0.0    64    0.4167    26.6688    0.4167    1.0    1
437    1607336836.14    1607336836.14    0.0    16    0.8805    14.088    0.8805    0    0
438    1607336836.33    1607336836.33    0.0    16    0.0098    0.1568    0.0098    0    0
439    1607336836.4    1607336836.4    0.0    4    0.0284    0.1136    0.0284    0    0
440    1607336836.62    1607336836.62    0.0    4    0.6452    2.5808    0.6452    0    0
441    1607336837.02    1607336837.02    0.0    4    0.5956    2.3824    0.5956    0    0
442    1607336837.07    1607336837.07    0.0    16    0.0297    0.4752    0.0297    0    0
443    1607336837.09    1607336837.1    0.0130000114441    256    0.8    204.8    0.813000011444    1.0    1
444    1607336837.09    1607336837.11    0.0160000324249    64    0.0055    0.352    0.0215000324249    1.0    1
445    1607336837.14    1607336837.14    0.0    4    0.0522    0.2088    0.0522    0    0
446    1607336837.16    1607336837.16    0.0    4    0.0059    0.0236    0.0059    0    0
447    1607336837.53    1607336837.53    0.0    4    0.0522    0.2088    0.0522    0    0
448    1607336837.55    1607336837.55    0.0    4    0.0284    0.1136    0.0284    0    0
449    1607336837.57    1607336837.58    0.0130000114441    64    0.4167    26.6688    0.429700011444    1.0    1
450    1607336837.63    1607336837.65    0.0160000324249    256    0.6189    158.4384    0.634900032425    1.19444444444    2
451    1607336837.63    1607336837.65    0.0179998874664    4    0.0832    0.3328    0.101199887466    0    0
452    1607336837.74    1607336837.75    0.00100016593933    64    0.0055    0.352    0.00650016593933    1.0    1
453    1607336837.8    1607336837.8    0.00100016593933    4    0.5956    2.3824    0.596600165939    0    0
454    1607336837.83    1607336837.83    0.00200009346008    64    0.0055    0.352    0.00750009346008    1.0    1
455    1607336837.89    1607336837.89    0.00200009346008    16    0.8805    14.088    0.88250009346    0    0
456    1607336838.03    1607336838.03    0.000999927520752    64    0.0234    1.4976    0.0243999275208    1.0    1
457    1607336838.27    1607336838.27    0.000999927520752    16    0.7616    12.1856    0.762599927521    0    0
458    1607336838.35    1607336838.35    0.0    16    0.0098    0.1568    0.0098    0    0
459    1607336838.41    1607336838.41    0.0    16    0.8805    14.088    0.8805    0    0
460    1607336838.74    1607336838.74    0.0    16    0.8805    14.088    0.8805    0    0
461    1607336838.82    1607336838.82    0.00100016593933    64    0.9446    60.4544    0.945600165939    1.0    1
462    1607336838.93    1607336838.93    0.0    4    1.1283    4.5132    1.1283    0    0
463    1607336838.95    1607336838.95    0.000999927520752    64    0.0055    0.352    0.00649992752075    1.0    1
464    1607336839.0    1607336839.0    0.0    4    0.0284    0.1136    0.0284    0    0
465    1607336839.57    1607336839.57    0.0    16    0.0098    0.1568    0.0098    0    0
466    1607336839.62    1607336839.62    0.0    4    0.0522    0.2088    0.0522    0    0
467    1607336839.62    1607336839.62    0.000999927520752    16    0.0429    0.6864    0.0438999275208    0    0
468    1607336839.95    1607336839.95    0.0    16    0.7616    12.1856    0.7616    0    0
469    1607336840.09    1607336840.1    0.00999999046326    256    0.7528    192.7168    0.762799990463    1.0    1
470    1607336840.27    1607336840.27    0.0    16    0.4243    6.7888    0.4243    0    0
471    1607336840.4    1607336840.41    0.0130000114441    256    0.8    204.8    0.813000011444    1    2
472    1607336840.45    1607336840.46    0.0150001049042    256    0.8    204.8    0.815000104904    1.0    1
473    1607336840.48    1607336840.48    0.0019998550415    64    0.0234    1.4976    0.0253998550415    1.0    1
474    1607336840.6    1607336840.6    0.00200009346008    16    0.0098    0.1568    0.0118000934601    0    0
475    1607336840.65    1607336840.67    0.0179998874664    256    0.0177    4.5312    0.0356998874664    1.0    1
476    1607336840.88    1607336840.88    0.000999927520752    64    0.0125    0.8    0.0134999275208    1.0    1
477    1607336841.42    1607336841.42    0.0    4    0.0522    0.2088    0.0522    0    0
478    1607336841.74    1607336841.74    0.0    4    0.0284    0.1136    0.0284    0    0
479    1607336841.82    1607336841.82    0.0    64    0.9446    60.4544    0.9446    1.0    1
480    1607336841.89    1607336841.89    0.0    64    0.0125    0.8    0.0125    1.0    1
481    1607336842.04    1607336842.05    0.00999999046326    256    0.4221    108.0576    0.432099990463    1.0    1
482    1607336842.65    1607336842.65    0.0    4    0.0832    0.3328    0.0832    0    0
483    1607336842.79    1607336842.79    0.0    64    0.1855    11.872    0.1855    1.0    1
484    1607336843.14    1607336843.14    0.0    4    0.0284    0.1136    0.0284    0    0
485    1607336843.52    1607336843.53    0.0090000629425    256    0.0177    4.5312    0.0267000629425    1.0    1
486    1607336843.74    1607336843.74    0.000999927520752    64    0.6779    43.3856    0.678899927521    1.0    1
487    1607336844.17    1607336844.17    0.0    64    0.0234    1.4976    0.0234    1.0    1
488    1607336844.19    1607336844.19    0.0    4    0.0284    0.1136    0.0284    0    0
489    1607336844.25    1607336844.26    0.0090000629425    256    0.0057    1.4592    0.0147000629425    1.0    1
490    1607336844.58    1607336844.59    0.00899982452393    256    0.6189    158.4384    0.627899824524    1.0    1
491    1607336844.87    1607336844.87    0.0019998550415    64    0.6779    43.3856    0.679899855042    1.0    1
492    1607336844.98    1607336844.99    0.010999917984    64    0.1855    11.872    0.196499917984    1.0    1
493    1607336845.28    1607336845.3    0.0139999389648    256    0.8    204.8    0.813999938965    1.0    1
494    1607336845.29    1607336845.3    0.010999917984    4    0.5956    2.3824    0.606599917984    0    0
495    1607336845.42    1607336845.42    0.000999927520752    16    0.0285    0.456    0.0294999275208    0    0
496    1607336845.45    1607336845.45    0.000999927520752    16    0.0429    0.6864    0.0438999275208    1.0    1
497    1607336845.48    1607336845.48    0.00100016593933    16    0.4243    6.7888    0.425300165939    0    0
498    1607336845.62    1607336845.63    0.0199999809265    256    0.8    204.8    0.819999980927    1    2
499    1607336845.68    1607336845.68    0.000999927520752    16    0.7616    12.1856    0.762599927521    1.0    1
500    1607336845.83    1607336845.84    0.000999927520752    16    0.7616    12.1856    0.762599927521    0    0
501    1607336846.1    1607336846.12    0.0250000953674    64    0.0125    0.8    0.0375000953674    1.0    1
502    1607336846.22    1607336846.22    0.0    16    0.0098    0.1568    0.0098    0    0
503    1607336846.36    1607336846.36    0.0    4    0.5956    2.3824    0.5956    0    0
504    1607336846.58    1607336846.59    0.0120000839233    256    0.8    204.8    0.812000083923    1.0    1
505    1607336846.69    1607336846.69    0.000999927520752    4    0.5956    2.3824    0.596599927521    0    0
506    1607336846.7    1607336846.7    0.000999927520752    16    0.7616    12.1856    0.762599927521    0    0
507    1607336846.73    1607336846.73    0.000999927520752    16    0.4243    6.7888    0.425299927521    1.0    1
508    1607336847.63    1607336847.63    0.000999927520752    4    0.0284    0.1136    0.0293999275208    0    0
509    1607336848.1    1607336848.1    0.0    4    0.6452    2.5808    0.6452    0    0
510    1607336848.24    1607336848.24    0.00400018692017    64    0.4167    26.6688    0.42070018692    1.0    1
511    1607336848.35    1607336848.35    0.000999927520752    64    0.1855    11.872    0.186499927521    1.0    1
512    1607336848.57    1607336848.57    0.0    4    0.0284    0.1136    0.0284    0    0
513    1607336848.6    1607336848.61    0.0119998455048    256    0.0057    1.4592    0.0176998455048    1.0    1
514    1607336848.69    1607336848.69    0.0    4    0.0832    0.3328    0.0832    0    0
515    1607336848.8    1607336848.81    0.0090000629425    256    0.0057    1.4592    0.0147000629425    1.0    1
516    1607336848.97    1607336848.97    0.00100016593933    16    0.0098    0.1568    0.0108001659393    0    0
517    1607336848.97    1607336848.97    0.000999927520752    4    1.1283    4.5132    1.12929992752    0    0
518    1607336849.12    1607336849.12    0.0    16    0.7616    12.1856    0.7616    0    0
519    1607336849.31    1607336849.31    0.0    4    0.5956    2.3824    0.5956    0    0
520    1607336850.08    1607336850.09    0.010999917984    256    0.7528    192.7168    0.763799917984    1.0    1
521    1607336850.14    1607336850.16    0.0139999389648    256    0.0177    4.5312    0.0316999389648    1.19444444444    2
522    1607336850.24    1607336850.26    0.0149998664856    256    0.0177    4.5312    0.0326998664856    1.19444444444    2
523    1607336850.57    1607336850.57    0.0019998550415    64    0.1855    11.872    0.187499855042    1.0    1
524    1607336851.12    1607336851.12    0.0    4    0.0059    0.0236    0.0059    0    0
525    1607336851.28    1607336851.29    0.0090000629425    256    0.7528    192.7168    0.761800062943    1.0    1
526    1607336851.38    1607336851.39    0.00200009346008    4    0.5956    2.3824    0.59760009346    0    0
527    1607336851.52    1607336851.52    0.000999927520752    4    0.0522    0.2088    0.0531999275208    0    0
528    1607336851.57    1607336851.59    0.0179998874664    256    0.6189    158.4384    0.636899887466    1    2
529    1607336851.59    1607336851.59    0.00300002098083    16    0.8805    14.088    0.883500020981    1.0    1
530    1607336851.72    1607336851.72    0.000999927520752    4    1.1283    4.5132    1.12929992752    0    0
531    1607336851.75    1607336851.75    0.000999927520752    4    0.0284    0.1136    0.0293999275208    0    0
532    1607336851.83    1607336851.83    0.00100016593933    64    0.9446    60.4544    0.945600165939    1.0    1
533    1607336852.14    1607336852.15    0.0090000629425    256    0.0177    4.5312    0.0267000629425    1.0    1
534    1607336852.2    1607336852.2    0.0    4    1.1283    4.5132    1.1283    0    0
535    1607336852.25    1607336852.25    0.000999927520752    64    0.6779    43.3856    0.678899927521    1.0    1
536    1607336852.39    1607336852.39    0.0    16    0.0098    0.1568    0.0098    0    0
537    1607336852.62    1607336852.63    0.0139999389648    256    0.7528    192.7168    0.766799938965    1.0    1
538    1607336852.98    1607336852.98    0.000999927520752    64    0.1855    11.872    0.186499927521    1.0    1
539    1607336853.14    1607336853.15    0.0019998550415    64    0.0234    1.4976    0.0253998550415    1.0    1
540    1607336853.19    1607336853.19    0.0    4    0.0059    0.0236    0.0059    0    0
541    1607336853.19    1607336853.19    0.0    4    0.0284    0.1136    0.0284    0    0
542    1607336853.27    1607336853.27    0.000999927520752    64    0.4167    26.6688    0.417699927521    1.0    1
543    1607336853.5    1607336853.55    0.050999879837    256    0.4221    108.0576    0.473099879837    1.0    1
544    1607336853.54    1607336853.59    0.0450000762939    256    0.7528    192.7168    0.797800076294    1    2
545    1607336853.61    1607336853.63    0.0190000534058    256    0.0057    1.4592    0.0247000534058    1.0    1
546    1607336853.78    1607336853.78    0.0    16    0.7616    12.1856    0.7616    0    0
547    1607336854.19    1607336854.19    0.0    16    0.0285    0.456    0.0285    0    0
548    1607336854.44    1607336854.45    0.010999917984    256    0.0057    1.4592    0.016699917984    1.0    1
549    1607336854.48    1607336854.49    0.0110001564026    256    0.8    204.8    0.811000156403    1.0    1
550    1607336854.51    1607336854.51    0.0    4    0.0832    0.3328    0.0832    0    0
551    1607336854.54    1607336854.55    0.0169999599457    256    0.0057    1.4592    0.0226999599457    1    2
552    1607336854.99    1607336854.99    0.0    4    0.0832    0.3328    0.0832    0    0
553    1607336855.04    1607336855.04    0.0019998550415    16    0.7616    12.1856    0.763599855042    1.0    1
554    1607336855.09    1607336855.09    0.00200009346008    64    0.0055    0.352    0.00750009346008    1.0    1
555    1607336855.17    1607336855.17    0.000999927520752    16    0.0429    0.6864    0.0438999275208    1.0    1
556    1607336855.26    1607336855.27    0.00100016593933    16    0.8805    14.088    0.881500165939    1.0    1
557    1607336855.33    1607336855.33    0.0    4    1.1283    4.5132    1.1283    0    0
558    1607336855.53    1607336855.53    0.0    64    0.1855    11.872    0.1855    1.0    1
559    1607336855.71    1607336855.71    0.0    4    1.1283    4.5132    1.1283    0    0
560    1607336855.78    1607336855.78    0.0    4    0.0284    0.1136    0.0284    0    0
561    1607336855.79    1607336855.79    0.0    16    0.7616    12.1856    0.7616    1.0    1
562    1607336855.82    1607336855.82    0.0    4    0.5956    2.3824    0.5956    0    0
563    1607336855.88    1607336855.88    0.0    4    0.0522    0.2088    0.0522    0    0
564    1607336856.01    1607336856.01    0.0    4    0.0284    0.1136    0.0284    0    0
565    1607336856.56    1607336856.56    0.0    64    0.0055    0.352    0.0055    1.0    1
566    1607336856.65    1607336856.66    0.000999927520752    64    0.0234    1.4976    0.0243999275208    1.0    1
567    1607336856.77    1607336856.77    0.00100016593933    4    0.6452    2.5808    0.646200165939    0    0
568    1607336856.78    1607336856.78    0.0    4    0.0284    0.1136    0.0284    0    0
569    1607336857.27    1607336857.27    0.0    4    0.0284    0.1136    0.0284    0    0
570    1607336857.33    1607336857.34    0.0120000839233    256    0.4221    108.0576    0.434100083923    1.0    1
571    1607336857.35    1607336857.35    0.00100016593933    16    0.0297    0.4752    0.0307001659393    0    0
572    1607336857.52    1607336857.52    0.0    4    0.0522    0.2088    0.0522    0    0
573    1607336857.55    1607336857.55    0.000999927520752    16    0.4243    6.7888    0.425299927521    0    0
574    1607336857.97    1607336857.97    0.0    4    0.0059    0.0236    0.0059    0    0
575    1607336858.1    1607336858.1    0.0    64    0.1855    11.872    0.1855    1.0    1
576    1607336858.13    1607336858.14    0.00999999046326    256    0.0177    4.5312    0.0276999904633    1.0    1
577    1607336858.21    1607336858.21    0.0    16    0.4243    6.7888    0.4243    0    0
578    1607336858.26    1607336858.26    0.0    16    0.0098    0.1568    0.0098    0    0
579    1607336858.46    1607336858.46    0.0    16    0.0098    0.1568    0.0098    0    0
580    1607336858.53    1607336858.53    0.0    16    0.8805    14.088    0.8805    0    0
581    1607336858.56    1607336858.56    0.0    16    0.0098    0.1568    0.0098    0    0
582    1607336858.9    1607336858.9    0.00100016593933    16    0.0297    0.4752    0.0307001659393    0    0
583    1607336858.91    1607336858.92    0.00999999046326    256    0.0057    1.4592    0.0156999904633    1.0    1
584    1607336858.96    1607336858.96    0.0    64    0.0234    1.4976    0.0234    1.0    1
585    1607336859.04    1607336859.04    0.0    4    1.1283    4.5132    1.1283    0    0
586    1607336859.13    1607336859.13    0.0    16    0.0429    0.6864    0.0429    1.0    1
587    1607336859.19    1607336859.21    0.0110001564026    256    0.0177    4.5312    0.0287001564026    1.0    1
588    1607336859.21    1607336859.22    0.00100016593933    16    0.0098    0.1568    0.0108001659393    1.0    1
589    1607336859.29    1607336859.3    0.00999999046326    256    0.6189    158.4384    0.628899990463    1.0    1
590    1607336859.43    1607336859.45    0.0210001468658    256    0.4221    108.0576    0.443100146866    1.17777777778    2
591    1607336859.48    1607336859.48    0.000999927520752    16    0.4243    6.7888    0.425299927521    0    0
592    1607336859.53    1607336859.55    0.0210001468658    256    0.4221    108.0576    0.443100146866    1.0    1
593    1607336859.57    1607336859.58    0.00300002098083    64    0.4167    26.6688    0.419700020981    1.0    1
594    1607336859.68    1607336859.7    0.0209999084473    256    0.4221    108.0576    0.443099908447    1    2
595    1607336859.72    1607336859.73    0.00300002098083    16    0.0098    0.1568    0.0128000209808    1.0    1
596    1607336860.03    1607336860.03    0.000999927520752    64    0.0125    0.8    0.0134999275208    1.0    1
597    1607336860.03    1607336860.03    0.0    16    0.8805    14.088    0.8805    0    0
598    1607336860.1    1607336860.11    0.010999917984    256    0.0177    4.5312    0.028699917984    1.0    1
599    1607336860.25    1607336860.25    0.000999927520752    64    0.6779    43.3856    0.678899927521    1.0    1
600    1607336860.59    1607336860.61    0.0130000114441    256    0.7528    192.7168    0.765800011444    1.0    1
601    1607336860.62    1607336860.62    0.00100016593933    16    0.0429    0.6864    0.0439001659393    0    0
602    1607336860.8    1607336860.8    0.00200009346008    64    0.0234    1.4976    0.0254000934601    1.0    1
603    1607336860.8    1607336860.8    0.00299978256226    4    0.0059    0.0236    0.00889978256226    0    0
604    1607336860.85    1607336860.85    0.00100016593933    16    0.0285    0.456    0.0295001659393    0    0
605    1607336861.18    1607336861.2    0.0220000743866    256    0.7528    192.7168    0.774800074387    1.19444444444    2
606    1607336861.3    1607336861.3    0.00200009346008    64    0.9446    60.4544    0.94660009346    1.0    1
607    1607336861.36    1607336861.36    0.0    64    0.4167    26.6688    0.4167    1.0    1
608    1607336861.46    1607336861.46    0.0    16    0.0429    0.6864    0.0429    0    0
609    1607336861.52    1607336861.52    0.0    4    0.5956    2.3824    0.5956    0    0
610    1607336861.58    1607336861.58    0.0    64    0.0125    0.8    0.0125    1.0    1
611    1607336861.68    1607336861.68    0.0    4    0.6452    2.5808    0.6452    0    0
612    1607336861.83    1607336861.83    0.0    4    1.1283    4.5132    1.1283    0    0
613    1607336861.85    1607336861.88    0.0310001373291    256    0.0057    1.4592    0.0367001373291    1.0    1
614    1607336862.01    1607336862.01    0.0    16    0.0098    0.1568    0.0098    0    0
615    1607336862.12    1607336862.12    0.0    16    0.0098    0.1568    0.0098    0    0
616    1607336862.24    1607336862.24    0.0    16    0.0297    0.4752    0.0297    0    0
617    1607336862.27    1607336862.27    0.0    4    0.0522    0.2088    0.0522    0    0
618    1607336862.36    1607336862.36    0.0    4    0.0284    0.1136    0.0284    0    0
619    1607336862.66    1607336862.66    0.0    4    0.5956    2.3824    0.5956    0    0
620    1607336862.76    1607336862.76    0.000999927520752    64    0.9446    60.4544    0.945599927521    1.0    1
621    1607336862.76    1607336862.77    0.0149998664856    256    0.7528    192.7168    0.767799866486    1.0    1
622    1607336862.82    1607336862.82    0.0019998550415    64    0.0234    1.4976    0.0253998550415    1.0    1
623    1607336862.83    1607336862.83    0.000999927520752    4    0.0284    0.1136    0.0293999275208    0    0
624    1607336862.88    1607336862.89    0.0179998874664    256    0.7528    192.7168    0.770799887466    1    2
625    1607336862.91    1607336862.94    0.0210001468658    256    0.6189    158.4384    0.639900146866    1.0    1
626    1607336862.92    1607336862.94    0.0199999809265    4    1.1283    4.5132    1.14829998093    0    0
627    1607336863.03    1607336863.03    0.00499987602234    64    0.4167    26.6688    0.421699876022    1.0    1
628    1607336863.07    1607336863.08    0.00599980354309    4    0.6452    2.5808    0.651199803543    0    0
629    1607336863.09    1607336863.1    0.00799989700317    16    0.7616    12.1856    0.769599897003    0    0
630    1607336863.15    1607336863.15    0.0019998550415    4    1.1283    4.5132    1.13029985504    0    0
631    1607336863.19    1607336863.21    0.0199999809265    256    0.0057    1.4592    0.0256999809265    1    2
632    1607336863.21    1607336863.22    0.00899982452393    4    0.0832    0.3328    0.0921998245239    0    0
633    1607336863.45    1607336863.45    0.00799989700317    64    0.0125    0.8    0.0204998970032    1.0    1
634    1607336863.75    1607336863.75    0.000999927520752    64    0.4167    26.6688    0.417699927521    1.0    1
635    1607336863.9    1607336863.9    0.000999927520752    64    0.4167    26.6688    0.417699927521    1.0    1
636    1607336864.63    1607336864.64    0.00999999046326    256    0.8    204.8    0.809999990463    1.0    1
637    1607336865.15    1607336865.17    0.0130000114441    256    0.6189    158.4384    0.631900011444    1    2
638    1607336865.27    1607336865.29    0.0150001049042    256    0.6189    158.4384    0.633900104904    1.0    1
639    1607336865.7    1607336865.7    0.0    64    0.4167    26.6688    0.4167    1.0    1
640    1607336865.72    1607336865.72    0.0    16    0.0098    0.1568    0.0098    0    0
641    1607336865.73    1607336865.73    0.000999927520752    64    0.0055    0.352    0.00649992752075    1.0    1
642    1607336865.81    1607336865.81    0.000999927520752    4    0.0832    0.3328    0.0841999275208    0    0
643    1607336865.83    1607336865.84    0.0139999389648    256    0.8    204.8    0.813999938965    1.0    1
644    1607336865.95    1607336865.96    0.0139999389648    256    0.6189    158.4384    0.632899938965    1    2
645    1607336865.99    1607336866.0    0.00100016593933    16    0.7616    12.1856    0.762600165939    0    0
646    1607336866.07    1607336866.07    0.000999927520752    16    0.0297    0.4752    0.0306999275208    0    0
647    1607336866.16    1607336866.19    0.0299999713898    256    0.8    204.8    0.82999997139    1.0    1
648    1607336866.27    1607336866.29    0.0140001773834    64    0.4167    26.6688    0.430700177383    1.0    1
649    1607336866.29    1607336866.34    0.0549998283386    256    0.0177    4.5312    0.0726998283386    1    2
650    1607336866.38    1607336866.38    0.00300002098083    64    0.0125    0.8    0.0155000209808    1.0    1
651    1607336866.47    1607336866.47    0.00299978256226    64    0.9446    60.4544    0.947599782562    1.0    1
652    1607336866.52    1607336866.52    0.00399994850159    64    0.0055    0.352    0.00949994850159    1.0    1
653    1607336866.52    1607336866.53    0.00600004196167    16    0.0297    0.4752    0.0357000419617    0    0
654    1607336866.6    1607336866.6    0.0    4    0.0522    0.2088    0.0522    0    0
655    1607336866.61    1607336866.61    0.000999927520752    4    0.0284    0.1136    0.0293999275208    0    0
656    1607336866.66    1607336866.67    0.00999999046326    256    0.4221    108.0576    0.432099990463    1.0    1
657    1607336866.84    1607336866.84    0.000999927520752    64    0.9446    60.4544    0.945599927521    1.0    1
658    1607336866.9    1607336866.9    0.0    16    0.4243    6.7888    0.4243    0    0
659    1607336866.93    1607336866.94    0.00200009346008    64    0.6779    43.3856    0.67990009346    1    2
660    1607336867.1    1607336867.11    0.0149998664856    256    0.0177    4.5312    0.0326998664856    1.0    1
661    1607336867.24    1607336867.24    0.0    4    0.0284    0.1136    0.0284    0    0
662    1607336867.24    1607336867.24    0.0    4    0.0059    0.0236    0.0059    0    0
663    1607336867.28    1607336867.29    0.00999999046326    256    0.8    204.8    0.809999990463    1.0    1
664    1607336867.35    1607336867.35    0.00300002098083    16    0.0429    0.6864    0.0459000209808    0    0
665    1607336867.51    1607336867.51    0.0    4    0.5956    2.3824    0.5956    0    0
666    1607336867.79    1607336867.81    0.0169999599457    256    0.8    204.8    0.816999959946    1    2
667    1607336867.79    1607336867.81    0.0169999599457    4    0.0284    0.1136    0.0453999599457    0    0
668    1607336868.0    1607336868.0    0.00100016593933    4    0.0522    0.2088    0.0532001659393    0    0
669    1607336868.38    1607336868.38    0.0    64    0.0055    0.352    0.0055    1.0    1
670    1607336868.7    1607336868.71    0.00999999046326    256    0.6189    158.4384    0.628899990463    1.0    1
671    1607336868.9    1607336868.9    0.000999927520752    64    0.4167    26.6688    0.417699927521    1.0    1
672    1607336869.04    1607336869.04    0.000999927520752    16    0.8805    14.088    0.881499927521    0    0
673    1607336869.11    1607336869.11    0.0019998550415    64    0.0055    0.352    0.0074998550415    1.0    1
674    1607336869.16    1607336869.18    0.0160000324249    256    0.0057    1.4592    0.0217000324249    1    2
675    1607336869.59    1607336869.6    0.00999999046326    256    0.0177    4.5312    0.0276999904633    1.0    1
676    1607336869.6    1607336869.61    0.00499987602234    4    0.0522    0.2088    0.0571998760223    0    0
677    1607336869.62    1607336869.64    0.0160000324249    256    0.0177    4.5312    0.0337000324249    1.0    1
678    1607336870.03    1607336870.04    0.0139999389648    256    0.0057    1.4592    0.0196999389648    1.0    1
679    1607336870.76    1607336870.76    0.0    64    0.9446    60.4544    0.9446    1.0    1
680    1607336870.78    1607336870.78    0.0    16    0.0429    0.6864    0.0429    0    0
681    1607336870.82    1607336870.83    0.0130000114441    256    0.4221    108.0576    0.435100011444    1.0    1
682    1607336870.84    1607336870.84    0.0    16    0.0429    0.6864    0.0429    0    0
683    1607336870.92    1607336870.92    0.00300002098083    64    0.0055    0.352    0.00850002098083    1.0    1
684    1607336871.19    1607336871.19    0.00300002098083    64    0.4167    26.6688    0.419700020981    1.0    1
685    1607336871.2    1607336871.2    0.000999927520752    16    0.8805    14.088    0.881499927521    0    0
686    1607336871.49    1607336871.49    0.00100016593933    64    0.0125    0.8    0.0135001659393    1.0    1
687    1607336871.5    1607336871.5    0.000999927520752    64    0.6779    43.3856    0.678899927521    1.0    1
688    1607336871.58    1607336871.58    0.000999927520752    4    0.0059    0.0236    0.00689992752075    0    0
689    1607336871.6    1607336871.61    0.000999927520752    4    1.1283    4.5132    1.12929992752    0    0
690    1607336871.79    1607336871.79    0.000999927520752    64    0.0234    1.4976    0.0243999275208    1.0    1
691    1607336871.85    1607336871.87    0.0239999294281    256    0.4221    108.0576    0.446099929428    1.0    1
692    1607336872.13    1607336872.15    0.0199999809265    256    0.7528    192.7168    0.772799980927    1    2
693    1607336872.41    1607336872.41    0.000999927520752    64    0.9446    60.4544    0.945599927521    1.0    1
694    1607336872.55    1607336872.55    0.0    4    0.0059    0.0236    0.0059    0    0
695    1607336872.56    1607336872.56    0.0    16    0.0285    0.456    0.0285    0    0
696    1607336872.62    1607336872.62    0.0    16    0.7616    12.1856    0.7616    0    0
697    1607336872.67    1607336872.74    0.0729999542236    256    0.8    204.8    0.872999954224    1.0    1
698    1607336872.71    1607336872.75    0.039999961853    16    0.7616    12.1856    0.801599961853    1.0    1
699    1607336873.04    1607336873.04    0.000999927520752    16    0.0285    0.456    0.0294999275208    0    0

dispatched jobs are: 700 out of 700
average queue time is: 0.104798566954
fso links are used for 0 times
overall utilization is 0.0546954807606
average response time is 0.463060995526
average weighted response time is 0.70058100296
average slowdown is 1.02665640248
cpu_request: 56296, cpu_run: 56296
ssd_request: 26518, ssd_run: 0
gpu_request: 27175, gpu_run: 0
cpu aspl: 1.00754375713
cpu diameter: 1.14600550964
job x: 0.0
job y: 0.0
job z: 0.0
