#timestep  occupied-CPU  total-CPU  utilization  queuingjobs
1    64    4096    0.015625    0
2    0    4096    0.0    0
3    4    4096    0.0009765625    0
4    0    4096    0.0    0
5    16    4096    0.00390625    1
6    0    4096    0.0    0
7    0    4096    0.0    0
8    0    4096    0.0    0
9    0    4096    0.0    0
10    0    4096    0.0    0
11    0    4096    0.0    0
12    16    4096    0.00390625    0
13    84    4096    0.0205078125    0
14    0    4096    0.0    0
15    260    4096    0.0634765625    0
16    0    4096    0.0    0
17    16    4096    0.00390625    0
18    320    4096    0.078125    0
19    0    4096    0.0    1
20    72    4096    0.017578125    0
21    0    4096    0.0    0
22    64    4096    0.015625    0
23    0    4096    0.0    0
24    256    4096    0.0625    0
25    16    4096    0.00390625    0
26    0    4096    0.0    0
27    16    4096    0.00390625    0
28    4    4096    0.0009765625    0
29    0    4096    0.0    0
30    832    4096    0.203125    0
31    272    4096    0.06640625    0
32    64    4096    0.015625    0
33    0    4096    0.0    0
34    8    4096    0.001953125    0
35    4    4096    0.0009765625    0
36    0    4096    0.0    0
37    0    4096    0.0    0
38    64    4096    0.015625    0
39    516    4096    0.1259765625    0
40    4    4096    0.0009765625    0
41    24    4096    0.005859375    0
42    256    4096    0.0625    0
43    0    4096    0.0    0
44    4    4096    0.0009765625    0
45    0    4096    0.0    0
46    280    4096    0.068359375    0
47    0    4096    0.0    0
48    0    4096    0.0    0
49    0    4096    0.0    0
50    0    4096    0.0    1
51    256    4096    0.0625    0
52    512    4096    0.125    0
53    0    4096    0.0    0
54    0    4096    0.0    0
55    532    4096    0.1298828125    0
56    0    4096    0.0    0
57    64    4096    0.015625    0
58    16    4096    0.00390625    0
59    0    4096    0.0    0
60    0    4096    0.0    0
61    276    4096    0.0673828125    0
62    0    4096    0.0    0
63    0    4096    0.0    0
64    0    4096    0.0    0
65    256    4096    0.0625    0
66    0    4096    0.0    0
67    0    4096    0.0    0
68    260    4096    0.0634765625    0
69    4    4096    0.0009765625    0
70    16    4096    0.00390625    0
71    4    4096    0.0009765625    0
72    256    4096    0.0625    0
73    4    4096    0.0009765625    0
74    0    4096    0.0    0
75    0    4096    0.0    0
76    288    4096    0.0703125    0
77    0    4096    0.0    0
78    16    4096    0.00390625    0
79    260    4096    0.0634765625    0
80    80    4096    0.01953125    0
81    256    4096    0.0625    0
82    516    4096    0.1259765625    0
83    0    4096    0.0    0

average cpu utilization is: 0.0217902861446
average ssd utilization is: 1.0
average gpu utilization is: 1.0
average utilization is: 0.673930095382
average queuing jobs are: 0.0361445783133
maximum queuing jobs are: 1


#job_number  submit  dispatch  queue  cpu#  runtime  weight  response(turnaround)  cpu_aspl  cpu_diameter
0    1607328762.18    1607328848.14    85.9600000381    64    0.0125    0.8    85.9725000381    1.0    1
1    1607328848.56    1607328848.56    0.000999927520752    64    0.0125    0.8    0.0134999275208    1.0    1
2    1607328848.78    1607328848.78    0.0    16    0.0285    0.456    0.0285    0    0
3    1607328849.52    1607328849.53    0.010999917984    256    0.7528    192.7168    0.763799917984    1.0    1
4    1607328850.13    1607328850.13    0.0    4    0.5956    2.3824    0.5956    0    0
5    1607328850.2    1607328850.2    0.00200009346008    64    0.0234    1.4976    0.0254000934601    1.0    1
6    1607328850.8    1607328850.8    0.00100016593933    64    0.1855    11.872    0.186500165939    1.0    1
7    1607328851.46    1607328851.47    0.0090000629425    256    0.6189    158.4384    0.627900062943    1.0    1
8    1607328851.66    1607328851.66    0.000999927520752    16    0.8805    14.088    0.881499927521    0    0
9    1607328852.08    1607328852.08    0.0019998550415    64    0.0125    0.8    0.0144998550415    1.0    1
10    1607328852.5    1607328852.53    0.0250000953674    256    0.4221    108.0576    0.447100095367    1.0    1
11    1607328853.0    1607328853.0    0.0    4    0.0832    0.3328    0.0832    0    0
12    1607328853.36    1607328853.36    0.0    16    0.0098    0.1568    0.0098    0    0
13    1607328855.35    1607328855.35    0.0    4    0.0284    0.1136    0.0284    0    0
14    1607328855.7    1607328855.7    0.0019998550415    64    0.0125    0.8    0.0144998550415    1.0    1
15    1607328856.19    1607328856.2    0.010999917984    256    0.4221    108.0576    0.433099917984    1.0    1
16    1607328856.66    1607328856.67    0.010999917984    256    0.0057    1.4592    0.016699917984    1.0    1
17    1607328857.05    1607328857.05    0.0    4    0.0832    0.3328    0.0832    0    0
18    1607328858.29    1607328858.29    0.000999927520752    64    0.4167    26.6688    0.417699927521    1.0    1
19    1607328858.62    1607328858.62    0.000999927520752    64    0.0055    0.352    0.00649992752075    1.0    1
20    1607328859.78    1607328859.78    0.000999927520752    16    0.7616    12.1856    0.762599927521    0    0
21    1607328859.96    1607328859.96    0.0    4    1.1283    4.5132    1.1283    0    0
22    1607328860.05    1607328860.05    0.000999927520752    64    0.1855    11.872    0.186499927521    1.0    1
23    1607328860.34    1607328860.34    0.0    16    0.0285    0.456    0.0285    1.0    1
24    1607328860.75    1607328860.75    0.0    16    0.8805    14.088    0.8805    0    0
25    1607328860.85    1607328860.85    0.0    64    0.4167    26.6688    0.4167    1.0    1
26    1607328861.11    1607328861.13    0.0130000114441    256    0.0177    4.5312    0.0307000114441    1.0    1
27    1607328861.68    1607328861.68    0.0019998550415    16    0.0429    0.6864    0.0448998550415    0    0
28    1607328862.26    1607328862.26    0.0    4    0.0522    0.2088    0.0522    0    0
29    1607328862.33    1607328862.33    0.000999927520752    64    0.0125    0.8    0.0134999275208    1.0    1
30    1607328862.67    1607328862.68    0.0139999389648    256    0.7528    192.7168    0.766799938965    1.0    1
31    1607328862.68    1607328862.69    0.0119998455048    4    1.1283    4.5132    1.1402998455    0    0
32    1607328863.28    1607328863.28    0.0    4    0.0284    0.1136    0.0284    0    0
33    1607328864.82    1607328864.82    0.0    64    0.0234    1.4976    0.0234    1.0    1
34    1607328864.82    1607328864.82    0.00200009346008    64    0.1855    11.872    0.18750009346    1.0    1
35    1607328864.94    1607328864.94    0.0    16    0.8805    14.088    0.8805    0    0
36    1607328865.17    1607328865.17    0.00100016593933    16    0.0429    0.6864    0.0439001659393    0    0
37    1607328865.97    1607328865.97    0.0    16    0.0429    0.6864    0.0429    0    0
38    1607328865.99    1607328865.99    0.000999927520752    4    0.0059    0.0236    0.00689992752075    0    0
39    1607328866.27    1607328866.28    0.0090000629425    256    0.7528    192.7168    0.761800062943    1.0    1
40    1607328866.34    1607328866.35    0.0019998550415    64    0.9446    60.4544    0.946599855042    1.0    1
41    1607328866.5    1607328866.5    0.00200009346008    64    0.0234    1.4976    0.0254000934601    1.0    1
42    1607328866.55    1607328866.55    0.000999927520752    64    0.0055    0.352    0.00649992752075    1.0    1
43    1607328866.76    1607328866.77    0.0160000324249    256    0.6189    158.4384    0.634900032425    1    2
44    1607328867.25    1607328867.26    0.00999999046326    256    0.0177    4.5312    0.0276999904633    1.0    1
45    1607328867.46    1607328867.46    0.0    4    1.1283    4.5132    1.1283    0    0
46    1607328867.5    1607328867.5    0.00300002098083    64    0.6779    43.3856    0.680900020981    1.0    1
47    1607328868.09    1607328868.09    0.000999927520752    4    0.0284    0.1136    0.0293999275208    0    0
48    1607328868.37    1607328868.37    0.0    4    1.1283    4.5132    1.1283    0    0
49    1607328868.4    1607328868.4    0.000999927520752    64    0.1855    11.872    0.186499927521    1.0    1
50    1607328869.1    1607328869.1    0.000999927520752    4    0.0522    0.2088    0.0531999275208    0    0
51    1607328869.44    1607328869.44    0.000999927520752    64    0.0234    1.4976    0.0243999275208    1.0    1
52    1607328869.69    1607328869.69    0.0    16    0.4243    6.7888    0.4243    0    0
53    1607328869.96    1607328869.96    0.000999927520752    4    0.0059    0.0236    0.00689992752075    0    0
54    1607328870.02    1607328870.02    0.000999927520752    64    0.9446    60.4544    0.945599927521    1.0    1
55    1607328870.81    1607328870.82    0.010999917984    256    0.4221    108.0576    0.433099917984    1.0    1
56    1607328871.49    1607328871.49    0.0    64    0.0055    0.352    0.0055    1.0    1
57    1607328872.53    1607328872.54    0.00999999046326    256    0.4221    108.0576    0.432099990463    1.0    1
58    1607328872.7    1607328872.7    0.000999927520752    4    0.0832    0.3328    0.0841999275208    0    0
59    1607328873.13    1607328873.13    0.0    4    0.0284    0.1136    0.0284    0    0
60    1607328873.18    1607328873.18    0.00100016593933    64    0.4167    26.6688    0.417700165939    1.0    1
61    1607328873.85    1607328873.85    0.00100016593933    16    0.4243    6.7888    0.425300165939    0    0
62    1607328874.31    1607328874.31    0.0    16    0.0098    0.1568    0.0098    0    0
63    1607328875.83    1607328875.83    0.0    16    0.8805    14.088    0.8805    0    0
64    1607328876.27    1607328876.27    0.0    4    0.0522    0.2088    0.0522    0    0
65    1607328876.49    1607328876.49    0.0    64    0.0125    0.8    0.0125    1.0    1
66    1607328876.8    1607328876.8    0.0    4    0.5956    2.3824    0.5956    0    0
67    1607328876.86    1607328876.87    0.000999927520752    64    0.0055    0.352    0.00649992752075    1.0    1
68    1607328877.06    1607328877.06    0.0    4    0.0059    0.0236    0.0059    0    0
69    1607328877.35    1607328877.37    0.0120000839233    256    0.6189    158.4384    0.630900083923    1.0    1
70    1607328877.4    1607328877.4    0.000999927520752    16    0.0297    0.4752    0.0306999275208    1.0    1
71    1607328878.35    1607328878.36    0.0110001564026    256    0.4221    108.0576    0.433100156403    1.0    1
72    1607328878.38    1607328878.38    0.000999927520752    64    0.9446    60.4544    0.945599927521    1.0    1
73    1607328878.63    1607328878.65    0.0169999599457    256    0.8    204.8    0.816999959946    1    2
74    1607328878.88    1607328878.89    0.010999917984    256    0.4221    108.0576    0.433099917984    1.0    1
75    1607328878.89    1607328878.92    0.0309998989105    256    0.6189    158.4384    0.649899898911    1.0    1
76    1607328878.91    1607328878.92    0.0160000324249    4    0.0059    0.0236    0.0219000324249    0    0
77    1607328879.84    1607328879.84    0.0    16    0.8805    14.088    0.8805    0    0
78    1607328879.86    1607328879.87    0.0139999389648    256    0.8    204.8    0.813999938965    1.0    1
79    1607328880.71    1607328880.72    0.0119998455048    256    0.0177    4.5312    0.0296998455048    1.0    1
80    1607328881.11    1607328881.11    0.000999927520752    64    0.4167    26.6688    0.417699927521    1.0    1
81    1607328881.44    1607328881.45    0.00100016593933    16    0.0297    0.4752    0.0307001659393    0    0
82    1607328881.96    1607328881.96    0.0    64    0.0125    0.8    0.0125    1.0    1
83    1607328882.61    1607328882.62    0.00999999046326    256    0.8    204.8    0.809999990463    1.0    1
84    1607328883.32    1607328883.32    0.000999927520752    4    0.5956    2.3824    0.596599927521    0    0
85    1607328883.45    1607328883.45    0.0    4    1.1283    4.5132    1.1283    0    0
86    1607328883.99    1607328883.99    0.0    16    0.0098    0.1568    0.0098    0    0
87    1607328884.28    1607328884.28    0.000999927520752    64    0.0234    1.4976    0.0243999275208    1.0    1
88    1607328884.66    1607328884.67    0.00999999046326    256    0.8    204.8    0.809999990463    1.0    1
89    1607328884.79    1607328884.79    0.0    16    0.0429    0.6864    0.0429    0    0
90    1607328884.8    1607328884.8    0.0    16    0.0297    0.4752    0.0297    0    0
91    1607328885.15    1607328885.15    0.000999927520752    16    0.0285    0.456    0.0294999275208    0    0
92    1607328886.04    1607328886.05    0.00100016593933    4    0.0832    0.3328    0.0842001659393    0    0
93    1607328886.93    1607328886.93    0.000999927520752    64    0.9446    60.4544    0.945599927521    1.0    1
94    1607328887.37    1607328887.37    0.000999927520752    4    0.0832    0.3328    0.0841999275208    0    0
95    1607328888.09    1607328888.11    0.0139999389648    256    0.8    204.8    0.813999938965    1.0    1
96    1607328888.46    1607328888.46    0.000999927520752    4    0.0284    0.1136    0.0293999275208    0    0
97    1607328888.5    1607328888.5    0.000999927520752    4    0.5956    2.3824    0.596599927521    0    0
98    1607328888.54    1607328888.54    0.000999927520752    16    0.0285    0.456    0.0294999275208    0    0
99    1607328888.65    1607328888.67    0.0179998874664    256    0.6189    158.4384    0.636899887466    1    2
100    1607328889.11    1607328889.11    0.0    16    0.7616    12.1856    0.7616    0    0
101    1607328889.46    1607328889.46    0.000999927520752    16    0.0297    0.4752    0.0306999275208    0    0
102    1607328889.91    1607328889.91    0.0    4    1.1283    4.5132    1.1283    0    0
103    1607328890.09    1607328890.1    0.0119998455048    256    0.4221    108.0576    0.434099845505    1.0    1
104    1607328890.37    1607328890.37    0.000999927520752    16    0.0098    0.1568    0.0107999275208    0    0
105    1607328890.66    1607328890.66    0.0    16    0.7616    12.1856    0.7616    0    0
106    1607328890.76    1607328890.76    0.0    4    0.5956    2.3824    0.5956    0    0
107    1607328891.62    1607328891.62    0.000999927520752    16    0.0429    0.6864    0.0438999275208    0    0
108    1607328891.64    1607328891.65    0.010999917984    256    0.7528    192.7168    0.763799917984    1.0    1
109    1607328893.24    1607328893.24    0.0    4    0.0522    0.2088    0.0522    0    0
110    1607328893.64    1607328893.64    0.0    16    0.0098    0.1568    0.0098    0    0
111    1607328893.74    1607328893.74    0.000999927520752    4    0.5956    2.3824    0.596599927521    0    0
112    1607328893.81    1607328893.81    0.000999927520752    16    0.0285    0.456    0.0294999275208    0    0
113    1607328895.63    1607328895.63    0.00100016593933    4    1.1283    4.5132    1.12930016594    0    0
114    1607328896.12    1607328896.12    0.0    4    1.1283    4.5132    1.1283    0    0
115    1607328896.29    1607328896.29    0.000999927520752    16    0.8805    14.088    0.881499927521    0    0
116    1607328896.32    1607328896.33    0.010999917984    256    0.4221    108.0576    0.433099917984    1.0    1
117    1607328896.84    1607328896.84    0.0    4    0.0832    0.3328    0.0832    0    0
118    1607328897.48    1607328897.48    0.000999927520752    16    0.0098    0.1568    0.0107999275208    0    0
119    1607328898.54    1607328898.54    0.00399994850159    64    0.0234    1.4976    0.0273999485016    1.0    1
120    1607328898.97    1607328898.97    0.0    4    0.5956    2.3824    0.5956    0    0
121    1607328900.23    1607328900.23    0.0    16    0.4243    6.7888    0.4243    0    0
122    1607328900.73    1607328900.74    0.0130000114441    256    0.0057    1.4592    0.0187000114441    1.0    1
123    1607328901.2    1607328901.2    0.0    64    0.1855    11.872    0.1855    1.0    1
124    1607328901.46    1607328901.47    0.00999999046326    256    0.6189    158.4384    0.628899990463    1.0    1
125    1607328901.77    1607328901.78    0.00200009346008    16    0.0429    0.6864    0.0449000934601    0    0
126    1607328902.17    1607328902.17    0.000999927520752    64    0.4167    26.6688    0.417699927521    1.0    1
127    1607328902.33    1607328902.33    0.0    4    0.0522    0.2088    0.0522    0    0
128    1607328902.5    1607328902.52    0.0110001564026    256    0.4221    108.0576    0.433100156403    1.0    1
129    1607328902.6    1607328902.63    0.0299999713898    256    0.6189    158.4384    0.64889997139    1.21428571429    2
130    1607328902.89    1607328902.89    0.00200009346008    64    0.0234    1.4976    0.0254000934601    1.0    1
131    1607328903.36    1607328903.36    0.000999927520752    64    0.0234    1.4976    0.0243999275208    1.0    1
132    1607328903.42    1607328903.42    0.0    64    0.0055    0.352    0.0055    1.0    1
133    1607328904.21    1607328904.21    0.00100016593933    16    0.4243    6.7888    0.425300165939    0    0
134    1607328905.36    1607328905.37    0.00899982452393    256    0.7528    192.7168    0.761799824524    1.0    1
135    1607328905.66    1607328905.68    0.0169999599457    256    0.6189    158.4384    0.635899959946    1    2
136    1607328905.96    1607328905.96    0.000999927520752    4    1.1283    4.5132    1.12929992752    0    0
137    1607328906.03    1607328906.04    0.00600004196167    16    0.8805    14.088    0.886500041962    0    0
138    1607328906.52    1607328906.52    0.0    64    0.0125    0.8    0.0125    1.0    1
139    1607328906.95    1607328906.95    0.000999927520752    64    0.0234    1.4976    0.0243999275208    1.0    1
140    1607328907.16    1607328907.16    0.0    16    0.0285    0.456    0.0285    0    0
141    1607328908.17    1607328908.17    0.0    64    0.6779    43.3856    0.6779    1.0    1
142    1607328908.48    1607328908.48    0.0    16    0.8805    14.088    0.8805    0    0
143    1607328908.51    1607328908.51    0.000999927520752    4    0.0522    0.2088    0.0531999275208    0    0
144    1607328909.17    1607328909.17    0.0    16    0.0098    0.1568    0.0098    0    0
145    1607328909.39    1607328909.39    0.0    64    0.0125    0.8    0.0125    1.0    1
146    1607328910.89    1607328910.9    0.00999999046326    256    0.0057    1.4592    0.0156999904633    1.0    1
147    1607328911.96    1607328911.97    0.0090000629425    256    0.0177    4.5312    0.0267000629425    1.0    1
148    1607328912.06    1607328912.07    0.00100016593933    4    0.6452    2.5808    0.646200165939    0    0
149    1607328912.29    1607328912.29    0.000999927520752    16    0.8805    14.088    0.881499927521    0    0
150    1607328912.39    1607328912.4    0.0110001564026    256    0.6189    158.4384    0.629900156403    1.0    1
151    1607328913.26    1607328913.27    0.00899982452393    256    0.0177    4.5312    0.0266998245239    1.0    1
152    1607328914.8    1607328914.8    0.0    64    0.0125    0.8    0.0125    1.0    1
153    1607328915.02    1607328915.03    0.00999999046326    256    0.6189    158.4384    0.628899990463    1.0    1
154    1607328915.54    1607328915.54    0.00200009346008    64    0.0055    0.352    0.00750009346008    1.0    1
155    1607328915.77    1607328915.77    0.0    64    0.0125    0.8    0.0125    1.0    1
156    1607328915.99    1607328916.0    0.0090000629425    256    0.8    204.8    0.809000062943    1.0    1
157    1607328916.22    1607328916.24    0.0160000324249    256    0.4221    108.0576    0.438100032425    1    2
158    1607328917.61    1607328917.61    0.0    4    0.0284    0.1136    0.0284    0    0
159    1607328918.19    1607328918.2    0.00999999046326    256    0.0177    4.5312    0.0276999904633    1.0    1
160    1607328918.4    1607328918.41    0.00999999046326    256    0.0057    1.4592    0.0156999904633    1.0    1
161    1607328918.91    1607328918.91    0.000999927520752    16    0.0297    0.4752    0.0306999275208    0    0
162    1607328919.05    1607328919.05    0.0    64    0.0234    1.4976    0.0234    1.0    1
163    1607328919.58    1607328919.59    0.0090000629425    256    0.6189    158.4384    0.627900062943    1.0    1
164    1607328919.89    1607328919.89    0.000999927520752    4    1.1283    4.5132    1.12929992752    0    0
165    1607328920.17    1607328920.17    0.000999927520752    4    1.1283    4.5132    1.12929992752    0    0
166    1607328921.41    1607328921.42    0.000999927520752    64    0.1855    11.872    0.186499927521    1.0    1
167    1607328921.99    1607328921.99    0.0    16    0.7616    12.1856    0.7616    0    0
168    1607328922.26    1607328922.26    0.0    4    1.1283    4.5132    1.1283    0    0
169    1607328922.85    1607328922.86    0.0120000839233    256    0.0057    1.4592    0.0177000839233    1.0    1
170    1607328922.96    1607328922.96    0.0    16    0.0285    0.456    0.0285    0    0
171    1607328923.09    1607328923.09    0.0    4    0.0059    0.0236    0.0059    0    0
172    1607328923.97    1607328923.97    0.0    4    0.0284    0.1136    0.0284    0    0
173    1607328924.02    1607328924.02    0.0    16    0.0297    0.4752    0.0297    0    0
174    1607328924.18    1607328924.2    0.0130000114441    256    0.4221    108.0576    0.435100011444    1.0    1
175    1607328925.26    1607328925.26    0.0    4    0.5956    2.3824    0.5956    0    0
176    1607328925.38    1607328925.38    0.000999927520752    16    0.0429    0.6864    0.0438999275208    0    0
177    1607328925.55    1607328925.55    0.0    16    0.4243    6.7888    0.4243    0    0
178    1607328925.56    1607328925.56    0.00100016593933    16    0.0297    0.4752    0.0307001659393    1.0    1
179    1607328925.65    1607328925.65    0.0    64    0.1855    11.872    0.1855    1.0    1
180    1607328926.43    1607328926.43    0.00200009346008    64    0.6779    43.3856    0.67990009346    1.0    1
181    1607328927.08    1607328927.09    0.000999927520752    4    0.0522    0.2088    0.0531999275208    0    0
182    1607328927.9    1607328927.9    0.0    16    0.8805    14.088    0.8805    0    0
183    1607328928.18    1607328928.18    0.0019998550415    16    0.4243    6.7888    0.426299855042    0    0
184    1607328928.48    1607328928.49    0.00999999046326    256    0.8    204.8    0.809999990463    1.0    1
185    1607328928.62    1607328928.62    0.0    4    0.0284    0.1136    0.0284    0    0
186    1607328929.08    1607328929.08    0.0    16    0.0285    0.456    0.0285    0    0
187    1607328930.38    1607328930.38    0.0    16    0.8805    14.088    0.8805    0    0
188    1607328930.85    1607328930.85    0.00100016593933    4    0.0522    0.2088    0.0532001659393    0    0
189    1607328931.45    1607328931.45    0.0    4    1.1283    4.5132    1.1283    0    0
190    1607328931.54    1607328931.56    0.0120000839233    256    0.4221    108.0576    0.434100083923    1.0    1
191    1607328932.64    1607328932.64    0.0    16    0.8805    14.088    0.8805    0    0
192    1607328932.76    1607328932.76    0.000999927520752    64    0.6779    43.3856    0.678899927521    1.0    1
193    1607328933.67    1607328933.68    0.00899982452393    256    0.7528    192.7168    0.761799824524    1.0    1
194    1607328933.99    1607328934.0    0.00100016593933    16    0.0098    0.1568    0.0108001659393    0    0
195    1607328934.13    1607328934.17    0.0349998474121    256    0.7528    192.7168    0.787799847412    1    2
196    1607328934.44    1607328934.44    0.000999927520752    4    0.6452    2.5808    0.646199927521    0    0
197    1607328934.61    1607328934.67    0.0589997768402    256    0.4221    108.0576    0.48109977684    1.0    1
198    1607328934.63    1607328934.7    0.0680000782013    256    0.7528    192.7168    0.820800078201    1.0    1
199    1607328935.33    1607328935.33    0.0    16    0.4243    6.7888    0.4243    0    0

dispatched jobs are: 200 out of 200
average queue time is: 0.434204986095
fso links are used for 0 times
overall utilization is 0.0197066215894
average response time is 0.802317486095
average weighted response time is 0.676034753096
average slowdown is 1.0362414946
cpu_request: 16856, cpu_run: 16856
ssd_request: 8852, ssd_run: 0
gpu_request: 8673, gpu_run: 0
cpu aspl: 1.00214285714
cpu diameter: 1.07
job x: 0.0
job y: 0.0
job z: 0.0
