#timestep  occupied-CPU  total-CPU  utilization  queuingjobs
1    0    4096    0.0    0
2    0    4096    0.0    0
3    0    4096    0.0    0
4    0    4096    0.0    0
5    64    4096    0.015625    0
6    0    4096    0.0    0
7    64    4096    0.015625    0
8    0    4096    0.0    0
9    0    4096    0.0    0
10    0    4096    0.0    0
11    4    4096    0.0009765625    0
12    0    4096    0.0    0
13    16    4096    0.00390625    0
14    256    4096    0.0625    0
15    0    4096    0.0    0
16    0    4096    0.0    0
17    256    4096    0.0625    0
18    4    4096    0.0009765625    0
19    64    4096    0.015625    0
20    0    4096    0.0    0
21    4    4096    0.0009765625    0
22    256    4096    0.0625    0
23    320    4096    0.078125    0
24    256    4096    0.0625    0
25    0    4096    0.0    0
26    80    4096    0.01953125    0
27    0    4096    0.0    0
28    16    4096    0.00390625    0
29    0    4096    0.0    0
30    0    4096    0.0    0
31    0    4096    0.0    0
32    16    4096    0.00390625    0
33    0    4096    0.0    0
34    0    4096    0.0    0
35    0    4096    0.0    0
36    0    4096    0.0    0
37    0    4096    0.0    0
38    0    4096    0.0    0
39    0    4096    0.0    0
40    64    4096    0.015625    0
41    0    4096    0.0    0
42    0    4096    0.0    0
43    0    4096    0.0    0
44    68    4096    0.0166015625    0
45    0    4096    0.0    0
46    0    4096    0.0    0
47    0    4096    0.0    0
48    256    4096    0.0625    0
49    4    4096    0.0009765625    0
50    0    4096    0.0    0
51    0    4096    0.0    0
52    256    4096    0.0625    0
53    0    4096    0.0    0
54    0    4096    0.0    0
55    0    4096    0.0    0
56    0    4096    0.0    0
57    0    4096    0.0    0
58    260    4096    0.0634765625    0
59    0    4096    0.0    0
60    0    4096    0.0    0
61    0    4096    0.0    0
62    0    4096    0.0    0
63    256    4096    0.0625    0
64    4    4096    0.0009765625    0
65    4    4096    0.0009765625    0
66    0    4096    0.0    0
67    0    4096    0.0    0
68    0    4096    0.0    0
69    0    4096    0.0    0
70    64    4096    0.015625    0
71    0    4096    0.0    0
72    0    4096    0.0    0
73    0    4096    0.0    0
74    256    4096    0.0625    0
75    0    4096    0.0    0
76    0    4096    0.0    0
77    256    4096    0.0625    0
78    16    4096    0.00390625    0
79    0    4096    0.0    0
80    0    4096    0.0    0

average cpu utilization is: 0.010498046875
average ssd utilization is: 1.0
average gpu utilization is: 1.0
average utilization is: 0.670166015625
average queuing jobs are: 0.0
maximum queuing jobs are: 0


#job_number  submit  dispatch  queue  cpu#  runtime  weight  response(turnaround)  cpu_aspl  cpu_diameter
0    1607327088.24    1607327174.3    86.0500001907    256    0.7528    192.7168    86.8028001907    1.0    1
1    1607327175.42    1607327175.42    0.00100016593933    16    0.7616    12.1856    0.762600165939    0    0
2    1607327177.95    1607327177.95    0.0    64    0.6779    43.3856    0.6779    1.0    1
3    1607327178.25    1607327178.25    0.000999927520752    16    0.0297    0.4752    0.0306999275208    0    0
4    1607327178.51    1607327178.51    0.0    4    0.0522    0.2088    0.0522    0    0
5    1607327178.6    1607327178.61    0.0110001564026    256    0.6189    158.4384    0.629900156403    1.0    1
6    1607327180.32    1607327180.32    0.0    64    0.6779    43.3856    0.6779    1.0    1
7    1607327180.35    1607327180.35    0.0    64    0.0125    0.8    0.0125    1.0    1
8    1607327180.44    1607327180.44    0.00499987602234    256    0.0057    1.4592    0.0106998760223    1.0    1
9    1607327184.35    1607327184.35    0.00300002098083    256    0.0057    1.4592    0.00870002098083    1.0    1
10    1607327184.6    1607327184.6    0.000999927520752    4    0.6452    2.5808    0.646199927521    0    0
11    1607327186.98    1607327186.98    0.0    16    0.0297    0.4752    0.0297    0    0
12    1607327187.21    1607327187.21    0.000999927520752    16    0.4243    6.7888    0.425299927521    0    0
13    1607327187.47    1607327187.47    0.0    4    0.6452    2.5808    0.6452    0    0
14    1607327188.41    1607327188.41    0.00300002098083    256    0.0177    4.5312    0.0207000209808    1.0    1
15    1607327190.05    1607327190.05    0.000999927520752    64    0.1855    11.872    0.186499927521    1.0    1
16    1607327191.5    1607327191.5    0.0019998550415    256    0.8    204.8    0.801999855042    1.0    1
17    1607327191.85    1607327191.85    0.00399994850159    256    0.7528    192.7168    0.756799948502    1.0    1
18    1607327192.0    1607327192.01    0.00600004196167    256    0.0057    1.4592    0.0117000419617    1.0    1
19    1607327192.23    1607327192.23    0.00200009346008    4    1.1283    4.5132    1.13030009346    0    0
20    1607327193.65    1607327193.65    0.0    64    0.4167    26.6688    0.4167    1.0    1
21    1607327195.61    1607327195.61    0.0    4    0.6452    2.5808    0.6452    0    0
22    1607327195.67    1607327195.67    0.0    4    0.0059    0.0236    0.0059    0    0
23    1607327196.73    1607327196.73    0.00100016593933    16    0.0098    0.1568    0.0108001659393    0    0
24    1607327196.84    1607327196.84    0.00200009346008    256    0.8    204.8    0.80200009346    1.0    1
25    1607327197.37    1607327197.37    0.00399994850159    256    0.6189    158.4384    0.622899948502    1.0    1
26    1607327197.68    1607327197.68    0.000999927520752    16    0.0098    0.1568    0.0107999275208    0    0
27    1607327197.93    1607327197.93    0.0    64    0.4167    26.6688    0.4167    1.0    1
28    1607327197.96    1607327197.97    0.00800013542175    256    0.4221    108.0576    0.430100135422    1.0    1
29    1607327198.36    1607327198.36    0.0    64    0.4167    26.6688    0.4167    1.0    1
30    1607327198.65    1607327198.65    0.00399994850159    256    0.6189    158.4384    0.622899948502    1.0    1
31    1607327199.54    1607327199.54    0.0    4    0.0059    0.0236    0.0059    0    0
32    1607327199.87    1607327199.87    0.000999927520752    64    0.0234    1.4976    0.0243999275208    1.0    1
33    1607327200.5    1607327200.5    0.0    4    0.6452    2.5808    0.6452    0    0
34    1607327200.66    1607327200.66    0.0    16    0.7616    12.1856    0.7616    0    0
35    1607327200.66    1607327200.67    0.000999927520752    64    0.9446    60.4544    0.945599927521    1.0    1
36    1607327203.21    1607327203.21    0.0    16    0.7616    12.1856    0.7616    0    0
37    1607327203.46    1607327203.46    0.00100016593933    16    0.0285    0.456    0.0295001659393    0    0
38    1607327204.91    1607327204.91    0.0    4    0.0522    0.2088    0.0522    0    0
39    1607327204.98    1607327204.98    0.0    4    0.0832    0.3328    0.0832    0    0
40    1607327205.01    1607327205.01    0.000999927520752    64    0.1855    11.872    0.186499927521    1.0    1
41    1607327206.19    1607327206.19    0.0    64    0.0055    0.352    0.0055    1.0    1
42    1607327207.31    1607327207.31    0.0    16    0.8805    14.088    0.8805    0    0
43    1607327207.9    1607327207.9    0.0    4    0.0832    0.3328    0.0832    0    0
44    1607327211.54    1607327211.54    0.0    64    0.0234    1.4976    0.0234    1.0    1
45    1607327212.65    1607327212.65    0.000999927520752    64    0.0234    1.4976    0.0243999275208    1.0    1
46    1607327214.38    1607327214.38    0.0    64    0.0234    1.4976    0.0234    1.0    1
47    1607327214.68    1607327214.68    0.0    4    0.0059    0.0236    0.0059    0    0
48    1607327215.56    1607327215.56    0.0    16    0.0429    0.6864    0.0429    0    0
49    1607327216.24    1607327216.24    0.00100016593933    64    0.9446    60.4544    0.945600165939    1.0    1
50    1607327217.63    1607327217.63    0.000999927520752    16    0.8805    14.088    0.881499927521    0    0
51    1607327219.38    1607327219.38    0.000999927520752    64    0.0234    1.4976    0.0243999275208    1.0    1
52    1607327219.54    1607327219.54    0.0    64    0.0234    1.4976    0.0234    1.0    1
53    1607327219.81    1607327219.81    0.0    64    0.9446    60.4544    0.9446    1.0    1
54    1607327220.32    1607327220.32    0.000999927520752    16    0.0285    0.456    0.0294999275208    0    0
55    1607327220.5    1607327220.5    0.0    4    0.6452    2.5808    0.6452    0    0
56    1607327220.65    1607327220.66    0.00200009346008    4    0.0832    0.3328    0.0852000934601    0    0
57    1607327220.85    1607327220.85    0.00100016593933    64    0.0125    0.8    0.0135001659393    1.0    1
58    1607327222.35    1607327222.35    0.000999927520752    64    0.4167    26.6688    0.417699927521    1.0    1
59    1607327223.4    1607327223.4    0.0    4    0.0059    0.0236    0.0059    0    0
60    1607327224.79    1607327224.8    0.00300002098083    256    0.6189    158.4384    0.621900020981    1.0    1
61    1607327225.15    1607327225.15    0.000999927520752    16    0.0429    0.6864    0.0438999275208    0    0
62    1607327225.77    1607327225.78    0.00100016593933    4    0.5956    2.3824    0.596600165939    0    0
63    1607327227.38    1607327227.38    0.0    4    0.0059    0.0236    0.0059    0    0
64    1607327228.64    1607327228.64    0.00299978256226    256    0.6189    158.4384    0.621899782562    1.0    1
65    1607327230.3    1607327230.3    0.0    4    0.0059    0.0236    0.0059    0    0
66    1607327231.85    1607327231.85    0.0    16    0.4243    6.7888    0.4243    0    0
67    1607327231.85    1607327231.86    0.000999927520752    16    0.4243    6.7888    0.425299927521    0    0
68    1607327232.83    1607327232.83    0.000999927520752    64    0.0055    0.352    0.00649992752075    1.0    1
69    1607327234.32    1607327234.32    0.0    4    0.0059    0.0236    0.0059    0    0
70    1607327235.43    1607327235.43    0.0    4    1.1283    4.5132    1.1283    0    0
71    1607327235.52    1607327235.52    0.00300002098083    256    0.6189    158.4384    0.621900020981    1.0    1
72    1607327236.25    1607327236.25    0.000999927520752    16    0.0429    0.6864    0.0438999275208    0    0
73    1607327236.67    1607327236.67    0.0    4    0.0284    0.1136    0.0284    0    0
74    1607327238.32    1607327238.32    0.000999927520752    64    0.0234    1.4976    0.0243999275208    1.0    1
75    1607327239.07    1607327239.07    0.0    4    0.0059    0.0236    0.0059    0    0
76    1607327239.57    1607327239.57    0.000999927520752    64    0.0234    1.4976    0.0243999275208    1.0    1
77    1607327239.98    1607327239.98    0.0019998550415    64    0.9446    60.4544    0.946599855042    1.0    1
78    1607327240.04    1607327240.05    0.0149998664856    256    0.8    204.8    0.814999866486    1.0    1
79    1607327240.51    1607327240.52    0.00800013542175    256    0.8    204.8    0.808000135422    1.0    1
80    1607327241.45    1607327241.45    0.0    16    0.0297    0.4752    0.0297    0    0
81    1607327241.61    1607327241.61    0.0    4    0.0284    0.1136    0.0284    0    0
82    1607327241.75    1607327241.75    0.0    4    1.1283    4.5132    1.1283    0    0
83    1607327242.68    1607327242.68    0.000999927520752    4    0.0284    0.1136    0.0293999275208    0    0
84    1607327243.18    1607327243.18    0.0    4    0.6452    2.5808    0.6452    0    0
85    1607327245.08    1607327245.09    0.00300002098083    256    0.0177    4.5312    0.0207000209808    1.0    1
86    1607327248.03    1607327248.03    0.0    64    0.1855    11.872    0.1855    1.0    1
87    1607327248.34    1607327248.34    0.0    64    0.9446    60.4544    0.9446    1.0    1
88    1607327252.67    1607327252.67    0.000999927520752    64    0.0234    1.4976    0.0243999275208    1.0    1
89    1607327252.83    1607327252.83    0.00800013542175    256    0.7528    192.7168    0.760800135422    1.0    1
90    1607327255.78    1607327255.78    0.00100016593933    64    0.0055    0.352    0.00650016593933    1.0    1
91    1607327255.82    1607327255.83    0.00200009346008    256    0.8    204.8    0.80200009346    1.0    1
92    1607327256.01    1607327256.01    0.000999927520752    64    0.0234    1.4976    0.0243999275208    1.0    1
93    1607327256.35    1607327256.35    0.000999927520752    16    0.0429    0.6864    0.0438999275208    0    0
94    1607327256.41    1607327256.41    0.0    16    0.7616    12.1856    0.7616    0    0
95    1607327257.25    1607327257.25    0.00200009346008    256    0.0177    4.5312    0.0197000934601    1.0    1
96    1607327257.99    1607327257.99    0.00300002098083    256    0.0057    1.4592    0.00870002098083    1.0    1
97    1607327258.17    1607327258.17    0.0    4    0.0522    0.2088    0.0522    0    0
98    1607327260.06    1607327260.06    0.00300002098083    256    0.8    204.8    0.803000020981    1.0    1
99    1607327260.25    1607327260.25    0.00200009346008    64    0.0055    0.352    0.00750009346008    1.0    1

dispatched jobs are: 100 out of 100
average queue time is: 0.861930000782
fso links are used for 0 times
overall utilization is 0.0101257488175
average response time is 1.20853800078
average weighted response time is 5.36144418867
average slowdown is 7.51955032394
cpu_request: 8236, cpu_run: 8236
ssd_request: 4343, ssd_run: 0
gpu_request: 4326, gpu_run: 0
cpu aspl: 1.0
cpu diameter: 1.0
job x: 0.0
job y: 0.0
job z: 0.0
