#timestep  occupied-CPU  total-CPU  utilization  queuingjobs
1    4    4096    0.0009765625    0
2    260    4096    0.0634765625    0
3    256    4096    0.0625    0
4    64    4096    0.015625    0
5    0    4096    0.0    0
6    0    4096    0.0    0
7    0    4096    0.0    0
8    68    4096    0.0166015625    0
9    0    4096    0.0    0
10    0    4096    0.0    0
11    80    4096    0.01953125    0
12    16    4096    0.00390625    0
13    0    4096    0.0    0
14    0    4096    0.0    0
15    32    4096    0.0078125    0
16    256    4096    0.0625    0
17    256    4096    0.0625    0
18    264    4096    0.064453125    1
19    320    4096    0.078125    0
20    0    4096    0.0    0
21    16    4096    0.00390625    0
22    0    4096    0.0    0
23    4    4096    0.0009765625    0
24    8    4096    0.001953125    0
25    4    4096    0.0009765625    0
26    64    4096    0.015625    0
27    20    4096    0.0048828125    0
28    128    4096    0.03125    0
29    0    4096    0.0    0
30    64    4096    0.015625    0
31    16    4096    0.00390625    0
32    580    4096    0.1416015625    0
33    80    4096    0.01953125    2
34    0    4096    0.0    0
35    16    4096    0.00390625    0
36    68    4096    0.0166015625    0
37    80    4096    0.01953125    0
38    128    4096    0.03125    1
39    128    4096    0.03125    0
40    272    4096    0.06640625    0
41    32    4096    0.0078125    0
42    0    4096    0.0    1
43    0    4096    0.0    0
44    16    4096    0.00390625    0
45    0    4096    0.0    0
46    0    4096    0.0    0
47    276    4096    0.0673828125    0
48    0    4096    0.0    0
49    0    4096    0.0    0
50    128    4096    0.03125    0
51    320    4096    0.078125    0
52    0    4096    0.0    1
53    68    4096    0.0166015625    0
54    16    4096    0.00390625    0
55    0    4096    0.0    0
56    8    4096    0.001953125    0
57    260    4096    0.0634765625    0
58    64    4096    0.015625    0
59    513    4096    0.125244140625    0
60    96    4096    0.0234375    0
61    384    4096    0.09375    0
62    256    4096    0.0625    0
63    4    4096    0.0009765625    0
64    0    4096    0.0    0
65    20    4096    0.0048828125    0
66    0    4096    0.0    0
67    260    4096    0.0634765625    0
68    0    4096    0.0    0
69    20    4096    0.0048828125    0
70    80    4096    0.01953125    1
71    272    4096    0.06640625    1
72    160    4096    0.0390625    0
73    0    4096    0.0    0
74    64    4096    0.015625    0
75    68    4096    0.0166015625    0
76    64    4096    0.015625    0
77    0    4096    0.0    0
78    64    4096    0.015625    0
79    28    4096    0.0068359375    0
80    64    4096    0.015625    0
81    64    4096    0.015625    0
82    0    4096    0.0    0
83    0    4096    0.0    0
84    64    4096    0.015625    2
85    256    4096    0.0625    0
86    0    4096    0.0    0
87    80    4096    0.01953125    0
88    256    4096    0.0625    0
89    0    4096    0.0    0
90    64    4096    0.015625    0
91    0    4096    0.0    0
92    288    4096    0.0703125    0
93    68    4096    0.0166015625    0
94    0    4096    0.0    0

average cpu utilization is: 0.0215493060173
average ssd utilization is: 1.0
average gpu utilization is: 1.0
average utilization is: 0.673849768672
average queuing jobs are: 0.106382978723
maximum queuing jobs are: 2


#job_number  submit  dispatch  queue  cpu#  runtime  weight  response(turnaround)  cpu_aspl  cpu_diameter
0    1607331120.6    1607331200.83    80.2369999886    4    0.0522    0.2088    80.2891999886    0    0
1    1607331200.94    1607331200.94    0.000999927520752    64    0.0055    0.352    0.00649992752075    1.0    1
2    1607331201.0    1607331201.0    0.0    4    0.5956    2.3824    0.5956    0    0
3    1607331201.23    1607331201.23    0.0    4    0.0522    0.2088    0.0522    0    0
4    1607331201.73    1607331201.74    0.0090000629425    256    0.8    204.8    0.809000062943    1.0    1
5    1607331201.91    1607331201.91    0.00300002098083    4    0.5956    2.3824    0.598600020981    0    0
6    1607331202.02    1607331202.02    0.00100016593933    4    0.5956    2.3824    0.596600165939    0    0
7    1607331202.09    1607331202.11    0.0199999809265    256    0.7528    192.7168    0.772799980927    1    2
8    1607331202.33    1607331202.33    0.00100016593933    16    0.0098    0.1568    0.0108001659393    0    0
9    1607331202.54    1607331202.59    0.0490000247955    256    0.6189    158.4384    0.667900024796    1.0    1
10    1607331203.34    1607331203.34    0.0    16    0.0098    0.1568    0.0098    0    0
11    1607331203.63    1607331203.63    0.0    64    0.0234    1.4976    0.0234    1.0    1
12    1607331203.65    1607331203.65    0.0    16    0.0285    0.456    0.0285    0    0
13    1607331203.78    1607331203.78    0.000999927520752    64    0.0125    0.8    0.0134999275208    1.0    1
14    1607331204.06    1607331204.06    0.000999927520752    64    0.9446    60.4544    0.945599927521    1.0    1
15    1607331204.07    1607331204.08    0.00300002098083    64    0.0234    1.4976    0.0264000209808    1.0    1
16    1607331204.37    1607331204.39    0.0160000324249    256    0.0177    4.5312    0.0337000324249    1.0    1
17    1607331204.72    1607331204.72    0.000999927520752    64    0.4167    26.6688    0.417699927521    1.0    1
18    1607331204.88    1607331204.88    0.00100016593933    16    0.0098    0.1568    0.0108001659393    0    0
19    1607331205.43    1607331205.43    0.0    16    0.0098    0.1568    0.0098    0    0
20    1607331208.01    1607331208.01    0.0    64    0.4167    26.6688    0.4167    1.0    1
21    1607331208.02    1607331208.02    0.0    16    0.0297    0.4752    0.0297    0    0
22    1607331208.08    1607331208.08    0.0    4    1.1283    4.5132    1.1283    0    0
23    1607331208.62    1607331208.62    0.000999927520752    64    0.0055    0.352    0.00649992752075    1.0    1
24    1607331208.83    1607331208.83    0.0    64    0.0055    0.352    0.0055    1.0    1
25    1607331209.32    1607331209.32    0.0    16    0.0285    0.456    0.0285    0    0
26    1607331209.54    1607331209.54    0.000999927520752    16    0.0285    0.456    0.0294999275208    0    0
27    1607331209.68    1607331209.69    0.00999999046326    256    0.6189    158.4384    0.628899990463    1.0    1
28    1607331209.92    1607331209.92    0.000999927520752    4    0.0832    0.3328    0.0841999275208    0    0
29    1607331210.1    1607331210.1    0.00100016593933    4    0.0522    0.2088    0.0532001659393    0    0
30    1607331210.4    1607331210.4    0.0    4    0.0522    0.2088    0.0522    0    0
31    1607331210.6    1607331210.61    0.0110001564026    256    0.7528    192.7168    0.763800156403    1.0    1
32    1607331210.92    1607331210.92    0.0    16    0.7616    12.1856    0.7616    0    0
33    1607331210.96    1607331210.96    0.000999927520752    4    0.0832    0.3328    0.0841999275208    0    0
34    1607331211.32    1607331211.32    0.00200009346008    64    0.9446    60.4544    0.94660009346    1.0    1
35    1607331211.56    1607331211.63    0.069000005722    256    0.0177    4.5312    0.086700005722    1.0    1
36    1607331211.82    1607331211.82    0.0    16    0.0297    0.4752    0.0297    0    0
37    1607331211.83    1607331211.83    0.0019998550415    64    0.4167    26.6688    0.418699855042    1.0    1
38    1607331211.94    1607331211.94    0.0    4    0.6452    2.5808    0.6452    0    0
39    1607331211.98    1607331211.98    0.0    16    0.8805    14.088    0.8805    1.0    1
40    1607331212.08    1607331212.08    0.0    16    0.0429    0.6864    0.0429    1.0    1
41    1607331212.9    1607331212.9    0.0    16    0.0297    0.4752    0.0297    0    0
42    1607331212.97    1607331212.98    0.0110001564026    256    0.0177    4.5312    0.0287001564026    1.0    1
43    1607331213.19    1607331213.19    0.0    16    0.0297    0.4752    0.0297    0    0
44    1607331214.09    1607331214.09    0.000999927520752    64    0.6779    43.3856    0.678899927521    1.0    1
45    1607331214.27    1607331214.27    0.0    4    0.0284    0.1136    0.0284    0    0
46    1607331214.43    1607331214.43    0.000999927520752    64    0.0055    0.352    0.00649992752075    1.0    1
47    1607331214.79    1607331214.79    0.0    16    0.0297    0.4752    0.0297    0    0
48    1607331215.14    1607331215.14    0.0    16    0.8805    14.088    0.8805    0    0
49    1607331215.14    1607331215.14    0.0    4    0.0284    0.1136    0.0284    0    0
50    1607331215.48    1607331215.48    0.000999927520752    16    0.0098    0.1568    0.0107999275208    0    0
51    1607331215.86    1607331215.86    0.0    16    0.7616    12.1856    0.7616    0    0
52    1607331216.79    1607331216.79    0.0    64    0.0125    0.8    0.0125    1.0    1
53    1607331216.85    1607331216.86    0.0139999389648    256    0.7528    192.7168    0.766799938965    1.0    1
54    1607331217.37    1607331217.38    0.0140001773834    256    0.8    204.8    0.814000177383    1    2
55    1607331217.54    1607331217.54    0.00100016593933    4    0.0522    0.2088    0.0532001659393    0    0
56    1607331217.86    1607331217.86    0.0    64    0.0055    0.352    0.0055    1.0    1
57    1607331218.07    1607331218.07    0.000999927520752    16    0.7616    12.1856    0.762599927521    0    0
58    1607331218.23    1607331218.23    0.0    4    1.1283    4.5132    1.1283    0    0
59    1607331218.46    1607331218.46    0.0    16    0.4243    6.7888    0.4243    1.0    1
60    1607331218.62    1607331218.62    0.0    4    0.5956    2.3824    0.5956    0    0
61    1607331218.97    1607331218.99    0.0120000839233    256    0.4221    108.0576    0.434100083923    1.0    1
62    1607331219.14    1607331219.14    0.00300002098083    4    0.0284    0.1136    0.0314000209808    0    0
63    1607331219.15    1607331219.2    0.0490000247955    256    0.4221    108.0576    0.471100024796    1    2
64    1607331219.23    1607331219.23    0.00300002098083    16    0.7616    12.1856    0.764600020981    1.0    1
65    1607331219.3    1607331219.3    0.00200009346008    16    0.8805    14.088    0.88250009346    1.0    1
66    1607331219.53    1607331219.53    0.0    16    0.0297    0.4752    0.0297    0    0
67    1607331219.72    1607331219.73    0.0149998664856    256    0.8    204.8    0.814999866486    1.0    1
68    1607331219.76    1607331219.76    0.00200009346008    64    0.6779    43.3856    0.67990009346    1.0    1
69    1607331220.12    1607331220.14    0.0220000743866    256    0.0177    4.5312    0.0397000743866    1    2
70    1607331220.41    1607331220.41    0.0    4    0.0059    0.0236    0.0059    0    0
71    1607331220.42    1607331220.42    0.0    4    0.0284    0.1136    0.0284    0    0
72    1607331220.48    1607331220.49    0.0160000324249    256    0.4221    108.0576    0.438100032425    1    2
73    1607331220.93    1607331220.93    0.0    4    0.0284    0.1136    0.0284    0    0
74    1607331221.35    1607331221.35    0.0    16    0.0297    0.4752    0.0297    0    0
75    1607331221.38    1607331221.39    0.010999917984    256    0.6189    158.4384    0.629899917984    1.0    1
76    1607331221.5    1607331221.5    0.0    4    0.6452    2.5808    0.6452    0    0
77    1607331221.68    1607331221.68    0.00200009346008    16    0.8805    14.088    0.88250009346    1.0    1
78    1607331221.78    1607331221.78    0.00100016593933    16    0.0285    0.456    0.0295001659393    1.0    1
79    1607331221.91    1607331221.93    0.0179998874664    256    0.0057    1.4592    0.0236998874664    1    2
80    1607331222.28    1607331222.28    0.0    16    0.0297    0.4752    0.0297    0    0
81    1607331223.58    1607331223.58    0.0    4    0.6452    2.5808    0.6452    0    0
82    1607331223.9    1607331223.9    0.0    4    0.5956    2.3824    0.5956    0    0
83    1607331224.45    1607331224.45    0.0    16    0.0098    0.1568    0.0098    0    0
84    1607331224.63    1607331224.63    0.0    4    1.1283    4.5132    1.1283    0    0
85    1607331224.82    1607331224.82    0.000999927520752    16    0.4243    6.7888    0.425299927521    0    0
86    1607331224.83    1607331224.83    0.0    4    1.1283    4.5132    1.1283    0    0
87    1607331225.61    1607331225.61    0.000999927520752    16    0.0297    0.4752    0.0306999275208    0    0
88    1607331226.16    1607331226.16    0.0    4    0.6452    2.5808    0.6452    0    0
89    1607331226.28    1607331226.28    0.0    64    0.0055    0.352    0.0055    1.0    1
90    1607331227.28    1607331227.28    0.0    64    0.4167    26.6688    0.4167    1.0    1
91    1607331227.88    1607331227.88    0.0    4    0.0522    0.2088    0.0522    0    0
92    1607331227.94    1607331227.95    0.00100016593933    4    1.1283    4.5132    1.12930016594    0    0
93    1607331228.2    1607331228.2    0.0    16    0.8805    14.088    0.8805    0    0
94    1607331228.51    1607331228.52    0.00100016593933    16    0.0098    0.1568    0.0108001659393    1.0    1
95    1607331229.16    1607331229.16    0.0    4    0.0284    0.1136    0.0284    0    0
96    1607331229.25    1607331229.26    0.00100016593933    64    0.6779    43.3856    0.678900165939    1.0    1
97    1607331229.33    1607331229.33    0.000999927520752    4    0.0284    0.1136    0.0293999275208    0    0
98    1607331229.82    1607331229.82    0.000999927520752    64    0.4167    26.6688    0.417699927521    1.0    1
99    1607331229.9    1607331229.9    0.000999927520752    4    0.5956    2.3824    0.596599927521    0    0
100    1607331230.46    1607331230.46    0.0    16    0.0429    0.6864    0.0429    0    0
101    1607331230.61    1607331230.61    0.0    64    0.0055    0.352    0.0055    1.0    1
102    1607331231.23    1607331231.23    0.000999927520752    64    0.9446    60.4544    0.945599927521    1.0    1
103    1607331231.88    1607331231.88    0.0    16    0.0285    0.456    0.0285    0    0
104    1607331232.24    1607331232.24    0.0    16    0.0098    0.1568    0.0098    0    0
105    1607331232.78    1607331232.78    0.0    16    0.4243    6.7888    0.4243    0    0
106    1607331233.14    1607331233.14    0.00100016593933    64    0.0234    1.4976    0.0244001659393    1.0    1
107    1607331233.42    1607331233.42    0.0    16    0.4243    6.7888    0.4243    0    0
108    1607331233.44    1607331233.44    0.0    4    0.0832    0.3328    0.0832    0    0
109    1607331233.47    1607331233.47    0.0    4    1.1283    4.5132    1.1283    0    0
110    1607331233.52    1607331233.53    0.0139999389648    256    0.8    204.8    0.813999938965    1.0    1
111    1607331233.58    1607331233.58    0.00200009346008    64    0.6779    43.3856    0.67990009346    1.0    1
112    1607331233.7    1607331233.7    0.0019998550415    64    0.1855    11.872    0.187499855042    1.0    1
113    1607331234.03    1607331234.05    0.0209999084473    256    0.8    204.8    0.820999908447    1.17777777778    2
114    1607331234.07    1607331234.07    0.000999927520752    16    0.0429    0.6864    0.0438999275208    0    0
115    1607331234.42    1607331234.44    0.0120000839233    256    0.0177    4.5312    0.0297000839233    1.0    1
116    1607331234.51    1607331234.51    0.0    4    0.0059    0.0236    0.0059    0    0
117    1607331234.61    1607331234.61    0.0    4    0.0522    0.2088    0.0522    0    0
118    1607331234.62    1607331234.62    0.0    64    0.4167    26.6688    0.4167    1.0    1
119    1607331234.78    1607331234.78    0.000999927520752    16    0.4243    6.7888    0.425299927521    1.0    1
120    1607331234.8    1607331234.8    0.00100016593933    64    0.0125    0.8    0.0135001659393    1.0    1
121    1607331234.82    1607331234.82    0.0    4    0.0284    0.1136    0.0284    0    0
122    1607331235.15    1607331235.16    0.000999927520752    64    0.9446    60.4544    0.945599927521    1.0    1
123    1607331235.17    1607331235.17    0.00399994850159    64    0.1855    11.872    0.189499948502    1.0    1
124    1607331235.17    1607331235.26    0.0810000896454    256    0.0057    1.4592    0.0867000896454    1.0    1
125    1607331235.2    1607331235.27    0.0600001811981    4    0.0284    0.1136    0.0884001811981    0    0
126    1607331235.74    1607331235.74    0.000999927520752    64    0.0055    0.352    0.00649992752075    1.0    1
127    1607331235.84    1607331235.85    0.010999917984    256    0.0177    4.5312    0.028699917984    1.0    1
128    1607331235.92    1607331235.92    0.0    16    0.0429    0.6864    0.0429    1.0    1
129    1607331236.88    1607331236.88    0.0    16    0.7616    12.1856    0.7616    0    0
130    1607331237.26    1607331237.27    0.0119998455048    256    0.0177    4.5312    0.0296998455048    1.0    1
131    1607331237.48    1607331237.48    0.000999927520752    4    0.0832    0.3328    0.0841999275208    0    0
132    1607331237.51    1607331237.51    0.000999927520752    4    1.1283    4.5132    1.12929992752    0    0
133    1607331237.57    1607331237.58    0.0139999389648    256    0.7528    192.7168    0.766799938965    1.0    1
134    1607331237.71    1607331237.71    0.000999927520752    16    0.0285    0.456    0.0294999275208    0    0
135    1607331237.9    1607331237.9    0.000999927520752    16    0.4243    6.7888    0.425299927521    0    0
136    1607331238.09    1607331238.09    0.00200009346008    64    0.0234    1.4976    0.0254000934601    1.0    1
137    1607331238.16    1607331238.16    0.000999927520752    4    0.0522    0.2088    0.0531999275208    0    0
138    1607331238.24    1607331238.25    0.00200009346008    64    0.6779    43.3856    0.67990009346    1.0    1
139    1607331238.4    1607331238.44    0.0419998168945    256    0.6189    158.4384    0.660899816895    1.0    1
140    1607331238.6    1607331238.61    0.000999927520752    4    0.6452    2.5808    0.646199927521    0    0
141    1607331238.64    1607331238.65    0.00200009346008    16    0.7616    12.1856    0.76360009346    1.0    1
142    1607331239.14    1607331239.14    0.00100016593933    4    0.0059    0.0236    0.00690016593933    0    0
143    1607331239.2    1607331239.2    0.000999927520752    64    0.0234    1.4976    0.0243999275208    1.0    1
144    1607331239.33    1607331239.33    0.00100016593933    64    0.6779    43.3856    0.678900165939    1.0    1
145    1607331239.37    1607331239.37    0.0    16    0.4243    6.7888    0.4243    0    0
146    1607331239.8    1607331239.8    0.00100016593933    4    0.0522    0.2088    0.0532001659393    0    0
147    1607331240.33    1607331240.33    0.0    64    0.6779    43.3856    0.6779    1.0    1
148    1607331240.43    1607331240.43    0.0    64    0.6779    43.3856    0.6779    1.0    1
149    1607331240.63    1607331240.63    0.00300002098083    64    0.6779    43.3856    0.680900020981    1.0    1
150    1607331241.02    1607331241.02    0.0    4    0.0284    0.1136    0.0284    0    0
151    1607331241.23    1607331241.23    0.00100016593933    64    0.6779    43.3856    0.678900165939    1.0    1
152    1607331241.3    1607331241.3    0.0    4    0.0059    0.0236    0.0059    0    0
153    1607331241.36    1607331241.36    0.0    64    0.9446    60.4544    0.9446    1.0    1
154    1607331242.32    1607331242.32    0.000999927520752    16    0.0098    0.1568    0.0107999275208    0    0
155    1607331242.36    1607331242.38    0.0139999389648    256    0.0177    4.5312    0.0316999389648    1.0    1
156    1607331242.41    1607331242.42    0.010999917984    256    0.6189    158.4384    0.629899917984    1.0    1
157    1607331242.45    1607331242.45    0.0    16    0.8805    14.088    0.8805    0    0
158    1607331242.81    1607331242.81    0.000999927520752    4    0.5956    2.3824    0.596599927521    0    0
159    1607331243.02    1607331243.02    0.0    4    0.5956    2.3824    0.5956    0    0
160    1607331243.13    1607331243.14    0.0130000114441    256    0.6189    158.4384    0.631900011444    1.0    1
161    1607331243.22    1607331243.23    0.00200009346008    64    0.0055    0.352    0.00750009346008    1.0    1
162    1607331243.42    1607331243.42    0.00100016593933    16    0.0285    0.456    0.0295001659393    0    0
163    1607331243.58    1607331243.58    0.000999927520752    16    0.7616    12.1856    0.762599927521    0    0
164    1607331243.65    1607331243.65    0.00100016593933    16    0.7616    12.1856    0.762600165939    0    0
165    1607331243.83    1607331243.83    0.0    4    0.0832    0.3328    0.0832    0    0
166    1607331244.18    1607331244.18    0.0    4    0.0059    0.0236    0.0059    0    0
167    1607331244.22    1607331244.22    0.0    16    0.0285    0.456    0.0285    0    0
168    1607331244.27    1607331244.27    0.0    64    0.0055    0.352    0.0055    1.0    1
169    1607331244.91    1607331244.93    0.0130000114441    256    0.7528    192.7168    0.765800011444    1.0    1
170    1607331244.94    1607331244.94    0.000999927520752    4    0.6452    2.5808    0.646199927521    0    0
171    1607331245.12    1607331245.14    0.0209999084473    256    0.0057    1.4592    0.0266999084473    1    2
172    1607331245.99    1607331245.99    0.0    16    0.0285    0.456    0.0285    0    0
173    1607331246.1    1607331246.11    0.00999999046326    256    0.7528    192.7168    0.762799990463    1.0    1
174    1607331246.28    1607331246.28    0.0    16    0.8805    14.088    0.8805    0    0
175    1607331246.68    1607331246.69    0.0169999599457    256    0.0057    1.4592    0.0226999599457    1    2
176    1607331247.1    1607331247.1    0.0    16    0.7616    12.1856    0.7616    0    0
177    1607331247.14    1607331247.14    0.000999927520752    64    0.0234    1.4976    0.0243999275208    1.0    1
178    1607331247.55    1607331247.56    0.00100016593933    64    0.0234    1.4976    0.0244001659393    1.0    1
179    1607331247.67    1607331247.67    0.000999927520752    16    0.0098    0.1568    0.0107999275208    0    0
180    1607331247.68    1607331247.68    0.0    64    0.0234    1.4976    0.0234    1.0    1
181    1607331247.77    1607331247.77    0.0    4    0.0059    0.0236    0.0059    0    0
182    1607331248.13    1607331248.13    0.0    16    0.8805    14.088    0.8805    0    0
183    1607331248.48    1607331248.48    0.0    16    0.0285    0.456    0.0285    0    0
184    1607331248.48    1607331248.48    0.0    4    0.0059    0.0236    0.0059    0    0
185    1607331249.05    1607331249.07    0.0130000114441    256    0.0177    4.5312    0.0307000114441    1.0    1
186    1607331249.37    1607331249.37    0.0    64    0.1855    11.872    0.1855    1.0    1
187    1607331249.5    1607331249.5    0.00100016593933    16    0.7616    12.1856    0.762600165939    0    0
188    1607331249.71    1607331249.71    0.0    4    0.0832    0.3328    0.0832    0    0
189    1607331249.74    1607331249.74    0.0    4    0.6452    2.5808    0.6452    0    0
190    1607331250.04    1607331250.05    0.0110001564026    256    0.7528    192.7168    0.763800156403    1.0    1
191    1607331250.54    1607331250.54    0.00300002098083    64    0.0234    1.4976    0.0264000209808    1.0    1
192    1607331251.47    1607331251.48    0.00999999046326    256    0.8    204.8    0.809999990463    1.0    1
193    1607331251.61    1607331251.61    0.00100016593933    64    0.4167    26.6688    0.417700165939    1.0    1
194    1607331252.4    1607331252.4    0.0    64    0.9446    60.4544    0.9446    1.0    1
195    1607331252.48    1607331252.48    0.0    64    0.9446    60.4544    0.9446    1.0    1
196    1607331252.64    1607331252.64    0.00100016593933    64    0.4167    26.6688    0.417700165939    1.0    1
197    1607331252.85    1607331252.85    0.000999927520752    64    0.4167    26.6688    0.417699927521    1.0    1
198    1607331253.15    1607331253.15    0.00100016593933    64    0.4167    26.6688    0.417700165939    1.0    1
199    1607331253.54    1607331253.55    0.0139999389648    256    0.7528    192.7168    0.766799938965    1.0    1
200    1607331253.69    1607331253.71    0.0170001983643    256    0.0177    4.5312    0.0347001983643    1    2
201    1607331253.72    1607331253.75    0.0260000228882    256    0.4221    108.0576    0.448100022888    1.0    1
202    1607331253.95    1607331253.95    0.000999927520752    64    0.9446    60.4544    0.945599927521    1.0    1
203    1607331254.13    1607331254.13    0.00200009346008    64    0.1855    11.872    0.18750009346    1.0    1
204    1607331254.27    1607331254.28    0.0179998874664    256    0.7528    192.7168    0.770799887466    1    2
205    1607331254.28    1607331254.29    0.00600004196167    64    0.0234    1.4976    0.0294000419617    1.0    1
206    1607331254.57    1607331254.57    0.0    16    0.0429    0.6864    0.0429    0    0
207    1607331254.63    1607331254.63    0.000999927520752    4    0.0832    0.3328    0.0841999275208    0    0
208    1607331254.71    1607331254.72    0.00100016593933    16    0.7616    12.1856    0.762600165939    0    0
209    1607331255.56    1607331255.62    0.0539999008179    256    0.8    204.8    0.853999900818    1.0    1
210    1607331255.84    1607331255.84    0.0    16    0.0429    0.6864    0.0429    0    0
211    1607331256.0    1607331256.0    0.0    4    0.0284    0.1136    0.0284    0    0
212    1607331256.4    1607331256.4    0.0    4    1.1283    4.5132    1.1283    0    0
213    1607331256.53    1607331256.53    0.0    64    0.1855    11.872    0.1855    1.0    1
214    1607331256.86    1607331256.87    0.00899982452393    256    0.7528    192.7168    0.761799824524    1.0    1
215    1607331257.02    1607331257.02    0.000999927520752    16    0.0098    0.1568    0.0107999275208    0    0
216    1607331257.14    1607331257.15    0.00300002098083    64    0.1855    11.872    0.188500020981    1.0    1
217    1607331257.6    1607331257.6    0.0    16    0.7616    12.1856    0.7616    0    0
218    1607331257.81    1607331257.81    0.0    64    0.1855    11.872    0.1855    1.0    1
219    1607331257.93    1607331257.94    0.0130000114441    256    0.7528    192.7168    0.765800011444    1.0    1
220    1607331258.2    1607331258.2    0.000999927520752    64    0.0234    1.4976    0.0243999275208    1.0    1
221    1607331258.57    1607331258.57    0.000999927520752    64    0.0125    0.8    0.0134999275208    1.0    1
222    1607331258.86    1607331258.86    0.0    64    0.0234    1.4976    0.0234    1.0    1
223    1607331259.07    1607331259.07    0.0    16    0.0297    0.4752    0.0297    0    0
224    1607331259.24    1607331259.24    0.0    4    1.1283    4.5132    1.1283    0    0
225    1607331259.71    1607331259.72    0.0120000839233    256    0.0057    1.4592    0.0177000839233    1.0    1
226    1607331259.82    1607331259.82    0.0    4    1.1283    4.5132    1.1283    0    0
227    1607331259.86    1607331259.86    0.00300002098083    64    0.0125    0.8    0.0155000209808    1.0    1
228    1607331260.31    1607331260.33    0.0130000114441    256    0.8    204.8    0.813000011444    1.0    1
229    1607331260.64    1607331260.64    0.00300002098083    64    0.0234    1.4976    0.0264000209808    1.0    1
230    1607331261.26    1607331261.27    0.00899982452393    256    0.4221    108.0576    0.431099824524    1.0    1
231    1607331261.75    1607331261.75    0.0    64    0.6779    43.3856    0.6779    1.0    1
232    1607331261.94    1607331261.94    0.0    16    0.0098    0.1568    0.0098    0    0
233    1607331262.03    1607331262.03    0.00600004196167    64    0.1855    11.872    0.191500041962    1.0    1
234    1607331262.31    1607331262.31    0.0    4    0.0284    0.1136    0.0284    0    0
235    1607331262.34    1607331262.34    0.000999927520752    64    0.0125    0.8    0.0134999275208    1.0    1
236    1607331262.68    1607331262.69    0.00999999046326    256    0.7528    192.7168    0.762799990463    1.0    1
237    1607331262.86    1607331262.88    0.0150001049042    256    0.0177    4.5312    0.0327001049042    1    2
238    1607331262.93    1607331262.95    0.0150001049042    256    0.4221    108.0576    0.437100104904    1    2
239    1607331263.06    1607331263.07    0.010999917984    64    0.0055    0.352    0.016499917984    1.0    1
240    1607331263.09    1607331263.1    0.00699996948242    4    0.5956    2.3824    0.602599969482    0    0
241    1607331263.18    1607331263.18    0.00300002098083    64    0.0234    1.4976    0.0264000209808    1.0    1
242    1607331263.34    1607331263.34    0.00100016593933    16    0.8805    14.088    0.881500165939    0    0
243    1607331263.41    1607331263.41    0.00100016593933    4    0.0284    0.1136    0.0294001659393    0    0
244    1607331263.54    1607331263.54    0.000999927520752    64    0.0125    0.8    0.0134999275208    1.0    1
245    1607331263.63    1607331263.63    0.00100016593933    16    0.8805    14.088    0.881500165939    0    0
246    1607331263.64    1607331263.64    0.000999927520752    64    0.6779    43.3856    0.678899927521    1.0    1
247    1607331264.31    1607331264.33    0.0199999809265    256    0.6189    158.4384    0.638899980927    1.0    1
248    1607331264.59    1607331264.59    0.0    4    0.0522    0.2088    0.0522    0    0
249    1607331264.84    1607331264.84    0.000999927520752    64    0.6779    43.3856    0.678899927521    1.0    1
250    1607331264.92    1607331264.93    0.00399994850159    64    0.0234    1.4976    0.0273999485016    1.0    1
251    1607331265.09    1607331265.09    0.000999927520752    64    0.6779    43.3856    0.678899927521    1.0    1
252    1607331265.2    1607331265.23    0.0340001583099    256    0.7528    192.7168    0.78680015831    1.0    1
253    1607331265.38    1607331265.38    0.000999927520752    4    0.0284    0.1136    0.0293999275208    0    0
254    1607331265.41    1607331265.41    0.0019998550415    4    0.6452    2.5808    0.647199855042    0    0
255    1607331265.59    1607331265.59    0.0    4    0.5956    2.3824    0.5956    0    0
256    1607331265.79    1607331265.79    0.000999927520752    16    0.0098    0.1568    0.0107999275208    0    0
257    1607331265.95    1607331265.98    0.0310001373291    256    0.8    204.8    0.831000137329    1.19444444444    2
258    1607331266.16    1607331266.17    0.000999927520752    4    0.0284    0.1136    0.0293999275208    0    0
259    1607331266.18    1607331266.18    0.0    16    0.0285    0.456    0.0285    0    0
260    1607331266.56    1607331266.57    0.0119998455048    256    0.8    204.8    0.811999845505    1.0    1
261    1607331266.62    1607331266.62    0.000999927520752    4    0.0284    0.1136    0.0293999275208    0    0
262    1607331266.91    1607331266.91    0.0    4    0.5956    2.3824    0.5956    0    0
263    1607331267.46    1607331267.46    0.0    16    0.0429    0.6864    0.0429    0    0
264    1607331267.68    1607331267.68    0.0    64    0.0055    0.352    0.0055    1.0    1
265    1607331268.12    1607331268.12    0.0    4    0.0522    0.2088    0.0522    0    0
266    1607331268.58    1607331268.58    0.0    4    1.1283    4.5132    1.1283    0    0
267    1607331268.58    1607331268.59    0.0130000114441    256    0.8    204.8    0.813000011444    1.0    1
268    1607331268.6    1607331268.62    0.0199999809265    256    0.8    204.8    0.819999980927    1    2
269    1607331268.92    1607331268.93    0.00500011444092    64    0.0055    0.352    0.0105001144409    1.0    1
270    1607331268.95    1607331268.96    0.00200009346008    16    0.7616    12.1856    0.76360009346    0    0
271    1607331269.07    1607331269.07    0.0019998550415    16    0.0297    0.4752    0.0316998550415    1.0    1
272    1607331269.72    1607331269.72    0.0    16    0.0285    0.456    0.0285    0    0
273    1607331270.22    1607331270.22    0.0    4    0.0284    0.1136    0.0284    0    0
274    1607331270.69    1607331270.7    0.00999999046326    256    0.6189    158.4384    0.628899990463    1.0    1
275    1607331270.99    1607331270.99    0.000999927520752    4    0.0284    0.1136    0.0293999275208    0    0
276    1607331271.03    1607331271.03    0.000999927520752    4    1.1283    4.5132    1.12929992752    0    0
277    1607331271.12    1607331271.12    0.00200009346008    64    0.0125    0.8    0.0145000934601    1.0    1
278    1607331271.47    1607331271.48    0.0090000629425    256    0.6189    158.4384    0.627900062943    1.0    1
279    1607331271.73    1607331271.73    0.00899982452393    64    0.1855    11.872    0.194499824524    1.0    1
280    1607331272.84    1607331272.84    0.0    4    0.0522    0.2088    0.0522    0    0
281    1607331272.99    1607331273.0    0.00999999046326    256    0.7528    192.7168    0.762799990463    1.0    1
282    1607331273.03    1607331273.03    0.0    16    0.0429    0.6864    0.0429    0    0
283    1607331273.04    1607331273.06    0.0190000534058    256    0.6189    158.4384    0.637900053406    1    2
284    1607331273.16    1607331273.16    0.00300002098083    64    0.6779    43.3856    0.680900020981    1.0    1
285    1607331273.6    1607331273.6    0.00100016593933    4    0.5956    2.3824    0.596600165939    0    0
286    1607331273.86    1607331273.86    0.000999927520752    16    0.8805    14.088    0.881499927521    0    0
287    1607331274.33    1607331274.33    0.0    4    0.0284    0.1136    0.0284    0    0
288    1607331274.37    1607331274.37    0.0    64    0.6779    43.3856    0.6779    1.0    1
289    1607331274.52    1607331274.52    0.0    16    0.7616    12.1856    0.7616    0    0
290    1607331274.97    1607331274.97    0.00300002098083    64    0.0125    0.8    0.0155000209808    1.0    1
291    1607331275.21    1607331275.21    0.0    4    0.0522    0.2088    0.0522    0    0
292    1607331275.27    1607331275.27    0.00100016593933    64    0.0055    0.352    0.00650016593933    1.0    1
293    1607331275.45    1607331275.45    0.0    16    0.7616    12.1856    0.7616    0    0
294    1607331275.73    1607331275.74    0.0119998455048    256    0.6189    158.4384    0.630899845505    1.0    1
295    1607331276.03    1607331276.06    0.0239999294281    256    0.8    204.8    0.823999929428    1    2
296    1607331276.08    1607331276.09    0.000999927520752    16    0.4243    6.7888    0.425299927521    0    0
297    1607331276.23    1607331276.23    0.0    16    0.0285    0.456    0.0285    0    0
298    1607331276.43    1607331276.44    0.00999999046326    256    0.0057    1.4592    0.0156999904633    1.0    1
299    1607331276.46    1607331276.46    0.0    16    0.8805    14.088    0.8805    0    0
300    1607331276.62    1607331276.62    0.0    16    0.0098    0.1568    0.0098    0    0
301    1607331276.73    1607331276.73    0.000999927520752    64    0.4167    26.6688    0.417699927521    1.0    1
302    1607331276.91    1607331276.91    0.00100016593933    64    0.0125    0.8    0.0135001659393    1.0    1
303    1607331277.04    1607331277.04    0.000999927520752    64    0.4167    26.6688    0.417699927521    1.0    1
304    1607331277.04    1607331277.05    0.00200009346008    16    0.8805    14.088    0.88250009346    0    0
305    1607331277.19    1607331277.19    0.0    4    0.0832    0.3328    0.0832    0    0
306    1607331277.88    1607331277.88    0.00100016593933    64    0.0234    1.4976    0.0244001659393    1.0    1
307    1607331278.21    1607331278.21    0.00100016593933    16    0.4243    6.7888    0.425300165939    0    0
308    1607331278.24    1607331278.24    0.000999927520752    4    0.0522    0.2088    0.0531999275208    0    0
309    1607331278.27    1607331278.27    0.0    4    0.0832    0.3328    0.0832    0    0
310    1607331278.47    1607331278.47    0.0    4    0.0284    0.1136    0.0284    0    0
311    1607331278.52    1607331278.52    0.000999927520752    16    0.0098    0.1568    0.0107999275208    0    0
312    1607331278.75    1607331278.75    0.000999927520752    64    0.9446    60.4544    0.945599927521    1.0    1
313    1607331279.38    1607331279.39    0.0110001564026    256    0.7528    192.7168    0.763800156403    1.0    1
314    1607331279.41    1607331279.41    0.00200009346008    64    0.0055    0.352    0.00750009346008    1.0    1
315    1607331279.57    1607331279.57    0.000999927520752    4    0.0284    0.1136    0.0293999275208    0    0
316    1607331279.72    1607331279.72    0.0    4    0.0284    0.1136    0.0284    0    0
317    1607331279.83    1607331279.83    0.00100016593933    4    0.6452    2.5808    0.646200165939    0    0
318    1607331280.14    1607331280.15    0.010999917984    64    0.9446    60.4544    0.955599917984    1.0    1
319    1607331280.16    1607331280.16    0.000999927520752    16    0.0429    0.6864    0.0438999275208    0    0
320    1607331280.28    1607331280.29    0.00200009346008    16    0.0285    0.456    0.0305000934601    0    0
321    1607331280.34    1607331280.34    0.000999927520752    4    0.0284    0.1136    0.0293999275208    0    0
322    1607331281.07    1607331281.07    0.000999927520752    64    0.6779    43.3856    0.678899927521    1.0    1
323    1607331281.12    1607331281.12    0.0    4    0.0284    0.1136    0.0284    0    0
324    1607331281.55    1607331281.55    0.000999927520752    4    0.0522    0.2088    0.0531999275208    0    0
325    1607331281.72    1607331281.72    0.000999927520752    16    0.0297    0.4752    0.0306999275208    0    0
326    1607331282.57    1607331282.57    0.000999927520752    64    0.0125    0.8    0.0134999275208    1.0    1
327    1607331282.66    1607331282.66    0.0    16    0.0285    0.456    0.0285    0    0
328    1607331282.88    1607331282.89    0.0120000839233    256    0.0177    4.5312    0.0297000839233    1.0    1
329    1607331282.99    1607331282.99    0.0    16    0.0098    0.1568    0.0098    0    0
330    1607331283.06    1607331283.06    0.0    16    0.0297    0.4752    0.0297    0    0
331    1607331283.07    1607331283.07    0.000999927520752    16    0.0297    0.4752    0.0306999275208    0    0
332    1607331283.49    1607331283.49    0.0    64    0.0125    0.8    0.0125    1.0    1
333    1607331283.6    1607331283.6    0.0    4    1.1283    4.5132    1.1283    0    0
334    1607331283.92    1607331283.92    0.0    16    0.7616    12.1856    0.7616    0    0
335    1607331284.06    1607331284.06    0.0    4    0.0832    0.3328    0.0832    0    0
336    1607331284.09    1607331284.09    0.0    16    0.0297    0.4752    0.0297    1.0    1
337    1607331284.27    1607331284.27    0.0    4    0.5956    2.3824    0.5956    0    0
338    1607331284.39    1607331284.39    0.00100016593933    64    0.1855    11.872    0.186500165939    1.0    1
339    1607331284.39    1607331284.4    0.000999927520752    4    1.1283    4.5132    1.12929992752    0    0
340    1607331284.48    1607331284.48    0.000999927520752    16    0.0285    0.456    0.0294999275208    1.0    1
341    1607331284.56    1607331284.56    0.00100016593933    4    0.0059    0.0236    0.00690016593933    0    0
342    1607331284.83    1607331284.83    0.000999927520752    64    0.0234    1.4976    0.0243999275208    1.0    1
343    1607331285.0    1607331285.0    0.000999927520752    16    0.0297    0.4752    0.0306999275208    0    0
344    1607331285.15    1607331285.15    0.00100016593933    64    0.6779    43.3856    0.678900165939    1.0    1
345    1607331286.21    1607331286.22    0.0110001564026    256    0.0057    1.4592    0.0167001564026    1.0    1
346    1607331286.74    1607331286.74    0.0    64    0.4167    26.6688    0.4167    1.0    1
347    1607331287.05    1607331287.05    0.00100016593933    64    0.4167    26.6688    0.417700165939    1.0    1
348    1607331287.43    1607331287.43    0.0    64    0.0055    0.352    0.0055    1.0    1
349    1607331287.65    1607331287.65    0.0    64    0.1855    11.872    0.1855    1.0    1
350    1607331287.86    1607331287.86    0.0    4    0.0832    0.3328    0.0832    0    0
351    1607331287.92    1607331287.92    0.00100016593933    64    0.1855    11.872    0.186500165939    1.0    1
352    1607331288.11    1607331288.11    0.0    16    0.0098    0.1568    0.0098    0    0
353    1607331288.22    1607331288.22    0.0    4    0.0059    0.0236    0.0059    0    0
354    1607331288.37    1607331288.37    0.0    64    0.0234    1.4976    0.0234    1.0    1
355    1607331289.08    1607331289.08    0.0    4    0.0832    0.3328    0.0832    0    0
356    1607331289.24    1607331289.25    0.00999999046326    256    0.0057    1.4592    0.0156999904633    1.0    1
357    1607331289.7    1607331289.7    0.00100016593933    16    0.0285    0.456    0.0295001659393    0    0
358    1607331289.9    1607331289.9    0.000999927520752    64    0.4167    26.6688    0.417699927521    1.0    1
359    1607331290.0    1607331290.06    0.0599999427795    256    0.8    204.8    0.85999994278    1.0    1
360    1607331290.03    1607331290.08    0.0520000457764    64    0.1855    11.872    0.237500045776    1.0    1
361    1607331290.07    1607331290.09    0.0130000114441    4    0.5956    2.3824    0.608600011444    0    0
362    1607331290.18    1607331290.18    0.000999927520752    4    0.0832    0.3328    0.0841999275208    0    0
363    1607331290.37    1607331290.4    0.0240001678467    256    0.8    204.8    0.824000167847    1.19444444444    2
364    1607331290.44    1607331290.46    0.0209999084473    256    0.0057    1.4592    0.0266999084473    1.0    1
365    1607331290.48    1607331290.48    0.000999927520752    16    0.0297    0.4752    0.0306999275208    0    0
366    1607331290.62    1607331290.64    0.0260000228882    256    0.0057    1.4592    0.0317000228882    1.0    1
367    1607331290.64    1607331290.66    0.0199999809265    64    0.4167    26.6688    0.436699980927    1.0    1
368    1607331291.33    1607331291.33    0.0    64    0.1855    11.872    0.1855    1.0    1
369    1607331291.57    1607331291.58    0.00999999046326    256    0.0177    4.5312    0.0276999904633    1.0    1
370    1607331291.81    1607331291.81    0.000999927520752    64    0.0234    1.4976    0.0243999275208    1.0    1
371    1607331292.52    1607331292.52    0.0    4    0.0832    0.3328    0.0832    0    0
372    1607331292.84    1607331292.84    0.0    64    0.9446    60.4544    0.9446    1.0    1
373    1607331292.87    1607331292.87    0.0    16    0.0429    0.6864    0.0429    0    0
374    1607331293.05    1607331293.05    0.000999927520752    16    0.4243    6.7888    0.425299927521    0    0
375    1607331293.25    1607331293.26    0.0139999389648    64    0.9446    60.4544    0.958599938965    1.0    1
376    1607331293.56    1607331293.56    0.000999927520752    64    0.1855    11.872    0.186499927521    1.0    1
377    1607331293.77    1607331293.78    0.0130000114441    256    0.7528    192.7168    0.765800011444    1.0    1
378    1607331294.24    1607331294.24    0.0    64    0.0055    0.352    0.0055    1.0    1
379    1607331294.7    1607331294.7    0.000999927520752    64    0.0125    0.8    0.0134999275208    1.0    1
380    1607331295.81    1607331295.82    0.00999999046326    256    0.6189    158.4384    0.628899990463    1.0    1
381    1607331296.14    1607331296.15    0.0019998550415    64    0.0125    0.8    0.0144998550415    1.0    1
382    1607331296.18    1607331296.18    0.00200009346008    64    0.4167    26.6688    0.41870009346    1.0    1
383    1607331296.63    1607331296.63    0.0    16    0.7616    12.1856    0.7616    0    0
384    1607331296.72    1607331296.72    0.0    16    0.4243    6.7888    0.4243    0    0
385    1607331296.9    1607331296.9    0.0    64    0.1855    11.872    0.1855    1.0    1
386    1607331296.93    1607331296.94    0.010999917984    256    0.0057    1.4592    0.016699917984    1.0    1
387    1607331297.27    1607331297.27    0.000999927520752    4    0.0284    0.1136    0.0293999275208    0    0
388    1607331297.46    1607331297.46    0.000999927520752    64    0.0055    0.352    0.00649992752075    1.0    1
389    1607331297.53    1607331297.53    0.0    16    0.0297    0.4752    0.0297    0    0
390    1607331297.9    1607331297.9    0.000999927520752    16    0.8805    14.088    0.881499927521    0    0
391    1607331298.19    1607331298.19    0.0    16    0.8805    14.088    0.8805    0    0
392    1607331298.24    1607331298.25    0.0110001564026    256    0.8    204.8    0.811000156403    1.0    1
393    1607331298.46    1607331298.46    0.000999927520752    64    0.0055    0.352    0.00649992752075    1.0    1
394    1607331298.49    1607331298.49    0.000999927520752    16    0.0297    0.4752    0.0306999275208    0    0
395    1607331298.82    1607331298.82    0.0    4    0.5956    2.3824    0.5956    0    0
396    1607331299.0    1607331299.0    0.00200009346008    64    0.6779    43.3856    0.67990009346    1.0    1
397    1607331299.28    1607331299.28    0.00100016593933    4    0.5956    2.3824    0.596600165939    0    0
398    1607331299.56    1607331299.56    0.000999927520752    64    0.0234    1.4976    0.0243999275208    1.0    1
399    1607331299.71    1607331299.72    0.00100016593933    4    0.5956    2.3824    0.596600165939    0    0

dispatched jobs are: 400 out of 400
average queue time is: 0.205120004416
fso links are used for 0 times
overall utilization is 0.0287310818716
average response time is 0.547663004416
average weighted response time is 0.718344800933
average slowdown is 1.02220761485
cpu_request: 28540, cpu_run: 28540
ssd_request: 13306, ssd_run: 0
gpu_request: 14398, gpu_run: 0
cpu aspl: 1.00276422764
cpu diameter: 1.08780487805
job x: 0.0
job y: 0.0
job z: 0.0
