#timestep  occupied-CPU  total-CPU  utilization  queuingjobs
1    16    4096    0.00390625    0
2    128    4096    0.03125    0
3    320    4096    0.078125    0
4    340    4096    0.0830078125    0
5    68    4096    0.0166015625    0
6    0    4096    0.0    0
7    324    4096    0.0791015625    0
8    4    4096    0.0009765625    0
9    20    4096    0.0048828125    0
10    580    4096    0.1416015625    0
11    256    4096    0.0625    0
12    580    4096    0.1416015625    0
13    0    4096    0.0    0
14    384    4096    0.09375    0
15    0    4096    0.0    0
16    0    4096    0.0    0
17    0    4096    0.0    0
18    0    4096    0.0    0
19    260    4096    0.0634765625    0
20    0    4096    0.0    0
21    64    4096    0.015625    0
22    0    4096    0.0    0
23    48    4096    0.01171875    0
24    256    4096    0.0625    0
25    0    4096    0.0    0
26    528    4096    0.12890625    1
27    80    4096    0.01953125    0
28    20    4096    0.0048828125    0
29    592    4096    0.14453125    0
30    4    4096    0.0009765625    0
31    0    4096    0.0    0
32    68    4096    0.0166015625    0
33    4    4096    0.0009765625    0
34    0    4096    0.0    0
35    24    4096    0.005859375    0
36    256    4096    0.0625    0
37    272    4096    0.06640625    0
38    80    4096    0.01953125    0
39    144    4096    0.03515625    1
40    4    4096    0.0009765625    0
41    420    4096    0.1025390625    0
42    528    4096    0.12890625    0
43    4    4096    0.0009765625    0
44    24    4096    0.005859375    0
45    4    4096    0.0009765625    0
46    4    4096    0.0009765625    0
47    0    4096    0.0    0
48    276    4096    0.0673828125    0
49    256    4096    0.0625    0
50    280    4096    0.068359375    0
51    272    4096    0.06640625    0
52    80    4096    0.01953125    0
53    528    4096    0.12890625    0
54    324    4096    0.0791015625    1
55    32    4096    0.0078125    0
56    84    4096    0.0205078125    0
57    16    4096    0.00390625    0
58    520    4096    0.126953125    0
59    320    4096    0.078125    0
60    80    4096    0.01953125    0
61    528    4096    0.12890625    0
62    4    4096    0.0009765625    0
63    16    4096    0.00390625    0
64    128    4096    0.03125    0
65    20    4096    0.0048828125    0
66    132    4096    0.0322265625    0
67    256    4096    0.0625    0
68    256    4096    0.0625    0
69    64    4096    0.015625    0
70    4    4096    0.0009765625    0
71    68    4096    0.0166015625    0
72    0    4096    0.0    0
73    8    4096    0.001953125    0
74    16    4096    0.00390625    1
75    256    4096    0.0625    0
76    448    4096    0.109375    0
77    400    4096    0.09765625    0
78    0    4096    0.0    1
79    48    4096    0.01171875    0
80    128    4096    0.03125    0
81    580    4096    0.1416015625    0
82    512    4096    0.125    0
83    128    4096    0.03125    0
84    132    4096    0.0322265625    0
85    320    4096    0.078125    0
86    64    4096    0.015625    0
87    256    4096    0.0625    0
88    4    4096    0.0009765625    0
89    4    4096    0.0009765625    0
90    272    4096    0.06640625    0
91    16    4096    0.00390625    0
92    352    4096    0.0859375    0
93    268    4096    0.0654296875    0
94    640    4096    0.15625    0
95    16    4096    0.00390625    0
96    516    4096    0.1259765625    0
97    320    4096    0.078125    0
98    0    4096    0.0    0

average cpu utilization is: 0.0422413105867
average ssd utilization is: 1.0
average gpu utilization is: 1.0
average utilization is: 0.680747103529
average queuing jobs are: 0.0510204081633
maximum queuing jobs are: 1


#job_number  submit  dispatch  queue  cpu#  runtime  weight  response(turnaround)  cpu_aspl  cpu_diameter
0    1607334080.5    1607334144.44    63.9430000782    16    0.7616    12.1856    64.7046000782    2    2
1    1607334144.47    1607334144.47    0.0    64    0.6779    43.3856    0.6779    2    6
2    1607334144.52    1607334144.52    0.0    16    0.7616    12.1856    0.7616    2    2
3    1607334144.8    1607334144.8    0.0    4    0.0284    0.1136    0.0284    2    2
4    1607334144.82    1607334144.82    0.000999927520752    64    0.0234    1.4976    0.0243999275208    2    6
5    1607334145.27    1607334145.27    0.0    64    0.1855    11.872    0.1855    2    5
6    1607334145.38    1607334145.38    0.0    64    0.6779    43.3856    0.6779    2    5
7    1607334145.43    1607334145.43    0.0    64    0.4167    26.6688    0.4167    2    5
8    1607334145.88    1607334145.88    0.0    256    0.7528    192.7168    0.7528    3    6
9    1607334145.96    1607334145.96    0.0    4    0.0834    0.3336    0.0834    2    2
10    1607334145.98    1607334145.98    0.0    64    0.4167    26.6688    0.4167    2    6
11    1607334146.47    1607334146.47    0.0    64    0.1855    11.872    0.1855    2    5
12    1607334146.5    1607334146.5    0.0    16    0.0098    0.1568    0.0098    2    2
13    1607334146.61    1607334146.61    0.000999927520752    64    0.0125    0.8    0.0134999275208    2    5
14    1607334146.7    1607334146.7    0.0    4    0.6477    2.5908    0.6477    2    2
15    1607334146.85    1607334146.85    0.000999927520752    16    0.0297    0.4752    0.0306999275208    2    2
16    1607334146.89    1607334146.89    0.0    16    0.8805    14.088    0.8805    2    2
17    1607334147.26    1607334147.26    0.0    4    0.6477    2.5908    0.6477    2    2
18    1607334147.31    1607334147.31    0.000999927520752    64    0.4167    26.6688    0.417699927521    2    6
19    1607334147.41    1607334147.41    0.0    256    0.6189    158.4384    0.6189    3    6
20    1607334147.49    1607334147.49    0.0    4    0.0834    0.3336    0.0834    2    2
21    1607334147.51    1607334147.51    0.0    4    0.0834    0.3336    0.0834    2    2
22    1607334147.74    1607334147.74    0.0    4    0.0526    0.2104    0.0526    2    2
23    1607334147.78    1607334147.78    0.0    4    1.1322    4.5288    1.1322    2    2
24    1607334148.08    1607334148.08    0.000999927520752    64    0.9446    60.4544    0.945599927521    2    6
25    1607334148.78    1607334148.78    0.00100016593933    256    0.0177    4.5312    0.0187001659393    3    6
26    1607334148.81    1607334148.81    0.000999927520752    16    0.0285    0.456    0.0294999275208    2    2
27    1607334148.97    1607334148.97    0.0    64    0.0234    1.4976    0.0234    2    6
28    1607334149.0    1607334149.0    0.0    256    0.6189    158.4384    0.6189    3    6
29    1607334149.02    1607334149.02    0.0    4    0.5984    2.3936    0.5984    2    2
30    1607334149.39    1607334149.39    0.0    256    0.0057    1.4592    0.0057    3    6
31    1607334149.46    1607334149.46    0.000999927520752    64    0.0234    1.4976    0.0243999275208    2    6
32    1607334149.94    1607334149.94    0.0    64    0.4167    26.6688    0.4167    2    5
33    1607334150.06    1607334150.06    0.0    64    0.4167    26.6688    0.4167    2    5
34    1607334150.28    1607334150.28    0.0    64    0.9446    60.4544    0.9446    2    5
35    1607334150.38    1607334150.38    0.000999927520752    256    0.6189    158.4384    0.619899927521    3    6
36    1607334150.4    1607334150.4    0.000999927520752    256    0.0057    1.4592    0.00669992752075    3    6
37    1607334150.48    1607334150.48    0.000999927520752    16    0.0285    0.456    0.0294999275208    2    2
38    1607334150.77    1607334150.77    0.0    4    0.0526    0.2104    0.0526    2    2
39    1607334151.13    1607334151.13    0.0    16    0.4243    6.7888    0.4243    2    2
40    1607334151.34    1607334151.34    0.0    64    0.4167    26.6688    0.4167    2    6
41    1607334151.46    1607334151.46    0.0    16    0.0297    0.4752    0.0297    2    2
42    1607334151.48    1607334151.48    0.0    16    0.0285    0.456    0.0285    2    2
43    1607334151.73    1607334151.73    0.0    4    0.6477    2.5908    0.6477    2    2
44    1607334151.75    1607334151.75    0.0    4    0.0059    0.0236    0.0059    2    2
45    1607334151.75    1607334151.75    0.0    256    0.0057    1.4592    0.0057    3    6
46    1607334151.77    1607334151.77    0.0    4    0.0284    0.1136    0.0284    2    2
47    1607334151.94    1607334151.94    0.0    256    0.6189    158.4384    0.6189    3    6
48    1607334152.01    1607334152.01    0.0    4    0.0834    0.3336    0.0834    2    2
49    1607334152.03    1607334152.03    0.000999927520752    16    0.7616    12.1856    0.762599927521    2    2
50    1607334152.14    1607334152.14    0.0    16    0.0429    0.6864    0.0429    2    5
51    1607334152.28    1607334152.28    0.0    64    0.0234    1.4976    0.0234    2    6
52    1607334152.42    1607334152.42    0.0    4    0.6477    2.5908    0.6477    2    2
53    1607334152.56    1607334152.56    0.000999927520752    4    0.0526    0.2104    0.0535999275208    2    2
54    1607334152.58    1607334152.58    0.0    4    0.0284    0.1136    0.0284    2    2
55    1607334152.78    1607334152.78    0.0    16    0.4243    6.7888    0.4243    2    2
56    1607334152.84    1607334152.84    0.0    16    0.0285    0.456    0.0285    2    5
57    1607334152.88    1607334152.88    0.000999927520752    64    0.0234    1.4976    0.0243999275208    2    6
58    1607334153.38    1607334153.38    0.0    256    0.8    204.8    0.8    3    6
59    1607334153.42    1607334153.42    0.0    16    0.0285    0.456    0.0285    2    2
60    1607334153.58    1607334153.58    0.0    4    0.6477    2.5908    0.6477    2    2
61    1607334153.63    1607334153.63    0.000999927520752    16    0.0285    0.456    0.0294999275208    2    2
62    1607334153.83    1607334153.83    0.000999927520752    256    0.7528    192.7168    0.753799927521    3    6
63    1607334153.87    1607334153.87    0.000999927520752    64    0.4167    26.6688    0.417699927521    2    6
64    1607334154.17    1607334154.17    0.000999927520752    256    0.6189    158.4384    0.619899927521    3    6
65    1607334154.28    1607334154.28    0.0    64    0.6779    43.3856    0.6779    2    5
66    1607334154.33    1607334154.33    0.00100016593933    64    0.0055    0.352    0.00650016593933    2    5
67    1607334154.35    1607334154.35    0.000999927520752    256    0.8    204.8    0.800999927521    3    6
68    1607334154.57    1607334154.57    0.000999927520752    256    0.4221    108.0576    0.423099927521    3    6
69    1607334154.94    1607334154.94    0.000999927520752    64    0.0234    1.4976    0.0243999275208    2    6
70    1607334155.03    1607334155.03    0.0    16    0.0098    0.1568    0.0098    2    2
71    1607334155.33    1607334155.33    0.0    16    0.0098    0.1568    0.0098    2    2
72    1607334155.36    1607334155.36    0.0    16    0.0285    0.456    0.0285    2    2
73    1607334155.5    1607334155.5    0.0    16    0.4243    6.7888    0.4243    2    2
74    1607334155.66    1607334155.66    0.0    4    1.1322    4.5288    1.1322    2    2
75    1607334155.71    1607334155.71    0.000999927520752    256    0.6189    158.4384    0.619899927521    3    6
76    1607334155.97    1607334155.97    0.0    64    0.9446    60.4544    0.9446    2    6
77    1607334156.08    1607334156.08    0.000999927520752    256    0.4221    108.0576    0.423099927521    3    6
78    1607334156.28    1607334156.28    0.0    64    0.4167    26.6688    0.4167    2    6
79    1607334156.33    1607334156.33    0.000999927520752    4    0.6477    2.5908    0.648699927521    2    2
80    1607334156.4    1607334156.4    0.0    4    0.0059    0.0236    0.0059    2    2
81    1607334156.45    1607334156.45    0.000999927520752    16    0.0285    0.456    0.0294999275208    2    5
82    1607334156.58    1607334156.58    0.000999927520752    256    0.4221    108.0576    0.423099927521    3    6
83    1607334156.6    1607334156.6    0.0    4    0.0284    0.1136    0.0284    2    2
84    1607334156.79    1607334156.79    0.0    4    0.0284    0.1136    0.0284    2    2
85    1607334156.95    1607334156.95    0.0    64    0.0125    0.8    0.0125    2    6
86    1607334157.37    1607334157.37    0.0    4    0.6477    2.5908    0.6477    2    2
87    1607334157.44    1607334157.44    0.000999927520752    4    0.0284    0.1136    0.0293999275208    2    2
88    1607334157.72    1607334157.72    0.0    4    0.0526    0.2104    0.0526    2    2
89    1607334157.88    1607334157.88    0.000999927520752    256    0.7528    192.7168    0.753799927521    3    6
90    1607334157.9    1607334157.9    0.000999927520752    64    0.4167    26.6688    0.417699927521    2    6
91    1607334158.09    1607334158.09    0.000999927520752    64    0.1855    11.872    0.186499927521    2    6
92    1607334158.46    1607334158.46    0.0    16    0.0297    0.4752    0.0297    2    3
93    1607334158.86    1607334158.86    0.0    16    0.0285    0.456    0.0285    2    2
94    1607334159.32    1607334159.32    0.0    16    0.0285    0.456    0.0285    2    2
95    1607334159.39    1607334159.39    0.00100016593933    64    0.9446    60.4544    0.945600165939    2    5
96    1607334159.44    1607334159.44    0.000999927520752    16    0.0285    0.456    0.0294999275208    2    2
97    1607334159.72    1607334159.72    0.00200009346008    64    0.0125    0.8    0.0145000934601    2    5
98    1607334159.77    1607334159.77    0.0    4    0.0834    0.3336    0.0834    2    2
99    1607334159.91    1607334159.91    0.000999927520752    16    0.0098    0.1568    0.0107999275208    2    2
100    1607334160.01    1607334160.01    0.0    4    0.0284    0.1136    0.0284    2    2
101    1607334160.26    1607334160.26    0.0    256    0.0057    1.4592    0.0057    3    6
102    1607334160.46    1607334160.46    0.0    4    0.0284    0.1136    0.0284    2    2
103    1607334160.54    1607334160.54    0.0    16    0.0285    0.456    0.0285    2    2
104    1607334160.56    1607334160.56    0.000999927520752    256    0.8    204.8    0.800999927521    3    6
105    1607334160.62    1607334160.62    0.000999927520752    256    0.4221    108.0576    0.423099927521    3    6
106    1607334160.63    1607334160.63    0.00100016593933    64    0.0055    0.352    0.00650016593933    2    5
107    1607334160.65    1607334160.65    0.000999927520752    64    0.6779    43.3856    0.678899927521    2    5
108    1607334160.78    1607334160.78    0.0    4    0.5984    2.3936    0.5984    2    2
109    1607334161.33    1607334161.33    0.0    4    0.0526    0.2104    0.0526    2    2
110    1607334161.75    1607334161.75    0.0    4    0.5984    2.3936    0.5984    2    2
111    1607334161.98    1607334161.98    0.0    4    0.0526    0.2104    0.0526    2    2
112    1607334163.03    1607334163.04    0.00100016593933    64    0.0234    1.4976    0.0244001659393    2    5
113    1607334163.16    1607334163.16    0.0    4    0.0834    0.3336    0.0834    2    2
114    1607334163.43    1607334163.43    0.0    256    0.4221    108.0576    0.4221    3    6
115    1607334163.44    1607334163.44    0.000999927520752    4    0.5984    2.3936    0.599399927521    2    2
116    1607334163.71    1607334163.71    0.0    64    0.0125    0.8    0.0125    2    6
117    1607334163.83    1607334163.83    0.0    4    0.0526    0.2104    0.0526    2    2
118    1607334163.88    1607334163.88    0.0    256    0.0057    1.4592    0.0057    3    6
119    1607334163.97    1607334163.97    0.0    16    0.0297    0.4752    0.0297    2    2
120    1607334164.17    1607334164.17    0.00100016593933    64    0.0234    1.4976    0.0244001659393    2    5
121    1607334164.51    1607334164.51    0.0    16    0.0429    0.6864    0.0429    2    2
122    1607334164.83    1607334164.83    0.0    64    0.0125    0.8    0.0125    2    5
123    1607334165.09    1607334165.09    0.0    16    0.0098    0.1568    0.0098    2    2
124    1607334165.1    1607334165.1    0.0    16    0.0429    0.6864    0.0429    2    2
125    1607334165.55    1607334165.55    0.0    4    0.0059    0.0236    0.0059    2    2
126    1607334165.59    1607334165.59    0.0    64    0.9446    60.4544    0.9446    2    5
127    1607334165.87    1607334165.87    0.00100016593933    64    0.4167    26.6688    0.417700165939    2    5
128    1607334165.9    1607334165.9    0.0    4    0.0284    0.1136    0.0284    2    2
129    1607334166.02    1607334166.02    0.0    64    0.6779    43.3856    0.6779    2    5
130    1607334166.21    1607334166.21    0.0    4    0.0284    0.1136    0.0284    2    2
131    1607334166.85    1607334166.85    0.0    16    0.0098    0.1568    0.0098    2    2
132    1607334167.27    1607334167.27    0.000999927520752    16    0.7616    12.1856    0.762599927521    2    2
133    1607334167.27    1607334167.27    0.000999927520752    16    0.7616    12.1856    0.762599927521    2    2
134    1607334167.32    1607334167.32    0.000999927520752    16    0.0297    0.4752    0.0306999275208    2    2
135    1607334167.34    1607334167.34    0.0    16    0.0297    0.4752    0.0297    2    2
136    1607334167.6    1607334167.6    0.0    16    0.4243    6.7888    0.4243    2    2
137    1607334167.81    1607334167.81    0.0    256    0.4221    108.0576    0.4221    3    6
138    1607334167.89    1607334167.89    0.00100016593933    256    0.0057    1.4592    0.00670016593933    3    6
139    1607334168.09    1607334168.09    0.0    4    0.5984    2.3936    0.5984    2    2
140    1607334168.32    1607334168.32    0.000999927520752    64    0.0055    0.352    0.00649992752075    2    6
141    1607334168.34    1607334168.34    0.0    4    0.0059    0.0236    0.0059    2    2
142    1607334168.51    1607334168.51    0.000999927520752    256    0.6189    158.4384    0.619899927521    3    6
143    1607334168.97    1607334168.97    0.0    256    0.0177    4.5312    0.0177    3    6
144    1607334169.04    1607334169.04    0.000999927520752    16    0.7616    12.1856    0.762599927521    2    3
145    1607334169.1    1607334169.1    0.0    256    0.7528    192.7168    0.7528    3    6
146    1607334169.42    1607334169.42    0.0    4    0.0526    0.2104    0.0526    2    2
147    1607334170.11    1607334170.11    0.0    256    0.8    204.8    0.8    3    6
148    1607334170.16    1607334170.16    0.0    16    0.8805    14.088    0.8805    2    2
149    1607334170.24    1607334170.24    0.00100016593933    256    0.6189    158.4384    0.619900165939    3    6
150    1607334170.63    1607334170.63    0.000999927520752    256    0.7528    192.7168    0.753799927521    3    6
151    1607334170.63    1607334170.63    0.00300002098083    256    0.7528    192.7168    0.755800020981    3    6
152    1607334170.89    1607334170.89    0.000999927520752    16    0.0285    0.456    0.0294999275208    2    2
153    1607334170.98    1607334170.98    0.0019998550415    256    0.0177    4.5312    0.0196998550415    3    6
154    1607334171.27    1607334171.27    0.0    16    0.0429    0.6864    0.0429    2    2
155    1607334171.51    1607334171.51    0.0    64    0.0055    0.352    0.0055    2    5
156    1607334171.74    1607334171.74    0.0    16    0.0429    0.6864    0.0429    2    2
157    1607334171.75    1607334171.75    0.0    16    0.7616    12.1856    0.7616    2    2
158    1607334171.87    1607334171.87    0.0    64    0.0234    1.4976    0.0234    2    6
159    1607334171.91    1607334171.91    0.0    64    0.6779    43.3856    0.6779    2    6
160    1607334172.07    1607334172.07    0.0    4    0.0834    0.3336    0.0834    2    2
161    1607334172.17    1607334172.17    0.000999927520752    64    0.6779    43.3856    0.678899927521    2    6
162    1607334172.2    1607334172.2    0.0    4    0.0526    0.2104    0.0526    2    2
163    1607334172.64    1607334172.64    0.00100016593933    256    0.0177    4.5312    0.0187001659393    3    6
164    1607334172.7    1607334172.7    0.0    16    0.0098    0.1568    0.0098    2    2
165    1607334172.76    1607334172.76    0.0    4    0.0834    0.3336    0.0834    2    2
166    1607334172.8    1607334172.8    0.0    16    0.4243    6.7888    0.4243    2    2
167    1607334172.9    1607334172.9    0.0    16    0.0285    0.456    0.0285    2    2
168    1607334172.98    1607334172.98    0.0    4    0.5984    2.3936    0.5984    2    2
169    1607334173.3    1607334173.3    0.0    4    0.0059    0.0236    0.0059    2    2
170    1607334173.34    1607334173.34    0.0    64    0.0234    1.4976    0.0234    2    6
171    1607334173.42    1607334173.42    0.0    256    0.7528    192.7168    0.7528    3    6
172    1607334173.69    1607334173.69    0.0    4    0.0059    0.0236    0.0059    2    2
173    1607334173.71    1607334173.71    0.0    64    0.4167    26.6688    0.4167    2    6
174    1607334173.84    1607334173.84    0.0    16    0.0098    0.1568    0.0098    2    2
175    1607334173.84    1607334173.84    0.0    256    0.8    204.8    0.8    3    6
176    1607334173.89    1607334173.89    0.000999927520752    16    0.7616    12.1856    0.762599927521    2    2
177    1607334174.22    1607334174.22    0.000999927520752    256    0.7528    192.7168    0.753799927521    3    6
178    1607334174.28    1607334174.28    0.0    64    0.0234    1.4976    0.0234    2    5
179    1607334174.33    1607334174.33    0.0    64    0.1855    11.872    0.1855    2    5
180    1607334174.36    1607334174.36    0.000999927520752    16    0.7616    12.1856    0.762599927521    2    2
181    1607334174.53    1607334174.53    0.0    4    0.0526    0.2104    0.0526    2    2
182    1607334174.71    1607334174.71    0.0    4    0.0834    0.3336    0.0834    2    2
183    1607334174.77    1607334174.77    0.0    4    1.1322    4.5288    1.1322    2    2
184    1607334175.11    1607334175.11    0.000999927520752    256    0.0177    4.5312    0.0186999275208    3    6
185    1607334175.28    1607334175.28    0.0    4    0.0526    0.2104    0.0526    2    2
186    1607334175.39    1607334175.39    0.0    16    0.0297    0.4752    0.0297    2    2
187    1607334175.82    1607334175.82    0.0    16    0.0098    0.1568    0.0098    2    2
188    1607334175.92    1607334175.92    0.0    64    0.1855    11.872    0.1855    2    5
189    1607334176.14    1607334176.14    0.00100016593933    64    0.0234    1.4976    0.0244001659393    2    5
190    1607334176.28    1607334176.28    0.0    64    0.4167    26.6688    0.4167    2    5
191    1607334176.54    1607334176.54    0.0    4    0.5984    2.3936    0.5984    2    2
192    1607334176.64    1607334176.64    0.000999927520752    256    0.0177    4.5312    0.0186999275208    3    6
193    1607334176.83    1607334176.83    0.000999927520752    64    0.0055    0.352    0.00649992752075    2    5
194    1607334176.88    1607334176.88    0.000999927520752    64    0.9446    60.4544    0.945599927521    2    5
195    1607334177.21    1607334177.21    0.00100016593933    4    0.5984    2.3936    0.599400165939    2    2
196    1607334177.31    1607334177.31    0.0    4    0.0526    0.2104    0.0526    2    2
197    1607334177.56    1607334177.57    0.00100016593933    256    0.0057    1.4592    0.00670016593933    3    6
198    1607334177.79    1607334177.79    0.0    4    0.6477    2.5908    0.6477    2    2
199    1607334177.96    1607334177.96    0.0    4    0.0284    0.1136    0.0284    2    2
200    1607334178.42    1607334178.42    0.0    256    0.4221    108.0576    0.4221    3    6
201    1607334178.48    1607334178.48    0.00100016593933    256    0.0057    1.4592    0.00670016593933    3    6
202    1607334179.17    1607334179.17    0.0    4    0.0059    0.0236    0.0059    2    2
203    1607334179.2    1607334179.2    0.0    4    0.0834    0.3336    0.0834    2    2
204    1607334179.48    1607334179.48    0.0    256    0.0177    4.5312    0.0177    3    6
205    1607334179.5    1607334179.5    0.00100016593933    16    0.0297    0.4752    0.0307001659393    2    2
206    1607334179.53    1607334179.53    0.0    16    0.0429    0.6864    0.0429    2    2
207    1607334179.58    1607334179.58    0.0    4    0.6477    2.5908    0.6477    2    2
208    1607334179.68    1607334179.68    0.0    4    1.1322    4.5288    1.1322    2    2
209    1607334179.73    1607334179.73    0.0    4    1.1322    4.5288    1.1322    2    2
210    1607334179.85    1607334179.85    0.0    16    0.8805    14.088    0.8805    2    2
211    1607334179.89    1607334179.89    0.0    256    0.0177    4.5312    0.0177    3    6
212    1607334180.21    1607334180.21    0.0    64    0.1855    11.872    0.1855    2    6
213    1607334180.46    1607334180.46    0.000999927520752    64    0.0055    0.352    0.00649992752075    2    6
214    1607334180.55    1607334180.55    0.000999927520752    64    0.0234    1.4976    0.0243999275208    2    6
215    1607334180.72    1607334180.72    0.0    16    0.0297    0.4752    0.0297    2    5
216    1607334180.85    1607334180.85    0.0    4    0.6477    2.5908    0.6477    2    2
217    1607334181.07    1607334181.07    0.0    16    0.4243    6.7888    0.4243    2    2
218    1607334181.18    1607334181.18    0.0    256    0.6189    158.4384    0.6189    3    6
219    1607334181.7    1607334181.7    0.0    16    0.4243    6.7888    0.4243    2    2
220    1607334182.2    1607334182.2    0.0    16    0.7616    12.1856    0.7616    2    2
221    1607334182.21    1607334182.21    0.000999927520752    256    0.8    204.8    0.800999927521    3    6
222    1607334182.7    1607334182.7    0.0    256    0.8    204.8    0.8    3    6
223    1607334183.27    1607334183.27    0.0    4    0.0059    0.0236    0.0059    2    2
224    1607334183.28    1607334183.28    0.00100016593933    16    0.0297    0.4752    0.0307001659393    2    2
225    1607334183.29    1607334183.29    0.0    16    0.7616    12.1856    0.7616    2    2
226    1607334183.3    1607334183.3    0.00100016593933    16    0.0429    0.6864    0.0439001659393    2    2
227    1607334183.38    1607334183.38    0.0    4    0.0526    0.2104    0.0526    2    2
228    1607334183.61    1607334183.61    0.0    64    0.0125    0.8    0.0125    2    6
229    1607334183.76    1607334183.76    0.0    64    0.0055    0.352    0.0055    2    6
230    1607334183.89    1607334183.89    0.0    256    0.4221    108.0576    0.4221    3    6
231    1607334184.01    1607334184.01    0.00100016593933    16    0.0297    0.4752    0.0307001659393    2    2
232    1607334184.17    1607334184.17    0.0    16    0.8805    14.088    0.8805    2    2
233    1607334184.33    1607334184.33    0.0    4    0.0526    0.2104    0.0526    2    2
234    1607334184.38    1607334184.38    0.000999927520752    64    0.9446    60.4544    0.945599927521    2    6
235    1607334184.42    1607334184.42    0.0    4    0.0526    0.2104    0.0526    2    2
236    1607334184.52    1607334184.52    0.0    16    0.0098    0.1568    0.0098    2    2
237    1607334184.54    1607334184.54    0.0    64    0.1855    11.872    0.1855    2    6
238    1607334184.73    1607334184.73    0.0    16    0.7616    12.1856    0.7616    2    2
239    1607334184.78    1607334184.78    0.000999927520752    64    0.1855    11.872    0.186499927521    3    6
240    1607334184.85    1607334184.85    0.000999927520752    256    0.8    204.8    0.800999927521    3    6
241    1607334184.87    1607334184.87    0.000999927520752    256    0.0177    4.5312    0.0186999275208    3    6
242    1607334185.12    1607334185.12    0.0    4    0.0059    0.0236    0.0059    2    2
243    1607334185.57    1607334185.57    0.0    4    0.6477    2.5908    0.6477    2    2
244    1607334185.81    1607334185.81    0.0    4    1.1322    4.5288    1.1322    2    2
245    1607334185.95    1607334185.95    0.0    16    0.8805    14.088    0.8805    2    2
246    1607334186.28    1607334186.29    0.00100016593933    64    0.6779    43.3856    0.678900165939    2    6
247    1607334186.37    1607334186.37    0.0    16    0.8805    14.088    0.8805    2    5
248    1607334186.54    1607334186.54    0.000999927520752    256    0.6189    158.4384    0.619899927521    3    6
249    1607334186.66    1607334186.66    0.000999927520752    64    0.4167    26.6688    0.417699927521    2    6
250    1607334186.99    1607334187.0    0.00100016593933    64    0.0055    0.352    0.00650016593933    2    5
251    1607334187.21    1607334187.21    0.0    256    0.8    204.8    0.8    3    6
252    1607334187.24    1607334187.24    0.0    4    0.0059    0.0236    0.0059    2    2
253    1607334187.35    1607334187.35    0.0    256    0.6189    158.4384    0.6189    3    6
254    1607334187.38    1607334187.38    0.0    4    0.0526    0.2104    0.0526    2    2
255    1607334187.65    1607334187.65    0.000999927520752    4    0.0059    0.0236    0.00689992752075    2    2
256    1607334187.66    1607334187.66    0.0    16    0.8805    14.088    0.8805    2    2
257    1607334187.91    1607334187.91    0.00100016593933    16    0.0098    0.1568    0.0108001659393    2    2
258    1607334188.05    1607334188.05    0.0    16    0.0098    0.1568    0.0098    2    2
259    1607334188.23    1607334188.23    0.0    16    0.0297    0.4752    0.0297    2    2
260    1607334188.51    1607334188.52    0.00100016593933    4    0.0284    0.1136    0.0294001659393    2    2
261    1607334188.76    1607334188.76    0.000999927520752    4    0.0526    0.2104    0.0535999275208    2    2
262    1607334188.81    1607334188.81    0.0    4    0.0284    0.1136    0.0284    2    2
263    1607334188.82    1607334188.82    0.0    4    1.1322    4.5288    1.1322    2    2
264    1607334188.98    1607334188.98    0.0    4    0.0284    0.1136    0.0284    2    2
265    1607334189.05    1607334189.05    0.0    4    1.1322    4.5288    1.1322    2    2
266    1607334189.3    1607334189.3    0.0    4    0.0059    0.0236    0.0059    2    2
267    1607334189.43    1607334189.43    0.0    16    0.0429    0.6864    0.0429    2    2
268    1607334189.46    1607334189.46    0.0    16    0.8805    14.088    0.8805    2    5
269    1607334189.81    1607334189.81    0.0    4    0.5984    2.3936    0.5984    2    2
270    1607334190.17    1607334190.17    0.0    64    0.4167    26.6688    0.4167    2    6
271    1607334190.18    1607334190.18    0.00100016593933    4    1.1322    4.5288    1.13320016594    2    2
272    1607334190.57    1607334190.57    0.0    256    0.4221    108.0576    0.4221    3    6
273    1607334190.72    1607334190.72    0.0    4    0.0284    0.1136    0.0284    2    2
274    1607334191.22    1607334191.22    0.0    4    0.6477    2.5908    0.6477    2    2
275    1607334191.3    1607334191.3    0.0    4    0.0284    0.1136    0.0284    2    2
276    1607334192.03    1607334192.03    0.0    4    0.5984    2.3936    0.5984    2    2
277    1607334192.07    1607334192.07    0.000999927520752    64    0.0125    0.8    0.0134999275208    2    6
278    1607334192.16    1607334192.17    0.0019998550415    256    0.4221    108.0576    0.424099855042    3    6
279    1607334193.52    1607334193.52    0.0    64    0.6779    43.3856    0.6779    2    5
280    1607334193.62    1607334193.62    0.0    256    0.7528    192.7168    0.7528    3    6
281    1607334193.63    1607334193.63    0.000999927520752    64    0.0125    0.8    0.0134999275208    2    5
282    1607334193.63    1607334193.63    0.000999927520752    4    0.0526    0.2104    0.0535999275208    2    2
283    1607334193.79    1607334193.79    0.000999927520752    4    0.0284    0.1136    0.0293999275208    2    2
284    1607334194.04    1607334194.04    0.0    16    0.7616    12.1856    0.7616    2    2
285    1607334194.13    1607334194.13    0.000999927520752    256    0.0057    1.4592    0.00669992752075    3    6
286    1607334194.21    1607334194.21    0.000999927520752    4    0.0284    0.1136    0.0293999275208    2    2
287    1607334194.42    1607334194.42    0.0    256    0.0177    4.5312    0.0177    3    6
288    1607334194.51    1607334194.51    0.0    256    0.0057    1.4592    0.0057    3    6
289    1607334194.56    1607334194.56    0.000999927520752    256    0.0177    4.5312    0.0186999275208    3    6
290    1607334194.67    1607334194.67    0.0    16    0.0285    0.456    0.0285    2    2
291    1607334194.76    1607334194.76    0.0    256    0.7528    192.7168    0.7528    3    6
292    1607334194.79    1607334194.79    0.0    4    0.0526    0.2104    0.0526    2    2
293    1607334194.83    1607334194.83    0.0    4    0.0834    0.3336    0.0834    2    2
294    1607334195.22    1607334195.22    0.000999927520752    256    0.0057    1.4592    0.00669992752075    3    6
295    1607334195.57    1607334195.57    0.0    16    0.0098    0.1568    0.0098    2    2
296    1607334195.73    1607334195.73    0.0    16    0.0098    0.1568    0.0098    2    2
297    1607334195.93    1607334195.93    0.0    256    0.4221    108.0576    0.4221    3    6
298    1607334196.02    1607334196.02    0.0    4    0.5984    2.3936    0.5984    2    2
299    1607334196.04    1607334196.04    0.0    16    0.8805    14.088    0.8805    2    2
300    1607334196.25    1607334196.25    0.0    4    0.0059    0.0236    0.0059    2    2
301    1607334196.32    1607334196.32    0.00100016593933    4    0.0526    0.2104    0.0536001659393    2    2
302    1607334196.68    1607334196.68    0.0    16    0.0297    0.4752    0.0297    2    2
303    1607334197.23    1607334197.23    0.0    16    0.8805    14.088    0.8805    2    2
304    1607334197.31    1607334197.31    0.0    256    0.4221    108.0576    0.4221    3    6
305    1607334197.32    1607334197.32    0.0    16    0.0297    0.4752    0.0297    2    2
306    1607334197.41    1607334197.42    0.00300002098083    256    0.7528    192.7168    0.755800020981    3    6
307    1607334197.76    1607334197.76    0.0    4    0.0059    0.0236    0.0059    2    2
308    1607334197.96    1607334197.96    0.0    4    0.0526    0.2104    0.0526    2    2
309    1607334198.05    1607334198.05    -0.000999927520752    64    0.9446    60.4544    0.943600072479    2    6
310    1607334198.25    1607334198.25    0.0    16    0.8805    14.088    0.8805    2    2
311    1607334198.48    1607334198.48    0.0    4    0.0834    0.3336    0.0834    2    2
312    1607334198.77    1607334198.77    0.000999927520752    16    0.7616    12.1856    0.762599927521    2    2
313    1607334198.86    1607334198.86    0.00100016593933    256    0.0177    4.5312    0.0187001659393    3    6
314    1607334198.96    1607334198.96    0.000999927520752    16    0.0098    0.1568    0.0107999275208    2    2
315    1607334198.99    1607334199.0    0.00100016593933    256    0.6189    158.4384    0.619900165939    3    6
316    1607334199.01    1607334199.01    0.0    256    0.6189    158.4384    0.6189    3    6
317    1607334199.08    1607334199.08    0.00100016593933    256    0.4221    108.0576    0.423100165939    3    6
318    1607334199.11    1607334199.12    0.00200009346008    4    0.0284    0.1136    0.0304000934601    2    2
319    1607334199.2    1607334199.2    0.0    16    0.0297    0.4752    0.0297    2    2
320    1607334199.53    1607334199.54    0.00400018692017    256    0.6189    158.4384    0.62290018692    3    6
321    1607334199.64    1607334199.64    0.0    4    1.1322    4.5288    1.1322    2    2
322    1607334199.82    1607334199.82    0.00100016593933    16    0.0297    0.4752    0.0307001659393    2    5
323    1607334199.83    1607334199.83    0.0    64    0.0234    1.4976    0.0234    2    6
324    1607334199.88    1607334199.88    0.0    4    0.6477    2.5908    0.6477    2    2
325    1607334199.89    1607334199.89    0.000999927520752    64    0.1855    11.872    0.186499927521    2    6
326    1607334199.91    1607334199.91    0.000999927520752    16    0.4243    6.7888    0.425299927521    2    2
327    1607334200.13    1607334200.14    0.000999927520752    256    0.7528    192.7168    0.753799927521    3    6
328    1607334200.44    1607334200.44    0.0    4    0.0284    0.1136    0.0284    2    2
329    1607334200.54    1607334200.54    0.000999927520752    64    0.6779    43.3856    0.678899927521    3    6
330    1607334200.56    1607334200.56    0.0    16    0.0098    0.1568    0.0098    2    2
331    1607334200.62    1607334200.62    0.000999927520752    16    0.8805    14.088    0.881499927521    2    2
332    1607334200.64    1607334200.64    0.00200009346008    16    0.4243    6.7888    0.42630009346    2    5
333    1607334200.74    1607334200.74    0.0    4    0.5984    2.3936    0.5984    2    2
334    1607334201.0    1607334201.0    0.0    16    0.8805    14.088    0.8805    2    5
335    1607334201.22    1607334201.22    0.0    16    0.4243    6.7888    0.4243    2    2
336    1607334201.58    1607334201.58    0.0    16    0.7616    12.1856    0.7616    2    2
337    1607334201.68    1607334201.68    0.0    4    0.0059    0.0236    0.0059    2    2
338    1607334201.73    1607334201.73    0.0    4    0.0059    0.0236    0.0059    2    2
339    1607334202.1    1607334202.1    0.0    4    0.6477    2.5908    0.6477    2    2
340    1607334202.12    1607334202.12    0.0    16    0.0098    0.1568    0.0098    2    5
341    1607334202.18    1607334202.18    0.0    4    0.0059    0.0236    0.0059    2    2
342    1607334202.48    1607334202.48    0.0    4    0.0834    0.3336    0.0834    2    2
343    1607334202.65    1607334202.65    0.0    64    0.6779    43.3856    0.6779    2    6
344    1607334202.7    1607334202.7    0.0    16    0.7616    12.1856    0.7616    2    2
345    1607334202.84    1607334202.84    0.0    4    0.0526    0.2104    0.0526    2    2
346    1607334202.96    1607334202.96    0.0    4    0.0284    0.1136    0.0284    2    2
347    1607334203.32    1607334203.32    0.0    16    0.7616    12.1856    0.7616    2    3
348    1607334203.42    1607334203.42    0.00100016593933    64    0.0055    0.352    0.00650016593933    2    6
349    1607334203.93    1607334203.93    0.0    4    1.1322    4.5288    1.1322    2    2
350    1607334204.27    1607334204.27    0.000999927520752    256    0.7528    192.7168    0.753799927521    3    6
351    1607334204.57    1607334204.57    0.000999927520752    4    0.5984    2.3936    0.599399927521    2    2
352    1607334204.67    1607334204.68    0.00200009346008    256    0.6189    158.4384    0.62090009346    3    6
353    1607334205.11    1607334205.11    0.000999927520752    256    0.6189    158.4384    0.619899927521    3    6
354    1607334205.13    1607334205.13    0.00100016593933    16    0.0429    0.6864    0.0439001659393    2    3
355    1607334205.5    1607334205.5    0.0    256    0.8    204.8    0.8    3    6
356    1607334205.56    1607334205.57    0.00100016593933    4    0.0526    0.2104    0.0536001659393    2    2
357    1607334205.85    1607334205.85    0.000999927520752    64    0.6779    43.3856    0.678899927521    2    5
358    1607334206.22    1607334206.22    0.0    256    0.0057    1.4592    0.0057    3    6
359    1607334206.28    1607334206.28    0.0    4    0.5984    2.3936    0.5984    2    2
360    1607334206.44    1607334206.44    0.0    16    0.7616    12.1856    0.7616    2    2
361    1607334206.49    1607334206.49    0.0    4    0.0059    0.0236    0.0059    2    2
362    1607334206.66    1607334206.66    0.0    64    0.4167    26.6688    0.4167    2    5
363    1607334206.86    1607334206.86    0.000999927520752    16    0.0285    0.456    0.0294999275208    2    5
364    1607334207.3    1607334207.3    0.0    4    0.0526    0.2104    0.0526    2    2
365    1607334207.44    1607334207.44    0.0    4    0.0059    0.0236    0.0059    2    2
366    1607334207.46    1607334207.46    0.000999927520752    64    0.0125    0.8    0.0134999275208    2    5
367    1607334207.66    1607334207.66    0.000999927520752    256    0.4221    108.0576    0.423099927521    3    6
368    1607334207.67    1607334207.67    0.0    16    0.0098    0.1568    0.0098    2    2
369    1607334207.72    1607334207.72    0.00100016593933    16    0.8805    14.088    0.881500165939    2    2
370    1607334207.84    1607334207.84    0.0    4    0.0834    0.3336    0.0834    2    2
371    1607334207.99    1607334208.0    0.00300002098083    256    0.0057    1.4592    0.00870002098083    3    6
372    1607334208.17    1607334208.17    0.0    16    0.4243    6.7888    0.4243    2    2
373    1607334208.2    1607334208.2    0.0    4    1.1322    4.5288    1.1322    2    2
374    1607334208.25    1607334208.26    0.00100016593933    64    0.6779    43.3856    0.678900165939    2    6
375    1607334209.4    1607334209.4    0.0    16    0.7616    12.1856    0.7616    2    2
376    1607334209.59    1607334209.59    0.0    64    0.1855    11.872    0.1855    2    6
377    1607334209.75    1607334209.75    0.0    4    0.0284    0.1136    0.0284    2    2
378    1607334210.21    1607334210.21    0.0    64    0.0055    0.352    0.0055    2    5
379    1607334210.28    1607334210.28    0.0    16    0.8805    14.088    0.8805    2    2
380    1607334210.31    1607334210.31    0.000999927520752    64    0.1855    11.872    0.186499927521    2    6
381    1607334210.63    1607334210.63    0.0    4    0.0284    0.1136    0.0284    2    2
382    1607334210.9    1607334210.9    0.000999927520752    64    0.6779    43.3856    0.678899927521    2    6
383    1607334210.92    1607334210.92    0.0    4    0.0284    0.1136    0.0284    2    2
384    1607334211.04    1607334211.04    0.000999927520752    64    0.4167    26.6688    0.417699927521    2    6
385    1607334211.11    1607334211.11    0.0    16    0.0297    0.4752    0.0297    2    2
386    1607334211.31    1607334211.31    0.0    64    0.0125    0.8    0.0125    2    6
387    1607334211.6    1607334211.6    0.0    16    0.0098    0.1568    0.0098    2    2
388    1607334212.08    1607334212.08    0.0    16    0.4243    6.7888    0.4243    2    2
389    1607334212.16    1607334212.16    0.0    256    0.0177    4.5312    0.0177    3    6
390    1607334212.21    1607334212.21    0.0    4    1.1322    4.5288    1.1322    2    2
391    1607334212.28    1607334212.28    0.000999927520752    4    0.5984    2.3936    0.599399927521    2    2
392    1607334212.43    1607334212.43    0.0    16    0.8805    14.088    0.8805    2    5
393    1607334212.53    1607334212.53    0.0    64    0.9446    60.4544    0.9446    2    6
394    1607334212.65    1607334212.65    0.000999927520752    4    0.5984    2.3936    0.599399927521    2    2
395    1607334212.73    1607334212.73    0.000999927520752    16    0.7616    12.1856    0.762599927521    2    5
396    1607334212.8    1607334212.8    0.0    64    0.0055    0.352    0.0055    2    6
397    1607334212.84    1607334212.85    0.000999927520752    16    0.7616    12.1856    0.762599927521    2    2
398    1607334213.03    1607334213.03    0.000999927520752    16    0.8805    14.088    0.881499927521    3    6
399    1607334213.46    1607334213.46    0.0    4    0.0059    0.0236    0.0059    2    2
400    1607334213.67    1607334213.67    0.0    16    0.0098    0.1568    0.0098    2    2
401    1607334213.75    1607334213.75    0.000999927520752    256    0.4221    108.0576    0.423099927521    3    6
402    1607334213.93    1607334213.93    0.000999927520752    16    0.0285    0.456    0.0294999275208    3    6
403    1607334214.0    1607334214.0    0.000999927520752    64    0.1855    11.872    0.186499927521    3    6
404    1607334214.02    1607334214.02    0.000999927520752    16    0.0098    0.1568    0.0107999275208    2    2
405    1607334214.16    1607334214.16    0.000999927520752    256    0.6189    158.4384    0.619899927521    3    6
406    1607334214.44    1607334214.44    0.0    4    0.0284    0.1136    0.0284    2    2
407    1607334214.55    1607334214.55    0.000999927520752    256    0.0057    1.4592    0.00669992752075    3    6
408    1607334214.98    1607334214.98    0.00100016593933    64    0.0055    0.352    0.00650016593933    2    5
409    1607334215.01    1607334215.01    0.00100016593933    64    0.0234    1.4976    0.0244001659393    2    5
410    1607334215.05    1607334215.05    0.0    256    0.0057    1.4592    0.0057    3    6
411    1607334215.08    1607334215.08    0.0    64    0.0055    0.352    0.0055    2    5
412    1607334215.12    1607334215.12    0.0    16    0.0285    0.456    0.0285    2    2
413    1607334215.23    1607334215.23    0.0    4    0.0284    0.1136    0.0284    2    2
414    1607334215.38    1607334215.38    0.0    256    0.4221    108.0576    0.4221    3    6
415    1607334215.53    1607334215.53    0.0    64    0.1855    11.872    0.1855    2    5
416    1607334215.65    1607334215.65    0.000999927520752    64    0.6779    43.3856    0.678899927521    2    5
417    1607334215.74    1607334215.74    0.0    16    0.4243    6.7888    0.4243    2    2
418    1607334216.08    1607334216.09    0.000999927520752    64    0.6779    43.3856    0.678899927521    2    5
419    1607334216.3    1607334216.3    0.0    4    0.0526    0.2104    0.0526    2    2
420    1607334216.43    1607334216.43    0.0    16    0.0297    0.4752    0.0297    2    2
421    1607334216.75    1607334216.75    0.0    16    0.0297    0.4752    0.0297    2    2
422    1607334217.04    1607334217.04    0.0    4    0.6477    2.5908    0.6477    2    2
423    1607334217.13    1607334217.13    0.0    64    0.0234    1.4976    0.0234    2    6
424    1607334217.34    1607334217.34    0.0    4    0.0526    0.2104    0.0526    2    2
425    1607334217.44    1607334217.44    0.0    4    0.0284    0.1136    0.0284    2    2
426    1607334217.53    1607334217.53    0.000999927520752    64    0.4167    26.6688    0.417699927521    2    6
427    1607334217.58    1607334217.58    0.00300002098083    256    0.7528    192.7168    0.755800020981    3    6
428    1607334217.87    1607334217.87    0.0    4    1.1322    4.5288    1.1322    2    2
429    1607334217.97    1607334217.97    0.00100016593933    64    0.1855    11.872    0.186500165939    2    6
430    1607334218.31    1607334218.31    0.0    64    0.0125    0.8    0.0125    2    6
431    1607334218.33    1607334218.33    0.00200009346008    64    0.4167    26.6688    0.41870009346    2    6
432    1607334218.53    1607334218.53    0.0    16    0.0098    0.1568    0.0098    2    2
433    1607334218.75    1607334218.75    0.000999927520752    16    0.0285    0.456    0.0294999275208    2    2
434    1607334219.25    1607334219.25    0.0    16    0.0297    0.4752    0.0297    2    2
435    1607334219.69    1607334219.69    0.0    4    1.1322    4.5288    1.1322    2    2
436    1607334220.31    1607334220.31    0.000999927520752    64    0.1855    11.872    0.186499927521    2    6
437    1607334220.35    1607334220.35    0.0    4    0.0284    0.1136    0.0284    2    2
438    1607334220.7    1607334220.7    0.0    4    0.0834    0.3336    0.0834    2    2
439    1607334220.98    1607334220.98    0.0    16    0.8805    14.088    0.8805    2    2
440    1607334221.05    1607334221.05    0.0    16    0.0285    0.456    0.0285    2    2
441    1607334221.62    1607334221.62    0.0    256    0.0057    1.4592    0.0057    3    6
442    1607334221.82    1607334221.82    0.00200009346008    256    0.8    204.8    0.80200009346    3    6
443    1607334221.95    1607334221.95    0.0    256    0.0057    1.4592    0.0057    3    6
444    1607334222.03    1607334222.03    0.000999927520752    64    0.1855    11.872    0.186499927521    2    6
445    1607334222.12    1607334222.13    0.000999927520752    16    0.0098    0.1568    0.0107999275208    2    2
446    1607334222.59    1607334222.59    0.0    4    0.0284    0.1136    0.0284    2    2
447    1607334222.66    1607334222.66    0.000999927520752    256    0.8    204.8    0.800999927521    3    6
448    1607334223.05    1607334223.06    0.00100016593933    16    0.0429    0.6864    0.0439001659393    2    2
449    1607334223.15    1607334223.15    0.000999927520752    16    0.0098    0.1568    0.0107999275208    2    2
450    1607334223.17    1607334223.17    0.000999927520752    256    0.6189    158.4384    0.619899927521    3    6
451    1607334223.2    1607334223.2    0.00200009346008    4    0.0834    0.3336    0.0854000934601    2    2
452    1607334223.2    1607334223.2    0.00200009346008    64    0.9446    60.4544    0.94660009346    2    6
453    1607334223.35    1607334223.35    0.000999927520752    256    0.6189    158.4384    0.619899927521    3    6
454    1607334223.35    1607334223.36    0.00300002098083    4    0.0284    0.1136    0.0314000209808    2    2
455    1607334223.42    1607334223.42    0.0    64    0.9446    60.4544    0.9446    2    5
456    1607334223.45    1607334223.45    0.000999927520752    256    0.4221    108.0576    0.423099927521    3    6
457    1607334223.58    1607334223.58    0.0    16    0.0285    0.456    0.0285    2    2
458    1607334223.7    1607334223.7    0.0    16    0.0297    0.4752    0.0297    2    2
459    1607334223.71    1607334223.71    0.0    64    0.9446    60.4544    0.9446    2    6
460    1607334224.03    1607334224.03    0.000999927520752    256    0.6189    158.4384    0.619899927521    3    6
461    1607334224.23    1607334224.23    0.000999927520752    16    0.7616    12.1856    0.762599927521    2    2
462    1607334224.32    1607334224.32    0.000999927520752    4    0.0834    0.3336    0.0843999275208    2    2
463    1607334224.59    1607334224.59    0.000999927520752    64    0.9446    60.4544    0.945599927521    2    6
464    1607334224.63    1607334224.63    0.000999927520752    64    0.9446    60.4544    0.945599927521    2    6
465    1607334224.72    1607334224.72    0.0    16    0.0285    0.456    0.0285    2    2
466    1607334224.81    1607334224.81    0.0    256    0.8    204.8    0.8    3    6
467    1607334225.14    1607334225.14    0.0    16    0.0429    0.6864    0.0429    2    2
468    1607334225.52    1607334225.53    0.00100016593933    4    0.0059    0.0236    0.00690016593933    2    2
469    1607334225.53    1607334225.53    0.0    4    0.0059    0.0236    0.0059    2    2
470    1607334225.89    1607334225.89    0.000999927520752    64    0.0125    0.8    0.0134999275208    2    5
471    1607334226.06    1607334226.06    0.0    64    0.1855    11.872    0.1855    2    5
472    1607334226.7    1607334226.7    0.0    64    0.0234    1.4976    0.0234    2    5
473    1607334226.84    1607334226.84    0.0    16    0.7616    12.1856    0.7616    2    2
474    1607334226.91    1607334226.91    0.0    16    0.7616    12.1856    0.7616    2    2
475    1607334227.0    1607334227.0    0.000999927520752    16    0.7616    12.1856    0.762599927521    2    2
476    1607334227.24    1607334227.24    0.0    64    0.9446    60.4544    0.9446    2    6
477    1607334227.31    1607334227.31    0.0    64    0.0055    0.352    0.0055    2    6
478    1607334227.38    1607334227.38    0.0    16    0.0429    0.6864    0.0429    2    2
479    1607334227.41    1607334227.41    0.00100016593933    4    0.0526    0.2104    0.0536001659393    2    2
480    1607334227.77    1607334227.77    0.0    256    0.0057    1.4592    0.0057    3    6
481    1607334227.77    1607334227.77    0.0    16    0.0098    0.1568    0.0098    2    2
482    1607334228.01    1607334228.01    0.0    64    0.1855    11.872    0.1855    2    6
483    1607334228.07    1607334228.07    0.0    16    0.0429    0.6864    0.0429    2    2
484    1607334228.16    1607334228.16    0.00100016593933    64    0.0234    1.4976    0.0244001659393    2    5
485    1607334228.33    1607334228.33    0.000999927520752    64    0.4167    26.6688    0.417699927521    2    5
486    1607334228.4    1607334228.4    0.00100016593933    4    0.0059    0.0236    0.00690016593933    2    2
487    1607334228.43    1607334228.43    0.000999927520752    64    0.0234    1.4976    0.0243999275208    2    5
488    1607334228.45    1607334228.46    0.00200009346008    4    0.6477    2.5908    0.64970009346    2    2
489    1607334228.48    1607334228.48    0.0    256    0.6189    158.4384    0.6189    3    6
490    1607334228.53    1607334228.53    0.000999927520752    256    0.8    204.8    0.800999927521    3    6
491    1607334228.75    1607334228.75    0.0    4    0.5984    2.3936    0.5984    2    2
492    1607334229.02    1607334229.02    0.0    64    0.9446    60.4544    0.9446    2    6
493    1607334229.02    1607334229.02    0.0    256    0.6189    158.4384    0.6189    3    6
494    1607334229.43    1607334229.43    0.000999927520752    256    0.0057    1.4592    0.00669992752075    3    6
495    1607334229.51    1607334229.51    0.0    4    0.0059    0.0236    0.0059    2    2
496    1607334229.59    1607334229.59    0.0    16    0.0429    0.6864    0.0429    2    3
497    1607334229.86    1607334229.86    0.0    256    0.0177    4.5312    0.0177    3    6
498    1607334229.95    1607334229.95    0.00100016593933    256    0.7528    192.7168    0.753800165939    3    6
499    1607334230.05    1607334230.05    0.000999927520752    256    0.4221    108.0576    0.423099927521    3    6
500    1607334230.41    1607334230.41    0.000999927520752    4    0.5984    2.3936    0.599399927521    2    2
501    1607334230.58    1607334230.58    0.0    4    0.0834    0.3336    0.0834    2    2
502    1607334230.67    1607334230.67    0.0    16    0.0098    0.1568    0.0098    2    2
503    1607334231.08    1607334231.08    0.0    4    0.0059    0.0236    0.0059    2    2
504    1607334231.1    1607334231.1    0.0    4    0.0834    0.3336    0.0834    2    2
505    1607334231.14    1607334231.14    0.000999927520752    64    0.6779    43.3856    0.678899927521    2    6
506    1607334231.23    1607334231.23    0.0    64    0.4167    26.6688    0.4167    2    6
507    1607334231.91    1607334231.91    0.0    256    0.0057    1.4592    0.0057    3    6
508    1607334231.91    1607334231.91    0.00200009346008    64    0.9446    60.4544    0.94660009346    2    5
509    1607334231.94    1607334231.94    0.0    16    0.0098    0.1568    0.0098    2    2
510    1607334232.0    1607334232.0    0.00100016593933    64    0.6779    43.3856    0.678900165939    2    5
511    1607334232.24    1607334232.24    0.0    4    1.1322    4.5288    1.1322    2    2
512    1607334232.38    1607334232.38    0.0    4    0.0059    0.0236    0.0059    2    2
513    1607334232.61    1607334232.61    0.000999927520752    256    0.0177    4.5312    0.0186999275208    3    6
514    1607334232.74    1607334232.74    0.000999927520752    256    0.8    204.8    0.800999927521    3    6
515    1607334233.18    1607334233.18    0.0    64    0.6779    43.3856    0.6779    2    5
516    1607334233.51    1607334233.51    0.000999927520752    256    0.8    204.8    0.800999927521    3    6
517    1607334233.57    1607334233.58    0.00100016593933    64    0.6779    43.3856    0.678900165939    2    5
518    1607334233.75    1607334233.75    0.0    256    0.6189    158.4384    0.6189    3    6
519    1607334234.23    1607334234.23    0.00100016593933    256    0.0057    1.4592    0.00670016593933    3    6
520    1607334234.4    1607334234.4    0.0    64    0.6779    43.3856    0.6779    2    5
521    1607334234.56    1607334234.56    0.0    256    0.0177    4.5312    0.0177    3    6
522    1607334234.61    1607334234.61    0.0    16    0.8805    14.088    0.8805    2    2
523    1607334234.62    1607334234.62    0.00100016593933    256    0.0057    1.4592    0.00670016593933    3    6
524    1607334234.63    1607334234.64    0.00300002098083    64    0.0234    1.4976    0.0264000209808    2    6
525    1607334235.1    1607334235.1    0.00100016593933    16    0.0285    0.456    0.0295001659393    2    2
526    1607334235.43    1607334235.43    0.0    256    0.6189    158.4384    0.6189    3    6
527    1607334235.44    1607334235.44    0.000999927520752    16    0.0285    0.456    0.0294999275208    2    2
528    1607334235.72    1607334235.72    0.00100016593933    16    0.0285    0.456    0.0295001659393    2    2
529    1607334235.93    1607334235.93    0.000999927520752    256    0.0057    1.4592    0.00669992752075    3    6
530    1607334236.24    1607334236.24    0.0    4    1.1322    4.5288    1.1322    2    2
531    1607334236.61    1607334236.61    0.0    16    0.7616    12.1856    0.7616    2    2
532    1607334236.67    1607334236.67    0.0    16    0.8805    14.088    0.8805    2    5
533    1607334236.69    1607334236.69    0.0    64    0.0234    1.4976    0.0234    2    6
534    1607334236.83    1607334236.83    0.0    4    0.0284    0.1136    0.0284    2    2
535    1607334236.92    1607334236.92    0.000999927520752    4    0.0526    0.2104    0.0535999275208    2    2
536    1607334237.34    1607334237.34    0.0    4    0.5984    2.3936    0.5984    2    2
537    1607334237.76    1607334237.76    0.0    256    0.0057    1.4592    0.0057    3    6
538    1607334238.0    1607334238.0    0.000999927520752    64    0.0125    0.8    0.0134999275208    2    5
539    1607334238.0    1607334238.0    0.0    16    0.0429    0.6864    0.0429    2    2
540    1607334238.04    1607334238.04    0.00100016593933    64    0.0055    0.352    0.00650016593933    2    5
541    1607334238.35    1607334238.35    0.0    256    0.4221    108.0576    0.4221    3    6
542    1607334238.44    1607334238.44    0.0    64    0.0125    0.8    0.0125    2    5
543    1607334238.55    1607334238.55    0.000999927520752    4    0.0526    0.2104    0.0535999275208    2    2
544    1607334238.64    1607334238.64    0.0    16    0.8805    14.088    0.8805    2    2
545    1607334239.03    1607334239.03    0.0    16    0.0429    0.6864    0.0429    2    2
546    1607334239.2    1607334239.2    0.0    16    0.0297    0.4752    0.0297    2    2
547    1607334239.74    1607334239.74    0.0    16    0.8805    14.088    0.8805    2    2
548    1607334239.87    1607334239.87    0.0    4    0.5984    2.3936    0.5984    2    2
549    1607334239.93    1607334239.93    0.0    16    0.0429    0.6864    0.0429    2    5
550    1607334239.96    1607334239.96    0.000999927520752    64    0.4167    26.6688    0.417699927521    2    6
551    1607334239.98    1607334239.99    0.00100016593933    256    0.8    204.8    0.801000165939    3    6
552    1607334240.05    1607334240.05    0.000999927520752    64    0.6779    43.3856    0.678899927521    2    6
553    1607334240.09    1607334240.09    0.0    64    0.9446    60.4544    0.9446    2    6
554    1607334240.43    1607334240.43    0.0    4    0.0284    0.1136    0.0284    2    2
555    1607334240.69    1607334240.69    0.00100016593933    256    0.8    204.8    0.801000165939    3    6
556    1607334240.75    1607334240.75    0.0    16    0.7616    12.1856    0.7616    2    5
557    1607334240.8    1607334240.81    0.00100016593933    16    0.0297    0.4752    0.0307001659393    2    5
558    1607334240.88    1607334240.88    0.0    16    0.0285    0.456    0.0285    2    5
559    1607334240.91    1607334240.91    0.0    16    0.7616    12.1856    0.7616    2    2
560    1607334240.93    1607334240.93    0.0    64    0.4167    26.6688    0.4167    2    6
561    1607334241.02    1607334241.02    0.0    64    0.0055    0.352    0.0055    2    6
562    1607334241.09    1607334241.09    0.00100016593933    64    0.0055    0.352    0.00650016593933    2    6
563    1607334241.1    1607334241.11    0.0019998550415    256    0.0057    1.4592    0.0076998550415    3    6
564    1607334241.41    1607334241.41    0.0    4    1.1322    4.5288    1.1322    2    2
565    1607334241.48    1607334241.48    0.0    4    0.6477    2.5908    0.6477    2    2
566    1607334241.52    1607334241.52    0.0    256    0.7528    192.7168    0.7528    3    6
567    1607334241.65    1607334241.65    0.000999927520752    4    1.1322    4.5288    1.13319992752    2    2
568    1607334241.65    1607334241.65    0.00100016593933    16    0.0429    0.6864    0.0439001659393    2    5
569    1607334241.71    1607334241.71    0.0    16    0.0098    0.1568    0.0098    2    2
570    1607334241.72    1607334241.72    0.0    64    0.0055    0.352    0.0055    2    6
571    1607334241.95    1607334241.95    0.0    16    0.0297    0.4752    0.0297    2    2
572    1607334242.03    1607334242.03    0.0    64    0.0055    0.352    0.0055    3    6
573    1607334242.15    1607334242.15    0.000999927520752    256    0.0177    4.5312    0.0186999275208    3    6
574    1607334242.18    1607334242.18    0.0019998550415    16    0.0297    0.4752    0.0316998550415    3    6
575    1607334242.21    1607334242.21    0.00200009346008    256    0.6189    158.4384    0.62090009346    3    6
576    1607334242.23    1607334242.23    0.0    4    0.0059    0.0236    0.0059    2    2
577    1607334242.3    1607334242.3    0.0    64    0.9446    60.4544    0.9446    2    6
578    1607334242.56    1607334242.57    0.00100016593933    256    0.7528    192.7168    0.753800165939    3    6
579    1607334242.76    1607334242.76    0.0    256    0.7528    192.7168    0.7528    3    6
580    1607334242.79    1607334242.79    0.000999927520752    16    0.0429    0.6864    0.0438999275208    2    3
581    1607334242.82    1607334242.82    0.000999927520752    4    0.0284    0.1136    0.0293999275208    2    2
582    1607334242.92    1607334242.92    0.000999927520752    64    0.0234    1.4976    0.0243999275208    3    6
583    1607334242.96    1607334242.96    0.0    4    0.0834    0.3336    0.0834    2    2
584    1607334243.05    1607334243.05    0.000999927520752    256    0.4221    108.0576    0.423099927521    3    6
585    1607334243.21    1607334243.21    0.000999927520752    64    0.0234    1.4976    0.0243999275208    2    6
586    1607334243.53    1607334243.53    0.0    4    0.0284    0.1136    0.0284    2    2
587    1607334243.62    1607334243.62    0.0    16    0.0098    0.1568    0.0098    2    2
588    1607334243.86    1607334243.86    0.0    16    0.7616    12.1856    0.7616    2    2
589    1607334244.63    1607334244.63    0.0    4    0.5984    2.3936    0.5984    2    2
590    1607334244.87    1607334244.87    0.00100016593933    256    0.8    204.8    0.801000165939    3    6
591    1607334244.96    1607334244.96    0.00100016593933    4    0.0284    0.1136    0.0294001659393    2    2
592    1607334244.96    1607334244.96    0.000999927520752    256    0.6189    158.4384    0.619899927521    3    6
593    1607334245.07    1607334245.07    0.00399994850159    256    0.6189    158.4384    0.622899948502    3    6
594    1607334245.31    1607334245.31    0.000999927520752    16    0.0297    0.4752    0.0306999275208    2    3
595    1607334245.39    1607334245.39    0.000999927520752    64    0.1855    11.872    0.186499927521    2    6
596    1607334245.46    1607334245.46    0.000999927520752    16    0.0297    0.4752    0.0306999275208    2    2
597    1607334245.58    1607334245.59    0.00200009346008    256    0.4221    108.0576    0.42410009346    3    6
598    1607334245.64    1607334245.64    0.0    256    0.6189    158.4384    0.6189    3    6
599    1607334245.64    1607334245.65    0.000999927520752    64    0.6779    43.3856    0.678899927521    2    5

dispatched jobs are: 600 out of 600
average queue time is: 0.107004999717
fso links are used for 0 times
overall utilization is 0.0427818593841
average response time is 0.44281683305
average weighted response time is 0.715465654896
average slowdown is 1.06487431623
cpu_request: 44976, cpu_run: 44976
ssd_request: 22171, ssd_run: 0
gpu_request: 22485, gpu_run: 0
cpu aspl: 2.22666666667
cpu diameter: 3.81166666667
job x: 0.0
job y: 0.0
job z: 0.0
