#timestep  occupied-CPU  total-CPU  utilization  queuingjobs
1    16    4096    0.00390625    0
2    128    4096    0.03125    0
3    320    4096    0.078125    0
4    340    4096    0.0830078125    0
5    68    4096    0.0166015625    0
6    0    4096    0.0    0
7    324    4096    0.0791015625    0
8    4    4096    0.0009765625    0
9    20    4096    0.0048828125    0
10    580    4096    0.1416015625    0
11    256    4096    0.0625    0
12    580    4096    0.1416015625    0
13    0    4096    0.0    0
14    384    4096    0.09375    0
15    0    4096    0.0    0
16    0    4096    0.0    0
17    0    4096    0.0    0
18    0    4096    0.0    0
19    260    4096    0.0634765625    0
20    0    4096    0.0    0
21    64    4096    0.015625    0
22    64    4096    0.015625    0
23    48    4096    0.01171875    0
24    256    4096    0.0625    0
25    0    4096    0.0    0
26    528    4096    0.12890625    0
27    80    4096    0.01953125    0
28    20    4096    0.0048828125    0
29    592    4096    0.14453125    0
30    4    4096    0.0009765625    0
31    0    4096    0.0    0
32    68    4096    0.0166015625    0
33    4    4096    0.0009765625    0
34    0    4096    0.0    0
35    24    4096    0.005859375    0
36    256    4096    0.0625    0
37    272    4096    0.06640625    0
38    32    4096    0.0078125    0
39    144    4096    0.03515625    1
40    4    4096    0.0009765625    0
41    420    4096    0.1025390625    0
42    528    4096    0.12890625    1
43    4    4096    0.0009765625    0
44    24    4096    0.005859375    0
45    4    4096    0.0009765625    0
46    4    4096    0.0009765625    0
47    0    4096    0.0    0
48    272    4096    0.06640625    0
49    256    4096    0.0625    0
50    280    4096    0.068359375    0
51    272    4096    0.06640625    1
52    80    4096    0.01953125    0
53    528    4096    0.12890625    0
54    324    4096    0.0791015625    0
55    32    4096    0.0078125    0
56    84    4096    0.0205078125    0
57    16    4096    0.00390625    0
58    520    4096    0.126953125    0
59    320    4096    0.078125    0
60    80    4096    0.01953125    0
61    272    4096    0.06640625    0
62    4    4096    0.0009765625    0
63    16    4096    0.00390625    0
64    128    4096    0.03125    0
65    20    4096    0.0048828125    0
66    132    4096    0.0322265625    0
67    256    4096    0.0625    0
68    256    4096    0.0625    0
69    64    4096    0.015625    0
70    15    4096    0.003662109375    1
71    68    4096    0.0166015625    0
72    0    4096    0.0    0
73    8    4096    0.001953125    0
74    16    4096    0.00390625    0
75    256    4096    0.0625    0
76    448    4096    0.109375    0
77    400    4096    0.09765625    0
78    0    4096    0.0    0
79    48    4096    0.01171875    0
80    128    4096    0.03125    0
81    580    4096    0.1416015625    0
82    512    4096    0.125    0
83    128    4096    0.03125    0
84    132    4096    0.0322265625    0
85    320    4096    0.078125    1
86    64    4096    0.015625    0
87    256    4096    0.0625    0
88    20    4096    0.0048828125    0
89    4    4096    0.0009765625    1
90    22    4096    0.00537109375    0
91    16    4096    0.00390625    0
92    352    4096    0.0859375    0
93    268    4096    0.0654296875    0
94    576    4096    0.140625    0
95    16    4096    0.00390625    0
96    772    4096    0.1884765625    0
97    320    4096    0.078125    0
98    0    4096    0.0    0

average cpu utilization is: 0.0415562220982
average ssd utilization is: 1.0
average gpu utilization is: 1.0
average utilization is: 0.680518740699
average queuing jobs are: 0.0612244897959
maximum queuing jobs are: 1


#job_number  submit  dispatch  queue  cpu#  runtime  weight  response(turnaround)  cpu_aspl  cpu_diameter
0    1607333728.58    1607333799.57    70.9910001755    16    0.7616    12.1856    71.7526001755    0    0
1    1607333799.6    1607333799.6    0.0019998550415    64    0.6779    43.3856    0.679899855042    1.0    1
2    1607333799.65    1607333799.65    0.0    16    0.7616    12.1856    0.7616    0    0
3    1607333799.92    1607333799.93    0.00100016593933    4    0.0284    0.1136    0.0294001659393    0    0
4    1607333799.94    1607333799.94    0.000999927520752    64    0.0234    1.4976    0.0243999275208    1.0    1
5    1607333800.39    1607333800.39    0.000999927520752    64    0.1855    11.872    0.186499927521    1.0    1
6    1607333800.51    1607333800.51    0.0    64    0.6779    43.3856    0.6779    1.0    1
7    1607333800.56    1607333800.56    0.0    64    0.4167    26.6688    0.4167    1.0    1
8    1607333801.0    1607333801.01    0.00300002098083    256    0.7528    192.7168    0.755800020981    1.0    1
9    1607333801.09    1607333801.09    0.00100016593933    4    0.0832    0.3328    0.0842001659393    0    0
10    1607333801.11    1607333801.11    0.00200009346008    64    0.4167    26.6688    0.41870009346    1.0    1
11    1607333801.59    1607333801.59    0.0    64    0.1855    11.872    0.1855    1.0    1
12    1607333801.62    1607333801.62    0.00200009346008    16    0.0098    0.1568    0.0118000934601    0    0
13    1607333801.73    1607333801.74    0.007000207901    64    0.0125    0.8    0.019500207901    1.0    1
14    1607333801.83    1607333801.83    0.0    4    0.6452    2.5808    0.6452    0    0
15    1607333801.97    1607333801.97    0.0    16    0.0297    0.4752    0.0297    0    0
16    1607333802.02    1607333802.02    0.0    16    0.8805    14.088    0.8805    0    0
17    1607333802.38    1607333802.38    0.0    4    0.6452    2.5808    0.6452    0    0
18    1607333802.43    1607333802.43    0.000999927520752    64    0.4167    26.6688    0.417699927521    1.0    1
19    1607333802.53    1607333802.53    0.00399994850159    256    0.6189    158.4384    0.622899948502    1.0    1
20    1607333802.61    1607333802.61    0.000999927520752    4    0.0832    0.3328    0.0841999275208    0    0
21    1607333802.63    1607333802.63    0.000999927520752    4    0.0832    0.3328    0.0841999275208    0    0
22    1607333802.86    1607333802.86    0.000999927520752    4    0.0522    0.2088    0.0531999275208    0    0
23    1607333802.9    1607333802.9    0.0    4    1.1283    4.5132    1.1283    0    0
24    1607333803.2    1607333803.2    0.0    64    0.9446    60.4544    0.9446    1.0    1
25    1607333803.9    1607333803.9    0.00300002098083    256    0.0177    4.5312    0.0207000209808    1.0    1
26    1607333803.93    1607333803.93    0.00599980354309    16    0.0285    0.456    0.0344998035431    0    0
27    1607333804.09    1607333804.09    0.00100016593933    64    0.0234    1.4976    0.0244001659393    1.0    1
28    1607333804.12    1607333804.12    0.00699996948242    256    0.6189    158.4384    0.625899969482    1.0    1
29    1607333804.14    1607333804.14    0.0    4    0.5956    2.3824    0.5956    0    0
30    1607333804.51    1607333804.51    0.00499987602234    256    0.0057    1.4592    0.0106998760223    1.19444444444    2
31    1607333804.58    1607333804.58    0.000999927520752    64    0.0234    1.4976    0.0243999275208    1.0    1
32    1607333805.06    1607333805.06    0.000999927520752    64    0.4167    26.6688    0.417699927521    1.0    1
33    1607333805.18    1607333805.18    0.0    64    0.4167    26.6688    0.4167    1.0    1
34    1607333805.4    1607333805.4    0.000999927520752    64    0.9446    60.4544    0.945599927521    1.0    1
35    1607333805.5    1607333805.51    0.00400018692017    256    0.6189    158.4384    0.62290018692    1.0    1
36    1607333805.52    1607333805.52    0.00300002098083    256    0.0057    1.4592    0.00870002098083    1.0    1
37    1607333805.6    1607333805.6    0.000999927520752    16    0.0285    0.456    0.0294999275208    0    0
38    1607333805.89    1607333805.89    0.0    4    0.0522    0.2088    0.0522    0    0
39    1607333806.25    1607333806.25    0.0    16    0.4243    6.7888    0.4243    0    0
40    1607333806.46    1607333806.46    0.000999927520752    64    0.4167    26.6688    0.417699927521    1.0    1
41    1607333806.58    1607333806.58    0.0    16    0.0297    0.4752    0.0297    0    0
42    1607333806.6    1607333806.6    0.0    16    0.0285    0.456    0.0285    0    0
43    1607333806.85    1607333806.85    0.0    4    0.6452    2.5808    0.6452    0    0
44    1607333806.86    1607333806.86    0.0    4    0.0059    0.0236    0.0059    0    0
45    1607333806.87    1607333806.88    0.007000207901    256    0.0057    1.4592    0.012700207901    1.0    1
46    1607333806.89    1607333806.89    0.000999927520752    4    0.0284    0.1136    0.0293999275208    0    0
47    1607333807.06    1607333807.07    0.00300002098083    256    0.6189    158.4384    0.621900020981    1.0    1
48    1607333807.13    1607333807.13    0.000999927520752    4    0.0832    0.3328    0.0841999275208    0    0
49    1607333807.15    1607333807.15    0.000999927520752    16    0.7616    12.1856    0.762599927521    0    0
50    1607333807.26    1607333807.26    0.00100016593933    16    0.0429    0.6864    0.0439001659393    1.0    1
51    1607333807.4    1607333807.41    0.000999927520752    64    0.0234    1.4976    0.0243999275208    1.0    1
52    1607333807.54    1607333807.54    0.0    4    0.6452    2.5808    0.6452    0    0
53    1607333807.68    1607333807.68    0.000999927520752    4    0.0522    0.2088    0.0531999275208    0    0
54    1607333807.7    1607333807.7    0.0    4    0.0284    0.1136    0.0284    0    0
55    1607333807.9    1607333807.9    0.0    16    0.4243    6.7888    0.4243    0    0
56    1607333807.96    1607333807.96    0.0    16    0.0285    0.456    0.0285    1.0    1
57    1607333808.01    1607333808.01    0.000999927520752    64    0.0234    1.4976    0.0243999275208    1.0    1
58    1607333808.5    1607333808.5    0.00200009346008    256    0.8    204.8    0.80200009346    1.0    1
59    1607333808.54    1607333808.54    0.00100016593933    16    0.0285    0.456    0.0295001659393    0    0
60    1607333808.7    1607333808.7    0.000999927520752    4    0.6452    2.5808    0.646199927521    0    0
61    1607333808.76    1607333808.76    0.000999927520752    16    0.0285    0.456    0.0294999275208    0    0
62    1607333808.95    1607333808.96    0.00400018692017    256    0.7528    192.7168    0.75680018692    1.0    1
63    1607333808.99    1607333809.0    0.00300002098083    64    0.4167    26.6688    0.419700020981    1.0    1
64    1607333809.29    1607333809.29    0.00500011444092    256    0.6189    158.4384    0.623900114441    1.0    1
65    1607333809.4    1607333809.4    0.00100016593933    64    0.6779    43.3856    0.678900165939    1.0    1
66    1607333809.45    1607333809.45    0.0    64    0.0055    0.352    0.0055    1.0    1
67    1607333809.47    1607333809.48    0.010999917984    256    0.8    204.8    0.810999917984    1.0    1
68    1607333809.69    1607333809.7    0.00600004196167    256    0.4221    108.0576    0.428100041962    1.0    1
69    1607333810.06    1607333810.07    0.00200009346008    64    0.0234    1.4976    0.0254000934601    1.0    1
70    1607333810.15    1607333810.15    0.0    16    0.0098    0.1568    0.0098    0    0
71    1607333810.45    1607333810.45    0.0    16    0.0098    0.1568    0.0098    0    0
72    1607333810.48    1607333810.48    0.0    16    0.0285    0.456    0.0285    0    0
73    1607333810.63    1607333810.63    0.0    16    0.4243    6.7888    0.4243    0    0
74    1607333810.78    1607333810.78    0.0    4    1.1283    4.5132    1.1283    0    0
75    1607333810.83    1607333810.84    0.00300002098083    256    0.6189    158.4384    0.621900020981    1.0    1
76    1607333811.1    1607333811.1    0.00200009346008    64    0.9446    60.4544    0.94660009346    1.0    1
77    1607333811.2    1607333811.2    0.00399994850159    256    0.4221    108.0576    0.426099948502    1.0    1
78    1607333811.4    1607333811.41    0.00399994850159    64    0.4167    26.6688    0.420699948502    1.0    1
79    1607333811.45    1607333811.45    0.00200009346008    4    0.6452    2.5808    0.64720009346    0    0
80    1607333811.52    1607333811.52    0.0    4    0.0059    0.0236    0.0059    0    0
81    1607333811.57    1607333811.57    0.0    16    0.0285    0.456    0.0285    1.0    1
82    1607333811.7    1607333811.7    0.00300002098083    256    0.4221    108.0576    0.425100020981    1.0    1
83    1607333811.72    1607333811.72    0.0019998550415    4    0.0284    0.1136    0.0303998550415    0    0
84    1607333811.9    1607333811.9    0.000999927520752    4    0.0284    0.1136    0.0293999275208    0    0
85    1607333812.07    1607333812.07    0.00200009346008    64    0.0125    0.8    0.0145000934601    1.0    1
86    1607333812.48    1607333812.48    0.0    4    0.6452    2.5808    0.6452    0    0
87    1607333812.56    1607333812.56    0.0    4    0.0284    0.1136    0.0284    0    0
88    1607333812.83    1607333812.83    0.0    4    0.0522    0.2088    0.0522    0    0
89    1607333812.99    1607333813.0    0.00300002098083    256    0.7528    192.7168    0.755800020981    1.0    1
90    1607333813.02    1607333813.02    0.00200009346008    64    0.4167    26.6688    0.41870009346    1.0    1
91    1607333813.2    1607333813.21    0.00200009346008    64    0.1855    11.872    0.18750009346    1.0    1
92    1607333813.57    1607333813.57    0.000999927520752    16    0.0297    0.4752    0.0306999275208    1.0    1
93    1607333813.98    1607333813.98    0.0    16    0.0285    0.456    0.0285    0    0
94    1607333814.43    1607333814.43    0.0    16    0.0285    0.456    0.0285    0    0
95    1607333814.5    1607333814.5    0.0    64    0.9446    60.4544    0.9446    1.0    1
96    1607333814.55    1607333814.55    0.0    16    0.0285    0.456    0.0285    0    0
97    1607333814.84    1607333814.84    0.00100016593933    64    0.0125    0.8    0.0135001659393    1.0    1
98    1607333814.89    1607333814.89    0.000999927520752    4    0.0832    0.3328    0.0841999275208    0    0
99    1607333815.03    1607333815.03    0.000999927520752    16    0.0098    0.1568    0.0107999275208    0    0
100    1607333815.13    1607333815.13    0.0    4    0.0284    0.1136    0.0284    0    0
101    1607333815.37    1607333815.37    0.00300002098083    256    0.0057    1.4592    0.00870002098083    1.0    1
102    1607333815.57    1607333815.57    0.0    4    0.0284    0.1136    0.0284    0    0
103    1607333815.66    1607333815.66    0.0    16    0.0285    0.456    0.0285    0    0
104    1607333815.67    1607333815.68    0.00300002098083    256    0.8    204.8    0.803000020981    1.0    1
105    1607333815.74    1607333815.74    0.00399994850159    256    0.4221    108.0576    0.426099948502    1.19444444444    2
106    1607333815.75    1607333815.75    0.0019998550415    64    0.0055    0.352    0.0074998550415    1.0    1
107    1607333815.76    1607333815.77    0.00200009346008    64    0.6779    43.3856    0.67990009346    1.0    1
108    1607333815.89    1607333815.9    0.00200009346008    4    0.5956    2.3824    0.59760009346    0    0
109    1607333816.45    1607333816.45    0.000999927520752    4    0.0522    0.2088    0.0531999275208    0    0
110    1607333816.87    1607333816.87    0.0    4    0.5956    2.3824    0.5956    0    0
111    1607333817.09    1607333817.1    0.000999927520752    4    0.0522    0.2088    0.0531999275208    0    0
112    1607333818.15    1607333818.15    0.0    64    0.0234    1.4976    0.0234    1.0    1
113    1607333818.28    1607333818.28    0.0    4    0.0832    0.3328    0.0832    0    0
114    1607333818.55    1607333818.55    0.0019998550415    256    0.4221    108.0576    0.424099855042    1.0    1
115    1607333818.55    1607333818.55    0.000999927520752    4    0.5956    2.3824    0.596599927521    0    0
116    1607333818.83    1607333818.83    0.00200009346008    64    0.0125    0.8    0.0145000934601    1.0    1
117    1607333818.94    1607333818.94    0.000999927520752    4    0.0522    0.2088    0.0531999275208    0    0
118    1607333818.99    1607333819.0    0.00200009346008    256    0.0057    1.4592    0.00770009346008    1.0    1
119    1607333819.09    1607333819.09    0.0    16    0.0297    0.4752    0.0297    0    0
120    1607333819.29    1607333819.29    0.0    64    0.0234    1.4976    0.0234    1.0    1
121    1607333819.63    1607333819.63    0.0    16    0.0429    0.6864    0.0429    0    0
122    1607333819.94    1607333819.94    0.000999927520752    64    0.0125    0.8    0.0134999275208    1.0    1
123    1607333820.21    1607333820.21    0.0    16    0.0098    0.1568    0.0098    0    0
124    1607333820.22    1607333820.22    0.0    16    0.0429    0.6864    0.0429    0    0
125    1607333820.67    1607333820.67    0.0    4    0.0059    0.0236    0.0059    0    0
126    1607333820.71    1607333820.71    0.00100016593933    64    0.9446    60.4544    0.945600165939    1.0    1
127    1607333820.99    1607333820.99    0.0    64    0.4167    26.6688    0.4167    1.0    1
128    1607333821.03    1607333821.03    0.000999927520752    4    0.0284    0.1136    0.0293999275208    0    0
129    1607333821.14    1607333821.14    0.000999927520752    64    0.6779    43.3856    0.678899927521    1.0    1
130    1607333821.33    1607333821.33    0.000999927520752    4    0.0284    0.1136    0.0293999275208    0    0
131    1607333821.97    1607333821.97    0.0    16    0.0098    0.1568    0.0098    0    0
132    1607333822.4    1607333822.4    0.0    16    0.7616    12.1856    0.7616    0    0
133    1607333822.4    1607333822.4    0.000999927520752    16    0.7616    12.1856    0.762599927521    0    0
134    1607333822.44    1607333822.44    0.0    16    0.0297    0.4752    0.0297    0    0
135    1607333822.47    1607333822.47    0.0    16    0.0297    0.4752    0.0297    0    0
136    1607333822.72    1607333822.73    0.00100016593933    16    0.4243    6.7888    0.425300165939    0    0
137    1607333822.94    1607333822.94    0.00300002098083    256    0.4221    108.0576    0.425100020981    1.0    1
138    1607333823.02    1607333823.02    0.00399994850159    256    0.0057    1.4592    0.00969994850159    1.0    1
139    1607333823.22    1607333823.22    0.0    4    0.5956    2.3824    0.5956    0    0
140    1607333823.44    1607333823.44    0.000999927520752    64    0.0055    0.352    0.00649992752075    1.0    1
141    1607333823.47    1607333823.47    0.000999927520752    4    0.0059    0.0236    0.00689992752075    0    0
142    1607333823.64    1607333823.64    0.00299978256226    256    0.6189    158.4384    0.621899782562    1.0    1
143    1607333824.1    1607333824.1    0.00399994850159    256    0.0177    4.5312    0.0216999485016    1.19444444444    2
144    1607333824.17    1607333824.17    0.00100016593933    16    0.7616    12.1856    0.762600165939    1.0    1
145    1607333824.22    1607333824.23    0.00400018692017    256    0.7528    192.7168    0.75680018692    1.0    1
146    1607333824.55    1607333824.55    0.0    4    0.0522    0.2088    0.0522    0    0
147    1607333825.23    1607333825.24    0.00300002098083    256    0.8    204.8    0.803000020981    1.0    1
148    1607333825.29    1607333825.29    0.000999927520752    16    0.8805    14.088    0.881499927521    0    0
149    1607333825.37    1607333825.37    0.00399994850159    256    0.6189    158.4384    0.622899948502    1.0    1
150    1607333825.76    1607333825.76    0.00699996948242    256    0.7528    192.7168    0.759799969482    1.0    1
151    1607333825.76    1607333825.77    0.00999999046326    256    0.7528    192.7168    0.762799990463    1.0    1
152    1607333826.02    1607333826.02    0.000999927520752    16    0.0285    0.456    0.0294999275208    0    0
153    1607333826.11    1607333826.11    0.00399994850159    256    0.0177    4.5312    0.0216999485016    1.0    1
154    1607333826.4    1607333826.4    0.0    16    0.0429    0.6864    0.0429    0    0
155    1607333826.63    1607333826.64    0.000999927520752    64    0.0055    0.352    0.00649992752075    1.0    1
156    1607333826.87    1607333826.87    0.0    16    0.0429    0.6864    0.0429    0    0
157    1607333826.88    1607333826.88    0.0    16    0.7616    12.1856    0.7616    0    0
158    1607333827.0    1607333827.0    0.000999927520752    64    0.0234    1.4976    0.0243999275208    1.0    1
159    1607333827.04    1607333827.04    0.00100016593933    64    0.6779    43.3856    0.678900165939    1.0    1
160    1607333827.2    1607333827.2    0.0    4    0.0832    0.3328    0.0832    0    0
161    1607333827.3    1607333827.3    0.00100016593933    64    0.6779    43.3856    0.678900165939    1.0    1
162    1607333827.33    1607333827.33    0.0    4    0.0522    0.2088    0.0522    0    0
163    1607333827.77    1607333827.77    0.00300002098083    256    0.0177    4.5312    0.0207000209808    1.0    1
164    1607333827.83    1607333827.83    0.0    16    0.0098    0.1568    0.0098    0    0
165    1607333827.89    1607333827.89    0.0    4    0.0832    0.3328    0.0832    0    0
166    1607333827.93    1607333827.93    0.000999927520752    16    0.4243    6.7888    0.425299927521    0    0
167    1607333828.03    1607333828.03    0.000999927520752    16    0.0285    0.456    0.0294999275208    0    0
168    1607333828.11    1607333828.11    0.0    4    0.5956    2.3824    0.5956    0    0
169    1607333828.43    1607333828.43    0.0    4    0.0059    0.0236    0.0059    0    0
170    1607333828.47    1607333828.47    0.0    64    0.0234    1.4976    0.0234    1.0    1
171    1607333828.55    1607333828.55    0.00300002098083    256    0.7528    192.7168    0.755800020981    1.0    1
172    1607333828.81    1607333828.81    0.0    4    0.0059    0.0236    0.0059    0    0
173    1607333828.84    1607333828.84    0.00200009346008    64    0.4167    26.6688    0.41870009346    1.0    1
174    1607333828.96    1607333828.96    0.000999927520752    16    0.0098    0.1568    0.0107999275208    0    0
175    1607333828.97    1607333828.97    0.00499987602234    256    0.8    204.8    0.804999876022    1.0    1
176    1607333829.02    1607333829.02    0.00100016593933    16    0.7616    12.1856    0.762600165939    0    0
177    1607333829.35    1607333829.35    0.00300002098083    256    0.7528    192.7168    0.755800020981    1.0    1
178    1607333829.41    1607333829.41    0.000999927520752    64    0.0234    1.4976    0.0243999275208    1.0    1
179    1607333829.45    1607333829.45    0.000999927520752    64    0.1855    11.872    0.186499927521    1.0    1
180    1607333829.48    1607333829.48    0.0019998550415    16    0.7616    12.1856    0.763599855042    0    0
181    1607333829.66    1607333829.66    0.00100016593933    4    0.0522    0.2088    0.0532001659393    0    0
182    1607333829.84    1607333829.84    0.00100016593933    4    0.0832    0.3328    0.0842001659393    0    0
183    1607333829.89    1607333829.89    0.000999927520752    4    1.1283    4.5132    1.12929992752    0    0
184    1607333830.23    1607333830.23    0.00200009346008    256    0.0177    4.5312    0.0197000934601    1.0    1
185    1607333830.4    1607333830.4    0.0    4    0.0522    0.2088    0.0522    0    0
186    1607333830.51    1607333830.51    0.0    16    0.0297    0.4752    0.0297    0    0
187    1607333830.94    1607333830.94    0.000999927520752    16    0.0098    0.1568    0.0107999275208    0    0
188    1607333831.05    1607333831.05    0.0    64    0.1855    11.872    0.1855    1.0    1
189    1607333831.26    1607333831.26    0.000999927520752    64    0.0234    1.4976    0.0243999275208    1.0    1
190    1607333831.4    1607333831.4    0.0    64    0.4167    26.6688    0.4167    1.0    1
191    1607333831.66    1607333831.66    0.0    4    0.5956    2.3824    0.5956    0    0
192    1607333831.77    1607333831.77    0.00300002098083    256    0.0177    4.5312    0.0207000209808    1.0    1
193    1607333831.95    1607333831.95    0.0    64    0.0055    0.352    0.0055    1.0    1
194    1607333832.01    1607333832.01    0.0    64    0.9446    60.4544    0.9446    1.0    1
195    1607333832.33    1607333832.33    0.0    4    0.5956    2.3824    0.5956    0    0
196    1607333832.43    1607333832.44    0.00100016593933    4    0.0522    0.2088    0.0532001659393    0    0
197    1607333832.69    1607333832.69    0.00300002098083    256    0.0057    1.4592    0.00870002098083    1.0    1
198    1607333832.91    1607333832.91    0.000999927520752    4    0.6452    2.5808    0.646199927521    0    0
199    1607333833.08    1607333833.08    0.0    4    0.0284    0.1136    0.0284    0    0
200    1607333833.55    1607333833.55    0.0019998550415    256    0.4221    108.0576    0.424099855042    1.0    1
201    1607333833.6    1607333833.61    0.00399994850159    256    0.0057    1.4592    0.00969994850159    1.0    1
202    1607333834.29    1607333834.29    0.0    4    0.0059    0.0236    0.0059    0    0
203    1607333834.33    1607333834.33    0.0    4    0.0832    0.3328    0.0832    0    0
204    1607333834.6    1607333834.61    0.00300002098083    256    0.0177    4.5312    0.0207000209808    1.0    1
205    1607333834.62    1607333834.62    0.00100016593933    16    0.0297    0.4752    0.0307001659393    0    0
206    1607333834.65    1607333834.65    0.0    16    0.0429    0.6864    0.0429    0    0
207    1607333834.71    1607333834.71    0.0    4    0.6452    2.5808    0.6452    0    0
208    1607333834.8    1607333834.8    0.0    4    1.1283    4.5132    1.1283    0    0
209    1607333834.85    1607333834.85    0.0    4    1.1283    4.5132    1.1283    0    0
210    1607333834.98    1607333834.98    0.0    16    0.8805    14.088    0.8805    0    0
211    1607333835.01    1607333835.02    0.00300002098083    256    0.0177    4.5312    0.0207000209808    1.0    1
212    1607333835.34    1607333835.34    0.0    64    0.1855    11.872    0.1855    1.0    1
213    1607333835.59    1607333835.59    0.00300002098083    64    0.0055    0.352    0.00850002098083    1.0    1
214    1607333835.67    1607333835.67    0.000999927520752    64    0.0234    1.4976    0.0243999275208    1.0    1
215    1607333835.85    1607333835.85    0.000999927520752    16    0.0297    0.4752    0.0306999275208    1.0    1
216    1607333835.97    1607333835.97    0.0    4    0.6452    2.5808    0.6452    0    0
217    1607333836.19    1607333836.19    0.000999927520752    16    0.4243    6.7888    0.425299927521    0    0
218    1607333836.31    1607333836.31    0.00300002098083    256    0.6189    158.4384    0.621900020981    1.0    1
219    1607333836.83    1607333836.83    0.0    16    0.4243    6.7888    0.4243    0    0
220    1607333837.32    1607333837.32    0.0    16    0.7616    12.1856    0.7616    0    0
221    1607333837.34    1607333837.34    0.00300002098083    256    0.8    204.8    0.803000020981    1.0    1
222    1607333837.82    1607333837.83    0.00399994850159    256    0.8    204.8    0.803999948502    1.0    1
223    1607333838.4    1607333838.4    0.0    4    0.0059    0.0236    0.0059    0    0
224    1607333838.4    1607333838.4    0.000999927520752    16    0.0297    0.4752    0.0306999275208    0    0
225    1607333838.42    1607333838.42    0.000999927520752    16    0.7616    12.1856    0.762599927521    0    0
226    1607333838.43    1607333838.43    0.0    16    0.0429    0.6864    0.0429    0    0
227    1607333838.5    1607333838.5    0.0    4    0.0522    0.2088    0.0522    0    0
228    1607333838.73    1607333838.73    0.000999927520752    64    0.0125    0.8    0.0134999275208    1.0    1
229    1607333838.88    1607333838.88    0.0    64    0.0055    0.352    0.0055    1.0    1
230    1607333839.01    1607333839.02    0.00300002098083    256    0.4221    108.0576    0.425100020981    1.0    1
231    1607333839.14    1607333839.14    0.00100016593933    16    0.0297    0.4752    0.0307001659393    0    0
232    1607333839.3    1607333839.3    0.000999927520752    16    0.8805    14.088    0.881499927521    0    0
233    1607333839.45    1607333839.45    0.0    4    0.0522    0.2088    0.0522    0    0
234    1607333839.51    1607333839.51    0.000999927520752    64    0.9446    60.4544    0.945599927521    1.0    1
235    1607333839.55    1607333839.55    0.0    4    0.0522    0.2088    0.0522    0    0
236    1607333839.64    1607333839.64    0.0    16    0.0098    0.1568    0.0098    0    0
237    1607333839.66    1607333839.66    0.000999927520752    64    0.1855    11.872    0.186499927521    1.0    1
238    1607333839.86    1607333839.86    0.000999927520752    16    0.7616    12.1856    0.762599927521    0    0
239    1607333839.9    1607333839.9    0.0    64    0.1855    11.872    0.1855    1.0    1
240    1607333839.97    1607333839.97    0.00300002098083    256    0.8    204.8    0.803000020981    1.0    1
241    1607333839.99    1607333840.0    0.00499987602234    256    0.0177    4.5312    0.0226998760223    1.0    1
242    1607333840.25    1607333840.25    0.0    4    0.0059    0.0236    0.0059    0    0
243    1607333840.69    1607333840.69    0.0    4    0.6452    2.5808    0.6452    0    0
244    1607333840.93    1607333840.93    0.0    4    1.1283    4.5132    1.1283    0    0
245    1607333841.08    1607333841.08    0.0    16    0.8805    14.088    0.8805    0    0
246    1607333841.41    1607333841.41    0.0    64    0.6779    43.3856    0.6779    1.0    1
247    1607333841.5    1607333841.5    0.000999927520752    16    0.8805    14.088    0.881499927521    1.0    1
248    1607333841.66    1607333841.66    0.00300002098083    256    0.6189    158.4384    0.621900020981    1.0    1
249    1607333841.79    1607333841.79    0.0019998550415    64    0.4167    26.6688    0.418699855042    1.0    1
250    1607333842.12    1607333842.12    0.000999927520752    64    0.0055    0.352    0.00649992752075    1.0    1
251    1607333842.34    1607333842.34    0.00300002098083    256    0.8    204.8    0.803000020981    1.0    1
252    1607333842.37    1607333842.37    0.000999927520752    4    0.0059    0.0236    0.00689992752075    0    0
253    1607333842.47    1607333842.47    0.00399994850159    256    0.6189    158.4384    0.622899948502    1.0    1
254    1607333842.51    1607333842.51    0.0019998550415    4    0.0522    0.2088    0.0541998550415    0    0
255    1607333842.78    1607333842.78    0.0019998550415    4    0.0059    0.0236    0.0078998550415    0    0
256    1607333842.78    1607333842.79    0.00200009346008    16    0.8805    14.088    0.88250009346    0    0
257    1607333843.03    1607333843.04    0.00200009346008    16    0.0098    0.1568    0.0118000934601    0    0
258    1607333843.18    1607333843.18    0.0    16    0.0098    0.1568    0.0098    0    0
259    1607333843.35    1607333843.35    0.00100016593933    16    0.0297    0.4752    0.0307001659393    0    0
260    1607333843.64    1607333843.64    0.00100016593933    4    0.0284    0.1136    0.0294001659393    0    0
261    1607333843.88    1607333843.88    0.0    4    0.0522    0.2088    0.0522    0    0
262    1607333843.93    1607333843.93    0.0    4    0.0284    0.1136    0.0284    0    0
263    1607333843.94    1607333843.94    0.0    4    1.1283    4.5132    1.1283    0    0
264    1607333844.11    1607333844.11    0.0    4    0.0284    0.1136    0.0284    0    0
265    1607333844.17    1607333844.17    0.0    4    1.1283    4.5132    1.1283    0    0
266    1607333844.42    1607333844.42    0.0    4    0.0059    0.0236    0.0059    0    0
267    1607333844.56    1607333844.56    0.0    16    0.0429    0.6864    0.0429    0    0
268    1607333844.58    1607333844.58    0.000999927520752    16    0.8805    14.088    0.881499927521    1.0    1
269    1607333844.93    1607333844.93    0.0    4    0.5956    2.3824    0.5956    0    0
270    1607333845.29    1607333845.29    0.000999927520752    64    0.4167    26.6688    0.417699927521    1.0    1
271    1607333845.3    1607333845.3    0.0    4    1.1283    4.5132    1.1283    0    0
272    1607333845.69    1607333845.69    0.00400018692017    256    0.4221    108.0576    0.42610018692    1.0    1
273    1607333845.84    1607333845.84    0.0    4    0.0284    0.1136    0.0284    0    0
274    1607333846.34    1607333846.34    0.0    4    0.6452    2.5808    0.6452    0    0
275    1607333846.43    1607333846.43    0.0    4    0.0284    0.1136    0.0284    0    0
276    1607333847.15    1607333847.15    0.0    4    0.5956    2.3824    0.5956    0    0
277    1607333847.2    1607333847.2    0.000999927520752    64    0.0125    0.8    0.0134999275208    1.0    1
278    1607333847.29    1607333847.29    0.00300002098083    256    0.4221    108.0576    0.425100020981    1.0    1
279    1607333848.64    1607333848.64    0.0    64    0.6779    43.3856    0.6779    1.0    1
280    1607333848.75    1607333848.75    0.00300002098083    256    0.7528    192.7168    0.755800020981    1.0    1
281    1607333848.75    1607333848.76    0.00500011444092    64    0.0125    0.8    0.0175001144409    1.0    1
282    1607333848.76    1607333848.76    0.00500011444092    4    0.0522    0.2088    0.0572001144409    0    0
283    1607333848.91    1607333848.92    0.000999927520752    4    0.0284    0.1136    0.0293999275208    0    0
284    1607333849.17    1607333849.17    0.00100016593933    16    0.7616    12.1856    0.762600165939    0    0
285    1607333849.26    1607333849.26    0.00300002098083    256    0.0057    1.4592    0.00870002098083    1.0    1
286    1607333849.33    1607333849.33    0.0    4    0.0284    0.1136    0.0284    0    0
287    1607333849.55    1607333849.55    0.00200009346008    256    0.0177    4.5312    0.0197000934601    1.0    1
288    1607333849.63    1607333849.63    0.00200009346008    256    0.0057    1.4592    0.00770009346008    1.0    1
289    1607333849.68    1607333849.68    0.00200009346008    256    0.0177    4.5312    0.0197000934601    1.0    1
290    1607333849.79    1607333849.8    0.00100016593933    16    0.0285    0.456    0.0295001659393    0    0
291    1607333849.89    1607333849.89    0.00300002098083    256    0.7528    192.7168    0.755800020981    1.0    1
292    1607333849.92    1607333849.92    0.000999927520752    4    0.0522    0.2088    0.0531999275208    0    0
293    1607333849.95    1607333849.95    0.000999927520752    4    0.0832    0.3328    0.0841999275208    0    0
294    1607333850.34    1607333850.35    0.00399994850159    256    0.0057    1.4592    0.00969994850159    1.0    1
295    1607333850.69    1607333850.69    0.0    16    0.0098    0.1568    0.0098    0    0
296    1607333850.86    1607333850.86    0.00100016593933    16    0.0098    0.1568    0.0108001659393    0    0
297    1607333851.05    1607333851.05    0.0019998550415    256    0.4221    108.0576    0.424099855042    1.0    1
298    1607333851.14    1607333851.14    0.00100016593933    4    0.5956    2.3824    0.596600165939    0    0
299    1607333851.16    1607333851.16    0.00100016593933    16    0.8805    14.088    0.881500165939    0    0
300    1607333851.38    1607333851.38    0.000999927520752    4    0.0059    0.0236    0.00689992752075    0    0
301    1607333851.45    1607333851.45    0.00399994850159    4    0.0522    0.2088    0.0561999485016    0    0
302    1607333851.8    1607333851.8    0.000999927520752    16    0.0297    0.4752    0.0306999275208    0    0
303    1607333852.36    1607333852.36    0.0    16    0.8805    14.088    0.8805    0    0
304    1607333852.44    1607333852.44    0.00299978256226    256    0.4221    108.0576    0.425099782562    1.0    1
305    1607333852.45    1607333852.45    0.000999927520752    16    0.0297    0.4752    0.0306999275208    0    0
306    1607333852.54    1607333852.56    0.0190000534058    256    0.7528    192.7168    0.771800053406    1.0    1
307    1607333852.88    1607333852.88    0.0    4    0.0059    0.0236    0.0059    0    0
308    1607333853.09    1607333853.09    0.0    4    0.0522    0.2088    0.0522    0    0
309    1607333853.17    1607333853.17    0.0    64    0.9446    60.4544    0.9446    1.0    1
310    1607333853.38    1607333853.38    0.0    16    0.8805    14.088    0.8805    0    0
311    1607333853.6    1607333853.6    0.00100016593933    4    0.0832    0.3328    0.0842001659393    0    0
312    1607333853.89    1607333853.89    0.0    16    0.7616    12.1856    0.7616    0    0
313    1607333853.98    1607333853.99    0.00300002098083    256    0.0177    4.5312    0.0207000209808    1.0    1
314    1607333854.09    1607333854.09    0.00100016593933    16    0.0098    0.1568    0.0108001659393    0    0
315    1607333854.12    1607333854.12    0.00399994850159    256    0.6189    158.4384    0.622899948502    1.0    1
316    1607333854.13    1607333854.14    0.00399994850159    256    0.6189    158.4384    0.622899948502    1.19444444444    2
317    1607333854.2    1607333854.21    0.00500011444092    256    0.4221    108.0576    0.427100114441    1.0    1
318    1607333854.23    1607333854.24    0.00300002098083    4    0.0284    0.1136    0.0314000209808    0    0
319    1607333854.32    1607333854.32    0.0    16    0.0297    0.4752    0.0297    0    0
320    1607333854.65    1607333854.68    0.0279998779297    256    0.6189    158.4384    0.64689987793    1.0    1
321    1607333854.76    1607333854.77    0.00100016593933    4    1.1283    4.5132    1.12930016594    0    0
322    1607333854.94    1607333854.94    0.000999927520752    16    0.0297    0.4752    0.0306999275208    1.0    1
323    1607333854.95    1607333854.95    0.000999927520752    64    0.0234    1.4976    0.0243999275208    1.0    1
324    1607333855.0    1607333855.0    0.0    4    0.6452    2.5808    0.6452    0    0
325    1607333855.01    1607333855.01    0.000999927520752    64    0.1855    11.872    0.186499927521    1.0    1
326    1607333855.03    1607333855.04    0.00100016593933    16    0.4243    6.7888    0.425300165939    0    0
327    1607333855.26    1607333855.26    0.00399994850159    256    0.7528    192.7168    0.756799948502    1.0    1
328    1607333855.56    1607333855.56    0.0    4    0.0284    0.1136    0.0284    0    0
329    1607333855.66    1607333855.67    0.00299978256226    64    0.6779    43.3856    0.680899782562    1.0    1
330    1607333855.68    1607333855.68    0.000999927520752    16    0.0098    0.1568    0.0107999275208    0    0
331    1607333855.74    1607333855.74    0.00600004196167    16    0.8805    14.088    0.886500041962    0    0
332    1607333855.76    1607333855.76    0.00699996948242    16    0.4243    6.7888    0.431299969482    1.0    1
333    1607333855.87    1607333855.87    0.000999927520752    4    0.5956    2.3824    0.596599927521    0    0
334    1607333856.11    1607333856.11    0.00100016593933    16    0.8805    14.088    0.881500165939    1.0    1
335    1607333856.33    1607333856.33    0.0    16    0.4243    6.7888    0.4243    0    0
336    1607333856.68    1607333856.68    0.0    16    0.7616    12.1856    0.7616    0    0
337    1607333856.79    1607333856.79    0.00100016593933    4    0.0059    0.0236    0.00690016593933    0    0
338    1607333856.84    1607333856.84    0.0    4    0.0059    0.0236    0.0059    0    0
339    1607333857.21    1607333857.21    0.0    4    0.6452    2.5808    0.6452    0    0
340    1607333857.23    1607333857.23    0.00100016593933    16    0.0098    0.1568    0.0108001659393    1.0    1
341    1607333857.29    1607333857.29    0.0    4    0.0059    0.0236    0.0059    0    0
342    1607333857.59    1607333857.59    0.0    4    0.0832    0.3328    0.0832    0    0
343    1607333857.76    1607333857.76    0.000999927520752    64    0.6779    43.3856    0.678899927521    1.0    1
344    1607333857.8    1607333857.8    0.0    16    0.7616    12.1856    0.7616    0    0
345    1607333857.94    1607333857.94    0.0    4    0.0522    0.2088    0.0522    0    0
346    1607333858.06    1607333858.06    0.0    4    0.0284    0.1136    0.0284    0    0
347    1607333858.43    1607333858.43    0.0    16    0.7616    12.1856    0.7616    1.0    1
348    1607333858.53    1607333858.53    0.000999927520752    64    0.0055    0.352    0.00649992752075    1.0    1
349    1607333859.04    1607333859.04    0.0    4    1.1283    4.5132    1.1283    0    0
350    1607333859.38    1607333859.38    0.00300002098083    256    0.7528    192.7168    0.755800020981    1.0    1
351    1607333859.68    1607333859.68    0.000999927520752    4    0.5956    2.3824    0.596599927521    0    0
352    1607333859.78    1607333859.79    0.00400018692017    256    0.6189    158.4384    0.62290018692    1.0    1
353    1607333860.22    1607333860.22    0.0019998550415    256    0.6189    158.4384    0.620899855042    1.0    1
354    1607333860.23    1607333860.24    0.00300002098083    16    0.0429    0.6864    0.0459000209808    1.0    1
355    1607333860.6    1607333860.61    0.00400018692017    256    0.8    204.8    0.80400018692    1.0    1
356    1607333860.67    1607333860.67    0.00200009346008    4    0.0522    0.2088    0.0542000934601    0    0
357    1607333860.96    1607333860.96    0.0    64    0.6779    43.3856    0.6779    1.0    1
358    1607333861.34    1607333861.35    0.00600004196167    256    0.0057    1.4592    0.0117000419617    1.0    1
359    1607333861.39    1607333861.39    0.000999927520752    4    0.5956    2.3824    0.596599927521    0    0
360    1607333861.56    1607333861.57    0.00100016593933    16    0.7616    12.1856    0.762600165939    0    0
361    1607333861.61    1607333861.61    0.0    4    0.0059    0.0236    0.0059    0    0
362    1607333861.78    1607333861.78    0.0    64    0.4167    26.6688    0.4167    1.0    1
363    1607333861.98    1607333861.98    0.000999927520752    16    0.0285    0.456    0.0294999275208    1.0    1
364    1607333862.42    1607333862.42    0.0    4    0.0522    0.2088    0.0522    0    0
365    1607333862.56    1607333862.56    0.0    4    0.0059    0.0236    0.0059    0    0
366    1607333862.58    1607333862.58    0.0    64    0.0125    0.8    0.0125    1.0    1
367    1607333862.78    1607333862.78    0.00300002098083    256    0.4221    108.0576    0.425100020981    1.0    1
368    1607333862.79    1607333862.8    0.00100016593933    16    0.0098    0.1568    0.0108001659393    0    0
369    1607333862.84    1607333862.85    0.000999927520752    16    0.8805    14.088    0.881499927521    0    0
370    1607333862.96    1607333862.96    0.000999927520752    4    0.0832    0.3328    0.0841999275208    0    0
371    1607333863.12    1607333863.12    0.00399994850159    256    0.0057    1.4592    0.00969994850159    1.0    1
372    1607333863.29    1607333863.29    0.0    16    0.4243    6.7888    0.4243    0    0
373    1607333863.32    1607333863.32    0.0    4    1.1283    4.5132    1.1283    0    0
374    1607333863.38    1607333863.38    0.0    64    0.6779    43.3856    0.6779    1.0    1
375    1607333864.53    1607333864.53    0.0    16    0.7616    12.1856    0.7616    0    0
376    1607333864.72    1607333864.72    0.000999927520752    64    0.1855    11.872    0.186499927521    1.0    1
377    1607333864.87    1607333864.87    0.0    4    0.0284    0.1136    0.0284    0    0
378    1607333865.34    1607333865.34    0.0    64    0.0055    0.352    0.0055    1.0    1
379    1607333865.4    1607333865.4    0.00100016593933    16    0.8805    14.088    0.881500165939    0    0
380    1607333865.43    1607333865.43    0.0    64    0.1855    11.872    0.1855    1.0    1
381    1607333865.75    1607333865.75    0.0    4    0.0284    0.1136    0.0284    0    0
382    1607333866.03    1607333866.03    0.0    64    0.6779    43.3856    0.6779    1.0    1
383    1607333866.05    1607333866.05    0.000999927520752    4    0.0284    0.1136    0.0293999275208    0    0
384    1607333866.16    1607333866.16    0.000999927520752    64    0.4167    26.6688    0.417699927521    1.0    1
385    1607333866.23    1607333866.24    0.00100016593933    16    0.0297    0.4752    0.0307001659393    0    0
386    1607333866.43    1607333866.44    0.00100016593933    64    0.0125    0.8    0.0135001659393    1.0    1
387    1607333866.73    1607333866.73    0.0    16    0.0098    0.1568    0.0098    0    0
388    1607333867.21    1607333867.21    0.0    16    0.4243    6.7888    0.4243    0    0
389    1607333867.28    1607333867.29    0.00200009346008    256    0.0177    4.5312    0.0197000934601    1.0    1
390    1607333867.33    1607333867.33    0.0    4    1.1283    4.5132    1.1283    0    0
391    1607333867.4    1607333867.4    0.0    4    0.5956    2.3824    0.5956    0    0
392    1607333867.56    1607333867.56    0.0    16    0.8805    14.088    0.8805    1.0    1
393    1607333867.66    1607333867.66    0.000999927520752    64    0.9446    60.4544    0.945599927521    1.0    1
394    1607333867.77    1607333867.77    0.0    4    0.5956    2.3824    0.5956    0    0
395    1607333867.85    1607333867.85    0.00100016593933    16    0.7616    12.1856    0.762600165939    1.0    1
396    1607333867.93    1607333867.93    0.000999927520752    64    0.0055    0.352    0.00649992752075    1.0    1
397    1607333867.97    1607333867.97    0.0    16    0.7616    12.1856    0.7616    0    0
398    1607333868.16    1607333868.16    0.0    16    0.8805    14.088    0.8805    1.0    1
399    1607333868.59    1607333868.59    0.0    4    0.0059    0.0236    0.0059    0    0
400    1607333868.8    1607333868.8    0.0    16    0.0098    0.1568    0.0098    0    0
401    1607333868.87    1607333868.88    0.00300002098083    256    0.4221    108.0576    0.425100020981    1.0    1
402    1607333869.05    1607333869.05    0.000999927520752    16    0.0285    0.456    0.0294999275208    1.0    1
403    1607333869.13    1607333869.13    0.0019998550415    64    0.1855    11.872    0.187499855042    1.0    1
404    1607333869.14    1607333869.15    0.00200009346008    16    0.0098    0.1568    0.0118000934601    0    0
405    1607333869.28    1607333869.29    0.00399994850159    256    0.6189    158.4384    0.622899948502    1.0    1
406    1607333869.57    1607333869.57    0.0    4    0.0284    0.1136    0.0284    0    0
407    1607333869.67    1607333869.68    0.00200009346008    256    0.0057    1.4592    0.00770009346008    1.0    1
408    1607333870.1    1607333870.1    0.0    64    0.0055    0.352    0.0055    1.0    1
409    1607333870.14    1607333870.14    0.0    64    0.0234    1.4976    0.0234    1.0    1
410    1607333870.17    1607333870.17    0.00300002098083    256    0.0057    1.4592    0.00870002098083    1.0    1
411    1607333870.2    1607333870.2    0.000999927520752    64    0.0055    0.352    0.00649992752075    1.0    1
412    1607333870.24    1607333870.24    0.000999927520752    16    0.0285    0.456    0.0294999275208    0    0
413    1607333870.36    1607333870.36    0.0    4    0.0284    0.1136    0.0284    0    0
414    1607333870.51    1607333870.51    0.00300002098083    256    0.4221    108.0576    0.425100020981    1.0    1
415    1607333870.65    1607333870.65    0.00100016593933    64    0.1855    11.872    0.186500165939    1.0    1
416    1607333870.78    1607333870.78    0.00200009346008    64    0.6779    43.3856    0.67990009346    1.0    1
417    1607333870.87    1607333870.88    0.000999927520752    16    0.4243    6.7888    0.425299927521    0    0
418    1607333871.21    1607333871.21    0.0    64    0.6779    43.3856    0.6779    1.0    1
419    1607333871.43    1607333871.43    0.0    4    0.0522    0.2088    0.0522    0    0
420    1607333871.56    1607333871.56    0.0    16    0.0297    0.4752    0.0297    0    0
421    1607333871.88    1607333871.88    0.0    16    0.0297    0.4752    0.0297    0    0
422    1607333872.17    1607333872.17    0.0    4    0.6452    2.5808    0.6452    0    0
423    1607333872.26    1607333872.26    0.0    64    0.0234    1.4976    0.0234    1.0    1
424    1607333872.47    1607333872.47    0.0    4    0.0522    0.2088    0.0522    0    0
425    1607333872.57    1607333872.57    0.0    4    0.0284    0.1136    0.0284    0    0
426    1607333872.66    1607333872.66    0.00300002098083    64    0.4167    26.6688    0.419700020981    1.0    1
427    1607333872.71    1607333872.72    0.0139999389648    256    0.7528    192.7168    0.766799938965    1.0    1
428    1607333872.99    1607333872.99    0.0    4    1.1283    4.5132    1.1283    0    0
429    1607333873.1    1607333873.1    0.000999927520752    64    0.1855    11.872    0.186499927521    1.0    1
430    1607333873.44    1607333873.44    0.000999927520752    64    0.0125    0.8    0.0134999275208    1.0    1
431    1607333873.45    1607333873.45    0.00200009346008    64    0.4167    26.6688    0.41870009346    1.0    1
432    1607333873.65    1607333873.65    0.000999927520752    16    0.0098    0.1568    0.0107999275208    0    0
433    1607333873.87    1607333873.88    0.000999927520752    16    0.0285    0.456    0.0294999275208    0    0
434    1607333874.38    1607333874.38    0.0    16    0.0297    0.4752    0.0297    0    0
435    1607333874.82    1607333874.82    0.000999927520752    4    1.1283    4.5132    1.12929992752    0    0
436    1607333875.43    1607333875.43    0.0    64    0.1855    11.872    0.1855    1.0    1
437    1607333875.47    1607333875.47    0.0    4    0.0284    0.1136    0.0284    0    0
438    1607333875.83    1607333875.83    0.0    4    0.0832    0.3328    0.0832    0    0
439    1607333876.1    1607333876.1    0.0    16    0.8805    14.088    0.8805    0    0
440    1607333876.17    1607333876.17    0.0    16    0.0285    0.456    0.0285    0    0
441    1607333876.73    1607333876.73    0.00300002098083    256    0.0057    1.4592    0.00870002098083    1.0    1
442    1607333876.93    1607333876.94    0.0150001049042    256    0.8    204.8    0.815000104904    1.0    1
443    1607333877.06    1607333877.06    0.00400018692017    256    0.0057    1.4592    0.00970018692017    1.19444444444    2
444    1607333877.14    1607333877.14    0.00200009346008    64    0.1855    11.872    0.18750009346    1.0    1
445    1607333877.23    1607333877.24    0.00100016593933    16    0.0098    0.1568    0.0108001659393    0    0
446    1607333877.7    1607333877.7    0.0    4    0.0284    0.1136    0.0284    0    0
447    1607333877.77    1607333877.77    0.00200009346008    256    0.8    204.8    0.80200009346    1.0    1
448    1607333878.16    1607333878.16    0.000999927520752    16    0.0429    0.6864    0.0438999275208    0    0
449    1607333878.26    1607333878.27    0.00200009346008    16    0.0098    0.1568    0.0118000934601    0    0
450    1607333878.28    1607333878.29    0.00399994850159    256    0.6189    158.4384    0.622899948502    1.0    1
451    1607333878.31    1607333878.31    0.00200009346008    4    0.0832    0.3328    0.0852000934601    0    0
452    1607333878.31    1607333878.32    0.00600004196167    64    0.9446    60.4544    0.950600041962    1.0    1
453    1607333878.46    1607333878.47    0.00699996948242    256    0.6189    158.4384    0.625899969482    1.0    1
454    1607333878.46    1607333878.47    0.00999999046326    4    0.0284    0.1136    0.0383999904633    0    0
455    1607333878.53    1607333878.53    0.0019998550415    64    0.9446    60.4544    0.946599855042    1.0    1
456    1607333878.56    1607333878.56    0.00499987602234    256    0.4221    108.0576    0.427099876022    1.0    1
457    1607333878.69    1607333878.69    0.000999927520752    16    0.0285    0.456    0.0294999275208    0    0
458    1607333878.81    1607333878.81    0.0    16    0.0297    0.4752    0.0297    0    0
459    1607333878.82    1607333878.82    0.000999927520752    64    0.9446    60.4544    0.945599927521    1.0    1
460    1607333879.14    1607333879.14    0.00300002098083    256    0.6189    158.4384    0.621900020981    1.0    1
461    1607333879.34    1607333879.34    0.000999927520752    16    0.7616    12.1856    0.762599927521    0    0
462    1607333879.43    1607333879.43    0.000999927520752    4    0.0832    0.3328    0.0841999275208    0    0
463    1607333879.7    1607333879.7    0.0019998550415    64    0.9446    60.4544    0.946599855042    1.0    1
464    1607333879.74    1607333879.74    0.0019998550415    64    0.9446    60.4544    0.946599855042    1.0    1
465    1607333879.83    1607333879.83    0.0    16    0.0285    0.456    0.0285    0    0
466    1607333879.92    1607333879.92    0.00300002098083    256    0.8    204.8    0.803000020981    1.0    1
467    1607333880.25    1607333880.25    0.000999927520752    16    0.0429    0.6864    0.0438999275208    0    0
468    1607333880.63    1607333880.63    0.000999927520752    4    0.0059    0.0236    0.00689992752075    0    0
469    1607333880.64    1607333880.64    0.000999927520752    4    0.0059    0.0236    0.00689992752075    0    0
470    1607333881.0    1607333881.0    0.0    64    0.0125    0.8    0.0125    1.0    1
471    1607333881.17    1607333881.17    0.000999927520752    64    0.1855    11.872    0.186499927521    1.0    1
472    1607333881.81    1607333881.81    0.000999927520752    64    0.0234    1.4976    0.0243999275208    1.0    1
473    1607333881.95    1607333881.95    0.000999927520752    16    0.7616    12.1856    0.762599927521    0    0
474    1607333882.02    1607333882.02    0.000999927520752    16    0.7616    12.1856    0.762599927521    0    0
475    1607333882.11    1607333882.11    0.0    16    0.7616    12.1856    0.7616    0    0
476    1607333882.35    1607333882.35    0.00100016593933    64    0.9446    60.4544    0.945600165939    1.0    1
477    1607333882.41    1607333882.41    0.000999927520752    64    0.0055    0.352    0.00649992752075    1.0    1
478    1607333882.49    1607333882.49    0.000999927520752    16    0.0429    0.6864    0.0438999275208    0    0
479    1607333882.52    1607333882.52    0.000999927520752    4    0.0522    0.2088    0.0531999275208    0    0
480    1607333882.88    1607333882.88    0.00300002098083    256    0.0057    1.4592    0.00870002098083    1.0    1
481    1607333882.88    1607333882.88    0.00100016593933    16    0.0098    0.1568    0.0108001659393    0    0
482    1607333883.12    1607333883.12    0.0    64    0.1855    11.872    0.1855    1.0    1
483    1607333883.18    1607333883.18    0.00100016593933    16    0.0429    0.6864    0.0439001659393    0    0
484    1607333883.27    1607333883.27    0.00300002098083    64    0.0234    1.4976    0.0264000209808    1.0    1
485    1607333883.44    1607333883.44    0.000999927520752    64    0.4167    26.6688    0.417699927521    1.0    1
486    1607333883.51    1607333883.51    0.00100016593933    4    0.0059    0.0236    0.00690016593933    0    0
487    1607333883.54    1607333883.54    0.0    64    0.0234    1.4976    0.0234    1.0    1
488    1607333883.56    1607333883.57    0.00300002098083    4    0.6452    2.5808    0.648200020981    0    0
489    1607333883.59    1607333883.59    0.00300002098083    256    0.6189    158.4384    0.621900020981    1.0    1
490    1607333883.64    1607333883.64    0.00499987602234    256    0.8    204.8    0.804999876022    1.0    1
491    1607333883.86    1607333883.86    0.0    4    0.5956    2.3824    0.5956    0    0
492    1607333884.12    1607333884.12    0.00300002098083    64    0.9446    60.4544    0.947600020981    1.33333333333    2
493    1607333884.13    1607333884.13    0.00699996948242    256    0.6189    158.4384    0.625899969482    1.0    1
494    1607333884.54    1607333884.54    0.00299978256226    256    0.0057    1.4592    0.00869978256226    1.0    1
495    1607333884.61    1607333884.62    0.000999927520752    4    0.0059    0.0236    0.00689992752075    0    0
496    1607333884.69    1607333884.69    0.0    16    0.0429    0.6864    0.0429    1.0    1
497    1607333884.96    1607333884.97    0.00300002098083    256    0.0177    4.5312    0.0207000209808    1.0    1
498    1607333885.06    1607333885.06    0.00300002098083    256    0.7528    192.7168    0.755800020981    1.0    1
499    1607333885.15    1607333885.16    0.00499987602234    256    0.4221    108.0576    0.427099876022    1.19444444444    2
500    1607333885.51    1607333885.51    0.000999927520752    4    0.5956    2.3824    0.596599927521    0    0
501    1607333885.68    1607333885.68    0.0    4    0.0832    0.3328    0.0832    0    0
502    1607333885.77    1607333885.77    0.0    16    0.0098    0.1568    0.0098    0    0
503    1607333886.18    1607333886.18    0.0    4    0.0059    0.0236    0.0059    0    0
504    1607333886.2    1607333886.2    0.0    4    0.0832    0.3328    0.0832    0    0
505    1607333886.24    1607333886.24    0.000999927520752    64    0.6779    43.3856    0.678899927521    1.0    1
506    1607333886.33    1607333886.33    0.0    64    0.4167    26.6688    0.4167    1.0    1
507    1607333887.01    1607333887.01    0.00399994850159    256    0.0057    1.4592    0.00969994850159    1.0    1
508    1607333887.01    1607333887.01    0.00499987602234    64    0.9446    60.4544    0.949599876022    1.0    1
509    1607333887.04    1607333887.04    0.0    16    0.0098    0.1568    0.0098    0    0
510    1607333887.1    1607333887.1    0.0    64    0.6779    43.3856    0.6779    1.0    1
511    1607333887.34    1607333887.34    0.0    4    1.1283    4.5132    1.1283    0    0
512    1607333887.48    1607333887.48    0.0    4    0.0059    0.0236    0.0059    0    0
513    1607333887.71    1607333887.71    0.00399994850159    256    0.0177    4.5312    0.0216999485016    1.0    1
514    1607333887.84    1607333887.84    0.00399994850159    256    0.8    204.8    0.803999948502    1.0    1
515    1607333888.27    1607333888.28    0.00100016593933    64    0.6779    43.3856    0.678900165939    1.0    1
516    1607333888.61    1607333888.62    0.0139999389648    256    0.8    204.8    0.813999938965    1.0    1
517    1607333888.67    1607333888.67    0.0    64    0.6779    43.3856    0.6779    1.0    1
518    1607333888.85    1607333888.86    0.00699996948242    256    0.6189    158.4384    0.625899969482    1.0    1
519    1607333889.33    1607333889.33    0.00600004196167    256    0.0057    1.4592    0.0117000419617    1.0    1
520    1607333889.5    1607333889.5    0.0    64    0.6779    43.3856    0.6779    1.0    1
521    1607333889.65    1607333889.66    0.0130000114441    256    0.0177    4.5312    0.0307000114441    1.0    1
522    1607333889.7    1607333889.71    0.00100016593933    16    0.8805    14.088    0.881500165939    0    0
523    1607333889.71    1607333889.72    0.00300002098083    256    0.0057    1.4592    0.00870002098083    1.0    1
524    1607333889.73    1607333889.73    0.00600004196167    64    0.0234    1.4976    0.0294000419617    1.0    1
525    1607333890.19    1607333890.19    0.000999927520752    16    0.0285    0.456    0.0294999275208    0    0
526    1607333890.52    1607333890.53    0.00300002098083    256    0.6189    158.4384    0.621900020981    1.0    1
527    1607333890.53    1607333890.53    0.00100016593933    16    0.0285    0.456    0.0295001659393    0    0
528    1607333890.81    1607333890.82    0.00100016593933    16    0.0285    0.456    0.0295001659393    0    0
529    1607333891.02    1607333891.02    0.00399994850159    256    0.0057    1.4592    0.00969994850159    1.0    1
530    1607333891.34    1607333891.34    0.0    4    1.1283    4.5132    1.1283    0    0
531    1607333891.7    1607333891.7    0.0    16    0.7616    12.1856    0.7616    0    0
532    1607333891.76    1607333891.76    0.00100016593933    16    0.8805    14.088    0.881500165939    1.0    1
533    1607333891.78    1607333891.78    0.0019998550415    64    0.0234    1.4976    0.0253998550415    1.0    1
534    1607333891.92    1607333891.92    0.0    4    0.0284    0.1136    0.0284    0    0
535    1607333892.01    1607333892.01    0.0    4    0.0522    0.2088    0.0522    0    0
536    1607333892.43    1607333892.43    0.0    4    0.5956    2.3824    0.5956    0    0
537    1607333892.86    1607333892.86    0.0090000629425    256    0.0057    1.4592    0.0147000629425    1.0    1
538    1607333893.09    1607333893.09    0.000999927520752    64    0.0125    0.8    0.0134999275208    1.0    1
539    1607333893.09    1607333893.1    0.000999927520752    16    0.0429    0.6864    0.0438999275208    0    0
540    1607333893.13    1607333893.13    0.000999927520752    64    0.0055    0.352    0.00649992752075    1.0    1
541    1607333893.44    1607333893.44    0.00300002098083    256    0.4221    108.0576    0.425100020981    1.0    1
542    1607333893.53    1607333893.53    0.000999927520752    64    0.0125    0.8    0.0134999275208    1.0    1
543    1607333893.64    1607333893.64    0.000999927520752    4    0.0522    0.2088    0.0531999275208    0    0
544    1607333893.73    1607333893.73    0.000999927520752    16    0.8805    14.088    0.881499927521    0    0
545    1607333894.12    1607333894.12    0.0    16    0.0429    0.6864    0.0429    0    0
546    1607333894.29    1607333894.29    0.000999927520752    16    0.0297    0.4752    0.0306999275208    0    0
547    1607333894.83    1607333894.83    0.0    16    0.8805    14.088    0.8805    0    0
548    1607333894.96    1607333894.96    0.000999927520752    4    0.5956    2.3824    0.596599927521    0    0
549    1607333895.02    1607333895.02    0.0    16    0.0429    0.6864    0.0429    1.0    1
550    1607333895.05    1607333895.05    0.00100016593933    64    0.4167    26.6688    0.417700165939    1.0    1
551    1607333895.07    1607333895.08    0.00399994850159    256    0.8    204.8    0.803999948502    1.0    1
552    1607333895.13    1607333895.13    0.00200009346008    64    0.6779    43.3856    0.67990009346    1.0    1
553    1607333895.17    1607333895.17    0.00200009346008    64    0.9446    60.4544    0.94660009346    1.0    1
554    1607333895.52    1607333895.52    0.0    4    0.0284    0.1136    0.0284    0    0
555    1607333895.78    1607333895.78    0.00699996948242    256    0.8    204.8    0.806999969482    1.17777777778    2
556    1607333895.83    1607333895.84    0.00300002098083    16    0.7616    12.1856    0.764600020981    1.0    1
557    1607333895.89    1607333895.89    0.000999927520752    16    0.0297    0.4752    0.0306999275208    1.0    1
558    1607333895.97    1607333895.97    0.0    16    0.0285    0.456    0.0285    1.0    1
559    1607333896.01    1607333896.01    0.00300002098083    16    0.7616    12.1856    0.764600020981    1.0    1
560    1607333896.02    1607333896.03    0.00499987602234    64    0.4167    26.6688    0.421699876022    1.0    1
561    1607333896.12    1607333896.12    0.000999927520752    64    0.0055    0.352    0.00649992752075    1.0    1
562    1607333896.19    1607333896.19    0.000999927520752    64    0.0055    0.352    0.00649992752075    1.0    1
563    1607333896.2    1607333896.21    0.00500011444092    256    0.0057    1.4592    0.0107001144409    1.0    1
564    1607333896.51    1607333896.51    0.0    4    1.1283    4.5132    1.1283    0    0
565    1607333896.58    1607333896.58    0.0    4    0.6452    2.5808    0.6452    0    0
566    1607333896.61    1607333896.62    0.00300002098083    256    0.7528    192.7168    0.755800020981    1.0    1
567    1607333896.74    1607333896.75    0.00100016593933    4    1.1283    4.5132    1.12930016594    0    0
568    1607333896.75    1607333896.75    0.0019998550415    16    0.0429    0.6864    0.0448998550415    1.0    1
569    1607333896.81    1607333896.81    0.00100016593933    16    0.0098    0.1568    0.0108001659393    1.0    1
570    1607333896.82    1607333896.82    0.000999927520752    64    0.0055    0.352    0.00649992752075    1.0    1
571    1607333897.04    1607333897.04    0.0    16    0.0297    0.4752    0.0297    1.0    1
572    1607333897.13    1607333897.14    0.00999999046326    64    0.0055    0.352    0.0154999904633    1.0    1
573    1607333897.25    1607333897.26    0.00500011444092    256    0.0177    4.5312    0.0227001144409    1.15151515152    2
574    1607333897.27    1607333897.28    0.00999999046326    16    0.0297    0.4752    0.0396999904633    0    0
575    1607333897.31    1607333897.32    0.00600004196167    256    0.6189    158.4384    0.624900041962    1.15151515152    2
576    1607333897.33    1607333897.33    0.00200009346008    4    0.0059    0.0236    0.00790009346008    0    0
577    1607333897.39    1607333897.39    0.000999927520752    64    0.9446    60.4544    0.945599927521    1.0    1
578    1607333897.66    1607333897.67    0.00600004196167    256    0.7528    192.7168    0.758800041962    1.0    1
579    1607333897.86    1607333897.86    0.00499987602234    256    0.7528    192.7168    0.757799876022    1.0    1
580    1607333897.88    1607333897.89    0.00399994850159    16    0.0429    0.6864    0.0468999485016    1.0    1
581    1607333897.92    1607333897.92    0.00300002098083    4    0.0284    0.1136    0.0314000209808    0    0
582    1607333898.02    1607333898.02    0.0019998550415    64    0.0234    1.4976    0.0253998550415    1.0    1
583    1607333898.05    1607333898.05    0.000999927520752    4    0.0832    0.3328    0.0841999275208    0    0
584    1607333898.15    1607333898.17    0.0279998779297    256    0.4221    108.0576    0.45009987793    1.15151515152    2
585    1607333898.31    1607333898.31    0.00399994850159    64    0.0234    1.4976    0.0273999485016    1.0    1
586    1607333898.63    1607333898.63    0.0    4    0.0284    0.1136    0.0284    0    0
587    1607333898.71    1607333898.71    0.0    16    0.0098    0.1568    0.0098    0    0
588    1607333898.95    1607333898.95    0.0    16    0.7616    12.1856    0.7616    0    0
589    1607333899.73    1607333899.73    0.0    4    0.5956    2.3824    0.5956    0    0
590    1607333899.96    1607333899.96    0.00200009346008    256    0.8    204.8    0.80200009346    1.0    1
591    1607333900.05    1607333900.05    0.000999927520752    4    0.0284    0.1136    0.0293999275208    0    0
592    1607333900.06    1607333900.06    0.00399994850159    256    0.6189    158.4384    0.622899948502    1.0    1
593    1607333900.16    1607333900.17    0.00699996948242    256    0.6189    158.4384    0.625899969482    1.0    1
594    1607333900.41    1607333900.41    0.00200009346008    16    0.0297    0.4752    0.0317000934601    1.0    1
595    1607333900.48    1607333900.49    0.00500011444092    64    0.1855    11.872    0.190500114441    1.33333333333    2
596    1607333900.56    1607333900.56    0.00300002098083    16    0.0297    0.4752    0.0327000209808    0    0
597    1607333900.68    1607333900.69    0.0149998664856    256    0.4221    108.0576    0.437099866486    1.19444444444    2
598    1607333900.73    1607333900.74    0.00399994850159    256    0.6189    158.4384    0.622899948502    1.0    1
599    1607333900.74    1607333900.75    0.00800013542175    64    0.6779    43.3856    0.685900135422    1.0    1

dispatched jobs are: 600 out of 600
average queue time is: 0.120033333302
fso links are used for 0 times
overall utilization is 0.0427392819063
average response time is 0.455526833302
average weighted response time is 0.72376838872
average slowdown is 1.07729045135
cpu_request: 44976, cpu_run: 44976
ssd_request: 22171, ssd_run: 0
gpu_request: 22485, gpu_run: 0
cpu aspl: 1.00892651346
cpu diameter: 1.04362416107
job x: 0.0
job y: 0.0
job z: 0.0
