#timestep  occupied-CPU  total-CPU  utilization  queuingjobs
1    0    4096    0.0    0
2    280    4096    0.068359375    0
3    304    4096    0.07421875    0
4    20    4096    0.0048828125    0
5    200    4096    0.048828125    0
6    88    4096    0.021484375    0
7    16    4096    0.00390625    0
8    4    4096    0.0009765625    0
9    364    4096    0.0888671875    0
10    32    4096    0.0078125    0
11    196    4096    0.0478515625    0
12    645    4096    0.157470703125    0
13    4    4096    0.0009765625    0
14    584    4096    0.142578125    0
15    80    4096    0.01953125    0
16    336    4096    0.08203125    0
17    68    4096    0.0166015625    0
18    64    4096    0.015625    0
19    324    4096    0.0791015625    0
20    144    4096    0.03515625    0
21    4    4096    0.0009765625    0
22    0    4096    0.0    0
23    512    4096    0.125    0
24    1024    4096    0.25    0
25    332    4096    0.0810546875    0
26    324    4096    0.0791015625    0
27    8    4096    0.001953125    0
28    272    4096    0.06640625    0
29    64    4096    0.015625    0
30    256    4096    0.0625    0
31    96    4096    0.0234375    0
32    80    4096    0.01953125    0
33    132    4096    0.0322265625    0
34    580    4096    0.1416015625    0
35    320    4096    0.078125    0
36    84    4096    0.0205078125    0
37    68    4096    0.0166015625    0
38    20    4096    0.0048828125    0
39    512    4096    0.125    0
40    552    4096    0.134765625    0
41    264    4096    0.064453125    0
42    608    4096    0.1484375    0
43    36    4096    0.0087890625    0
44    4    4096    0.0009765625    0
45    276    4096    0.0673828125    0
46    4    4096    0.0009765625    0
47    256    4096    0.0625    0
48    8    4096    0.001953125    0
49    84    4096    0.0205078125    0
50    80    4096    0.01953125    0
51    260    4096    0.0634765625    0
52    4    4096    0.0009765625    0
53    16    4096    0.00390625    0
54    96    4096    0.0234375    0
55    36    4096    0.0087890625    0
56    256    4096    0.0625    0
57    580    4096    0.1416015625    0
58    848    4096    0.20703125    0
59    512    4096    0.125    0
60    336    4096    0.08203125    0
61    305    4096    0.074462890625    0
62    340    4096    0.0830078125    0
63    400    4096    0.09765625    0
64    340    4096    0.0830078125    0
65    468    4096    0.1142578125    0
66    516    4096    0.1259765625    0
67    536    4096    0.130859375    0
68    276    4096    0.0673828125    0
69    144    4096    0.03515625    0
70    576    4096    0.140625    0
71    600    4096    0.146484375    0
72    36    4096    0.0087890625    0
73    416    4096    0.1015625    1
74    516    4096    0.1259765625    0
75    576    4096    0.140625    0
76    148    4096    0.0361328125    0
77    580    4096    0.1416015625    0
78    80    4096    0.01953125    0
79    16    4096    0.00390625    0
80    16    4096    0.00390625    0
81    76    4096    0.0185546875    0
82    16    4096    0.00390625    0
83    100    4096    0.0244140625    0
84    848    4096    0.20703125    0
85    272    4096    0.06640625    0
86    20    4096    0.0048828125    0
87    20    4096    0.0048828125    0
88    0    4096    0.0    0
89    16    4096    0.00390625    0
90    24    4096    0.005859375    0
91    256    4096    0.0625    0
92    0    4096    0.0    0
93    4    4096    0.0009765625    0
94    532    4096    0.1298828125    0
95    4    4096    0.0009765625    0
96    0    4096    0.0    0

average cpu utilization is: 0.0575510660807
average ssd utilization is: 1.0
average gpu utilization is: 1.0
average utilization is: 0.68585035536
average queuing jobs are: 0.0104166666667
maximum queuing jobs are: 1


#job_number  submit  dispatch  queue  cpu#  runtime  weight  response(turnaround)  cpu_aspl  cpu_diameter
0    1607336988.96    1607337056.78    67.8229999542    256    0.7528    192.7168    68.5757999542    3    6
1    1607337056.79    1607337056.8    0.0130000114441    16    0.8805    14.088    0.893500011444    2    2
2    1607337056.91    1607337056.91    0.000999927520752    256    0.0057    1.4592    0.00669992752075    3    6
3    1607337057.06    1607337057.06    0.000999927520752    4    0.0284    0.1136    0.0293999275208    2    2
4    1607337057.37    1607337057.37    0.000999927520752    64    0.0125    0.8    0.0134999275208    2    6
5    1607337057.51    1607337057.52    0.00100016593933    256    0.8    204.8    0.801000165939    3    6
6    1607337057.52    1607337057.52    0.000999927520752    4    0.5984    2.3936    0.599399927521    2    2
7    1607337057.55    1607337057.56    0.007000207901    64    0.0234    1.4976    0.030400207901    2    5
8    1607337057.6    1607337057.6    0.0    64    0.1855    11.872    0.1855    2    5
9    1607337057.7    1607337057.7    0.0    16    0.7616    12.1856    0.7616    2    2
10    1607337057.84    1607337057.84    0.000999927520752    4    0.0059    0.0236    0.00689992752075    2    2
11    1607337058.15    1607337058.15    0.0    16    0.8805    14.088    0.8805    2    2
12    1607337058.2    1607337058.2    0.0    16    0.7616    12.1856    0.7616    2    2
13    1607337058.28    1607337058.29    0.00100016593933    256    0.4221    108.0576    0.423100165939    3    6
14    1607337058.38    1607337058.38    0.000999927520752    16    0.8805    14.088    0.881499927521    2    2
15    1607337058.41    1607337058.42    0.000999927520752    64    0.4167    26.6688    0.417699927521    3    6
16    1607337058.75    1607337058.75    0.0    4    0.0059    0.0236    0.0059    2    2
17    1607337058.91    1607337058.91    0.000999927520752    256    0.7528    192.7168    0.753799927521    3    6
18    1607337058.95    1607337058.95    0.00499987602234    256    0.7528    192.7168    0.757799876022    3    6
19    1607337059.25    1607337059.25    0.0    16    0.7616    12.1856    0.7616    2    2
20    1607337059.45    1607337059.45    0.0    16    0.0098    0.1568    0.0098    2    2
21    1607337059.89    1607337059.89    0.000999927520752    4    0.5984    2.3936    0.599399927521    2    2
22    1607337060.1    1607337060.1    0.0    4    0.0284    0.1136    0.0284    2    2
23    1607337060.23    1607337060.23    0.000999927520752    16    0.0429    0.6864    0.0438999275208    2    2
24    1607337060.27    1607337060.27    0.0    4    0.0526    0.2104    0.0526    2    2
25    1607337060.3    1607337060.3    0.000999927520752    256    0.7528    192.7168    0.753799927521    3    6
26    1607337060.4    1607337060.4    0.000999927520752    64    0.1855    11.872    0.186499927521    2    6
27    1607337060.46    1607337060.46    0.00100016593933    4    0.0526    0.2104    0.0536001659393    2    2
28    1607337060.93    1607337060.93    0.0    4    0.0834    0.3336    0.0834    2    2
29    1607337060.97    1607337060.97    0.0    16    0.0098    0.1568    0.0098    2    3
30    1607337061.0    1607337061.0    0.000999927520752    64    0.9446    60.4544    0.945599927521    2    6
31    1607337061.26    1607337061.26    0.0    64    0.4167    26.6688    0.4167    2    6
32    1607337061.37    1607337061.37    0.0    4    1.1322    4.5288    1.1322    2    2
33    1607337061.48    1607337061.48    0.0    16    0.0429    0.6864    0.0429    2    2
34    1607337061.54    1607337061.54    0.0    4    0.0284    0.1136    0.0284    2    2
35    1607337061.56    1607337061.56    0.0    4    0.0526    0.2104    0.0526    2    2
36    1607337061.64    1607337061.64    0.0    16    0.0297    0.4752    0.0297    2    2
37    1607337061.76    1607337061.76    0.0    4    0.6477    2.5908    0.6477    2    2
38    1607337061.81    1607337061.81    0.0    16    0.8805    14.088    0.8805    2    2
39    1607337062.0    1607337062.0    0.0    64    0.6779    43.3856    0.6779    2    6
40    1607337062.14    1607337062.14    0.00200009346008    4    0.0284    0.1136    0.0304000934601    2    2
41    1607337062.37    1607337062.37    0.0    4    0.6477    2.5908    0.6477    2    2
42    1607337062.51    1607337062.52    0.00100016593933    16    0.0429    0.6864    0.0439001659393    2    6
43    1607337062.52    1607337062.52    0.000999927520752    256    0.0177    4.5312    0.0186999275208    3    6
44    1607337062.6    1607337062.6    0.0    16    0.8805    14.088    0.8805    2    6
45    1607337062.74    1607337062.74    0.0    4    0.0834    0.3336    0.0834    2    2
46    1607337062.94    1607337062.94    0.0    16    0.0297    0.4752    0.0297    2    2
47    1607337063.24    1607337063.24    0.000999927520752    64    0.9446    60.4544    0.945599927521    2    6
48    1607337063.36    1607337063.36    0.0    256    0.0057    1.4592    0.0057    3    6
49    1607337063.43    1607337063.43    0.0    16    0.7616    12.1856    0.7616    2    2
50    1607337063.6    1607337063.6    0.0    4    1.1322    4.5288    1.1322    2    2
51    1607337063.64    1607337063.64    0.00100016593933    16    0.0285    0.456    0.0295001659393    2    5
52    1607337063.92    1607337063.92    0.0    64    0.0125    0.8    0.0125    2    6
53    1607337064.33    1607337064.33    0.00100016593933    64    0.9446    60.4544    0.945600165939    2    6
54    1607337064.41    1607337064.41    0.00100016593933    64    0.1855    11.872    0.186500165939    2    6
55    1607337064.46    1607337064.46    0.000999927520752    256    0.7528    192.7168    0.753799927521    3    6
56    1607337064.56    1607337064.56    0.000999927520752    64    0.1855    11.872    0.186499927521    2    6
57    1607337064.57    1607337064.57    0.000999927520752    4    0.0834    0.3336    0.0843999275208    2    2
58    1607337064.67    1607337064.67    0.0    16    0.0429    0.6864    0.0429    2    2
59    1607337064.74    1607337064.74    0.0    4    0.5984    2.3936    0.5984    2    2
60    1607337064.82    1607337064.82    0.000999927520752    256    0.6189    158.4384    0.619899927521    3    6
61    1607337064.85    1607337064.85    0.00100016593933    64    0.1855    11.872    0.186500165939    2    6
62    1607337065.14    1607337065.14    0.000999927520752    256    0.0177    4.5312    0.0186999275208    3    6
63    1607337065.2    1607337065.21    0.00100016593933    4    0.0526    0.2104    0.0536001659393    2    2
64    1607337065.21    1607337065.21    0.0019998550415    16    0.4243    6.7888    0.426299855042    2    2
65    1607337065.22    1607337065.22    0.000999927520752    16    0.8805    14.088    0.881499927521    2    2
66    1607337065.23    1607337065.23    0.0    64    0.0234    1.4976    0.0234    2    6
67    1607337065.25    1607337065.25    0.0    4    0.0834    0.3336    0.0834    2    2
68    1607337065.28    1607337065.28    0.000999927520752    4    0.0526    0.2104    0.0535999275208    2    2
69    1607337065.29    1607337065.29    0.000999927520752    64    0.4167    26.6688    0.417699927521    2    6
70    1607337065.51    1607337065.51    0.0    4    0.0834    0.3336    0.0834    2    2
71    1607337065.6    1607337065.6    0.0    16    0.0285    0.456    0.0285    2    3
72    1607337065.63    1607337065.63    0.0    4    0.6477    2.5908    0.6477    2    2
73    1607337065.73    1607337065.73    0.000999927520752    256    0.6189    158.4384    0.619899927521    3    6
74    1607337065.92    1607337065.92    0.000999927520752    16    0.8805    14.088    0.881499927521    2    5
75    1607337065.99    1607337065.99    0.0    4    0.0834    0.3336    0.0834    2    2
76    1607337066.14    1607337066.14    0.000999927520752    64    0.0055    0.352    0.00649992752075    3    6
77    1607337066.21    1607337066.21    0.0    16    0.4243    6.7888    0.4243    2    2
78    1607337066.58    1607337066.58    0.0    4    0.0059    0.0236    0.0059    2    2
79    1607337066.6    1607337066.6    0.0    64    0.9446    60.4544    0.9446    2    5
80    1607337066.67    1607337066.67    0.0    64    0.9446    60.4544    0.9446    2    5
81    1607337066.82    1607337066.82    0.00100016593933    64    0.0125    0.8    0.0135001659393    2    5
82    1607337066.93    1607337066.93    0.000999927520752    64    0.6779    43.3856    0.678899927521    2    5
83    1607337067.09    1607337067.09    0.000999927520752    4    1.1322    4.5288    1.13319992752    2    2
84    1607337067.2    1607337067.2    0.000999927520752    16    0.0297    0.4752    0.0306999275208    2    2
85    1607337067.28    1607337067.28    0.0    4    0.0284    0.1136    0.0284    2    2
86    1607337067.4    1607337067.4    0.00100016593933    64    0.0234    1.4976    0.0244001659393    2    6
87    1607337067.55    1607337067.55    0.000999927520752    256    0.8    204.8    0.800999927521    3    6
88    1607337067.56    1607337067.56    0.0    64    0.0125    0.8    0.0125    2    5
89    1607337067.69    1607337067.69    0.000999927520752    256    0.0177    4.5312    0.0186999275208    3    6
90    1607337067.74    1607337067.74    0.0    16    0.8805    14.088    0.8805    2    2
91    1607337067.78    1607337067.78    0.00100016593933    256    0.6189    158.4384    0.619900165939    3    6
92    1607337067.8    1607337067.81    0.00100016593933    256    0.8    204.8    0.801000165939    3    6
93    1607337067.86    1607337067.86    0.000999927520752    64    0.0125    0.8    0.0134999275208    2    6
94    1607337067.92    1607337067.92    0.00200009346008    256    0.7528    192.7168    0.75480009346    3    6
95    1607337068.17    1607337068.17    0.00200009346008    64    0.6779    43.3856    0.67990009346    2    6
96    1607337068.28    1607337068.28    0.00200009346008    256    0.0057    1.4592    0.00770009346008    3    6
97    1607337068.48    1607337068.48    0.000999927520752    64    0.9446    60.4544    0.945599927521    2    6
98    1607337068.61    1607337068.62    0.00600004196167    16    0.4243    6.7888    0.430300041962    2    2
99    1607337068.64    1607337068.64    0.00100016593933    256    0.0177    4.5312    0.0187001659393    3    6
100    1607337068.77    1607337068.77    0.000999927520752    4    0.0834    0.3336    0.0843999275208    2    2
101    1607337068.81    1607337068.81    0.0    4    0.0059    0.0236    0.0059    2    2
102    1607337069.19    1607337069.19    0.0    256    0.0177    4.5312    0.0177    3    6
103    1607337069.37    1607337069.37    0.0    64    0.0234    1.4976    0.0234    2    6
104    1607337069.46    1607337069.46    0.0    4    0.6477    2.5908    0.6477    2    2
105    1607337069.57    1607337069.57    0.0019998550415    4    0.5984    2.3936    0.600399855042    2    2
106    1607337069.71    1607337069.71    0.0    64    0.0055    0.352    0.0055    2    6
107    1607337069.84    1607337069.84    0.000999927520752    256    0.4221    108.0576    0.423099927521    3    6
108    1607337069.93    1607337069.94    0.00100016593933    4    0.0284    0.1136    0.0294001659393    2    2
109    1607337070.05    1607337070.05    0.000999927520752    64    0.6779    43.3856    0.678899927521    2    6
110    1607337070.06    1607337070.06    0.000999927520752    256    0.6189    158.4384    0.619899927521    3    6
111    1607337070.28    1607337070.28    0.000999927520752    4    0.0526    0.2104    0.0535999275208    2    2
112    1607337070.29    1607337070.29    0.00100016593933    256    0.7528    192.7168    0.753800165939    3    6
113    1607337070.31    1607337070.31    0.0    4    0.0059    0.0236    0.0059    2    2
114    1607337070.36    1607337070.36    0.00100016593933    16    0.0098    0.1568    0.0108001659393    2    3
115    1607337070.58    1607337070.58    0.000999927520752    16    0.0285    0.456    0.0294999275208    2    3
116    1607337070.88    1607337070.88    0.00100016593933    256    0.7528    192.7168    0.753800165939    3    6
117    1607337070.97    1607337070.97    0.000999927520752    16    0.0297    0.4752    0.0306999275208    2    2
118    1607337071.13    1607337071.13    0.000999927520752    16    0.0098    0.1568    0.0107999275208    2    2
119    1607337071.15    1607337071.15    0.0    64    0.0234    1.4976    0.0234    2    6
120    1607337071.32    1607337071.32    0.0    16    0.7616    12.1856    0.7616    2    2
121    1607337071.36    1607337071.36    0.0    4    0.0526    0.2104    0.0526    2    2
122    1607337071.4    1607337071.4    0.0    64    0.9446    60.4544    0.9446    2    6
123    1607337071.81    1607337071.81    0.0    64    0.9446    60.4544    0.9446    2    6
124    1607337071.87    1607337071.87    0.000999927520752    256    0.7528    192.7168    0.753799927521    3    6
125    1607337071.91    1607337071.91    0.000999927520752    4    0.0284    0.1136    0.0293999275208    2    2
126    1607337071.91    1607337071.91    0.00200009346008    256    0.6189    158.4384    0.62090009346    3    6
127    1607337072.16    1607337072.16    0.00100016593933    64    0.0125    0.8    0.0135001659393    2    6
128    1607337072.16    1607337072.16    0.00200009346008    64    0.0234    1.4976    0.0254000934601    2    5
129    1607337072.4    1607337072.4    0.000999927520752    256    0.4221    108.0576    0.423099927521    3    6
130    1607337072.46    1607337072.46    0.0019998550415    64    0.0055    0.352    0.0074998550415    2    5
131    1607337072.71    1607337072.71    0.0    16    0.0429    0.6864    0.0429    2    2
132    1607337073.02    1607337073.02    0.0    64    0.9446    60.4544    0.9446    2    5
133    1607337073.35    1607337073.35    0.000999927520752    64    0.0125    0.8    0.0134999275208    2    5
134    1607337073.36    1607337073.36    0.0    16    0.4243    6.7888    0.4243    2    2
135    1607337073.49    1607337073.49    0.0    4    0.6477    2.5908    0.6477    2    2
136    1607337073.49    1607337073.5    0.00100016593933    256    0.0057    1.4592    0.00670016593933    3    6
137    1607337073.97    1607337073.97    0.000999927520752    256    0.6189    158.4384    0.619899927521    3    6
138    1607337073.98    1607337073.98    0.000999927520752    256    0.0057    1.4592    0.00669992752075    3    6
139    1607337074.31    1607337074.32    0.00100016593933    256    0.4221    108.0576    0.423100165939    3    6
140    1607337074.46    1607337074.46    0.000999927520752    256    0.0057    1.4592    0.00669992752075    3    6
141    1607337074.71    1607337074.72    0.00100016593933    64    0.9446    60.4544    0.945600165939    2    6
142    1607337074.92    1607337074.92    0.000999927520752    256    0.6189    158.4384    0.619899927521    3    6
143    1607337075.06    1607337075.06    0.000999927520752    4    1.1322    4.5288    1.13319992752    2    2
144    1607337075.26    1607337075.26    0.000999927520752    4    0.0526    0.2104    0.0535999275208    2    2
145    1607337075.39    1607337075.39    0.00100016593933    256    0.4221    108.0576    0.423100165939    3    6
146    1607337075.43    1607337075.44    0.00100016593933    64    0.9446    60.4544    0.945600165939    2    6
147    1607337075.45    1607337075.45    0.000999927520752    64    0.0125    0.8    0.0134999275208    2    6
148    1607337075.6    1607337075.6    0.0    4    0.0526    0.2104    0.0526    2    2
149    1607337075.83    1607337075.83    0.000999927520752    64    0.0234    1.4976    0.0243999275208    2    5
150    1607337075.85    1607337075.85    0.000999927520752    256    0.7528    192.7168    0.753799927521    3    6
151    1607337075.9    1607337075.91    0.0019998550415    4    0.5984    2.3936    0.600399855042    2    2
152    1607337075.91    1607337075.91    0.000999927520752    4    0.0834    0.3336    0.0843999275208    2    2
153    1607337076.36    1607337076.36    0.0    4    0.0059    0.0236    0.0059    2    2
154    1607337076.83    1607337076.83    0.0    16    0.4243    6.7888    0.4243    2    2
155    1607337076.84    1607337076.84    0.000999927520752    64    0.1855    11.872    0.186499927521    2    6
156    1607337076.92    1607337076.92    0.0    64    0.1855    11.872    0.1855    2    6
157    1607337077.17    1607337077.17    0.000999927520752    256    0.0057    1.4592    0.00669992752075    3    6
158    1607337077.88    1607337077.88    0.000999927520752    4    1.1322    4.5288    1.13319992752    2    2
159    1607337078.17    1607337078.17    0.0    4    0.0526    0.2104    0.0526    2    2
160    1607337078.38    1607337078.38    0.00100016593933    4    0.6477    2.5908    0.648700165939    2    2
161    1607337078.38    1607337078.38    0.0019998550415    16    0.0297    0.4752    0.0316998550415    2    2
162    1607337078.6    1607337078.6    0.000999927520752    256    0.4221    108.0576    0.423099927521    3    6
163    1607337078.64    1607337078.64    0.0    16    0.0297    0.4752    0.0297    2    2
164    1607337078.92    1607337078.93    0.00100016593933    256    0.0057    1.4592    0.00670016593933    3    6
165    1607337079.27    1607337079.27    0.0    4    0.6477    2.5908    0.6477    2    2
166    1607337079.32    1607337079.32    0.000999927520752    64    0.6779    43.3856    0.678899927521    2    6
167    1607337079.48    1607337079.48    0.0    256    0.8    204.8    0.8    3    6
168    1607337079.56    1607337079.56    0.000999927520752    256    0.8    204.8    0.800999927521    3    6
169    1607337079.78    1607337079.79    0.00100016593933    256    0.0177    4.5312    0.0187001659393    3    6
170    1607337079.86    1607337079.86    0.000999927520752    64    0.0234    1.4976    0.0243999275208    2    6
171    1607337080.05    1607337080.05    0.0    64    0.0055    0.352    0.0055    2    5
172    1607337080.26    1607337080.26    0.000999927520752    256    0.6189    158.4384    0.619899927521    3    6
173    1607337080.68    1607337080.68    0.000999927520752    256    0.8    204.8    0.800999927521    3    6
174    1607337080.69    1607337080.69    0.000999927520752    64    0.1855    11.872    0.186499927521    2    6
175    1607337080.69    1607337080.69    0.00200009346008    16    0.0098    0.1568    0.0118000934601    2    2
176    1607337080.71    1607337080.71    0.000999927520752    256    0.7528    192.7168    0.753799927521    3    6
177    1607337080.81    1607337080.81    0.0019998550415    256    0.8    204.8    0.801999855042    3    6
178    1607337080.84    1607337080.84    0.00200009346008    16    0.0297    0.4752    0.0317000934601    2    2
179    1607337080.95    1607337080.95    0.0    4    0.0059    0.0236    0.0059    2    2
180    1607337080.95    1607337080.96    0.00100016593933    256    0.7528    192.7168    0.753800165939    3    6
181    1607337081.29    1607337081.29    0.0019998550415    64    0.1855    11.872    0.187499855042    2    5
182    1607337081.36    1607337081.36    0.0    256    0.7528    192.7168    0.7528    3    6
183    1607337081.51    1607337081.51    0.0    4    1.1322    4.5288    1.1322    2    2
184    1607337081.67    1607337081.67    0.0    4    1.1322    4.5288    1.1322    2    2
185    1607337081.73    1607337081.73    0.0    64    0.0234    1.4976    0.0234    2    5
186    1607337081.83    1607337081.83    0.0    16    0.0285    0.456    0.0285    2    2
187    1607337081.92    1607337081.92    0.0    64    0.4167    26.6688    0.4167    2    5
188    1607337082.01    1607337082.01    0.00100016593933    4    0.0526    0.2104    0.0536001659393    2    2
189    1607337082.03    1607337082.03    0.000999927520752    256    0.7528    192.7168    0.753799927521    3    6
190    1607337082.17    1607337082.17    0.00100016593933    4    0.6477    2.5908    0.648700165939    2    2
191    1607337082.32    1607337082.32    0.00100016593933    64    0.6779    43.3856    0.678900165939    2    6
192    1607337082.47    1607337082.47    0.00100016593933    256    0.8    204.8    0.801000165939    3    6
193    1607337082.76    1607337082.76    0.000999927520752    64    0.4167    26.6688    0.417699927521    2    6
194    1607337082.79    1607337082.79    0.0    4    0.5984    2.3936    0.5984    2    2
195    1607337083.2    1607337083.2    0.000999927520752    64    0.6779    43.3856    0.678899927521    2    6
196    1607337083.21    1607337083.21    0.000999927520752    256    0.6189    158.4384    0.619899927521    3    6
197    1607337083.32    1607337083.33    0.00499987602234    256    0.7528    192.7168    0.757799876022    3    6
198    1607337083.42    1607337083.43    0.00100016593933    4    0.0526    0.2104    0.0536001659393    2    2
199    1607337083.65    1607337083.65    0.000999927520752    64    0.1855    11.872    0.186499927521    2    6
200    1607337083.69    1607337083.7    0.00100016593933    4    1.1322    4.5288    1.13320016594    2    2
201    1607337083.83    1607337083.83    0.000999927520752    4    0.0284    0.1136    0.0293999275208    2    2
202    1607337083.98    1607337083.98    0.000999927520752    64    0.1855    11.872    0.186499927521    2    5
203    1607337084.09    1607337084.09    0.00100016593933    4    0.6477    2.5908    0.648700165939    2    2
204    1607337084.4    1607337084.4    0.0019998550415    64    0.0055    0.352    0.0074998550415    2    5
205    1607337084.43    1607337084.43    0.0019998550415    64    0.0055    0.352    0.0074998550415    2    5
206    1607337084.46    1607337084.47    0.00100016593933    256    0.0057    1.4592    0.00670016593933    3    6
207    1607337084.51    1607337084.51    0.000999927520752    16    0.4243    6.7888    0.425299927521    2    2
208    1607337084.52    1607337084.52    0.000999927520752    64    0.0234    1.4976    0.0243999275208    2    6
209    1607337084.57    1607337084.57    0.0    16    0.0098    0.1568    0.0098    2    2
210    1607337084.59    1607337084.59    0.000999927520752    256    0.0057    1.4592    0.00669992752075    3    6
211    1607337084.67    1607337084.67    0.0    16    0.7616    12.1856    0.7616    2    2
212    1607337084.69    1607337084.69    0.0    16    0.0285    0.456    0.0285    2    2
213    1607337084.71    1607337084.71    0.0    16    0.8805    14.088    0.8805    2    2
214    1607337084.8    1607337084.8    0.0    16    0.0285    0.456    0.0285    2    2
215    1607337084.98    1607337084.98    0.00100016593933    16    0.4243    6.7888    0.425300165939    2    2
216    1607337085.05    1607337085.05    0.0    16    0.0098    0.1568    0.0098    2    2
217    1607337085.39    1607337085.39    0.000999927520752    256    0.4221    108.0576    0.423099927521    3    6
218    1607337085.58    1607337085.58    0.0    4    0.0834    0.3336    0.0834    2    2
219    1607337085.6    1607337085.61    0.000999927520752    256    0.4221    108.0576    0.423099927521    3    6
220    1607337085.74    1607337085.74    0.000999927520752    16    0.0429    0.6864    0.0438999275208    2    3
221    1607337085.75    1607337085.75    0.00200009346008    4    0.0284    0.1136    0.0304000934601    2    2
222    1607337085.75    1607337085.75    0.0019998550415    16    0.4243    6.7888    0.426299855042    2    5
223    1607337085.8    1607337085.81    0.00100016593933    16    0.0098    0.1568    0.0108001659393    2    3
224    1607337085.85    1607337085.85    0.000999927520752    256    0.0057    1.4592    0.00669992752075    3    6
225    1607337086.17    1607337086.17    0.0    4    0.0526    0.2104    0.0526    2    2
226    1607337086.18    1607337086.18    0.0    64    0.0234    1.4976    0.0234    2    6
227    1607337086.34    1607337086.34    0.0    64    0.4167    26.6688    0.4167    2    5
228    1607337086.37    1607337086.37    0.0    4    0.0284    0.1136    0.0284    2    2
229    1607337086.69    1607337086.69    0.0    64    0.0055    0.352    0.0055    2    5
230    1607337087.07    1607337087.07    0.000999927520752    256    0.8    204.8    0.800999927521    3    6
231    1607337087.47    1607337087.47    0.0    16    0.0285    0.456    0.0285    2    2
232    1607337087.5    1607337087.5    0.000999927520752    4    0.0526    0.2104    0.0535999275208    2    2
233    1607337087.78    1607337087.78    0.00100016593933    256    0.0057    1.4592    0.00670016593933    3    6
234    1607337087.87    1607337087.87    0.00100016593933    64    0.1855    11.872    0.186500165939    2    5
235    1607337088.01    1607337088.01    0.0    4    0.0059    0.0236    0.0059    2    2
236    1607337088.05    1607337088.05    0.000999927520752    256    0.4221    108.0576    0.423099927521    3    6
237    1607337088.26    1607337088.26    0.000999927520752    64    0.1855    11.872    0.186499927521    2    5
238    1607337088.28    1607337088.28    0.0    64    0.6779    43.3856    0.6779    2    5
239    1607337088.36    1607337088.36    0.000999927520752    16    0.8805    14.088    0.881499927521    2    2
240    1607337088.58    1607337088.58    0.000999927520752    16    0.7616    12.1856    0.762599927521    2    2
241    1607337088.65    1607337088.65    0.0019998550415    256    0.6189    158.4384    0.620899855042    3    6
242    1607337088.96    1607337088.96    0.000999927520752    256    0.6189    158.4384    0.619899927521    3    6
243    1607337088.97    1607337088.97    0.000999927520752    64    0.1855    11.872    0.186499927521    2    5
244    1607337089.0    1607337089.01    0.00200009346008    256    0.4221    108.0576    0.42410009346    3    6
245    1607337089.1    1607337089.1    0.00200009346008    64    0.6779    43.3856    0.67990009346    3    6
246    1607337089.11    1607337089.11    0.00200009346008    16    0.0297    0.4752    0.0317000934601    2    2
247    1607337089.42    1607337089.42    0.0    16    0.0098    0.1568    0.0098    2    2
248    1607337089.43    1607337089.44    0.00499987602234    16    0.8805    14.088    0.885499876022    2    2
249    1607337089.8    1607337089.8    0.0    64    0.0125    0.8    0.0125    2    6
250    1607337090.02    1607337090.02    0.0    4    1.1322    4.5288    1.1322    2    2
251    1607337090.39    1607337090.39    0.0    16    0.0429    0.6864    0.0429    2    2
252    1607337090.62    1607337090.62    0.0    64    0.4167    26.6688    0.4167    2    6
253    1607337090.74    1607337090.74    0.0    64    0.1855    11.872    0.1855    2    6
254    1607337090.79    1607337090.79    0.000999927520752    16    0.0098    0.1568    0.0107999275208    2    2
255    1607337090.79    1607337090.8    0.00200009346008    4    0.0059    0.0236    0.00790009346008    2    2
256    1607337091.18    1607337091.18    0.000999927520752    256    0.7528    192.7168    0.753799927521    3    6
257    1607337091.21    1607337091.21    0.0    16    0.0285    0.456    0.0285    2    2
258    1607337091.23    1607337091.23    0.000999927520752    64    0.6779    43.3856    0.678899927521    2    6
259    1607337091.44    1607337091.44    0.000999927520752    4    0.6477    2.5908    0.648699927521    2    2
260    1607337091.78    1607337091.78    0.00100016593933    256    0.4221    108.0576    0.423100165939    3    6
261    1607337092.02    1607337092.02    0.0    16    0.0285    0.456    0.0285    2    2
262    1607337092.1    1607337092.1    0.0    16    0.0297    0.4752    0.0297    2    2
263    1607337092.24    1607337092.24    0.0    256    0.8    204.8    0.8    3    6
264    1607337092.28    1607337092.28    0.00100016593933    64    0.9446    60.4544    0.945600165939    2    5
265    1607337092.41    1607337092.41    0.000999927520752    4    0.0059    0.0236    0.00689992752075    2    2
266    1607337092.59    1607337092.59    0.000999927520752    4    0.0284    0.1136    0.0293999275208    2    2
267    1607337092.59    1607337092.59    0.0    64    0.0055    0.352    0.0055    2    6
268    1607337092.95    1607337092.95    0.000999927520752    16    0.4243    6.7888    0.425299927521    2    2
269    1607337093.03    1607337093.03    0.000999927520752    4    0.0834    0.3336    0.0843999275208    2    2
270    1607337093.06    1607337093.06    0.0    4    1.1322    4.5288    1.1322    2    2
271    1607337093.09    1607337093.09    0.0    16    0.0098    0.1568    0.0098    2    2
272    1607337093.19    1607337093.19    0.0    64    0.0125    0.8    0.0125    2    6
273    1607337093.21    1607337093.21    0.0    4    0.5984    2.3936    0.5984    2    2
274    1607337093.5    1607337093.5    0.0    16    0.7616    12.1856    0.7616    2    2
275    1607337093.68    1607337093.68    0.0    64    0.9446    60.4544    0.9446    2    6
276    1607337093.74    1607337093.74    0.0    16    0.0285    0.456    0.0285    2    5
277    1607337093.75    1607337093.75    0.000999927520752    256    0.0177    4.5312    0.0186999275208    3    6
278    1607337093.76    1607337093.76    0.000999927520752    64    0.0234    1.4976    0.0243999275208    2    6
279    1607337093.82    1607337093.82    0.0    16    0.0098    0.1568    0.0098    2    6
280    1607337094.03    1607337094.03    0.0    16    0.0429    0.6864    0.0429    2    6
281    1607337094.12    1607337094.12    0.000999927520752    256    0.0177    4.5312    0.0186999275208    3    6
282    1607337094.13    1607337094.13    0.000999927520752    64    0.9446    60.4544    0.945599927521    2    6
283    1607337094.18    1607337094.18    0.000999927520752    256    0.0177    4.5312    0.0186999275208    3    6
284    1607337094.7    1607337094.7    0.0    4    0.0834    0.3336    0.0834    2    2
285    1607337094.83    1607337094.83    0.0    4    0.6477    2.5908    0.6477    2    2
286    1607337095.01    1607337095.01    0.000999927520752    16    0.8805    14.088    0.881499927521    2    2
287    1607337095.11    1607337095.11    0.0    64    0.0055    0.352    0.0055    2    6
288    1607337095.11    1607337095.11    0.0    16    0.8805    14.088    0.8805    2    5
289    1607337095.26    1607337095.26    0.0    64    0.0055    0.352    0.0055    2    6
290    1607337095.37    1607337095.37    0.0    16    0.8805    14.088    0.8805    2    5
291    1607337095.56    1607337095.56    0.000999927520752    256    0.0177    4.5312    0.0186999275208    3    6
292    1607337095.59    1607337095.59    0.00499987602234    256    0.4221    108.0576    0.427099876022    3    6
293    1607337095.9    1607337095.9    0.00100016593933    4    0.0834    0.3336    0.0844001659393    2    2
294    1607337095.91    1607337095.91    0.000999927520752    64    0.0055    0.352    0.00649992752075    3    6
295    1607337095.94    1607337095.94    0.0    4    1.1322    4.5288    1.1322    2    2
296    1607337096.28    1607337096.28    0.0    4    0.0284    0.1136    0.0284    2    2
297    1607337096.48    1607337096.48    0.0    64    0.0234    1.4976    0.0234    2    6
298    1607337096.52    1607337096.52    0.000999927520752    4    0.0284    0.1136    0.0293999275208    2    2
299    1607337096.75    1607337096.75    0.0    256    0.4221    108.0576    0.4221    3    6
300    1607337096.94    1607337096.94    0.000999927520752    256    0.6189    158.4384    0.619899927521    3    6
301    1607337097.25    1607337097.25    0.0    4    0.6477    2.5908    0.6477    2    2
302    1607337097.36    1607337097.36    0.0    16    0.0297    0.4752    0.0297    2    2
303    1607337097.39    1607337097.39    0.0    16    0.7616    12.1856    0.7616    2    5
304    1607337097.5    1607337097.5    0.000999927520752    256    0.8    204.8    0.800999927521    3    6
305    1607337097.66    1607337097.66    0.000999927520752    64    0.0055    0.352    0.00649992752075    2    6
306    1607337097.68    1607337097.68    0.000999927520752    16    0.0285    0.456    0.0294999275208    2    2
307    1607337097.74    1607337097.74    0.00100016593933    4    1.1322    4.5288    1.13320016594    2    2
308    1607337097.76    1607337097.77    0.00100016593933    256    0.7528    192.7168    0.753800165939    3    6
309    1607337097.79    1607337097.8    0.00100016593933    4    0.6477    2.5908    0.648700165939    2    2
310    1607337097.9    1607337097.9    0.00100016593933    16    0.4243    6.7888    0.425300165939    2    6
311    1607337097.97    1607337097.97    0.000999927520752    4    0.0284    0.1136    0.0293999275208    2    2
312    1607337098.16    1607337098.17    0.00500011444092    64    0.9446    60.4544    0.949600114441    3    6
313    1607337098.18    1607337098.18    0.00600004196167    64    0.9446    60.4544    0.950600041962    2    6
314    1607337098.18    1607337098.2    0.0120000839233    256    0.0177    4.5312    0.0297000839233    3    6
315    1607337098.26    1607337098.26    0.0    4    0.0059    0.0236    0.0059    2    2
316    1607337098.29    1607337098.29    0.00100016593933    64    0.1855    11.872    0.186500165939    2    6
317    1607337098.42    1607337098.42    0.0    16    0.7616    12.1856    0.7616    2    2
318    1607337098.55    1607337098.55    0.000999927520752    256    0.0057    1.4592    0.00669992752075    3    6
319    1607337098.59    1607337098.59    0.000999927520752    256    0.8    204.8    0.800999927521    3    6
320    1607337099.05    1607337099.05    0.000999927520752    64    0.0055    0.352    0.00649992752075    2    6
321    1607337099.13    1607337099.13    0.0    4    1.1322    4.5288    1.1322    2    2
322    1607337099.18    1607337099.18    0.0    4    0.5984    2.3936    0.5984    2    2
323    1607337099.3    1607337099.3    0.0    4    0.5984    2.3936    0.5984    2    2
324    1607337099.35    1607337099.35    0.00100016593933    64    0.9446    60.4544    0.945600165939    2    6
325    1607337099.52    1607337099.52    0.00100016593933    256    0.8    204.8    0.801000165939    3    6
326    1607337099.55    1607337099.55    0.000999927520752    64    0.0125    0.8    0.0134999275208    2    6
327    1607337099.75    1607337099.75    0.000999927520752    16    0.8805    14.088    0.881499927521    2    2
328    1607337099.86    1607337099.86    0.000999927520752    4    0.0526    0.2104    0.0535999275208    2    2
329    1607337099.87    1607337099.87    0.00100016593933    256    0.0057    1.4592    0.00670016593933    3    6
330    1607337099.89    1607337099.89    0.000999927520752    16    0.8805    14.088    0.881499927521    2    5
331    1607337099.98    1607337099.98    0.000999927520752    64    0.0234    1.4976    0.0243999275208    3    6
332    1607337099.99    1607337099.99    0.000999927520752    256    0.4221    108.0576    0.423099927521    3    6
333    1607337100.38    1607337100.38    0.0    64    0.4167    26.6688    0.4167    2    5
334    1607337100.39    1607337100.39    0.00100016593933    64    0.0125    0.8    0.0135001659393    2    5
335    1607337100.53    1607337100.53    0.0    64    0.0125    0.8    0.0125    2    5
336    1607337100.63    1607337100.63    0.00200009346008    64    0.1855    11.872    0.18750009346    2    5
337    1607337101.08    1607337101.08    0.0    16    0.8805    14.088    0.8805    2    2
338    1607337101.12    1607337101.12    0.0    64    0.1855    11.872    0.1855    2    6
339    1607337101.12    1607337101.12    0.0    16    0.8805    14.088    0.8805    2    2
340    1607337101.2    1607337101.2    0.000999927520752    4    0.0284    0.1136    0.0293999275208    2    2
341    1607337101.29    1607337101.29    0.0    4    0.0834    0.3336    0.0834    2    2
342    1607337101.32    1607337101.32    0.0    64    0.0055    0.352    0.0055    2    6
343    1607337101.36    1607337101.36    0.0    4    0.5984    2.3936    0.5984    2    2
344    1607337101.63    1607337101.63    0.0    16    0.0429    0.6864    0.0429    2    5
345    1607337101.71    1607337101.71    0.0    4    0.0059    0.0236    0.0059    2    2
346    1607337101.72    1607337101.72    0.0    256    0.4221    108.0576    0.4221    3    6
347    1607337102.03    1607337102.03    0.000999927520752    64    0.1855    11.872    0.186499927521    3    6
348    1607337102.37    1607337102.37    0.000999927520752    4    0.0834    0.3336    0.0843999275208    2    2
349    1607337102.74    1607337102.74    0.000999927520752    16    0.0297    0.4752    0.0306999275208    2    2
350    1607337102.85    1607337102.85    0.00100016593933    64    0.0055    0.352    0.00650016593933    2    5
351    1607337102.85    1607337102.85    0.0019998550415    256    0.8    204.8    0.801999855042    3    6
352    1607337102.89    1607337102.89    0.0    64    0.0055    0.352    0.0055    2    5
353    1607337102.91    1607337102.91    0.0    16    0.7616    12.1856    0.7616    2    2
354    1607337102.92    1607337102.92    0.000999927520752    256    0.4221    108.0576    0.423099927521    3    6
355    1607337102.95    1607337102.95    0.0    4    0.5984    2.3936    0.5984    2    2
356    1607337103.38    1607337103.38    0.0    16    0.0285    0.456    0.0285    2    2
357    1607337103.54    1607337103.54    0.000999927520752    64    0.0234    1.4976    0.0243999275208    2    6
358    1607337104.13    1607337104.13    0.0    16    0.0098    0.1568    0.0098    2    2
359    1607337104.34    1607337104.34    0.0    4    0.0834    0.3336    0.0834    2    2
360    1607337104.42    1607337104.42    0.0    16    0.0285    0.456    0.0285    2    2
361    1607337104.45    1607337104.45    0.0    4    1.1322    4.5288    1.1322    2    2
362    1607337104.59    1607337104.59    0.0    64    0.9446    60.4544    0.9446    2    6
363    1607337104.64    1607337104.64    0.000999927520752    256    0.4221    108.0576    0.423099927521    3    6
364    1607337104.65    1607337104.65    0.000999927520752    64    0.0125    0.8    0.0134999275208    2    6
365    1607337104.69    1607337104.69    0.000999927520752    256    0.0177    4.5312    0.0186999275208    3    6
366    1607337104.86    1607337104.86    0.000999927520752    16    0.0285    0.456    0.0294999275208    2    2
367    1607337104.97    1607337104.97    0.000999927520752    256    0.4221    108.0576    0.423099927521    3    6
368    1607337105.11    1607337105.11    0.000999927520752    256    0.8    204.8    0.800999927521    3    6
369    1607337105.22    1607337105.23    0.00100016593933    16    0.0297    0.4752    0.0307001659393    2    2
370    1607337105.35    1607337105.35    0.000999927520752    4    0.0284    0.1136    0.0293999275208    2    2
371    1607337105.38    1607337105.38    0.00100016593933    4    0.0284    0.1136    0.0294001659393    2    2
372    1607337105.66    1607337105.66    0.000999927520752    256    0.8    204.8    0.800999927521    3    6
373    1607337105.69    1607337105.69    0.000999927520752    4    0.0284    0.1136    0.0293999275208    2    2
374    1607337105.84    1607337105.84    0.00100016593933    16    0.0285    0.456    0.0295001659393    2    2
375    1607337105.9    1607337105.9    0.000999927520752    4    1.1322    4.5288    1.13319992752    2    2
376    1607337106.09    1607337106.09    0.0    4    0.6477    2.5908    0.6477    2    2
377    1607337106.38    1607337106.38    0.0    4    0.0059    0.0236    0.0059    2    2
378    1607337106.49    1607337106.49    0.0    4    0.0059    0.0236    0.0059    2    2
379    1607337106.74    1607337106.74    0.000999927520752    4    0.5984    2.3936    0.599399927521    2    2
380    1607337106.83    1607337106.83    0.000999927520752    4    0.0284    0.1136    0.0293999275208    2    2
381    1607337106.96    1607337106.96    0.0    16    0.7616    12.1856    0.7616    2    2
382    1607337107.33    1607337107.33    0.00100016593933    64    0.0234    1.4976    0.0244001659393    2    6
383    1607337107.45    1607337107.45    0.0    4    0.6477    2.5908    0.6477    2    2
384    1607337107.55    1607337107.55    0.00100016593933    64    0.6779    43.3856    0.678900165939    2    6
385    1607337107.78    1607337107.78    0.0    4    0.0284    0.1136    0.0284    2    2
386    1607337107.87    1607337107.87    0.0    4    0.0059    0.0236    0.0059    2    2
387    1607337108.02    1607337108.02    0.00100016593933    64    0.9446    60.4544    0.945600165939    2    6
388    1607337108.02    1607337108.02    0.00100016593933    4    0.6477    2.5908    0.648700165939    2    2
389    1607337108.4    1607337108.4    0.0    64    0.0055    0.352    0.0055    2    6
390    1607337108.73    1607337108.73    0.0    16    0.8805    14.088    0.8805    2    2
391    1607337108.82    1607337108.82    0.000999927520752    64    0.6779    43.3856    0.678899927521    3    6
392    1607337109.04    1607337109.04    0.00100016593933    256    0.0177    4.5312    0.0187001659393    3    6
393    1607337109.05    1607337109.05    0.000999927520752    256    0.7528    192.7168    0.753799927521    3    6
394    1607337109.16    1607337109.16    0.000999927520752    64    0.1855    11.872    0.186499927521    2    6
395    1607337109.28    1607337109.28    0.00100016593933    64    0.4167    26.6688    0.417700165939    2    6
396    1607337109.41    1607337109.41    0.0    64    0.0234    1.4976    0.0234    2    6
397    1607337109.44    1607337109.44    0.0    4    0.5984    2.3936    0.5984    2    2
398    1607337109.51    1607337109.52    0.00100016593933    16    0.0297    0.4752    0.0307001659393    2    5
399    1607337109.65    1607337109.65    0.000999927520752    256    0.7528    192.7168    0.753799927521    3    6
400    1607337109.67    1607337109.67    0.000999927520752    64    0.0055    0.352    0.00649992752075    2    6
401    1607337109.84    1607337109.84    0.00200009346008    64    0.0234    1.4976    0.0254000934601    2    6
402    1607337109.95    1607337109.95    0.000999927520752    64    0.0055    0.352    0.00649992752075    2    6
403    1607337109.98    1607337109.98    0.000999927520752    256    0.0177    4.5312    0.0186999275208    3    6
404    1607337110.03    1607337110.03    0.0    16    0.7616    12.1856    0.7616    2    2
405    1607337110.49    1607337110.49    0.0    4    0.5984    2.3936    0.5984    2    2
406    1607337110.63    1607337110.63    0.000999927520752    256    0.0177    4.5312    0.0186999275208    3    6
407    1607337111.28    1607337111.28    0.0    16    0.0098    0.1568    0.0098    2    2
408    1607337111.5    1607337111.5    0.000999927520752    16    0.8805    14.088    0.881499927521    2    2
409    1607337111.66    1607337111.66    0.000999927520752    64    0.0055    0.352    0.00649992752075    2    6
410    1607337111.79    1607337111.79    0.0    64    0.0055    0.352    0.0055    2    6
411    1607337111.81    1607337111.81    0.0    64    0.0055    0.352    0.0055    2    6
412    1607337111.97    1607337111.97    0.0019998550415    16    0.0297    0.4752    0.0316998550415    2    2
413    1607337112.11    1607337112.11    0.0    64    0.0125    0.8    0.0125    2    6
414    1607337112.28    1607337112.28    0.0    16    0.8805    14.088    0.8805    2    2
415    1607337112.48    1607337112.48    0.000999927520752    64    0.9446    60.4544    0.945599927521    2    6
416    1607337112.66    1607337112.66    0.0    16    0.8805    14.088    0.8805    2    2
417    1607337113.05    1607337113.05    0.00200009346008    64    0.1855    11.872    0.18750009346    3    6
418    1607337113.09    1607337113.1    0.000999927520752    16    0.7616    12.1856    0.762599927521    2    2
419    1607337113.17    1607337113.17    0.0    4    0.0059    0.0236    0.0059    2    2
420    1607337113.19    1607337113.19    0.0    16    0.0098    0.1568    0.0098    2    2
421    1607337113.48    1607337113.48    0.0    4    0.6477    2.5908    0.6477    2    2
422    1607337113.64    1607337113.64    0.0    64    0.0055    0.352    0.0055    2    6
423    1607337113.72    1607337113.72    0.0    16    0.8805    14.088    0.8805    2    2
424    1607337114.02    1607337114.02    0.0    4    0.0284    0.1136    0.0284    2    2
425    1607337114.06    1607337114.06    0.0    16    0.8805    14.088    0.8805    2    5
426    1607337114.17    1607337114.17    0.000999927520752    256    0.6189    158.4384    0.619899927521    3    6
427    1607337114.19    1607337114.19    0.000999927520752    64    0.0125    0.8    0.0134999275208    3    6
428    1607337114.45    1607337114.45    0.000999927520752    256    0.7528    192.7168    0.753799927521    3    6
429    1607337114.49    1607337114.49    0.000999927520752    4    0.0059    0.0236    0.00689992752075    2    2
430    1607337114.5    1607337114.5    0.000999927520752    64    0.0234    1.4976    0.0243999275208    3    6
431    1607337114.96    1607337114.97    0.00100016593933    64    0.0234    1.4976    0.0244001659393    2    5
432    1607337115.31    1607337115.31    0.0    16    0.0297    0.4752    0.0297    2    2
433    1607337115.37    1607337115.37    0.00100016593933    64    0.6779    43.3856    0.678900165939    2    5
434    1607337115.44    1607337115.44    0.0    4    0.6477    2.5908    0.6477    2    2
435    1607337115.48    1607337115.48    0.000999927520752    16    0.4243    6.7888    0.425299927521    2    2
436    1607337115.61    1607337115.61    0.0    4    0.0284    0.1136    0.0284    2    2
437    1607337115.66    1607337115.66    0.0    64    0.0055    0.352    0.0055    2    6
438    1607337115.68    1607337115.68    0.000999927520752    256    0.7528    192.7168    0.753799927521    3    6
439    1607337115.74    1607337115.74    0.000999927520752    64    0.9446    60.4544    0.945599927521    2    6
440    1607337115.81    1607337115.81    0.000999927520752    256    0.6189    158.4384    0.619899927521    3    6
441    1607337116.16    1607337116.16    0.0    4    0.5984    2.3936    0.5984    2    2
442    1607337116.39    1607337116.39    0.000999927520752    16    0.0285    0.456    0.0294999275208    2    2
443    1607337116.39    1607337116.39    0.00100016593933    16    0.8805    14.088    0.881500165939    2    5
444    1607337116.48    1607337116.48    0.00100016593933    256    0.8    204.8    0.801000165939    3    6
445    1607337116.6    1607337116.6    0.000999927520752    64    0.0234    1.4976    0.0243999275208    2    6
446    1607337116.62    1607337116.62    0.000999927520752    64    0.4167    26.6688    0.417699927521    2    6
447    1607337116.78    1607337116.78    0.000999927520752    64    0.9446    60.4544    0.945599927521    2    6
448    1607337116.82    1607337116.82    0.000999927520752    4    0.0284    0.1136    0.0293999275208    2    2
449    1607337116.89    1607337116.89    0.00100016593933    64    0.1855    11.872    0.186500165939    2    6
450    1607337116.99    1607337117.0    0.00100016593933    256    0.0177    4.5312    0.0187001659393    3    6
451    1607337117.07    1607337117.07    0.00100016593933    256    0.4221    108.0576    0.423100165939    3    6
452    1607337117.09    1607337117.09    0.000999927520752    16    0.0429    0.6864    0.0438999275208    2    2
453    1607337117.12    1607337117.12    0.00100016593933    16    0.0429    0.6864    0.0439001659393    2    2
454    1607337117.14    1607337117.14    0.000999927520752    256    0.4221    108.0576    0.423099927521    3    6
455    1607337117.2    1607337117.2    0.000999927520752    4    0.0526    0.2104    0.0535999275208    2    2
456    1607337117.29    1607337117.3    0.010999917984    256    0.0177    4.5312    0.028699917984    3    6
457    1607337117.48    1607337117.48    0.0    64    0.0234    1.4976    0.0234    2    6
458    1607337117.65    1607337117.65    0.0    4    0.0526    0.2104    0.0526    2    2
459    1607337117.88    1607337117.88    0.0    256    0.4221    108.0576    0.4221    3    6
460    1607337117.96    1607337117.96    0.000999927520752    256    0.7528    192.7168    0.753799927521    3    6
461    1607337118.11    1607337118.11    0.000999927520752    256    0.7528    192.7168    0.753799927521    3    6
462    1607337118.12    1607337118.13    0.0019998550415    16    0.0429    0.6864    0.0448998550415    2    2
463    1607337118.19    1607337118.19    0.000999927520752    4    0.0834    0.3336    0.0843999275208    2    2
464    1607337118.21    1607337118.21    0.000999927520752    64    0.0125    0.8    0.0134999275208    2    6
465    1607337118.38    1607337118.38    0.000999927520752    4    0.0284    0.1136    0.0293999275208    2    2
466    1607337118.4    1607337118.4    0.0    64    0.4167    26.6688    0.4167    2    6
467    1607337118.47    1607337118.47    0.0    16    0.0429    0.6864    0.0429    2    3
468    1607337118.49    1607337118.5    0.00100016593933    4    0.6477    2.5908    0.648700165939    2    2
469    1607337118.53    1607337118.54    0.00100016593933    64    0.9446    60.4544    0.945600165939    2    6
470    1607337118.56    1607337118.56    0.00200009346008    256    0.0057    1.4592    0.00770009346008    3    6
471    1607337118.74    1607337118.75    0.00100016593933    256    0.7528    192.7168    0.753800165939    3    6
472    1607337118.79    1607337118.79    0.00100016593933    64    0.0055    0.352    0.00650016593933    2    6
473    1607337119.09    1607337119.09    0.0    16    0.7616    12.1856    0.7616    2    2
474    1607337119.36    1607337119.36    0.000999927520752    64    0.0125    0.8    0.0134999275208    2    6
475    1607337119.46    1607337119.46    0.0    16    0.7616    12.1856    0.7616    2    5
476    1607337119.63    1607337119.63    0.000999927520752    64    0.6779    43.3856    0.678899927521    2    6
477    1607337119.83    1607337119.83    0.0    16    0.0098    0.1568    0.0098    2    2
478    1607337120.03    1607337120.03    0.0    4    0.0834    0.3336    0.0834    2    2
479    1607337120.1    1607337120.1    0.0    16    0.8805    14.088    0.8805    3    6
480    1607337120.16    1607337120.16    0.0    4    0.6477    2.5908    0.6477    2    2
481    1607337120.18    1607337120.18    0.0    4    0.0526    0.2104    0.0526    2    2
482    1607337120.37    1607337120.37    0.0    4    0.5984    2.3936    0.5984    2    2
483    1607337120.42    1607337120.42    0.0    256    0.7528    192.7168    0.7528    3    6
484    1607337120.45    1607337120.45    0.00399994850159    256    0.6189    158.4384    0.622899948502    3    6
485    1607337120.58    1607337120.58    0.00100016593933    4    1.1322    4.5288    1.13320016594    2    2
486    1607337120.6    1607337120.6    0.00100016593933    16    0.8805    14.088    0.881500165939    2    5
487    1607337120.65    1607337120.65    0.000999927520752    16    0.0098    0.1568    0.0107999275208    2    2
488    1607337120.65    1607337120.65    0.00200009346008    4    0.0526    0.2104    0.0546000934601    2    2
489    1607337120.72    1607337120.72    0.00100016593933    256    0.4221    108.0576    0.423100165939    3    6
490    1607337120.78    1607337120.78    0.000999927520752    4    0.5984    2.3936    0.599399927521    2    2
491    1607337121.13    1607337121.13    0.000999927520752    256    0.4221    108.0576    0.423099927521    3    6
492    1607337121.19    1607337121.19    0.0    64    0.0125    0.8    0.0125    2    6
493    1607337121.34    1607337121.34    0.0    16    0.4243    6.7888    0.4243    2    5
494    1607337121.43    1607337121.43    0.0    64    0.1855    11.872    0.1855    2    6
495    1607337121.7    1607337121.7    0.0    256    0.4221    108.0576    0.4221    3    6
496    1607337121.87    1607337121.87    0.0    16    0.4243    6.7888    0.4243    2    5
497    1607337122.1    1607337122.1    0.00100016593933    16    0.8805    14.088    0.881500165939    2    2
498    1607337122.13    1607337122.13    0.0019998550415    256    0.7528    192.7168    0.754799855042    3    6
499    1607337122.25    1607337122.25    0.000999927520752    16    0.0098    0.1568    0.0107999275208    2    2
500    1607337122.26    1607337122.26    0.000999927520752    64    0.6779    43.3856    0.678899927521    2    6
501    1607337122.32    1607337122.32    0.0    16    0.0297    0.4752    0.0297    2    5
502    1607337122.44    1607337122.44    0.0019998550415    64    0.6779    43.3856    0.679899855042    3    6
503    1607337122.49    1607337122.49    0.000999927520752    256    0.0057    1.4592    0.00669992752075    3    6
504    1607337122.63    1607337122.63    0.00399994850159    64    0.1855    11.872    0.189499948502    2    6
505    1607337122.67    1607337122.68    0.00100016593933    64    0.1855    11.872    0.186500165939    2    6
506    1607337122.8    1607337122.8    0.000999927520752    4    0.0284    0.1136    0.0293999275208    2    2
507    1607337122.92    1607337122.92    0.0    64    0.4167    26.6688    0.4167    2    6
508    1607337123.28    1607337123.28    0.000999927520752    256    0.6189    158.4384    0.619899927521    3    6
509    1607337123.34    1607337123.34    0.000999927520752    16    0.7616    12.1856    0.762599927521    2    2
510    1607337123.38    1607337123.38    0.0    64    0.1855    11.872    0.1855    2    6
511    1607337123.39    1607337123.39    0.0    64    0.4167    26.6688    0.4167    2    6
512    1607337123.42    1607337123.42    0.000999927520752    4    0.0526    0.2104    0.0535999275208    2    2
513    1607337123.55    1607337123.56    0.00100016593933    4    0.5984    2.3936    0.599400165939    2    2
514    1607337123.8    1607337123.8    0.0    16    0.0285    0.456    0.0285    2    2
515    1607337124.16    1607337124.16    0.0    4    0.0284    0.1136    0.0284    2    2
516    1607337124.17    1607337124.17    0.0    16    0.0098    0.1568    0.0098    2    2
517    1607337124.17    1607337124.17    0.0    64    0.0125    0.8    0.0125    2    6
518    1607337124.21    1607337124.21    0.0    4    1.1322    4.5288    1.1322    2    2
519    1607337124.23    1607337124.23    0.0    16    0.8805    14.088    0.8805    2    2
520    1607337124.24    1607337124.24    0.0    16    0.0297    0.4752    0.0297    2    5
521    1607337124.25    1607337124.25    0.000999927520752    256    0.6189    158.4384    0.619899927521    3    6
522    1607337124.26    1607337124.26    0.000999927520752    16    0.0297    0.4752    0.0306999275208    2    2
523    1607337124.26    1607337124.26    0.00200009346008    64    0.6779    43.3856    0.67990009346    2    6
524    1607337124.37    1607337124.37    0.000999927520752    256    0.0177    4.5312    0.0186999275208    3    6
525    1607337124.44    1607337124.44    0.0    64    0.9446    60.4544    0.9446    3    6
526    1607337124.68    1607337124.68    0.00100016593933    256    0.0177    4.5312    0.0187001659393    3    6
527    1607337124.69    1607337124.69    0.000999927520752    64    0.6779    43.3856    0.678899927521    2    6
528    1607337124.81    1607337124.81    0.000999927520752    256    0.8    204.8    0.800999927521    3    6
529    1607337124.85    1607337124.85    0.00200009346008    4    1.1322    4.5288    1.13420009346    2    2
530    1607337125.0    1607337125.0    0.000999927520752    64    0.6779    43.3856    0.678899927521    2    6
531    1607337125.54    1607337125.54    0.0    16    0.0285    0.456    0.0285    2    2
532    1607337125.58    1607337125.58    0.000999927520752    256    0.7528    192.7168    0.753799927521    3    6
533    1607337125.62    1607337125.62    0.00299978256226    64    0.0055    0.352    0.00849978256226    2    5
534    1607337125.64    1607337125.64    0.000999927520752    256    0.7528    192.7168    0.753799927521    3    6
535    1607337125.84    1607337125.84    0.0    4    1.1322    4.5288    1.1322    2    2
536    1607337125.95    1607337125.95    0.0    16    0.0285    0.456    0.0285    2    2
537    1607337126.47    1607337126.47    0.0    4    0.0284    0.1136    0.0284    2    2
538    1607337126.49    1607337126.49    0.0    4    0.5984    2.3936    0.5984    2    2
539    1607337126.5    1607337126.5    0.0    16    0.8805    14.088    0.8805    2    2
540    1607337126.53    1607337126.53    0.000999927520752    256    0.7528    192.7168    0.753799927521    3    6
541    1607337126.6    1607337126.6    0.000999927520752    16    0.0297    0.4752    0.0306999275208    2    5
542    1607337126.71    1607337126.71    0.000999927520752    256    0.4221    108.0576    0.423099927521    3    6
543    1607337126.93    1607337126.93    0.000999927520752    64    0.6779    43.3856    0.678899927521    2    6
544    1607337127.02    1607337127.02    0.000999927520752    256    0.6189    158.4384    0.619899927521    3    6
545    1607337127.04    1607337127.04    0.0019998550415    16    0.7616    12.1856    0.763599855042    2    5
546    1607337127.15    1607337127.15    0.00100016593933    256    0.0057    1.4592    0.00670016593933    3    6
547    1607337127.25    1607337127.25    0.000999927520752    256    0.4221    108.0576    0.423099927521    3    6
548    1607337127.29    1607337127.3    0.00400018692017    4    0.5984    2.3936    0.60240018692    2    2
549    1607337127.54    1607337127.54    0.000999927520752    16    0.4243    6.7888    0.425299927521    2    2
550    1607337127.57    1607337127.57    0.000999927520752    64    0.1855    11.872    0.186499927521    2    6
551    1607337127.68    1607337127.69    0.00400018692017    256    0.6189    158.4384    0.62290018692    3    6
552    1607337127.85    1607337127.85    0.0    16    0.0098    0.1568    0.0098    2    5
553    1607337127.9    1607337127.91    0.00399994850159    256    0.7528    192.7168    0.756799948502    3    6
554    1607337127.91    1607337127.93    0.0139999389648    4    0.5984    2.3936    0.612399938965    2    2
555    1607337127.99    1607337127.99    0.0    16    0.0285    0.456    0.0285    2    2
556    1607337128.07    1607337128.07    0.000999927520752    256    0.0057    1.4592    0.00669992752075    3    6
557    1607337128.13    1607337128.13    0.000999927520752    64    0.9446    60.4544    0.945599927521    2    6
558    1607337128.14    1607337128.15    0.000999927520752    64    0.6779    43.3856    0.678899927521    2    6
559    1607337128.3    1607337128.3    0.000999927520752    256    0.6189    158.4384    0.619899927521    3    6
560    1607337128.5    1607337128.5    0.0    16    0.0285    0.456    0.0285    2    6
561    1607337128.53    1607337128.53    0.0019998550415    256    0.0177    4.5312    0.0196998550415    3    6
562    1607337128.53    1607337128.53    0.00600004196167    4    0.0284    0.1136    0.0344000419617    2    2
563    1607337128.54    1607337128.54    0.0    16    0.7616    12.1856    0.7616    3    6
564    1607337128.89    1607337128.89    0.0    16    0.0098    0.1568    0.0098    2    2
565    1607337128.92    1607337128.93    0.00799989700317    64    0.6779    43.3856    0.685899897003    2    6
566    1607337129.13    1607337129.13    0.0    64    0.1855    11.872    0.1855    2    6
567    1607337129.29    1607337129.29    0.000999927520752    256    0.0057    1.4592    0.00669992752075    3    6
568    1607337129.44    1607337129.44    0.000999927520752    256    0.4221    108.0576    0.423099927521    3    6
569    1607337129.63    1607337129.63    0.0    16    0.0297    0.4752    0.0297    2    2
570    1607337129.65    1607337129.65    0.00100016593933    256    0.4221    108.0576    0.423100165939    3    6
571    1607337129.68    1607337129.68    0.000999927520752    64    0.9446    60.4544    0.945599927521    2    6
572    1607337129.69    1607337129.69    0.000999927520752    64    0.1855    11.872    0.186499927521    2    5
573    1607337129.73    1607337129.74    0.00200009346008    256    0.4221    108.0576    0.42410009346    3    6
574    1607337129.74    1607337129.74    0.00499987602234    4    0.0526    0.2104    0.0575998760223    2    2
575    1607337129.99    1607337129.99    0.0    4    0.0284    0.1136    0.0284    2    2
576    1607337129.99    1607337129.99    0.000999927520752    64    0.0055    0.352    0.00649992752075    2    6
577    1607337130.24    1607337130.24    0.0    4    0.0834    0.3336    0.0834    2    2
578    1607337130.31    1607337130.31    0.000999927520752    64    0.6779    43.3856    0.678899927521    2    6
579    1607337130.35    1607337130.35    0.000999927520752    256    0.6189    158.4384    0.619899927521    3    6
580    1607337130.39    1607337130.39    0.00100016593933    4    1.1322    4.5288    1.13320016594    2    2
581    1607337130.5    1607337130.5    0.00100016593933    64    0.0125    0.8    0.0135001659393    2    6
582    1607337130.53    1607337130.53    0.000999927520752    16    0.0297    0.4752    0.0306999275208    2    5
583    1607337130.59    1607337130.59    0.00100016593933    256    0.6189    158.4384    0.619900165939    3    6
584    1607337130.62    1607337130.62    0.000999927520752    64    0.9446    60.4544    0.945599927521    2    6
585    1607337130.67    1607337130.67    0.00100016593933    4    0.5984    2.3936    0.599400165939    2    2
586    1607337130.74    1607337130.74    0.0    16    0.8805    14.088    0.8805    2    3
587    1607337130.97    1607337130.97    0.00799989700317    64    0.0055    0.352    0.0134998970032    2    6
588    1607337131.06    1607337131.06    0.000999927520752    256    0.8    204.8    0.800999927521    3    6
589    1607337131.12    1607337131.12    0.00300002098083    64    0.0234    1.4976    0.0264000209808    2    6
590    1607337131.24    1607337131.24    0.0    16    0.4243    6.7888    0.4243    2    2
591    1607337131.28    1607337131.28    0.000999927520752    64    0.4167    26.6688    0.417699927521    3    6
592    1607337131.36    1607337131.36    0.00100016593933    64    0.0055    0.352    0.00650016593933    3    6
593    1607337131.38    1607337131.38    0.0    4    1.1322    4.5288    1.1322    2    2
594    1607337131.68    1607337131.68    0.000999927520752    16    0.8805    14.088    0.881499927521    2    3
595    1607337131.87    1607337131.88    0.000999927520752    256    0.0057    1.4592    0.00669992752075    3    6
596    1607337132.06    1607337132.06    0.0    16    0.8805    14.088    0.8805    2    2
597    1607337132.22    1607337132.22    0.000999927520752    16    0.4243    6.7888    0.425299927521    2    5
598    1607337132.3    1607337132.3    0.0    64    0.9446    60.4544    0.9446    2    6
599    1607337132.38    1607337132.38    0.000999927520752    64    0.0055    0.352    0.00649992752075    2    6
600    1607337132.64    1607337132.64    0.0    4    0.0284    0.1136    0.0284    2    2
601    1607337132.74    1607337132.74    0.00100016593933    64    0.9446    60.4544    0.945600165939    3    6
602    1607337132.76    1607337132.76    0.000999927520752    256    0.0177    4.5312    0.0186999275208    3    6
603    1607337132.78    1607337132.78    0.00100016593933    16    0.8805    14.088    0.881500165939    2    2
604    1607337132.81    1607337132.81    0.000999927520752    4    0.0284    0.1136    0.0293999275208    2    2
605    1607337133.06    1607337133.06    0.000999927520752    256    0.8    204.8    0.800999927521    3    6
606    1607337133.17    1607337133.17    0.00100016593933    64    0.0234    1.4976    0.0244001659393    2    6
607    1607337133.21    1607337133.21    0.00100016593933    16    0.0429    0.6864    0.0439001659393    2    2
608    1607337133.28    1607337133.28    0.000999927520752    16    0.0098    0.1568    0.0107999275208    2    2
609    1607337133.43    1607337133.43    0.0    4    0.5984    2.3936    0.5984    2    2
610    1607337133.45    1607337133.45    0.0    4    0.0526    0.2104    0.0526    2    2
611    1607337133.55    1607337133.55    0.0    16    0.0429    0.6864    0.0429    2    2
612    1607337133.57    1607337133.57    0.0    4    0.0834    0.3336    0.0834    2    2
613    1607337134.01    1607337134.01    0.000999927520752    256    0.8    204.8    0.800999927521    3    6
614    1607337134.07    1607337134.07    0.0    16    0.0429    0.6864    0.0429    3    6
615    1607337134.13    1607337134.13    0.000999927520752    256    0.7528    192.7168    0.753799927521    3    6
616    1607337134.17    1607337134.17    0.000999927520752    4    0.6477    2.5908    0.648699927521    2    2
617    1607337134.31    1607337134.31    0.00600004196167    256    0.4221    108.0576    0.428100041962    3    6
618    1607337134.55    1607337134.55    0.000999927520752    256    0.6189    158.4384    0.619899927521    3    6
619    1607337134.83    1607337134.83    0.000999927520752    4    0.0284    0.1136    0.0293999275208    2    2
620    1607337135.03    1607337135.03    0.0    4    0.0834    0.3336    0.0834    2    2
621    1607337135.04    1607337135.04    0.0    64    0.9446    60.4544    0.9446    2    6
622    1607337135.13    1607337135.13    0.0    4    0.0526    0.2104    0.0526    2    2
623    1607337135.2    1607337135.2    0.000999927520752    256    0.0177    4.5312    0.0186999275208    3    6
624    1607337135.22    1607337135.22    0.000999927520752    256    0.6189    158.4384    0.619899927521    3    6
625    1607337135.26    1607337135.26    0.000999927520752    64    0.0234    1.4976    0.0243999275208    2    6
626    1607337135.33    1607337135.33    0.0    256    0.4221    108.0576    0.4221    3    6
627    1607337135.37    1607337135.38    0.00300002098083    4    0.0834    0.3336    0.0864000209808    2    2
628    1607337135.5    1607337135.51    0.00100016593933    4    0.0059    0.0236    0.00690016593933    2    2
629    1607337135.6    1607337135.61    0.000999927520752    16    0.0285    0.456    0.0294999275208    2    2
630    1607337135.61    1607337135.62    0.000999927520752    16    0.0285    0.456    0.0294999275208    2    2
631    1607337135.62    1607337135.63    0.000999927520752    64    0.1855    11.872    0.186499927521    3    6
632    1607337135.73    1607337135.73    0.00100016593933    256    0.0177    4.5312    0.0187001659393    3    6
633    1607337136.06    1607337136.06    0.000999927520752    64    0.0125    0.8    0.0134999275208    2    5
634    1607337136.08    1607337136.08    0.0    64    0.6779    43.3856    0.6779    2    5
635    1607337136.15    1607337136.15    0.0    4    0.5984    2.3936    0.5984    2    2
636    1607337136.21    1607337136.21    0.0    16    0.7616    12.1856    0.7616    2    2
637    1607337136.29    1607337136.29    0.0    4    0.0284    0.1136    0.0284    2    2
638    1607337136.32    1607337136.32    0.0    64    0.1855    11.872    0.1855    2    6
639    1607337136.42    1607337136.43    0.00200009346008    64    0.0234    1.4976    0.0254000934601    2    6
640    1607337136.51    1607337136.51    0.0    4    0.0284    0.1136    0.0284    2    2
641    1607337136.55    1607337136.56    0.00100016593933    64    0.0125    0.8    0.0135001659393    2    6
642    1607337136.67    1607337136.67    0.00100016593933    256    0.7528    192.7168    0.753800165939    3    6
643    1607337136.78    1607337136.78    0.0    4    1.1322    4.5288    1.1322    2    2
644    1607337136.86    1607337136.86    0.0    16    0.4243    6.7888    0.4243    2    2
645    1607337136.92    1607337136.92    0.0    16    0.0285    0.456    0.0285    2    5
646    1607337137.11    1607337137.11    0.00100016593933    256    0.4221    108.0576    0.423100165939    3    6
647    1607337137.29    1607337137.29    0.0    4    0.0834    0.3336    0.0834    2    2
648    1607337137.34    1607337137.34    0.000999927520752    256    0.7528    192.7168    0.753799927521    3    6
649    1607337137.37    1607337137.38    0.00200009346008    64    0.9446    60.4544    0.94660009346    2    6
650    1607337137.71    1607337137.71    0.0    4    0.6477    2.5908    0.6477    2    2
651    1607337137.73    1607337137.73    0.000999927520752    256    0.7528    192.7168    0.753799927521    3    6
652    1607337137.92    1607337137.92    0.000999927520752    16    0.7616    12.1856    0.762599927521    2    6
653    1607337138.01    1607337138.01    0.00100016593933    64    0.6779    43.3856    0.678900165939    2    6
654    1607337138.19    1607337138.19    0.00100016593933    16    0.0285    0.456    0.0295001659393    3    6
655    1607337138.39    1607337138.39    0.0    16    0.0429    0.6864    0.0429    2    2
656    1607337138.46    1607337138.46    0.000999927520752    256    0.0057    1.4592    0.00669992752075    3    6
657    1607337138.5    1607337138.5    0.0    16    0.0098    0.1568    0.0098    2    2
658    1607337138.54    1607337138.54    0.00300002098083    256    0.6189    158.4384    0.621900020981    3    6
659    1607337138.55    1607337138.57    0.0169999599457    256    0.0177    4.5312    0.0346999599457    3    6
660    1607337138.56    1607337138.59    0.0249998569489    16    0.7616    12.1856    0.786599856949    2    2
661    1607337138.59    1607337138.59    0.00400018692017    16    0.7616    12.1856    0.76560018692    2    2
662    1607337138.77    1607337138.77    0.000999927520752    16    0.4243    6.7888    0.425299927521    2    3
663    1607337138.81    1607337138.81    0.00100016593933    64    0.6779    43.3856    0.678900165939    2    6
664    1607337138.85    1607337138.85    0.000999927520752    64    0.4167    26.6688    0.417699927521    2    6
665    1607337138.88    1607337138.88    0.000999927520752    16    0.7616    12.1856    0.762599927521    2    2
666    1607337139.02    1607337139.02    0.000999927520752    64    0.0055    0.352    0.00649992752075    3    6
667    1607337139.05    1607337139.05    0.0    16    0.0098    0.1568    0.0098    2    2
668    1607337139.47    1607337139.47    0.0    16    0.0098    0.1568    0.0098    2    2
669    1607337139.65    1607337139.65    0.000999927520752    16    0.0285    0.456    0.0294999275208    2    2
670    1607337139.89    1607337139.89    0.000999927520752    64    0.4167    26.6688    0.417699927521    2    5
671    1607337139.91    1607337139.91    0.000999927520752    4    0.0834    0.3336    0.0843999275208    2    2
672    1607337139.92    1607337139.92    0.000999927520752    4    0.0834    0.3336    0.0843999275208    2    2
673    1607337140.11    1607337140.11    0.00100016593933    16    0.0285    0.456    0.0295001659393    2    2
674    1607337140.16    1607337140.16    0.0    16    0.0098    0.1568    0.0098    2    2
675    1607337140.2    1607337140.2    0.00100016593933    16    0.8805    14.088    0.881500165939    2    2
676    1607337140.32    1607337140.32    0.000999927520752    256    0.0057    1.4592    0.00669992752075    3    6
677    1607337140.44    1607337140.44    0.0    4    0.0284    0.1136    0.0284    2    2
678    1607337140.51    1607337140.51    0.0    4    0.0526    0.2104    0.0526    2    2
679    1607337140.8    1607337140.8    0.00100016593933    4    1.1322    4.5288    1.13320016594    2    2
680    1607337140.93    1607337140.94    0.00100016593933    64    0.0055    0.352    0.00650016593933    2    6
681    1607337140.96    1607337140.96    0.0    64    0.0234    1.4976    0.0234    2    6
682    1607337140.99    1607337140.99    0.00300002098083    4    1.1322    4.5288    1.13520002098    2    2
683    1607337141.07    1607337141.07    0.0    64    0.6779    43.3856    0.6779    2    6
684    1607337141.11    1607337141.11    0.0    4    0.0059    0.0236    0.0059    2    2
685    1607337141.34    1607337141.34    0.0    16    0.0285    0.456    0.0285    2    2
686    1607337141.38    1607337141.38    0.0    4    0.6477    2.5908    0.6477    2    2
687    1607337141.52    1607337141.52    0.0    16    0.0297    0.4752    0.0297    2    2
688    1607337142.01    1607337142.01    0.0    4    0.0526    0.2104    0.0526    2    2
689    1607337142.28    1607337142.28    0.000999927520752    64    0.0125    0.8    0.0134999275208    2    5
690    1607337142.31    1607337142.31    0.000999927520752    16    0.0285    0.456    0.0294999275208    2    2
691    1607337142.39    1607337142.4    0.000999927520752    16    0.8805    14.088    0.881499927521    2    2
692    1607337142.85    1607337142.85    0.00200009346008    16    0.0285    0.456    0.0305000934601    2    2
693    1607337143.08    1607337143.08    0.00100016593933    64    0.0055    0.352    0.00650016593933    2    6
694    1607337143.14    1607337143.14    0.000999927520752    16    0.7616    12.1856    0.762599927521    2    2
695    1607337143.26    1607337143.26    0.0    256    0.0177    4.5312    0.0177    3    6
696    1607337143.46    1607337143.46    0.0    64    0.9446    60.4544    0.9446    2    6
697    1607337143.47    1607337143.47    0.0    16    0.0098    0.1568    0.0098    2    2
698    1607337143.52    1607337143.52    0.0    16    0.4243    6.7888    0.4243    2    2
699    1607337143.82    1607337143.82    0.0    4    0.0526    0.2104    0.0526    2    2
700    1607337143.87    1607337143.87    0.000999927520752    16    0.8805    14.088    0.881499927521    2    2
701    1607337144.02    1607337144.02    0.0    16    0.0098    0.1568    0.0098    2    2
702    1607337144.03    1607337144.03    0.000999927520752    16    0.4243    6.7888    0.425299927521    2    2
703    1607337144.08    1607337144.08    0.000999927520752    256    0.4221    108.0576    0.423099927521    3    6
704    1607337144.14    1607337144.14    0.000999927520752    4    0.0284    0.1136    0.0293999275208    2    2
705    1607337144.15    1607337144.15    0.00100016593933    256    0.7528    192.7168    0.753800165939    3    6
706    1607337144.21    1607337144.21    0.00100016593933    4    0.0284    0.1136    0.0294001659393    2    2
707    1607337144.31    1607337144.31    0.00100016593933    64    0.0055    0.352    0.00650016593933    3    6
708    1607337144.33    1607337144.33    0.00300002098083    256    0.0057    1.4592    0.00870002098083    3    6
709    1607337144.33    1607337144.33    0.00500011444092    4    0.0526    0.2104    0.0576001144409    2    2
710    1607337144.37    1607337144.37    0.000999927520752    256    0.8    204.8    0.800999927521    3    6
711    1607337144.4    1607337144.4    0.000999927520752    64    0.0125    0.8    0.0134999275208    3    6
712    1607337144.44    1607337144.44    0.0    64    0.6779    43.3856    0.6779    2    6
713    1607337144.46    1607337144.46    0.0    4    0.0284    0.1136    0.0284    2    2
714    1607337144.5    1607337144.5    0.00100016593933    16    0.0098    0.1568    0.0108001659393    2    2
715    1607337144.61    1607337144.61    0.000999927520752    256    0.6189    158.4384    0.619899927521    3    6
716    1607337144.62    1607337144.62    0.00100016593933    16    0.4243    6.7888    0.425300165939    2    2
717    1607337144.76    1607337144.76    0.00100016593933    256    0.8    204.8    0.801000165939    3    6
718    1607337144.77    1607337144.77    0.00200009346008    16    0.0429    0.6864    0.0449000934601    2    2
719    1607337144.79    1607337144.79    0.0019998550415    64    0.0055    0.352    0.0074998550415    3    6
720    1607337145.01    1607337145.01    0.000999927520752    64    0.0125    0.8    0.0134999275208    2    6
721    1607337145.06    1607337145.06    0.00100016593933    16    0.0098    0.1568    0.0108001659393    2    2
722    1607337145.37    1607337145.37    0.000999927520752    4    0.0284    0.1136    0.0293999275208    2    2
723    1607337145.39    1607337145.4    0.000999927520752    4    0.0526    0.2104    0.0535999275208    2    2
724    1607337145.44    1607337145.44    0.00100016593933    256    0.0177    4.5312    0.0187001659393    3    6
725    1607337145.47    1607337145.47    0.000999927520752    16    0.7616    12.1856    0.762599927521    2    2
726    1607337145.58    1607337145.59    0.000999927520752    256    0.0177    4.5312    0.0186999275208    3    6
727    1607337145.63    1607337145.63    0.000999927520752    4    0.0284    0.1136    0.0293999275208    2    2
728    1607337145.7    1607337145.7    0.0    64    0.0125    0.8    0.0125    2    6
729    1607337145.91    1607337145.91    0.000999927520752    256    0.8    204.8    0.800999927521    3    6
730    1607337145.99    1607337146.0    0.00300002098083    16    0.0429    0.6864    0.0459000209808    2    2
731    1607337146.25    1607337146.25    0.0    4    0.0059    0.0236    0.0059    2    2
732    1607337146.3    1607337146.3    0.00100016593933    64    0.4167    26.6688    0.417700165939    2    6
733    1607337146.55    1607337146.55    0.000999927520752    4    0.5984    2.3936    0.599399927521    2    2
734    1607337146.59    1607337146.59    0.000999927520752    256    0.4221    108.0576    0.423099927521    3    6
735    1607337146.63    1607337146.63    0.000999927520752    16    0.7616    12.1856    0.762599927521    2    2
736    1607337146.87    1607337146.87    0.0    16    0.0429    0.6864    0.0429    2    2
737    1607337146.99    1607337146.99    0.0    4    0.0284    0.1136    0.0284    2    2
738    1607337147.16    1607337147.16    0.0    16    0.7616    12.1856    0.7616    2    2
739    1607337147.31    1607337147.32    0.00100016593933    64    0.0234    1.4976    0.0244001659393    2    6
740    1607337147.32    1607337147.32    0.0    4    0.5984    2.3936    0.5984    2    2
741    1607337147.51    1607337147.51    0.000999927520752    16    0.0429    0.6864    0.0438999275208    2    2
742    1607337147.68    1607337147.68    0.000999927520752    256    0.4221    108.0576    0.423099927521    3    6
743    1607337147.94    1607337147.94    0.0    16    0.0285    0.456    0.0285    2    2
744    1607337147.99    1607337147.99    0.0    16    0.7616    12.1856    0.7616    2    2
745    1607337148.04    1607337148.04    0.0    4    0.0526    0.2104    0.0526    2    2
746    1607337148.08    1607337148.08    0.000999927520752    4    0.0834    0.3336    0.0843999275208    2    2
747    1607337148.19    1607337148.2    0.00100016593933    256    0.7528    192.7168    0.753800165939    3    6
748    1607337148.24    1607337148.24    0.000999927520752    4    0.0526    0.2104    0.0535999275208    2    2
749    1607337148.37    1607337148.38    0.000999927520752    256    0.6189    158.4384    0.619899927521    3    6
750    1607337148.42    1607337148.42    0.00100016593933    4    0.0834    0.3336    0.0844001659393    2    2
751    1607337148.43    1607337148.43    0.000999927520752    4    0.5984    2.3936    0.599399927521    2    2
752    1607337148.89    1607337148.9    0.0019998550415    256    0.0057    1.4592    0.0076998550415    3    6
753    1607337149.04    1607337149.04    0.0    4    0.0284    0.1136    0.0284    2    2
754    1607337149.11    1607337149.11    0.0    4    0.0059    0.0236    0.0059    2    2
755    1607337149.3    1607337149.3    0.00100016593933    16    0.4243    6.7888    0.425300165939    2    2
756    1607337149.4    1607337149.4    0.000999927520752    4    0.0834    0.3336    0.0843999275208    2    2
757    1607337149.49    1607337149.49    0.00100016593933    16    0.0429    0.6864    0.0439001659393    2    2
758    1607337149.69    1607337149.69    0.000999927520752    256    0.4221    108.0576    0.423099927521    3    6
759    1607337149.69    1607337149.69    0.000999927520752    64    0.1855    11.872    0.186499927521    2    6
760    1607337149.9    1607337149.9    0.000999927520752    256    0.0057    1.4592    0.00669992752075    3    6
761    1607337149.98    1607337149.98    0.000999927520752    16    0.8805    14.088    0.881499927521    2    2
762    1607337150.36    1607337150.36    0.000999927520752    4    0.0526    0.2104    0.0535999275208    2    2
763    1607337150.39    1607337150.39    0.00100016593933    64    0.0234    1.4976    0.0244001659393    2    6
764    1607337150.51    1607337150.52    0.00100016593933    4    1.1322    4.5288    1.13320016594    2    2
765    1607337150.55    1607337150.55    0.0    16    0.0098    0.1568    0.0098    2    5
766    1607337150.62    1607337150.62    0.0    16    0.8805    14.088    0.8805    2    5
767    1607337150.81    1607337150.81    0.0    4    0.0059    0.0236    0.0059    2    2
768    1607337151.0    1607337151.0    0.0    4    0.0526    0.2104    0.0526    2    2
769    1607337151.11    1607337151.11    0.0    4    0.6477    2.5908    0.6477    2    2
770    1607337151.58    1607337151.58    0.000999927520752    256    0.6189    158.4384    0.619899927521    3    6
771    1607337151.68    1607337151.68    0.0    4    0.6477    2.5908    0.6477    2    2
772    1607337152.01    1607337152.01    0.0    64    0.0125    0.8    0.0125    2    6
773    1607337152.23    1607337152.23    0.000999927520752    256    0.0057    1.4592    0.00669992752075    3    6
774    1607337152.31    1607337152.31    0.000999927520752    256    0.6189    158.4384    0.619899927521    3    6
775    1607337152.41    1607337152.41    0.00200009346008    16    0.0098    0.1568    0.0118000934601    2    3
776    1607337152.51    1607337152.51    0.000999927520752    64    0.1855    11.872    0.186499927521    2    6
777    1607337152.89    1607337152.89    0.0    4    0.0284    0.1136    0.0284    2    2
778    1607337153.43    1607337153.43    0.00100016593933    4    0.0526    0.2104    0.0536001659393    2    2
779    1607337153.5    1607337153.51    0.00100016593933    16    0.8805    14.088    0.881500165939    2    2
780    1607337153.55    1607337153.55    0.0    64    0.0234    1.4976    0.0234    2    6
781    1607337153.63    1607337153.63    0.00100016593933    256    0.6189    158.4384    0.619900165939    3    6
782    1607337153.7    1607337153.7    0.000999927520752    16    0.0429    0.6864    0.0438999275208    2    2
783    1607337153.97    1607337153.98    0.00100016593933    4    0.5984    2.3936    0.599400165939    2    2
784    1607337154.18    1607337154.18    0.000999927520752    64    0.0234    1.4976    0.0243999275208    2    6
785    1607337154.38    1607337154.38    0.0    4    0.0059    0.0236    0.0059    2    2
786    1607337154.5    1607337154.51    0.00100016593933    4    0.0284    0.1136    0.0294001659393    2    2
787    1607337154.57    1607337154.57    0.000999927520752    16    0.0098    0.1568    0.0107999275208    2    2
788    1607337154.67    1607337154.67    0.000999927520752    16    0.7616    12.1856    0.762599927521    2    2
789    1607337154.75    1607337154.75    0.0    64    0.0125    0.8    0.0125    2    6
790    1607337154.79    1607337154.79    0.0    16    0.0297    0.4752    0.0297    2    2
791    1607337154.87    1607337154.87    0.0    4    0.5984    2.3936    0.5984    2    2
792    1607337154.92    1607337154.92    0.000999927520752    256    0.7528    192.7168    0.753799927521    3    6
793    1607337155.0    1607337155.0    0.0    16    0.0297    0.4752    0.0297    2    5
794    1607337155.45    1607337155.45    0.0    4    1.1322    4.5288    1.1322    2    2
795    1607337155.52    1607337155.52    0.000999927520752    256    0.4221    108.0576    0.423099927521    3    6
796    1607337155.53    1607337155.53    0.000999927520752    16    0.4243    6.7888    0.425299927521    2    2
797    1607337155.79    1607337155.79    0.00100016593933    4    1.1322    4.5288    1.13320016594    2    2
798    1607337155.81    1607337155.81    0.0    4    0.0059    0.0236    0.0059    2    2
799    1607337155.83    1607337155.83    0.0    4    0.0284    0.1136    0.0284    2    2

dispatched jobs are: 800 out of 800
average queue time is: 0.0856912493706
fso links are used for 0 times
overall utilization is 0.063350689743
average response time is 0.442959499371
average weighted response time is 1.17278050204
average slowdown is 1.73146010339
cpu_request: 63560, cpu_run: 63560
ssd_request: 30484, ssd_run: 0
gpu_request: 31086, gpu_run: 0
cpu aspl: 2.2575
cpu diameter: 4.05
job x: 0.0
job y: 0.0
job z: 0.0
