;job_number  cpu#  ssd#  gpu#  submit  runtime
1    8    5    0    0.264915114288    3
2    5    0    5    0.978154268505    8
3    20    5    16    2.97257290095    8
4    13    6    5    4.45189722176    10
5    14    2    0    5.47038236162    9
6    9    6    9    6.06756968791    8
7    18    11    5    7.34077059003    2
8    18    8    16    9.14378548267    5
9    2    0    2    9.25305809659    7
10    6    5    6    10.1426005472    8
11    20    10    6    10.8055228533    6
12    18    2    2    11.0720299076    4
13    8    3    3    11.7185612378    5
14    17    4    9    12.6048122408    2
15    22    1    13    14.4189867532    3
16    19    4    1    14.5715186367    6
17    16    14    4    15.44233799    10
18    7    3    3    15.8747330311    9
19    10    9    6    17.4026533018    3
20    13    3    12    19.0828220503    6
21    20    7    8    19.4063785008    9
22    25    25    7    19.5536328665    3
23    16    0    0    19.9061843543    8
24    22    3    21    20.5063864239    6
25    19    19    17    22.2341854935    4
26    23    18    13    22.9379792312    5
27    19    0    9    23.0880859661    10
28    7    6    3    24.4432891971    10
29    21    4    18    24.4438780376    6
30    24    18    11    24.6865552827    2
31    3    1    0    24.8671591151    6
32    25    19    19    26.3793029823    4
33    21    15    21    28.2642342736    10
34    17    13    9    28.42520977    8
35    6    5    5    29.6040913822    6
36    11    3    7    30.1635641637    9
37    13    5    2    31.2174811073    10
38    23    20    4    32.9442726851    4
39    4    4    4    33.9172621865    5
40    15    11    1    34.2190372838    9
41    7    6    3    34.8939573041    2
42    21    7    3    35.1476437035    6
43    8    7    5    35.3145545633    5
44    4    2    3    35.7103252691    6
45    21    4    16    37.222862954    5
46    7    0    1    37.2344622178    2
47    22    19    18    38.6354366821    5
48    18    13    0    39.5864941305    8
49    16    9    11    39.933899609    6
50    1    1    0    42.0524369743    5
51    5    0    3    43.783308967    7
52    13    1    12    44.1242324265    4
53    15    0    3    45.3648145094    2
54    3    2    1    45.5083999081    5
55    13    8    6    45.8097828938    1
56    3    2    0    45.8488982972    4
57    2    0    1    46.733219234    8
58    25    24    25    47.5008555474    4
59    22    0    17    47.8180424057    5
60    3    1    0    47.8979856546    1
61    16    12    15    48.1208724966    9
62    17    15    9    48.395403788    6
63    7    7    6    53.8038830063    1
64    14    12    11    55.1582022156    1
65    5    4    1    57.9415901815    4
66    2    2    2    58.7320478896    4
67    25    20    15    60.1105648425    8
68    12    2    2    60.9894140616    7
69    20    12    8    61.5268942361    6
70    12    10    2    62.3318322127    4
71    11    1    7    62.7913896723    3
72    18    16    2    62.8785660998    2
73    12    12    6    62.8818623375    9
74    15    15    8    63.2632236421    8
75    9    5    3    63.3636024683    2
76    3    0    3    64.0373357333    6
77    25    23    5    65.7218036885    3
78    12    3    12    66.1775089971    6
79    14    12    8    67.1559069481    9
80    3    1    0    67.7395716538    5
81    6    5    0    68.1674040375    7
82    20    18    20    68.8753716983    8
83    17    11    15    73.8523131794    3
84    16    0    5    73.9050127902    2
85    7    1    5    74.2254432445    3
86    8    8    3    74.6657982325    5
87    25    5    13    75.4453920515    8
88    19    17    2    75.5594374186    4
89    1    1    1    76.3533380493    6
90    17    9    15    76.5619550682    8
91    15    0    10    79.1842952454    6
92    18    8    17    79.3490951116    1
93    11    5    9    83.7015212483    2
94    14    3    0    83.9543121734    1
95    14    4    11    84.1709206988    5
96    7    5    3    84.4590965399    4
97    20    6    2    87.358683142    4
98    9    5    2    88.6071705777    3
99    3    2    2    88.9326422642    4
100    3    1    2    89.1690512373    7
101    23    20    12    89.4425626149    9
102    8    1    6    90.5870448433    7
103    23    12    9    90.6493570055    6
104    7    6    4    91.0164499293    7
105    22    8    13    91.7138045315    3
106    23    22    6    91.9805483852    2
107    13    10    11    92.2956680988    5
108    22    15    3    92.7643788935    5
109    12    10    10    94.3755581968    3
110    13    10    3    94.3942330799    10
111    18    2    1    94.5282141514    10
112    13    12    0    95.7356244067    9
113    14    11    8    97.3679743835    7
114    10    9    8    97.5083252954    8
115    23    21    14    98.4299288118    2
116    10    0    7    99.0934614367    4
117    21    15    5    99.9421186734    4
118    13    8    13    100.712484028    9
119    18    15    17    102.972734208    1
120    19    12    3    103.225010382    10
121    3    2    1    103.512314133    1
122    20    2    12    103.699965445    10
123    16    6    6    103.893763961    4
124    12    12    4    104.176781605    1
125    17    2    7    104.387950856    10
126    6    1    1    104.390959089    6
127    20    11    20    104.581863131    1
128    2    1    0    104.851752849    2
129    1    0    0    104.962550288    9
130    13    4    7    105.251598086    4
131    12    5    12    106.208960406    9
132    17    9    6    106.958657188    9
133    23    19    17    109.428591129    6
134    15    10    13    109.936634172    6
135    1    1    0    110.209307644    7
136    8    6    4    110.483027513    1
137    15    1    10    113.058402282    9
138    15    5    2    113.793539066    2
139    1    1    1    115.847411765    4
140    21    13    4    118.124423471    7
141    18    7    8    118.68522706    2
142    11    1    5    119.196105273    10
143    19    4    13    119.523095591    4
144    16    7    7    119.650199588    8
145    23    5    16    123.116703286    7
146    9    1    1    124.368419767    5
147    25    0    9    125.632932052    9
148    23    10    12    126.146623843    4
149    5    0    1    126.251618994    1
150    21    19    13    126.636976051    6
151    23    19    7    127.802484682    1
152    2    1    0    128.489678748    10
153    10    5    1    129.363468672    1
154    6    2    5    129.532111313    10
155    18    11    12    129.996222871    6
156    5    2    2    130.141437325    10
157    5    5    1    130.472948156    5
158    18    15    9    131.596078994    5
159    21    18    3    133.061692923    6
160    12    1    0    133.770771587    1
161    9    4    9    135.0918535    10
162    15    9    10    135.391370168    10
163    20    3    9    135.633604742    10
164    12    3    1    137.554340333    10
165    9    9    2    137.7786648    2
166    15    5    3    137.792204847    7
167    18    9    12    139.013047874    9
168    2    1    1    140.100384268    10
169    2    2    0    140.293043861    2
170    23    15    1    140.50196745    10
171    13    9    11    141.803362966    4
172    13    10    7    142.700949215    5
173    5    0    2    143.321574048    8
174    25    6    7    143.374387536    1
175    6    0    1    144.168160119    7
176    18    15    16    144.898442737    4
177    22    14    4    145.602643383    10
178    3    0    1    145.837663012    10
179    25    9    8    147.003603488    9
180    20    5    3    147.046304376    7
181    11    11    10    147.32900286    1
182    5    4    3    148.406682476    9
183    23    11    11    148.59731937    1
184    20    11    1    149.203237943    10
185    1    0    0    152.028649837    8
186    20    14    10    152.164525233    8
187    4    2    0    152.349737278    7
188    8    7    4    152.696958907    8
189    11    11    7    155.104049608    8
190    14    7    12    156.558820358    4
191    6    6    6    156.945627736    3
192    15    4    10    157.333382629    10
193    21    10    7    158.095202757    2
194    18    7    0    159.047878199    7
195    23    16    12    159.215864385    6
196    14    9    1    159.282986353    8
197    7    6    5    160.319394108    1
198    8    1    1    160.334931365    1
199    11    9    10    160.696421852    2
200    12    7    6    160.759418593    3
201    15    13    5    160.869431633    9
202    18    14    3    161.48475701    9
203    17    11    9    161.741270794    9
204    25    9    13    164.330071958    10
205    9    9    9    164.374454823    3
206    15    15    2    164.866803637    4
207    13    4    6    165.392283864    5
208    23    23    20    166.194058819    2
209    24    4    17    166.316008416    1
210    24    14    22    167.083357702    2
211    5    5    2    167.189314419    5
212    21    11    4    168.071422089    2
213    21    6    15    168.163241219    2
214    4    3    2    168.588044766    5
215    23    21    3    170.151183907    1
216    22    15    8    171.29901352    8
217    22    15    1    172.412310993    10
218    15    4    5    172.928180956    4
219    1    0    0    172.981350915    7
220    17    11    3    173.583646704    9
221    17    13    10    173.628767839    3
222    4    4    3    175.255293505    1
223    17    16    15    176.237207776    7
224    12    6    10    176.636492949    8
225    19    4    1    177.138932052    8
226    11    7    10    177.39044138    5
227    4    2    4    177.740675536    7
228    20    11    4    178.060815448    6
229    1    0    0    178.133805114    4
230    20    13    13    181.059332209    8
231    12    9    4    182.062998603    7
232    13    5    12    182.92024997    7
233    25    12    9    184.13409809    4
234    5    4    1    184.638147722    7
235    1    1    0    185.287334059    2
236    19    12    12    185.944956199    6
237    5    1    2    186.187231814    7
238    17    11    0    187.197996119    8
239    20    8    0    187.39374004    5
240    12    8    7    189.772933107    3
241    7    2    7    190.516558308    6
242    4    4    0    190.678568781    6
243    12    5    3    191.870279751    1
244    15    14    2    192.279306816    7
245    13    6    9    192.409892984    7
246    20    10    7    193.482305327    8
247    3    3    2    194.698091202    6
248    12    1    7    195.292314177    5
249    1    0    1    196.62973896    4
250    2    2    0    197.260406178    8
251    3    2    1    198.149116241    1
252    25    25    12    198.365631488    4
253    23    18    11    199.899420027    7
254    22    3    9    200.124167744    2
255    10    4    10    200.498533759    9
256    12    10    8    200.850406127    9
257    15    5    14    203.055364111    9
258    21    13    9    203.996846132    4
259    18    6    0    204.338112426    5
260    21    1    11    205.115733936    8
261    7    0    0    205.970017596    10
262    6    0    4    206.895830832    5
263    15    13    14    209.760605445    2
264    13    9    0    210.731992456    6
265    24    2    8    211.842520219    10
266    8    1    8    212.454966374    8
267    25    11    1    212.656571709    2
268    12    5    5    214.484877464    2
269    23    18    8    214.843181214    7
270    1    1    0    215.151239617    8
271    1    1    0    215.673949328    5
272    13    7    7    216.141726091    4
273    5    0    0    216.200283995    3
274    12    2    0    217.078416192    7
275    1    0    0    218.62690754    9
276    2    0    1    219.229430047    10
277    12    4    2    220.129801252    5
278    21    17    12    221.78584842    8
279    9    0    4    222.710671725    9
280    13    12    6    223.143008581    1
281    3    0    2    223.558031139    1
282    13    12    0    224.146116557    7
283    18    12    9    224.351056598    8
284    17    12    2    225.004525839    5
285    17    1    9    225.293921887    8
286    18    0    18    226.907221011    5
287    18    12    10    228.577503705    6
288    15    10    10    229.85357318    2
289    1    1    0    230.175688769    10
290    25    20    5    230.223801686    1
291    4    1    4    230.448842048    10
292    14    1    13    230.769123753    7
293    9    2    6    232.419605623    2
294    24    18    3    232.886225376    9
295    12    1    0    233.154003151    9
296    18    7    0    234.404833478    6
297    16    2    13    236.356084603    4
298    24    9    17    237.285161784    9
299    5    3    1    237.944894316    5
300    8    8    6    238.007038013    7
301    21    6    7    238.406003339    4
302    22    18    19    238.718355345    8
303    10    8    8    239.685920188    7
304    21    8    18    241.378630571    1
305    14    2    7    241.48785637    2
306    18    9    7    242.381943089    3
307    14    5    1    243.265400326    9
308    23    11    18    243.405994288    5
309    13    8    5    243.786312717    8
310    3    1    0    245.871647704    10
311    3    3    0    246.19637458    7
312    6    2    5    247.974997267    7
313    1    1    1    248.361198696    9
314    5    3    5    249.636599704    1
315    7    5    1    250.324322753    8
316    13    6    2    250.893954666    6
317    7    3    2    251.242478335    7
318    11    6    5    251.706100067    6
319    1    0    1    252.109773152    5
320    3    0    1    252.138468227    6
321    7    4    1    252.680333112    2
322    22    16    2    253.558955338    10
323    18    8    15    253.671559412    1
324    10    4    0    254.044189097    3
325    16    15    4    254.111525776    1
326    7    3    5    254.468454581    3
327    1    0    1    254.865698338    9
328    20    19    17    254.877488759    9
329    14    3    14    256.114343872    10
330    25    19    25    257.649252095    1
331    17    10    5    257.734586344    5
332    7    0    5    257.94857224    9
333    2    2    0    260.257144941    6
334    18    7    3    260.544770572    7
335    6    4    2    262.728316295    6
336    8    3    3    263.336586274    3
337    25    14    6    263.77790547    10
338    8    2    6    264.628044506    1
339    11    10    0    264.732935471    3
340    14    10    11    265.482360936    8
341    3    1    1    265.637309641    10
342    3    2    1    267.958218031    4
343    25    8    14    268.033347917    10
344    8    0    1    268.234188545    1
345    2    1    1    270.643179515    7
346    18    18    15    270.715154418    2
347    20    12    19    271.267485252    4
348    13    3    4    271.99676673    8
349    15    2    12    272.025069239    10
350    3    2    0    272.493964226    7
351    10    6    6    272.86880241    10
352    24    4    17    272.943828136    1
353    18    5    3    273.347707842    7
354    15    6    14    275.886159142    9
355    15    6    4    276.383569377    4
356    20    6    20    276.467141701    9
357    16    6    7    277.864931498    1
358    11    7    8    279.794102669    6
359    17    17    17    280.090368552    7
360    6    6    5    280.512244862    4
361    24    8    10    280.731650739    7
362    6    4    4    280.844446908    4
363    15    14    10    280.861955259    3
364    13    7    2    283.717748744    9
365    20    7    4    283.818857033    3
366    6    6    0    285.030202489    5
367    25    13    16    285.29211228    1
368    22    15    0    286.157828998    10
369    5    5    0    286.485367513    8
370    11    8    6    288.54463144    10
371    15    1    11    288.592417648    10
372    9    5    3    288.776218329    1
373    4    3    1    289.293396864    3
374    16    5    12    289.755908053    10
375    19    6    11    291.303785705    4
376    17    8    16    292.00735696    7
377    1    0    1    293.581692698    6
378    7    5    1    293.832343975    10
379    13    1    9    294.476725984    3
380    5    5    4    295.478173886    5
381    19    0    3    296.543474356    8
382    12    5    3    296.761322977    10
383    6    4    3    297.21958673    1
384    14    1    7    298.68682933    10
385    12    9    4    298.706709711    4
386    5    4    1    298.798707725    4
387    17    12    12    299.63676975    10
388    16    4    7    300.531648143    7
389    20    7    19    301.709197077    4
390    16    4    8    302.718575316    5
391    5    5    3    305.637232388    1
392    9    3    0    307.748036273    9
393    14    14    14    307.843266036    7
394    11    8    8    308.29550154    10
395    14    14    3    309.232626076    7
396    22    19    3    309.554769886    9
397    1    0    1    311.858940715    5
398    2    2    0    312.668412755    10
399    9    3    4    313.224893834    1
400    6    5    4    313.333509641    6
401    11    6    9    314.554034653    1
402    13    1    8    315.383086002    10
403    9    3    4    315.687611158    5
404    3    2    1    316.762930177    9
405    4    4    0    316.881433664    6
406    25    5    24    317.645000022    4
407    2    2    1    319.941012845    8
408    12    1    11    321.619147025    4
409    5    4    3    323.154017815    5
410    25    14    22    323.542641123    9
411    15    12    15    325.300931946    5
412    6    2    4    326.393379868    8
413    2    1    2    326.470903202    6
414    3    0    1    330.07749351    8
415    6    0    4    330.487349066    10
416    14    9    6    331.003207852    3
417    16    1    7    332.022324579    4
418    19    10    3    332.826808984    5
419    1    0    1    334.982333527    3
420    7    0    7    335.908155675    9
421    19    3    15    337.305681688    7
422    10    1    10    337.364405969    4
423    20    1    17    339.282783178    10
424    12    8    10    339.549012985    7
425    24    3    10    339.598554685    2
426    10    8    8    340.635301446    10
427    6    1    6    341.867282161    7
428    9    0    2    341.901067259    9
429    7    5    0    342.978918808    5
430    25    19    3    345.275557592    8
431    19    0    9    346.621527561    4
432    21    6    5    346.804261487    4
433    3    2    2    347.064422832    2
434    10    10    9    348.401537675    6
435    22    1    9    348.531105361    5
436    12    7    3    348.867949036    7
437    7    5    3    349.211146224    8
438    22    17    11    350.091828175    4
439    16    0    8    350.396250139    6
440    20    3    14    350.541092742    2
441    15    13    0    350.583725961    9
442    4    4    3    351.299690605    10
443    25    25    16    351.430935439    6
444    19    1    7    352.747158986    5
445    21    8    10    353.160945911    4
446    10    3    1    354.379993378    8
447    8    2    0    354.716899152    9
448    21    9    21    355.103672442    10
449    4    0    3    356.60547216    4
450    9    2    8    356.938942568    6
451    5    0    0    357.203208888    8
452    10    10    9    357.291372798    7
453    15    8    6    358.03571177    8
454    3    2    1    358.884495856    4
455    20    3    13    359.303232718    2
456    2    1    2    360.421332331    10
457    22    3    17    361.52047569    10
458    8    5    1    361.589265292    1
459    14    6    2    364.34241263    10
460    23    6    21    364.463081192    5
461    25    24    21    365.308412686    4
462    3    0    3    365.786609272    6
463    21    20    5    366.733813449    1
464    13    1    3    366.809502582    1
465    16    12    15    366.836838274    4
466    24    12    12    368.30639138    9
467    17    13    0    368.42672291    9
468    4    1    0    369.055661646    5
469    24    20    2    369.914520144    5
470    7    2    3    370.752855904    1
471    14    9    14    371.259102729    6
472    22    8    16    371.593557408    8
473    5    3    5    371.841464562    2
474    2    0    1    371.996625407    9
475    6    0    5    372.298321158    9
476    14    12    3    373.349189575    7
477    6    0    6    373.368495789    2
478    6    1    5    375.681388364    7
479    4    3    4    380.467281563    4
480    11    2    5    381.436042993    10
481    17    11    4    384.536226654    8
482    6    3    6    386.614382822    6
483    23    3    9    387.336681437    7
484    10    5    6    388.225428094    8
485    19    3    15    389.139966345    5
486    17    7    2    389.814271084    6
487    17    11    16    390.741162452    4
488    6    6    4    391.21503444    3
489    19    7    9    391.661851503    3
490    11    6    7    392.932119489    7
491    23    20    22    393.250337558    8
492    2    2    1    394.754478421    8
493    15    4    9    395.66355012    9
494    22    11    6    398.056104263    6
495    25    2    0    399.893888286    8
496    14    4    6    401.895859414    10
497    5    3    4    402.036409669    1
498    10    8    0    403.276467869    10
499    3    1    0    410.579224924    8
500    9    7    5    411.271414454    8
501    24    3    15    412.165926237    7
502    8    0    3    413.498317638    8
503    18    17    14    413.526743094    9
504    22    19    4    414.524829266    1
505    7    4    1    414.570101695    6
506    17    13    8    414.898333927    1
507    24    21    19    415.219816757    3
508    23    14    7    415.814277995    6
509    21    14    3    416.820172223    7
510    1    0    0    417.824511131    5
511    21    7    16    417.898845229    4
512    13    12    13    419.339388662    2
513    10    8    2    420.162615355    4
514    7    0    1    420.444535631    4
515    9    7    2    420.664886081    2
516    20    19    12    420.961691748    1
517    12    11    2    421.129996652    5
518    2    2    2    421.807530362    5
519    5    5    2    421.864602    10
520    2    2    2    422.012295309    1
521    16    10    13    422.114300861    5
522    16    2    14    424.507800116    10
523    19    9    15    425.663312915    6
524    7    1    3    426.12760338    9
525    16    10    6    426.15379187    4
526    15    11    11    427.365339742    8
527    16    16    11    427.368292043    1
528    21    17    14    427.732525901    6
529    8    2    0    429.179369667    8
530    19    10    12    429.445988805    10
531    24    1    12    430.415643089    4
532    22    17    3    430.733915198    4
533    4    4    3    431.155701177    5
534    25    17    13    431.588551519    2
535    19    16    18    434.292170124    1
536    9    8    9    436.258043828    10
537    7    7    3    436.520355181    6
538    12    4    0    437.191027743    6
539    20    14    3    437.623614943    10
540    9    1    0    439.928877956    10
541    23    23    0    440.564297232    9
542    7    7    0    441.479405271    6
543    17    5    4    441.532144689    1
544    6    5    5    442.109230825    10
545    18    13    4    442.335373485    6
546    18    17    8    442.984127807    2
547    5    1    2    445.605992822    1
548    22    4    20    445.648064711    8
549    2    0    2    445.83844695    10
550    22    7    3    446.454498085    6
551    1    1    0    446.673143714    3
552    24    24    8    447.147307603    1
553    18    7    14    447.899032675    8
554    20    12    4    449.685269254    6
555    8    2    3    449.756223311    7
556    1    0    1    449.841708319    7
557    2    0    1    450.084691427    1
558    13    1    6    452.340374025    3
559    12    9    1    452.534938165    9
560    7    4    0    453.003360639    3
561    18    18    12    454.13429515    4
562    6    2    2    454.850911909    6
563    19    12    10    455.32121667    3
564    18    14    0    457.373568736    2
565    15    5    0    458.293493767    10
566    6    2    6    458.824849973    2
567    7    0    5    458.881769692    9
568    20    1    1    459.309273546    6
569    12    2    10    459.381787864    8
570    4    0    1    460.359775731    5
571    19    15    12    461.780764916    9
572    21    20    15    462.11452477    8
573    8    2    3    463.275300078    1
574    8    4    2    464.018007067    4
575    3    0    3    465.631442327    3
576    17    0    8    466.269441221    5
577    13    4    4    468.935257328    7
578    19    15    16    470.652877203    1
579    19    14    13    471.366196358    7
580    17    17    11    471.399544755    4
581    17    8    12    471.551877986    9
582    15    13    9    471.743763111    6
583    13    7    6    472.854187736    5
584    6    1    2    473.569464126    8
585    11    11    0    474.471658141    7
586    5    5    0    475.021522057    5
587    19    7    19    477.985797201    4
588    13    6    7    478.279380533    3
589    16    12    7    481.515022545    4
590    22    15    22    481.731852082    5
591    22    6    0    488.4551806    1
592    13    11    7    489.062271044    3
593    12    7    5    490.92749284    2
594    14    10    5    492.029979679    8
595    7    5    1    492.393348921    8
596    17    16    12    493.843646489    1
597    15    10    0    494.32395651    6
598    22    5    12    495.620254795    8
599    7    6    5    495.965901709    1
600    24    22    17    496.23171032    7
601    18    2    6    497.011822623    3
602    19    7    11    497.213576042    3
603    1    1    1    497.646210507    7
604    8    0    8    498.532031478    4
605    14    0    11    499.010453277    2
606    12    12    8    499.129821394    6
607    20    15    5    499.322463899    2
608    9    5    2    502.158841146    8
609    19    9    16    504.073459236    9
610    11    3    6    505.022428352    5
611    17    2    12    505.909250923    1
612    23    8    15    508.797173197    7
613    14    10    3    508.879198884    5
614    4    4    2    509.280390099    1
615    17    10    7    509.438370261    7
616    20    18    16    510.701367558    2
617    7    1    1    513.860229653    5
618    15    3    13    514.110903004    5
619    24    3    12    514.389933198    4
620    24    16    0    514.763368363    4
621    23    1    4    516.465080959    9
622    23    5    23    517.245388375    7
623    9    9    4    517.311783265    2
624    23    16    6    517.425280734    10
625    17    6    6    517.98981242    7
626    15    5    6    519.56514649    3
627    18    18    5    520.209236862    1
628    18    10    10    520.576930462    6
629    2    1    2    520.952038955    5
630    1    0    0    521.825125013    4
631    18    3    0    521.98311145    2
632    25    10    6    522.69021013    5
633    22    18    15    523.23927212    8
634    20    9    6    523.686317702    4
635    9    4    9    524.351734855    4
636    25    2    8    525.928732109    4
637    23    7    16    525.993816123    3
638    17    4    17    526.335554607    5
639    12    0    8    526.947034738    7
640    25    13    13    527.158203608    3
641    3    1    3    528.342950455    9
642    24    8    6    528.668714843    9
643    18    16    0    528.675362129    4
644    20    14    7    528.911309637    9
645    9    5    6    529.269455683    4
646    11    1    1    531.848214517    2
647    9    2    9    533.660207883    1
648    1    0    0    533.896019037    2
649    17    6    17    534.875969106    10
650    7    5    0    536.157522432    1
651    1    0    0    538.129149044    6
652    11    4    5    538.3539226    6
653    10    9    0    538.900500582    8
654    1    0    1    539.276966062    1
655    20    8    12    539.345598587    4
656    15    15    9    540.027473726    3
657    7    6    4    540.211093165    1
658    22    0    22    540.64199786    2
659    16    10    11    541.216901991    4
660    1    0    1    541.272337421    7
661    18    2    17    541.673595867    9
662    5    2    3    541.78033705    5
663    17    7    12    542.154816889    5
664    20    20    11    543.58552608    1
665    15    4    7    545.290393219    8
666    11    7    5    545.603227205    9
667    4    4    4    546.419135083    7
668    2    0    2    546.514280088    6
669    22    1    11    547.893188652    3
670    23    10    16    549.596339585    9
671    20    11    16    550.185254071    3
672    10    2    3    550.222116705    10
673    23    15    21    552.076764999    3
674    1    0    0    554.529268904    9
675    12    1    0    556.430437122    7
676    2    2    2    557.417715182    1
677    5    3    0    561.569503886    10
678    16    2    14    562.021904679    3
679    7    6    2    562.910019039    7
680    25    15    1    563.394042046    8
681    2    0    2    563.689287485    4
682    16    16    2    563.794050449    4
683    14    5    3    564.984006364    7
684    4    2    3    565.717788273    2
685    5    2    2    566.254255873    10
686    3    1    0    566.599966334    4
687    16    3    0    566.834568059    7
688    1    1    0    567.38702681    1
689    12    7    2    567.641637038    3
690    12    9    2    568.378955233    2
691    9    0    1    569.302246992    8
692    2    0    0    569.517349418    6
693    24    18    22    569.927243279    7
694    1    0    1    570.044340746    4
695    15    1    14    570.255891083    10
696    10    7    1    570.290098207    4
697    22    8    19    570.972236011    1
698    13    11    5    572.194493901    7
699    23    18    12    572.558893734    10
700    10    0    8    573.871648011    8
701    4    4    4    576.0247893    4
702    18    17    16    576.419049032    7
703    23    5    13    577.506317374    2
704    24    24    16    578.484271337    3
705    19    13    11    578.706239925    8
706    25    0    17    579.018547328    8
707    9    1    7    579.280620628    4
708    19    19    9    580.012908238    9
709    21    20    16    580.550762483    7
710    21    0    1    580.96421785    7
711    21    10    9    583.127661973    8
712    11    4    10    583.807265757    8
713    7    0    3    585.139598413    5
714    21    4    10    586.322614768    6
715    16    14    10    586.853487231    7
716    3    0    2    587.256820742    4
717    4    4    1    587.337642012    9
718    20    20    14    587.893045755    3
719    20    9    16    588.795610429    1
720    1    0    1    589.432112011    5
721    11    10    1    589.596924205    10
722    10    10    8    590.95775286    9
723    18    18    15    591.983270509    6
724    3    3    0    592.208442735    6
725    13    0    1    593.904757801    4
726    4    1    0    594.9964671    1
727    13    6    6    595.326052656    10
728    2    0    1    595.329596029    2
729    11    9    10    595.921837186    9
730    6    2    6    596.74572962    4
731    10    7    8    598.56125469    7
732    17    7    1    599.804437763    7
733    22    19    12    603.031818526    2
734    6    0    0    603.411886312    9
735    16    4    3    604.624636945    9
736    3    3    2    605.123587036    5
737    14    13    5    605.305245445    10
738    3    0    2    606.032375941    7
739    24    10    15    610.252731765    9
740    2    2    2    610.697445532    3
741    14    5    9    611.623795265    6
742    14    3    11    614.421799909    2
743    5    2    3    615.573419062    4
744    8    0    2    615.932485555    5
745    11    2    2    616.880463944    9
746    7    0    1    617.087021804    5
747    12    10    2    617.405876318    10
748    7    6    4    617.695649774    2
749    15    5    5    618.317045892    8
750    24    23    7    619.358274025    6
751    11    4    2    619.650816919    1
752    9    3    0    619.735024943    5
753    3    1    1    624.08676021    10
754    19    13    9    625.400555176    1
755    18    11    16    628.126468385    6
756    10    1    6    628.639752115    8
757    5    1    0    629.274957141    2
758    2    1    0    629.344313989    5
759    1    1    1    629.845453938    1
760    3    1    2    630.080680528    6
761    14    10    11    631.344046302    4
762    12    0    0    633.681838782    1
763    14    3    2    634.950335645    7
764    12    0    3    636.368304988    5
765    11    8    2    636.507263194    2
766    2    1    1    636.534467627    9
767    8    5    4    636.797282431    10
768    22    2    22    636.980441207    9
769    2    1    2    637.868150546    10
770    15    4    6    639.785855966    3
771    14    7    4    640.506706138    3
772    2    1    2    641.9535946    5
773    1    1    1    642.612216563    3
774    12    11    8    642.632448369    8
775    15    7    12    644.069637525    2
776    18    5    5    644.528775202    8
777    20    1    5    645.123881891    2
778    22    6    8    645.2373079    8
779    19    5    0    645.693024467    5
780    12    1    11    647.092920144    8
781    22    14    18    647.475501232    5
782    24    19    0    649.343773594    10
783    5    0    5    649.40138652    2
784    8    5    4    649.691975355    2
785    4    1    0    650.522738797    9
786    12    3    5    651.773441669    10
787    10    0    7    652.106400021    7
788    17    2    6    652.473206147    7
789    9    0    6    653.990040404    2
790    12    5    9    654.095414849    3
791    18    16    16    654.316276358    10
792    23    4    14    655.592198649    8
793    8    2    6    655.943507523    9
794    24    10    6    655.998314124    2
795    3    3    2    656.451213897    6
796    4    2    0    658.555516603    2
797    9    8    3    661.058281919    1
798    6    3    1    661.139442091    9
799    18    16    7    662.21145715    6
800    23    0    9    663.785860112    10
801    18    9    5    664.481301841    8
802    4    1    3    664.730272695    1
803    10    7    0    665.4878943    9
804    19    9    5    666.776542152    5
805    13    13    12    666.8496212    7
806    5    5    0    667.394015631    3
807    8    6    1    667.690751749    6
808    7    0    2    667.775965696    4
809    17    3    0    667.829949019    5
810    16    6    5    668.225787752    4
811    15    15    10    668.57458769    6
812    9    5    3    668.776283052    4
813    24    23    16    669.492520591    3
814    13    7    2    670.183971832    9
815    6    0    6    670.237989515    6
816    14    2    13    670.749041293    7
817    6    0    2    671.450755402    7
818    9    4    1    672.479090752    6
819    1    0    1    672.510727284    3
820    19    2    11    672.970391964    9
821    15    6    11    673.466709583    7
822    18    13    18    673.558382908    3
823    18    12    11    675.085874554    3
824    1    1    1    675.804969136    4
825    6    0    2    676.236761414    2
826    13    10    2    676.377974578    1
827    7    1    3    676.797676602    4
828    1    0    0    676.990904633    9
829    7    0    7    678.669637352    1
830    22    17    15    678.802212366    1
831    13    0    3    679.297095976    7
832    17    9    16    679.373763854    9
833    1    0    1    679.714725354    3
834    10    8    9    681.709109164    10
835    8    2    8    681.857518917    2
836    17    14    4    682.02856605    10
837    25    3    12    682.321880563    10
838    11    1    4    683.034532702    6
839    10    9    4    684.447844593    3
840    11    11    1    684.744859731    6
841    24    3    18    685.541787681    4
842    18    10    7    686.844921117    7
843    16    5    10    686.894455882    6
844    4    0    2    687.794766978    5
845    7    4    0    689.434070689    6
846    12    9    5    689.899360216    1
847    10    4    8    690.442409085    7
848    3    3    1    692.700369836    3
849    9    9    1    693.42562416    5
850    11    10    5    693.917659057    1
851    5    5    5    694.165478748    6
852    10    6    0    696.81558187    6
853    12    1    10    696.880895909    8
854    22    2    9    698.73358048    7
855    6    4    0    699.023181379    5
856    6    5    4    699.275308959    10
857    2    1    0    699.347221583    4
858    20    20    6    699.388192371    2
859    12    11    4    701.334851677    7
860    10    10    3    701.868480255    3
861    17    9    17    702.237310092    5
862    7    5    2    704.627416503    1
863    20    13    13    705.034661184    3
864    6    4    2    705.118091271    10
865    13    13    3    705.375227483    9
866    25    19    9    706.330139157    10
867    9    6    2    706.509113044    8
868    10    2    10    706.601349388    9
869    4    2    3    707.664545967    6
870    13    6    4    709.733929354    6
871    13    2    0    709.964774956    5
872    20    14    20    710.580012102    2
873    25    3    9    712.854141998    6
874    18    7    6    714.48652248    1
875    7    2    1    715.285574789    5
876    19    17    7    715.428656369    8
877    14    2    8    715.54618451    6
878    2    1    1    716.030291994    10
879    6    5    4    716.258710408    4
880    22    6    0    716.514808438    2
881    11    3    1    716.585096257    2
882    3    0    2    717.001843606    7
883    7    3    0    717.269311966    9
884    11    0    1    717.35597803    3
885    25    24    5    719.340623401    4
886    5    2    1    719.899592013    8
887    11    10    1    722.455777549    5
888    18    12    14    722.928962255    3
889    20    11    4    725.120100742    10
890    19    8    7    725.558542854    8
891    17    4    0    727.157221083    7
892    24    12    15    728.237929589    9
893    8    2    3    730.430083634    6
894    14    13    0    733.169748731    2
895    7    2    1    733.523648245    5
896    17    4    1    733.853547188    10
897    19    1    1    734.20475444    1
898    15    8    9    735.031443619    1
899    21    7    2    736.504837853    10
900    21    15    11    736.937357012    2
901    12    9    12    737.974658256    6
902    15    12    6    742.655477283    9
903    25    0    15    742.735740738    3
904    2    0    0    743.860929552    8
905    10    2    9    745.27970633    5
906    7    6    1    747.537545917    4
907    18    15    2    747.752792485    2
908    12    6    12    748.492546292    9
909    3    2    2    748.622639077    5
910    11    10    3    748.627772757    5
911    6    5    0    748.688994216    10
912    8    1    2    751.075695262    10
913    6    3    1    751.815977774    7
914    9    9    2    751.924130928    3
915    12    7    9    752.506409669    3
916    12    1    4    753.443199368    7
917    11    4    1    754.385022211    10
918    12    10    3    755.758698733    4
919    19    18    5    756.103310335    9
920    9    8    4    756.647792979    4
921    4    1    1    757.507056281    7
922    12    3    10    757.608464164    7
923    3    3    0    758.211308213    3
924    3    1    2    759.179588287    10
925    3    0    2    760.619036649    4
926    12    10    11    760.744481794    3
927    14    5    9    761.183156584    2
928    19    4    9    761.702828849    8
929    14    0    6    762.337042056    7
930    20    20    19    763.95825916    2
931    23    2    0    764.390518578    6
932    20    0    0    764.749056614    9
933    1    0    0    764.844845114    1
934    7    7    6    766.237449463    5
935    17    4    10    768.082528553    9
936    15    0    15    769.209403014    7
937    2    2    1    769.549880035    5
938    20    6    3    770.187552278    4
939    2    2    2    771.004337761    10
940    4    1    0    771.10218097    9
941    24    20    1    771.188801725    6
942    7    3    5    771.913359959    8
943    7    2    7    772.464320126    6
944    16    1    2    773.19188833    4
945    1    1    0    773.684933085    5
946    17    8    0    773.693890116    3
947    12    0    9    774.914845087    4
948    24    15    9    775.344507018    9
949    12    10    2    775.906327834    9
950    22    21    0    781.690987141    1
951    9    2    3    783.061771453    5
952    3    0    3    783.713770027    1
953    6    0    5    784.242638685    7
954    21    1    9    784.400428448    8
955    12    11    7    784.963993484    5
956    16    5    10    789.3386595    7
957    3    3    1    790.430254933    2
958    7    5    3    791.374058266    1
959    14    1    10    791.847911694    2
960    2    1    1    792.122522422    9
961    4    1    1    792.336066501    5
962    1    1    0    792.564021333    2
963    13    10    0    794.655813141    4
964    18    17    4    797.065398831    10
965    25    17    24    797.366919007    1
966    8    6    0    797.530860205    10
967    13    2    9    797.540306193    10
968    8    7    4    798.286116003    10
969    4    2    2    798.324119328    4
970    17    3    8    798.639652119    10
971    18    1    8    798.845012359    6
972    24    4    20    799.23372171    6
973    23    0    12    800.794272927    8
974    10    8    0    801.479546491    5
975    9    6    0    801.813373037    5
976    15    14    15    802.394948377    2
977    5    4    0    802.521686382    6
978    13    7    7    802.745167299    1
979    5    5    4    803.51823735    5
980    19    3    17    804.551983854    6
981    19    7    10    805.664997009    7
982    24    20    2    807.205133782    2
983    21    4    20    807.265587669    2
984    13    11    0    807.271878964    5
985    12    1    8    807.90106855    4
986    8    6    2    808.924875014    3
987    13    8    9    809.436018443    4
988    16    8    10    809.692251053    7
989    25    10    1    810.319299038    7
990    23    2    6    811.822880781    8
991    3    2    3    811.858557163    6
992    2    0    2    812.181611409    1
993    4    4    3    813.124395315    2
994    8    3    0    814.242554666    3
995    23    13    10    814.7502058    2
996    13    6    11    816.782460569    1
997    4    1    4    817.139159397    1
998    12    10    5    817.600620242    3
999    20    7    9    819.212165941    2
1000    5    1    1    819.902494946    10
1001    2    0    0    820.981478383    4
1002    15    6    13    823.633653556    10
1003    25    22    25    826.062115393    1
1004    15    5    0    826.12651412    5
1005    15    4    14    826.495809174    4
1006    1    0    1    830.436093772    9
1007    19    9    11    830.888332178    8
1008    9    5    4    831.505407499    3
1009    17    10    11    831.767092124    2
1010    2    1    0    832.242716001    5
1011    17    12    4    832.413710623    1
1012    13    1    8    833.879962772    3
1013    14    13    11    833.913121493    6
1014    1    1    1    834.948539312    10
1015    16    9    9    835.229960655    2
1016    23    3    17    836.910115415    2
1017    12    10    3    839.05199763    1
1018    13    12    1    840.010265982    2
1019    3    3    0    840.651369731    2
1020    13    1    4    840.679975755    3
1021    15    5    5    841.84958698    3
1022    25    12    7    842.044481554    10
1023    23    14    8    842.177457221    3
1024    9    3    9    842.373676575    2
1025    7    1    7    843.516959344    1
1026    25    22    8    848.532216969    4
1027    22    10    9    849.462096934    3
1028    3    3    2    850.752050131    2
1029    2    2    1    852.200230729    7
1030    20    10    20    852.719047178    9
1031    23    14    7    852.91649256    3
1032    20    13    4    853.881059412    3
1033    19    9    8    854.888822669    6
1034    10    10    10    855.130401464    8
1035    24    23    6    855.568807287    7
1036    24    18    10    855.856110879    10
1037    8    1    1    856.236347657    10
1038    10    6    3    857.286539771    2
1039    5    5    4    858.43046409    4
1040    9    4    0    859.00288067    8
1041    6    3    5    859.081940064    2
1042    15    14    12    859.37117849    10
1043    23    9    0    859.919073359    7
1044    22    15    12    860.090855253    5
1045    2    0    0    860.478149769    8
1046    20    15    9    862.7790598    6
1047    6    6    5    863.648442511    1
1048    14    0    6    863.788745449    5
1049    3    0    0    864.005950789    3
1050    25    6    10    865.512343622    1
1051    8    3    0    865.63414699    8
1052    6    5    0    866.166361451    7
1053    14    1    13    866.30151098    10
1054    11    1    0    867.152358725    8
1055    14    0    14    867.721682273    1
1056    6    1    3    867.913353489    1
1057    6    6    6    869.023944484    8
1058    12    7    5    869.383870346    5
1059    6    4    6    870.105869026    5
1060    1    1    1    871.252831016    7
1061    22    21    11    871.787314253    3
1062    10    4    0    872.808282467    5
1063    14    4    1    873.133425138    3
1064    25    6    8    873.438155566    1
1065    3    1    2    875.457522612    4
1066    4    3    0    878.456324612    3
1067    10    7    0    878.837488568    6
1068    25    1    6    881.230907008    2
1069    19    17    9    882.440778843    4
1070    18    7    7    883.60123575    2
1071    25    7    2    884.104621099    10
1072    22    16    8    884.198335885    5
1073    1    1    0    886.447679843    5
1074    10    5    0    886.701023148    7
1075    11    8    9    888.854286725    5
1076    15    10    11    888.950291812    4
1077    2    2    1    889.609235399    7
1078    24    11    8    890.460015914    1
1079    3    0    2    891.219692276    6
1080    5    1    3    891.599738015    1
1081    14    7    3    891.834156645    10
1082    21    10    8    894.402755947    6
1083    3    1    1    894.927068729    5
1084    5    3    1    895.458088114    10
1085    10    0    0    896.634860763    3
1086    9    4    4    897.175100413    2
1087    1    0    0    897.395566548    7
1088    8    1    7    897.864802114    3
1089    17    1    11    898.341360575    1
1090    8    7    5    900.100257019    2
1091    1    0    0    901.735776102    1
1092    9    0    0    901.985288907    1
1093    19    14    19    902.818817298    10
1094    1    1    0    904.152211122    1
1095    18    2    6    905.65639163    6
1096    20    3    16    906.649155841    7
1097    15    14    0    907.682462881    7
1098    22    9    13    907.939626822    10
1099    3    3    1    909.264462064    7
1100    3    0    2    909.622919372    3
1101    7    0    6    910.54536697    7
1102    16    11    6    910.571457316    5
1103    3    3    0    913.476738146    7
1104    2    0    2    914.733583149    3
1105    24    5    22    914.751618448    7
1106    5    0    1    915.051931843    1
1107    5    1    1    915.280508481    6
1108    3    1    2    915.576426673    9
1109    21    20    18    915.746647688    3
1110    12    10    8    915.862433344    8
1111    19    14    17    916.90664056    2
1112    11    0    0    917.119899164    5
1113    3    2    2    917.824306622    7
1114    18    2    18    918.846209894    4
1115    22    2    6    920.025181647    5
1116    6    5    6    920.334846433    7
1117    25    6    11    921.557560942    9
1118    6    6    3    921.595550463    4
1119    4    2    3    922.772149946    3
1120    16    13    6    922.8137636    5
1121    4    3    1    923.238031108    10
1122    15    1    5    923.267048877    7
1123    9    8    8    925.105626834    7
1124    14    0    5    926.669373393    1
1125    20    1    9    927.512547833    3
1126    13    5    0    927.536762515    3
1127    24    18    12    928.632108162    1
1128    9    0    2    928.980835385    10
1129    1    0    0    930.126361597    10
1130    16    14    4    931.60356601    4
1131    14    14    5    932.63651975    6
1132    9    6    0    932.702020847    6
1133    3    3    0    935.476543807    10
1134    6    1    4    936.904611323    7
1135    7    7    7    937.070703547    6
1136    22    12    18    938.452788569    6
1137    22    4    11    939.585369048    8
1138    18    15    8    942.132340331    8
1139    22    19    10    942.417213017    7
1140    17    2    9    944.268833815    10
1141    24    4    9    945.313404154    4
1142    25    19    14    945.442794123    2
1143    6    3    5    946.451708859    6
1144    17    2    16    946.898634181    5
1145    23    14    8    949.473334341    1
1146    14    12    9    951.49002188    1
1147    17    11    4    954.080470638    8
1148    5    4    2    954.299367322    9
1149    24    20    15    955.16092594    2
1150    13    8    6    957.117976417    8
1151    16    8    0    957.827679347    6
1152    14    5    2    959.381878467    8
1153    13    7    5    960.013602726    2
1154    24    1    1    960.102253631    1
1155    10    0    4    961.228387217    10
1156    18    15    13    961.959262005    1
1157    1    0    0    962.710753854    5
1158    23    6    7    964.165336994    2
1159    24    15    14    964.557687179    7
1160    11    8    8    964.673794987    7
1161    23    16    16    965.990642937    8
1162    18    18    8    966.899193487    3
1163    14    6    2    967.371258082    1
1164    21    9    9    967.663138803    1
1165    7    1    7    967.926349091    2
1166    2    0    0    968.234880321    10
1167    19    8    11    969.997832069    10
1168    1    1    0    970.201858659    6
1169    9    1    5    970.725604055    2
1170    9    1    5    971.419029804    10
1171    25    3    12    972.994775443    2
1172    16    6    14    973.391487367    3
1173    6    3    4    974.170349331    1
1174    1    0    0    975.956452943    9
1175    4    0    3    977.335230757    2
1176    25    11    15    977.731764983    5
1177    23    9    21    982.906271603    7
1178    5    2    4    984.999565321    8
1179    19    15    5    985.771214566    6
1180    11    8    5    985.828878549    2
1181    5    0    0    987.108758911    9
1182    10    8    1    987.656510487    10
1183    24    17    3    988.671341495    7
1184    14    10    5    990.237311491    2
1185    15    13    7    990.67332365    6
1186    24    13    1    992.298963076    4
1187    9    3    5    992.709242758    4
1188    1    0    1    992.827103499    6
1189    8    0    7    993.685010473    8
1190    16    8    1    994.143457974    9
1191    3    2    1    995.174664877    9
1192    17    9    11    995.792349803    6
1193    14    13    12    997.282234203    2
1194    16    2    9    997.450384862    10
1195    11    0    6    997.958387835    6
1196    9    2    6    998.287917593    2
1197    12    7    10    999.019673215    2
1198    7    2    0    999.381403045    9
1199    3    3    3    999.600914481    9
1200    6    6    2    999.912398206    6
