;job_number  cpu#  ssd#  gpu#  submit  runtime
1    2    2    0    0.0862037030198    10
2    3    1    3    0.324779451592    8
3    11    9    0    1.43335105869    8
4    11    7    11    1.82953612582    1
5    1    1    1    1.89265206639    4
6    23    6    21    2.03656046248    5
7    18    12    17    2.70961856445    1
8    3    2    1    3.05303856337    9
9    21    9    19    3.24933281258    3
10    1    0    0    3.43856634096    10
11    6    0    5    4.6019218308    9
12    5    5    1    5.1209611036    2
13    13    11    7    5.64252888574    10
14    3    2    2    5.78789898668    6
15    9    3    0    6.96615615113    10
16    13    11    10    7.64172586626    9
17    21    9    20    8.8968744319    9
18    4    0    2    9.08073354428    3
19    16    11    2    9.09527223403    2
20    9    4    4    9.83687611792    1
21    4    1    1    10.4491731178    7
22    17    11    12    10.6458359072    5
23    15    15    0    10.9221697214    10
24    7    2    3    11.8390207246    5
25    5    4    3    12.375914535    7
26    19    19    10    13.0511877208    6
27    4    1    1    13.1331723073    3
28    14    8    2    16.4664776325    2
29    1    0    0    17.0393224669    5
30    12    4    8    19.4621463892    6
31    16    14    3    19.8371328464    7
32    9    5    6    19.9744751743    8
33    22    12    15    20.5947446318    2
34    24    15    5    20.6503802182    7
35    1    1    1    20.7997482259    2
36    3    1    0    20.8796073081    4
37    2    0    2    21.1964105561    4
38    16    0    15    21.4939832495    5
39    23    15    2    21.5998817148    1
40    21    5    15    22.6672038132    10
41    2    2    1    23.1684436408    9
42    11    6    10    24.0740444402    9
43    13    6    1    24.14665257    5
44    17    7    3    24.5224384383    10
45    13    3    6    24.5285954826    8
46    19    9    0    25.0001917632    3
47    3    0    0    26.9238819503    10
48    18    12    18    27.2096057803    1
49    21    20    4    27.5961476353    1
50    10    6    6    28.4932593712    9
51    23    10    19    30.4053986278    5
52    11    4    7    31.0543412048    5
53    9    6    2    31.5274482529    7
54    19    6    6    32.2236929203    8
55    3    3    3    32.5938285812    1
56    14    5    2    33.2077920991    4
57    23    2    3    33.2496141873    1
58    22    9    5    33.373292107    1
59    5    5    3    33.5876871074    1
60    15    12    15    33.7175188604    1
61    24    8    15    34.2680816059    7
62    14    7    9    34.3361528988    2
63    19    16    15    34.6333006565    6
64    15    14    11    35.1775930263    3
65    2    0    1    35.2861824841    1
66    1    1    1    37.3161449935    7
67    12    2    8    37.8281775696    8
68    10    8    6    38.3426407244    4
69    23    6    0    38.7600772153    4
70    17    2    0    39.9929719356    6
71    2    0    0    40.5687006266    2
72    2    2    0    40.9671221756    5
73    4    3    0    41.0691812    3
74    21    17    7    41.567019677    5
75    8    7    5    41.5699019875    6
76    16    14    1    42.7832165424    8
77    12    0    4    42.9819779724    4
78    22    8    16    43.4030695809    5
79    22    4    22    43.7509311993    2
80    24    1    14    43.8934023232    9
81    22    14    8    45.4529307057    10
82    7    3    7    45.5988376399    1
83    23    11    15    45.9331591604    6
84    4    2    2    46.2164143088    7
85    9    5    0    47.6423485763    3
86    19    18    11    47.7030553835    2
87    4    4    3    47.9468103542    1
88    19    15    13    48.2295481474    5
89    7    6    6    48.4304893853    3
90    12    10    2    48.5538864053    7
91    14    6    1    48.6322802706    7
92    20    10    8    48.8616702928    1
93    22    0    4    48.9703556943    7
94    4    4    2    49.3320757293    2
95    3    1    1    49.3927800214    3
96    20    7    10    49.9400842178    5
97    19    14    8    50.0381973769    7
98    1    1    1    52.3606294425    8
99    16    15    16    52.3808801761    9
100    13    2    13    53.2928081587    2
101    8    3    4    53.490011436    2
102    5    5    5    53.6250514183    7
103    1    0    0    53.9094624476    2
104    12    6    8    54.4389086744    3
105    15    6    5    57.4952923561    9
106    17    5    15    58.8337882903    8
107    2    0    2    59.4051707916    8
108    22    14    2    59.5272079415    6
109    21    16    7    60.2846511541    8
110    14    14    3    61.4548916197    6
111    12    11    12    61.9564104744    8
112    17    10    11    61.9571728302    9
113    12    12    9    63.0733206403    8
114    19    3    3    63.4604654016    10
115    5    2    3    63.6876589359    2
116    9    5    7    64.1479883843    10
117    6    1    5    64.1480830252    3
118    10    5    8    65.0991104136    10
119    4    2    1    65.3421877032    3
120    18    4    11    65.4867489565    4
121    10    7    10    65.5000272663    2
122    8    1    3    66.5583031944    6
123    16    15    4    67.4223244368    3
124    4    4    3    67.863503379    6
125    12    9    9    68.3625367643    4
126    23    18    0    69.7501084244    3
127    6    6    3    71.509784532    9
128    11    11    3    72.041585926    3
129    7    7    4    74.8175512578    9
130    11    11    10    76.5234920949    8
131    25    22    2    76.9174361649    6
132    16    0    16    77.4472773551    6
133    14    3    8    77.5858675107    10
134    13    1    2    77.6052022362    9
135    4    0    3    78.3681223165    5
136    2    0    1    78.6346553527    9
137    5    3    4    78.9479428746    2
138    8    2    0    79.6784295417    10
139    12    7    12    79.9432159296    1
140    11    0    2    79.9759444902    7
141    7    0    2    80.3186537426    9
142    3    1    1    80.5510662713    3
143    22    3    16    80.5976474122    10
144    25    15    19    80.7949103369    6
145    24    9    8    81.0899072253    10
146    24    18    6    82.0885476302    4
147    15    13    3    82.9076287888    7
148    16    15    15    83.8148437657    8
149    5    4    2    86.0045288848    4
150    11    10    1    86.6873189209    2
151    19    12    17    86.6940740564    6
152    19    7    17    86.8044923684    4
153    6    6    1    87.2232602561    2
154    11    5    2    87.7827555237    1
155    12    7    7    88.2652777797    2
156    20    9    2    88.8507683114    1
157    10    1    0    89.0652764779    1
158    7    1    5    89.7920162604    3
159    17    15    3    90.0478229899    6
160    19    11    9    90.2827272567    8
161    20    4    8    90.3217918877    6
162    15    11    15    90.6592580959    5
163    1    0    1    91.3425388256    5
164    9    0    8    91.4281634007    9
165    23    19    11    91.5839854437    1
166    21    13    8    91.7405905243    9
167    18    7    7    91.9052634164    7
168    2    0    2    92.262174305    1
169    21    0    17    93.157750123    4
170    9    4    9    93.2730912402    10
171    8    0    1    93.3522760894    6
172    23    10    18    94.2524646172    9
173    2    0    1    95.5336793424    4
174    7    1    0    95.835621524    9
175    5    4    5    96.551568118    9
176    9    0    1    96.7419603176    10
177    19    18    6    97.4861073575    10
178    6    6    2    97.5692068146    3
179    21    19    16    97.8274081491    2
180    18    2    5    97.905285944    8
181    8    6    3    98.104515118    10
182    6    6    2    98.1073142794    7
183    14    1    11    98.1766429984    5
184    21    19    21    98.4866447542    1
185    12    7    9    98.5061339864    8
186    13    2    4    98.8544382808    1
187    4    1    0    99.0595064894    4
188    7    1    0    100.13416518    4
189    12    4    11    100.33995995    3
190    5    2    2    100.422686725    4
191    4    0    3    102.520587624    8
192    23    21    5    103.525513029    8
193    2    0    1    103.58308071    5
194    12    4    11    104.191655287    10
195    24    24    5    104.24771801    2
196    1    1    1    104.452601611    2
197    18    6    13    104.984186331    10
198    2    2    0    105.099544955    10
199    8    7    3    105.437526516    9
200    24    16    9    106.53197124    6
201    18    12    18    107.381928397    9
202    19    0    11    107.562860826    1
203    18    3    7    108.310566198    7
204    9    5    3    108.415666736    5
205    5    1    0    108.668136347    8
206    19    13    10    109.179818507    7
207    17    6    7    109.371214048    1
208    11    1    6    110.35621893    7
209    11    8    0    110.772803435    8
210    15    15    12    110.823261639    6
211    19    16    12    112.252549456    5
212    19    11    16    112.389250985    3
213    15    6    5    112.837513681    3
214    18    0    2    113.258951504    9
215    14    2    8    113.369112526    6
216    5    3    5    113.540023346    2
217    7    3    5    113.734881228    2
218    4    4    1    113.868467887    10
219    13    7    13    114.497921827    2
220    10    1    7    114.824712105    9
221    19    12    15    115.341439218    10
222    7    1    4    117.08752927    4
223    24    23    22    117.261835705    6
224    3    1    0    117.34533156    9
225    23    15    13    117.652726065    6
226    15    7    7    117.746406801    5
227    20    7    14    117.757405341    3
228    17    2    14    118.072513979    4
229    23    7    0    118.341289998    1
230    14    8    14    118.587206848    8
231    18    15    9    118.765178983    8
232    24    11    23    119.065491874    6
233    15    8    3    119.108068959    10
234    22    14    18    119.513994976    9
235    11    3    2    119.61604387    8
236    22    3    7    119.635784805    10
237    6    6    4    119.814434217    9
238    11    5    5    120.158731047    5
239    4    3    1    120.637188271    10
240    2    1    0    120.717493688    3
241    18    17    10    122.671116275    5
242    22    17    3    122.910236674    2
243    17    4    12    123.063952763    2
244    11    3    0    123.621717936    3
245    1    1    0    124.954226876    7
246    1    1    1    125.422848237    1
247    8    1    0    126.053623518    4
248    16    11    15    127.034567196    1
249    20    2    14    127.285228473    2
250    14    4    3    127.505325713    1
251    23    21    11    127.630844008    4
252    22    2    6    127.802762678    1
253    8    4    2    128.020981614    6
254    3    1    1    128.860391384    2
255    17    6    17    130.953467541    8
256    22    21    13    130.970587407    7
257    13    11    2    131.65576443    1
258    7    2    2    134.537997022    2
259    5    5    4    134.727027936    8
260    2    2    2    134.87524181    5
261    22    10    19    135.304473942    10
262    5    0    4    135.374011123    10
263    8    2    1    135.798932613    9
264    3    1    2    136.039848501    2
265    24    11    8    136.116185954    8
266    11    3    5    136.150711534    9
267    17    5    1    136.23819654    2
268    24    15    12    136.620340391    6
269    22    19    12    137.026137367    4
270    21    7    15    137.33452763    1
271    12    2    12    137.658267004    8
272    11    1    10    138.227987702    9
273    5    2    0    139.037057543    3
274    4    2    3    139.834380298    5
275    1    1    1    139.845670216    2
276    19    11    0    140.043128132    10
277    8    0    3    140.534404114    6
278    7    4    3    141.589080898    7
279    25    14    9    141.646519416    2
280    17    10    0    143.096935743    1
281    18    17    14    143.582250074    1
282    4    4    2    143.729763105    1
283    19    15    3    144.838654334    10
284    1    1    0    145.907318585    8
285    16    10    7    146.841848372    9
286    14    2    13    147.376068432    3
287    1    1    1    148.76354542    3
288    15    10    5    149.371123858    7
289    25    7    9    149.51233899    9
290    2    0    1    149.611173673    2
291    7    6    1    149.827745012    6
292    13    4    8    152.959044052    5
293    10    6    5    153.72626534    1
294    20    2    17    153.73833859    6
295    17    9    8    153.845428703    7
296    11    2    11    154.542875774    4
297    5    1    1    154.680721924    10
298    15    7    10    154.836687286    3
299    20    12    5    155.057505592    4
300    5    1    0    155.589415243    7
301    24    3    22    155.74215258    6
302    9    3    6    156.291173337    6
303    17    6    8    156.521274304    6
304    17    5    15    157.660078359    1
305    1    0    0    159.602798157    1
306    12    6    8    159.741926422    10
307    3    0    3    159.778913524    2
308    14    7    8    160.355405888    6
309    4    3    4    160.789406757    3
310    22    14    20    160.960911282    9
311    24    19    9    161.171760383    1
312    7    3    6    162.134429178    7
313    5    3    2    164.03542467    8
314    7    0    6    165.638405456    8
315    14    13    9    165.832434575    9
316    22    15    8    166.056734401    3
317    2    0    2    167.907944494    5
318    17    8    0    168.020527626    5
319    4    0    0    168.080133583    4
320    8    0    3    168.216893186    10
321    20    2    0    168.824776472    1
322    17    6    3    169.080771623    5
323    16    10    2    169.322873957    7
324    21    2    8    172.737254727    1
325    11    9    10    173.381982461    1
326    22    15    6    175.088718891    6
327    18    14    5    175.926142412    8
328    6    6    1    177.774951244    8
329    10    10    10    178.153326004    8
330    1    1    0    178.268487584    9
331    11    4    9    178.650598213    4
332    5    3    2    178.798596558    1
333    7    0    7    179.356103114    8
334    5    1    4    179.831762296    9
335    11    3    8    180.387998675    5
336    4    1    3    180.986656275    1
337    24    10    11    181.405452317    1
338    1    0    1    181.416533568    2
339    10    10    7    181.498040106    10
340    3    2    1    181.560169949    5
341    22    12    6    182.313019927    6
342    22    7    1    183.827158473    10
343    2    0    2    184.743164423    3
344    20    13    15    185.100326956    7
345    20    12    18    185.134730661    10
346    15    6    6    185.143839316    2
347    11    7    2    185.356073142    10
348    3    3    0    185.394929577    7
349    15    2    1    185.986815675    3
350    20    10    4    186.648192596    5
351    3    1    1    186.945113538    10
352    23    19    16    187.635514599    8
353    17    9    16    187.7561985    9
354    11    10    6    187.900657888    2
355    11    4    2    188.123762807    2
356    7    3    3    189.961177414    3
357    22    4    1    190.041231257    4
358    4    3    4    190.498774753    4
359    11    11    0    190.69849983    5
360    9    7    5    190.705303779    2
361    25    11    11    191.068228942    7
362    9    5    4    191.137188013    9
363    2    1    1    191.278629161    6
364    6    1    3    191.288274238    5
365    16    13    0    192.75113345    6
366    8    5    0    192.889873893    4
367    4    2    0    193.594792626    2
368    12    8    3    193.736373564    7
369    21    11    11    194.153127309    7
370    7    2    4    194.953732106    5
371    14    0    1    196.23349778    10
372    15    10    5    196.67964186    8
373    20    18    2    197.001943453    4
374    12    3    11    197.621609979    3
375    8    8    0    198.2874801    4
376    13    12    2    198.581772469    9
377    4    4    0    199.284421873    7
378    25    8    0    199.722390321    10
379    13    9    7    199.846479211    1
380    11    2    8    200.12214403    9
381    20    12    19    201.797450856    9
382    14    0    5    202.030805703    2
383    10    2    6    202.646321877    2
384    5    2    3    202.7106974    5
385    7    4    5    203.373834466    1
386    5    2    3    206.384997257    9
387    8    4    3    207.32042539    2
388    12    2    6    207.525921556    3
389    21    0    7    208.721044225    9
390    2    2    1    208.966014569    6
391    4    2    0    209.317540362    10
392    15    1    10    210.458415797    7
393    2    0    0    210.579705699    5
394    19    6    10    210.836040663    1
395    11    10    9    211.598759051    1
396    25    9    6    211.616416002    5
397    20    3    12    212.01619229    3
398    19    0    18    212.307329132    7
399    18    5    3    212.567476322    1
400    12    4    1    213.679767354    8
401    25    7    16    213.863995461    1
402    15    9    15    213.868163429    7
403    7    6    4    214.025098008    7
404    8    8    2    214.265331711    1
405    9    7    5    214.448834601    10
406    3    3    1    219.235727487    5
407    7    5    6    219.675197847    7
408    20    8    14    219.788692481    2
409    12    12    2    220.281933432    3
410    8    0    4    220.874134126    8
411    3    2    3    221.030020663    6
412    12    12    0    221.727173729    7
413    4    0    2    221.890856379    2
414    16    12    11    221.957934175    3
415    1    0    0    221.986406156    3
416    2    0    1    222.701963347    6
417    9    9    0    223.192983432    10
418    22    13    7    224.301793617    1
419    2    1    0    224.464408339    4
420    14    10    6    225.051474675    3
421    16    5    6    225.283388866    7
422    18    0    12    226.358484888    9
423    17    6    15    226.963831482    10
424    6    3    4    228.812591242    9
425    2    1    2    229.155882152    5
426    22    1    8    229.526225019    2
427    2    1    2    229.945800845    7
428    24    9    4    230.823418495    5
429    16    12    10    230.929611071    7
430    14    10    3    230.986720506    1
431    12    3    8    231.196497745    1
432    8    8    0    231.559771506    7
433    4    2    1    231.643463662    2
434    13    10    6    232.13252651    1
435    22    20    0    232.546296328    1
436    3    0    0    232.972246557    10
437    18    14    2    233.058660376    10
438    15    4    3    233.591217025    3
439    18    7    2    234.192302957    4
440    1    0    0    234.724099313    4
441    18    7    8    234.791167519    10
442    22    12    4    235.474886895    5
443    1    0    0    236.537732462    4
444    24    3    4    236.652196896    6
445    20    12    17    236.671429422    6
446    2    2    0    236.6811802    4
447    4    2    3    237.622620464    10
448    14    1    13    238.570879167    10
449    8    1    5    238.613534644    3
450    5    3    2    240.729087881    10
451    12    3    10    240.914674849    3
452    15    0    0    241.017102782    1
453    1    0    1    241.611283462    10
454    7    3    5    242.419777888    8
455    11    0    11    242.821868929    3
456    19    1    8    242.877723676    1
457    9    4    6    243.038322792    3
458    16    14    9    243.697394883    8
459    2    0    0    244.623710793    3
460    5    1    2    245.291860647    6
461    1    0    0    245.982154863    10
462    17    13    13    246.110589759    10
463    19    19    18    246.585139836    6
464    19    7    17    246.60359631    7
465    8    6    6    247.361073396    7
466    4    3    1    247.4925424    1
467    22    5    16    247.98614852    9
468    9    9    9    248.080011414    1
469    15    7    4    248.251563757    5
470    17    6    10    248.741857894    8
471    13    12    0    249.243112835    8
472    13    3    2    249.297940456    10
473    9    4    2    249.495340533    6
474    7    0    3    249.808395084    3
475    16    7    6    250.722679924    7
476    21    5    9    250.837984514    10
477    6    6    0    251.340571386    3
478    15    15    15    251.44138314    4
479    22    16    2    252.451895985    10
480    23    11    4    253.768050961    10
481    24    18    12    254.23732865    5
482    6    2    3    254.369283089    8
483    14    12    7    254.428288103    6
484    12    6    8    255.037787332    8
485    20    3    11    255.135506737    7
486    8    1    7    256.279509027    9
487    21    20    8    256.666514517    9
488    13    4    6    256.73603468    9
489    8    3    4    256.737152704    2
490    6    0    0    257.33344656    4
491    20    2    3    257.538823365    2
492    23    8    22    257.642388895    7
493    18    16    1    257.966482721    1
494    2    0    2    258.233870848    8
495    11    5    3    258.505176192    8
496    17    17    0    258.940187761    3
497    2    0    0    259.05332656    9
498    10    7    10    259.810768833    5
499    21    6    14    259.974076404    7
500    13    11    8    260.837154167    1
501    19    1    17    262.707547729    4
502    19    15    1    262.907310368    4
503    5    4    3    263.052695058    5
504    9    3    6    264.144153927    6
505    5    5    2    264.449705915    7
506    21    13    10    264.487574984    4
507    10    1    8    265.812707309    9
508    1    1    0    265.885284604    8
509    4    1    3    266.13769236    8
510    13    6    13    266.520263481    4
511    12    8    3    267.196976384    2
512    12    9    7    267.82190539    1
513    21    3    17    268.68251771    4
514    12    11    5    270.162057164    4
515    20    4    12    270.45260242    6
516    1    0    1    270.949565486    7
517    5    5    3    271.53816464    7
518    6    4    2    271.852830033    10
519    8    2    4    273.437737885    7
520    7    7    7    273.77957694    7
521    14    10    6    275.22081239    6
522    19    8    4    275.631137871    10
523    4    2    2    275.967472142    7
524    7    5    7    279.495037109    8
525    20    0    9    280.073035279    5
526    18    5    9    280.109477945    4
527    6    6    4    280.283033846    2
528    3    0    1    280.902524997    2
529    15    13    1    281.391189603    6
530    24    19    18    281.770419267    10
531    24    16    18    282.057223571    7
532    19    15    12    282.301085518    3
533    7    5    2    282.321353557    8
534    16    1    0    282.362547277    5
535    2    1    1    282.693392912    3
536    15    6    10    283.076960358    2
537    6    5    5    283.434162714    4
538    1    0    1    284.169746428    4
539    4    0    0    284.296016356    7
540    19    4    19    284.54708521    7
541    7    4    6    284.896396079    1
542    7    2    2    285.221643709    6
543    23    13    14    285.358111724    9
544    13    13    11    285.465761372    9
545    2    2    1    286.021202506    8
546    14    3    1    286.691906321    6
547    5    4    4    287.399734476    1
548    18    6    14    287.868687464    3
549    8    3    6    287.950665411    7
550    22    13    4    288.037408952    9
551    13    3    10    288.734761145    3
552    19    2    18    289.139608755    3
553    25    7    13    289.498691072    8
554    12    9    0    289.540306695    7
555    15    14    10    289.84056639    4
556    8    6    1    290.267224715    5
557    5    1    4    292.100109267    4
558    11    1    1    292.108824185    9
559    7    0    0    292.161122481    8
560    21    2    3    293.135896687    1
561    21    1    2    293.287127498    4
562    2    2    2    293.769597162    7
563    20    17    0    294.531272102    8
564    17    8    12    294.6209966    3
565    16    1    3    294.675888643    2
566    14    8    10    294.768504339    1
567    4    3    2    296.139337056    5
568    16    9    7    296.15466355    10
569    21    10    3    296.260752444    1
570    14    1    12    296.279271334    5
571    14    12    12    296.364952909    2
572    11    6    11    296.771636158    9
573    13    2    12    297.79674589    3
574    3    2    2    298.250974025    2
575    3    0    1    298.4395987    8
576    22    19    10    298.49895863    6
577    25    9    13    300.202942906    2
578    25    7    0    300.894995104    3
579    18    6    14    301.279199484    4
580    25    24    6    302.442490223    5
581    8    3    1    302.505796801    6
582    19    15    0    303.046517422    8
583    24    1    13    303.429795944    8
584    24    7    21    303.474423162    6
585    22    16    4    304.088158648    6
586    9    3    3    305.163554317    10
587    12    10    6    305.286662652    9
588    20    0    8    306.641946662    9
589    15    6    15    306.693265093    3
590    8    7    4    306.823485823    4
591    2    1    2    307.81671658    10
592    2    0    2    308.42564073    7
593    18    17    18    308.489715532    6
594    7    3    2    308.738643928    1
595    5    5    5    308.835282699    9
596    5    4    4    309.375743553    3
597    9    3    4    309.57880881    3
598    5    2    1    310.023489738    3
599    7    3    2    310.6815    8
600    21    11    9    310.827905901    4
601    19    8    17    311.098471996    8
602    13    3    12    311.4986412    3
603    21    6    11    312.671186104    6
604    9    6    9    313.011644182    4
605    9    5    7    313.199881654    2
606    24    2    7    313.689952076    8
607    11    11    9    314.33041334    2
608    2    1    0    314.339430415    9
609    2    1    2    314.572748087    3
610    4    1    1    315.5509191    5
611    10    3    6    315.598996027    7
612    8    3    1    315.955619898    6
613    10    1    6    316.183206083    10
614    14    11    3    316.611501579    7
615    11    0    2    316.636147238    8
616    6    2    2    317.184198631    7
617    13    12    13    317.592987216    7
618    14    4    13    318.080859822    7
619    18    2    17    318.623404476    1
620    4    3    3    319.255351911    10
621    4    0    2    319.381528491    1
622    2    0    0    319.609550408    5
623    4    2    2    320.13518268    4
624    12    7    6    320.209437011    5
625    9    4    9    320.466939429    6
626    24    9    17    320.486396556    2
627    13    3    6    320.87103583    6
628    16    6    5    320.994698504    5
629    14    8    10    321.734572976    6
630    23    7    15    322.455747612    6
631    6    5    6    322.490529496    2
632    9    5    4    324.556912401    2
633    21    11    12    325.30951311    6
634    18    18    12    325.323180236    9
635    23    5    9    325.359078982    9
636    3    3    2    325.896776011    5
637    5    1    4    326.307995141    5
638    22    1    7    326.852181269    10
639    10    8    10    326.922403939    8
640    2    1    0    326.932800315    5
641    3    1    1    327.058804699    7
642    1    1    0    327.18059293    1
643    25    25    22    327.465677748    8
644    13    13    7    327.637050402    5
645    22    22    6    327.641971478    4
646    20    6    10    328.172955865    8
647    7    7    0    329.515902329    7
648    11    5    4    330.06638835    6
649    21    15    21    330.615344548    9
650    9    9    2    331.667604166    4
651    25    18    20    331.816707406    5
652    13    11    5    332.575368398    3
653    15    2    5    333.101757166    3
654    22    3    7    333.245307136    8
655    13    9    3    333.780602567    5
656    6    4    5    334.619224288    4
657    12    3    9    335.195352791    9
658    18    6    10    336.76438839    7
659    21    3    3    336.926464771    8
660    2    1    1    337.00667959    1
661    7    4    2    337.517428193    3
662    2    0    0    337.78522416    8
663    7    3    3    337.943836045    6
664    20    13    14    338.369673244    3
665    17    13    12    338.439205413    7
666    11    0    11    339.162622526    8
667    15    12    13    339.323257988    8
668    24    0    17    340.036141302    6
669    6    4    5    340.268392711    2
670    20    5    4    340.781271641    9
671    20    18    7    341.67379194    8
672    2    1    1    342.900961466    1
673    21    12    8    343.176657244    6
674    9    0    6    344.190752688    2
675    20    0    8    344.400989774    10
676    1    0    0    344.626336202    8
677    1    0    0    346.124242992    1
678    11    0    3    346.487810792    10
679    22    14    5    346.634332618    8
680    18    14    18    346.787818377    10
681    22    10    9    346.881020475    7
682    17    14    11    347.017990182    3
683    14    13    2    347.166251956    10
684    5    5    4    347.727560341    9
685    1    0    1    347.736449366    8
686    11    9    1    347.97891583    10
687    6    3    6    348.458866914    3
688    16    5    6    348.770158923    2
689    18    15    16    349.884935354    10
690    17    10    13    350.177274367    8
691    16    1    13    350.87036274    2
692    10    10    2    352.24678308    8
693    13    13    10    352.849473944    3
694    8    0    2    353.732418265    7
695    11    4    7    354.022744707    4
696    1    1    0    354.675320658    2
697    21    17    3    354.7698201    6
698    4    4    2    356.068808078    3
699    2    1    0    356.445761471    5
700    6    5    2    357.094307935    1
701    25    17    15    357.479226927    10
702    21    4    17    358.698656578    3
703    22    8    20    358.847424669    1
704    23    22    20    358.851525265    4
705    22    11    19    359.021125239    6
706    11    6    0    359.764903959    8
707    3    1    3    359.881482517    10
708    7    2    6    360.381392423    6
709    9    3    4    361.484229935    3
710    9    4    8    361.528112635    3
711    20    4    2    362.458855292    5
712    12    1    8    362.558367888    10
713    9    9    8    363.317291962    9
714    24    23    8    363.614049896    8
715    25    11    13    363.629607147    7
716    18    4    0    363.691004511    1
717    1    0    0    363.968482212    6
718    10    2    9    364.050402365    1
719    11    2    4    365.010408528    1
720    18    14    6    365.716274156    1
721    6    6    3    365.847922766    9
722    13    6    4    366.058902226    10
723    10    2    0    366.562177545    1
724    24    1    20    367.788969047    1
725    16    12    2    367.789504122    7
726    12    12    9    367.900772733    5
727    23    5    1    368.100218942    8
728    5    2    2    368.261815771    9
729    7    4    5    368.281846484    7
730    11    11    7    368.614035958    6
731    5    2    2    369.817816677    8
732    10    2    6    370.471878305    9
733    8    4    4    370.587975551    10
734    6    1    1    370.88483355    1
735    8    4    7    371.003125625    9
736    6    1    1    371.406064317    2
737    19    13    16    372.308530042    7
738    20    4    4    372.377676967    3
739    14    3    9    372.38746519    1
740    13    8    10    373.228267872    9
741    23    0    16    373.726967431    6
742    1    1    0    374.3609641    8
743    21    12    19    374.5063003    2
744    19    16    12    374.87288578    8
745    24    19    1    375.068240407    5
746    19    13    16    376.761543591    2
747    22    20    16    377.586007444    9
748    8    6    4    378.845011605    1
749    9    0    0    379.32706812    6
750    9    0    2    379.495670483    6
751    4    2    0    380.956612905    7
752    14    0    14    381.214326976    9
753    11    4    5    381.618140756    1
754    20    19    19    381.950412666    6
755    24    20    10    382.178535863    9
756    4    4    2    382.435011036    1
757    23    15    10    382.471691085    9
758    3    2    2    383.111161216    3
759    4    4    3    383.129828292    8
760    18    3    17    383.31256165    7
761    13    1    9    383.545365766    4
762    4    1    0    384.762395453    5
763    16    5    12    385.136840338    10
764    18    14    16    385.371183328    8
765    4    0    3    386.426094008    2
766    16    3    3    386.943548738    9
767    9    3    5    387.155777995    5
768    9    7    6    387.15978155    3
769    10    8    4    388.676662057    8
770    16    10    3    389.032386376    5
771    15    4    15    389.788898686    7
772    1    1    0    391.049095234    1
773    1    1    1    392.345031998    2
774    2    1    1    392.350801241    2
775    16    14    12    392.525429153    4
776    21    21    6    392.619850859    2
777    22    7    6    392.973201906    5
778    19    9    19    394.47151255    9
779    19    14    4    394.661557435    1
780    18    17    6    394.890306614    7
781    10    1    10    396.244111638    3
782    20    13    5    396.547077623    10
783    8    8    3    397.856942523    9
784    12    4    11    398.790634669    7
785    3    3    0    399.111323681    5
786    4    4    3    399.113017129    5
787    1    0    0    399.24288495    7
788    2    1    2    399.745768197    1
789    12    9    10    400.343737283    4
790    12    2    10    400.62974074    6
791    17    15    4    402.087718776    4
792    1    1    1    402.308641677    1
793    22    12    0    402.630444693    2
794    6    3    0    403.469350028    7
795    19    16    6    403.732833744    6
796    11    9    1    404.283230556    2
797    2    0    1    404.495390712    8
798    6    5    6    404.55906606    8
799    24    9    11    404.648396246    2
800    8    2    1    404.707566465    3
801    23    15    6    405.020298906    5
802    24    16    17    405.843045087    3
803    6    2    2    405.931281737    2
804    4    0    1    405.98516429    10
805    24    2    16    406.658873337    8
806    9    7    9    406.730526174    6
807    1    1    1    406.852872979    7
808    12    10    4    407.256547318    1
809    6    2    4    407.586061894    5
810    10    5    8    407.799310454    10
811    10    3    4    407.943434074    7
812    12    6    3    408.219040944    4
813    13    11    5    408.255799272    2
814    25    16    21    408.445205751    10
815    2    1    0    409.493456036    5
816    13    11    8    409.755420458    9
817    11    7    3    409.880552416    10
818    15    7    9    409.997250919    4
819    5    2    0    411.938110515    9
820    11    0    9    413.057051689    9
821    4    2    2    413.440485461    7
822    6    3    2    413.933894065    10
823    23    7    0    414.952417944    1
824    14    4    8    415.315255587    8
825    14    4    7    415.452493522    2
826    17    11    9    416.391580999    7
827    8    2    7    417.340738504    6
828    24    21    19    417.502099633    5
829    21    4    14    417.593372191    10
830    11    1    1    418.381673288    1
831    6    0    6    418.925584533    4
832    4    0    2    419.942204099    4
833    9    0    3    420.020052139    1
834    20    16    20    420.024905984    6
835    24    4    3    420.641760833    8
836    20    15    1    421.350633698    5
837    11    11    10    421.560434261    3
838    9    0    3    421.757622007    8
839    14    3    9    422.516197449    9
840    3    3    1    422.85324199    4
841    10    9    4    422.860685073    3
842    6    5    5    422.989514231    10
843    23    20    14    423.442458912    1
844    15    12    12    424.10574048    2
845    18    11    14    424.584901511    1
846    21    0    13    424.964148188    7
847    12    9    2    425.046485096    2
848    25    1    12    426.184509491    1
849    15    4    3    426.239268217    8
850    1    1    0    426.702123727    9
851    11    2    11    426.822120126    9
852    11    8    1    427.050020481    9
853    22    13    11    427.824575113    4
854    23    18    0    429.445244532    2
855    22    17    0    430.680683284    5
856    15    3    2    431.057478374    5
857    16    12    8    432.377959556    4
858    25    2    12    432.390628949    6
859    15    3    3    432.881278947    7
860    19    3    18    434.267153012    9
861    8    0    7    434.693732431    1
862    7    1    0    435.777986933    7
863    11    8    9    436.829113987    4
864    24    8    21    437.392791751    6
865    3    2    2    437.469807036    6
866    13    0    1    437.754882127    7
867    19    13    9    438.008923402    7
868    20    12    19    438.063369712    2
869    24    9    18    439.126764094    10
870    24    24    15    440.899784246    1
871    25    22    9    441.932542824    2
872    12    1    12    442.2564156    1
873    25    21    15    442.639566155    1
874    19    9    10    442.704986152    9
875    14    8    11    443.089224523    4
876    7    7    4    443.205414316    7
877    8    7    5    443.361990049    7
878    11    7    10    443.412200178    4
879    25    16    25    443.452870964    2
880    2    0    0    443.56780695    5
881    16    12    12    444.002571888    8
882    2    0    0    444.240198832    8
883    15    5    11    444.591742333    9
884    1    1    0    444.619862036    4
885    15    13    13    444.787501576    9
886    12    8    11    444.957477136    4
887    8    3    1    445.051065419    3
888    7    7    6    445.370477529    9
889    22    3    7    445.533353819    10
890    18    8    7    445.990115216    8
891    25    23    24    447.833142193    7
892    10    6    2    448.690045003    4
893    13    9    12    448.791523058    9
894    15    15    3    450.409933748    2
895    25    20    23    450.445178248    7
896    25    3    10    450.515885327    10
897    2    0    0    451.340457854    1
898    8    7    8    451.763090503    3
899    12    2    12    452.722471141    8
900    3    3    0    453.039876981    5
901    13    1    9    453.330618436    2
902    19    3    3    454.447938847    7
903    18    16    0    454.527939232    6
904    15    0    13    454.782260521    6
905    13    13    6    454.80448722    4
906    8    7    4    455.488058965    1
907    9    4    3    455.805784196    6
908    6    1    1    457.121099401    4
909    24    0    23    458.206915964    3
910    12    5    11    460.577424271    5
911    15    7    11    461.063262268    1
912    25    21    11    461.890620784    9
913    25    18    7    461.897298003    6
914    16    10    7    462.120936843    7
915    13    1    4    462.129470797    10
916    12    1    4    462.517752466    7
917    20    9    1    463.589842356    3
918    1    1    0    464.837204501    8
919    1    0    0    465.176215247    9
920    4    1    4    465.240370284    9
921    19    14    1    465.335137114    2
922    1    0    1    465.632787971    3
923    12    8    7    466.46601201    3
924    10    6    5    466.492310926    1
925    7    5    6    466.857339383    8
926    1    0    0    466.914170526    8
927    7    0    0    466.958241576    7
928    1    1    1    467.374636963    10
929    17    10    6    467.471575167    1
930    6    0    0    467.994870456    10
931    1    1    1    468.884677903    5
932    20    10    1    469.985644266    6
933    23    13    1    470.070328263    1
934    16    16    4    470.130573213    1
935    1    1    1    470.435644051    6
936    24    11    6    471.07100207    1
937    13    2    3    471.854857614    5
938    5    3    0    472.533047979    2
939    5    1    4    472.976250785    6
940    18    14    13    473.758545613    8
941    19    7    18    474.233674442    8
942    7    0    0    475.466418614    7
943    1    1    1    475.85364709    8
944    19    12    14    476.001665449    2
945    13    8    4    476.010621655    1
946    17    9    12    476.307528543    7
947    13    13    5    477.272559224    3
948    6    0    6    477.840619203    8
949    14    14    0    478.127930812    8
950    25    22    21    478.359412565    10
951    2    0    1    478.378418189    8
952    20    8    16    479.580324597    3
953    9    1    7    479.694033975    4
954    15    7    4    479.995195866    10
955    17    15    11    480.54043852    1
956    15    2    1    480.661750921    6
957    21    3    10    480.67550838    6
958    23    6    12    480.974572684    2
959    20    15    19    481.27543326    1
960    6    2    2    481.854398757    8
961    13    10    9    482.7038027    10
962    11    6    10    483.588597085    7
963    24    9    16    483.854527403    1
964    21    12    10    484.225359565    8
965    15    12    8    485.217002042    10
966    5    1    1    485.563052974    9
967    6    6    0    485.613112121    2
968    2    0    1    486.396956431    3
969    3    3    0    487.720471238    9
970    9    7    6    488.649698576    9
971    6    5    3    488.811293254    3
972    16    15    12    489.057729252    10
973    8    3    3    489.062345752    5
974    22    18    5    489.183874114    5
975    6    0    6    489.245324821    5
976    19    14    9    489.742567189    5
977    3    1    2    489.930150154    4
978    1    1    0    490.64556137    3
979    13    3    12    492.329418806    6
980    2    0    1    492.429818036    2
981    25    10    21    492.559676947    3
982    22    21    21    492.920307491    2
983    6    5    3    493.527844074    10
984    4    0    3    493.79151272    2
985    5    2    2    494.856459778    4
986    5    1    4    495.591330933    8
987    9    9    5    496.712440465    3
988    11    0    10    497.620676302    7
989    13    0    0    498.064764753    3
990    17    5    10    498.805081834    10
991    3    1    0    499.376425073    3
992    12    7    9    500.457142514    10
993    5    2    5    500.460833165    10
994    6    6    4    501.991979656    10
995    2    0    2    502.62894618    9
996    7    2    5    502.71138166    6
997    14    14    2    503.180613747    1
998    14    5    14    503.548543454    9
999    2    0    0    504.034899163    4
1000    17    9    13    504.208011036    4
1001    2    0    1    504.223231421    10
1002    3    3    3    504.283986974    10
1003    6    1    2    504.345300499    1
1004    5    2    3    504.446198366    8
1005    21    16    15    504.880732254    8
1006    18    2    17    505.425239029    3
1007    3    3    3    505.610197843    10
1008    23    11    21    506.188450188    10
1009    4    3    1    506.417209205    1
1010    23    9    3    506.591725426    3
1011    17    11    6    506.937019963    8
1012    21    7    14    507.087938068    1
1013    12    7    4    507.261148604    9
1014    21    11    15    507.749265166    9
1015    15    0    6    507.85486012    2
1016    23    16    13    508.569407893    7
1017    7    7    5    508.829996318    8
1018    5    2    1    508.832931084    2
1019    12    6    1    509.046963495    10
1020    20    1    3    509.521971855    2
1021    1    1    1    509.682469304    3
1022    5    4    4    509.785628356    3
1023    14    5    0    510.98439207    5
1024    22    21    5    511.293148887    5
1025    22    20    15    511.653309127    1
1026    7    1    3    513.307664911    1
1027    12    0    2    513.415268354    1
1028    20    10    1    513.813377643    6
1029    23    15    10    514.720432492    4
1030    14    0    7    515.935191243    10
1031    13    2    11    516.579679906    4
1032    7    0    5    516.87387484    8
1033    25    14    11    517.975046608    7
1034    8    3    1    518.043937098    10
1035    5    0    0    518.169328504    2
1036    4    2    0    518.847060308    1
1037    10    9    1    519.347702118    1
1038    1    1    0    519.812672735    4
1039    14    9    14    520.196590473    2
1040    17    3    6    521.10181546    9
1041    11    8    6    521.576984376    8
1042    24    15    13    521.634644203    5
1043    15    1    5    521.712320704    4
1044    23    2    23    522.602891947    10
1045    16    8    5    522.962969157    1
1046    10    3    8    523.096974892    3
1047    8    7    7    523.989247809    6
1048    22    1    12    524.000094974    8
1049    20    8    13    524.109470867    2
1050    23    4    19    524.677161883    10
1051    1    0    0    525.569941979    10
1052    3    3    3    525.718323087    2
1053    23    16    11    525.740243159    6
1054    8    2    5    525.755986631    3
1055    19    19    19    525.768580587    6
1056    1    0    1    527.043280303    1
1057    22    9    14    527.498660364    9
1058    24    17    24    527.519873619    6
1059    21    6    0    529.068369682    1
1060    12    7    2    529.939781664    5
1061    19    3    3    530.093792443    1
1062    3    0    1    530.780563526    5
1063    8    0    3    531.239998306    8
1064    8    1    5    532.438364892    7
1065    10    10    7    532.475206874    10
1066    10    2    8    532.974538378    7
1067    13    2    0    533.465642271    1
1068    25    14    22    533.769742019    8
1069    4    0    2    533.853038001    3
1070    22    5    20    534.238304553    2
1071    10    3    10    534.626509641    7
1072    11    9    1    534.873896679    6
1073    9    6    5    534.97539872    4
1074    24    9    2    537.569752861    3
1075    23    18    13    537.980622547    10
1076    8    8    2    538.233469872    1
1077    22    9    16    539.119597371    5
1078    18    3    3    539.309708862    3
1079    2    0    1    540.165233878    5
1080    13    7    5    540.90501444    1
1081    18    18    7    541.532140742    9
1082    19    6    14    542.132032022    4
1083    13    9    6    542.841809631    8
1084    24    16    5    543.635536925    10
1085    1    0    1    543.957715225    4
1086    20    5    15    544.784069291    9
1087    5    3    3    545.799880773    2
1088    7    1    6    546.755894293    7
1089    22    4    21    552.148121678    7
1090    2    0    0    553.20615338    10
1091    3    2    1    554.442102021    1
1092    19    6    8    554.704017418    3
1093    13    6    2    554.980273856    5
1094    14    7    3    555.408910594    1
1095    24    22    17    555.513219156    5
1096    24    19    20    555.520232283    1
1097    8    7    2    555.761767012    9
1098    3    2    3    556.042704048    10
1099    5    1    0    556.341986508    7
1100    23    4    11    557.1862234    5
1101    11    9    5    557.335470825    9
1102    19    8    11    559.103681301    1
1103    21    13    5    559.233316021    9
1104    12    5    9    559.944814191    4
1105    19    5    2    560.071349052    9
1106    22    5    3    560.719377527    6
1107    5    5    0    561.16848471    9
1108    25    11    24    561.979046488    9
1109    17    17    13    561.984747033    7
1110    6    4    1    562.01928505    10
1111    18    4    4    562.475943821    8
1112    7    7    4    564.122349464    6
1113    19    10    12    565.55393454    7
1114    16    8    1    565.649391973    2
1115    2    2    0    566.287046059    1
1116    6    4    4    566.405127191    4
1117    17    1    0    567.226907859    5
1118    12    0    0    568.732130531    9
1119    15    13    9    569.553341278    8
1120    7    3    2    569.775214782    9
1121    6    4    1    569.840437558    1
1122    12    6    2    570.356913282    4
1123    21    1    17    570.899717421    5
1124    22    0    16    571.11195536    1
1125    11    3    5    571.130629665    8
1126    21    20    20    572.106698485    3
1127    5    1    0    572.953110739    3
1128    24    5    1    573.27128144    8
1129    8    5    8    574.213726228    4
1130    4    2    4    574.340830002    6
1131    25    15    22    575.203485485    6
1132    12    1    8    575.446154816    9
1133    3    1    0    576.262546165    2
1134    18    9    12    576.273330891    9
1135    19    1    5    576.769081708    8
1136    25    19    13    577.46629384    6
1137    2    0    1    578.033400605    7
1138    24    1    17    578.642795437    9
1139    4    0    4    579.101371698    5
1140    9    7    0    579.710038006    9
1141    7    0    7    580.13321341    2
1142    5    1    5    580.592290298    4
1143    20    15    9    580.814638624    1
1144    21    3    17    582.035741654    1
1145    9    0    0    582.052301943    8
1146    18    11    11    582.703235562    4
1147    1    0    0    582.939861042    8
1148    23    10    4    583.413842023    2
1149    23    12    21    584.059117782    4
1150    2    2    2    584.65256702    3
1151    18    9    17    586.474404565    7
1152    11    5    4    586.474878225    9
1153    8    0    3    586.540764232    8
1154    11    2    10    586.884843159    1
1155    24    23    2    587.326270383    7
1156    19    16    8    587.418546191    6
1157    24    24    12    587.803464608    10
1158    23    23    1    587.969158918    7
1159    6    1    3    588.025074511    4
1160    19    5    13    588.877034985    2
1161    25    19    12    589.005865161    1
1162    13    10    5    591.087087643    5
1163    1    0    0    591.444584385    6
1164    24    5    6    591.449644311    3
1165    3    3    1    591.777662949    4
1166    8    4    1    592.432455242    3
1167    14    9    10    592.485726355    4
1168    14    12    5    593.016428853    5
1169    7    7    6    593.070573873    4
1170    7    3    6    593.167371223    7
1171    15    4    11    593.564532891    10
1172    2    2    2    594.408646434    1
1173    5    5    2    594.475528829    9
1174    17    15    2    595.207070569    2
1175    24    21    10    596.239911124    3
1176    25    4    12    596.467705769    2
1177    3    1    2    596.556802778    3
1178    16    12    11    596.769392229    5
1179    10    0    1    597.250954518    10
1180    9    8    8    597.307938824    9
1181    10    4    2    597.587145958    5
1182    15    3    5    598.906634727    1
1183    4    4    2    599.018833028    10
1184    8    4    0    599.104236448    1
1185    11    11    0    599.411376491    3
1186    4    3    3    599.540801632    4
1187    10    7    5    599.668484637    6
1188    9    2    3    599.67936027    7
1189    12    8    1    600.043494042    5
1190    23    8    1    600.124905298    9
1191    20    1    1    600.513738992    3
1192    25    23    2    602.61827613    6
1193    4    3    0    603.094103226    5
1194    16    8    16    603.363890749    9
1195    23    21    2    603.958574593    8
1196    3    2    2    604.604554565    8
1197    15    3    3    604.756843129    10
1198    18    3    0    604.892567004    9
1199    10    0    2    605.00055726    9
1200    3    1    2    605.145348543    9
1201    25    24    3    606.992467334    6
1202    13    11    6    608.172497335    10
1203    12    1    0    608.659269851    7
1204    15    14    13    608.867525588    4
1205    11    6    9    608.960042917    9
1206    20    3    12    609.623880924    8
1207    4    2    1    609.65980362    3
1208    2    1    0    610.437225987    1
1209    4    0    2    610.840207947    9
1210    17    14    5    612.198812079    5
1211    3    2    2    613.062630188    5
1212    4    3    0    613.164344407    1
1213    14    1    2    613.956508426    6
1214    18    1    12    614.359561772    3
1215    8    4    6    614.750832329    5
1216    19    0    18    615.430741503    9
1217    20    8    11    615.897102583    9
1218    19    19    10    616.234026043    10
1219    5    1    1    616.248421844    4
1220    12    11    6    617.076207674    7
1221    3    1    3    617.169443504    7
1222    24    20    13    618.398597914    10
1223    4    4    3    619.348927769    1
1224    20    1    17    619.477480788    9
1225    14    9    1    620.424587992    2
1226    16    16    15    620.716292183    6
1227    23    14    9    622.095981368    7
1228    24    24    3    622.589274658    5
1229    7    3    3    622.758546372    9
1230    12    1    8    623.360153745    10
1231    18    11    1    623.709532963    4
1232    16    9    3    624.496078233    2
1233    9    3    1    625.914914383    4
1234    20    6    12    626.435382867    9
1235    20    15    2    626.580214704    9
1236    22    17    4    626.99448001    6
1237    9    1    4    627.313836949    7
1238    5    5    3    627.719926959    7
1239    21    7    17    628.443718914    3
1240    19    16    3    628.887804968    5
1241    8    8    4    629.513399384    4
1242    21    21    16    630.050799882    10
1243    5    4    3    631.628753164    4
1244    9    3    7    632.223210925    1
1245    2    0    0    634.494932561    2
1246    14    4    13    634.683977673    2
1247    4    4    2    635.294322154    5
1248    19    2    8    635.920811134    10
1249    21    14    20    637.765997594    5
1250    22    11    9    638.720961388    3
1251    18    4    4    639.520169368    1
1252    8    7    6    640.10092075    4
1253    19    4    8    641.334845338    3
1254    10    6    5    641.365025196    10
1255    4    2    0    641.394584568    3
1256    14    13    0    641.70450005    3
1257    10    4    0    642.549269586    5
1258    7    6    3    643.954120946    7
1259    11    2    11    644.425092437    4
1260    20    16    13    644.608978307    1
1261    18    3    15    645.56053814    4
1262    13    2    6    645.583955873    9
1263    13    13    2    646.256878658    8
1264    3    0    3    646.44987665    8
1265    25    9    2    646.545446089    10
1266    19    0    3    646.648588278    5
1267    25    8    10    648.029140148    2
1268    15    14    7    648.861110152    5
1269    11    9    4    649.014215927    7
1270    15    1    0    650.334080417    5
1271    6    0    6    650.979540222    8
1272    16    4    0    651.17128603    4
1273    24    24    11    651.188592573    9
1274    14    3    8    651.204907268    7
1275    2    1    1    651.465143732    4
1276    7    2    3    652.619949649    6
1277    12    2    4    652.620659843    10
1278    19    4    0    653.115070297    2
1279    3    1    3    654.137155805    5
1280    24    7    19    654.781168125    8
1281    15    11    10    655.179234354    8
1282    10    7    1    655.306818887    8
1283    25    14    8    655.32933499    5
1284    23    0    4    655.343066573    10
1285    5    3    0    655.361552633    6
1286    10    6    5    655.873432941    9
1287    8    3    4    656.235937922    1
1288    17    3    14    656.902497735    6
1289    20    8    9    659.280785162    10
1290    21    5    2    659.500728678    3
1291    7    3    6    659.611740425    5
1292    21    20    21    659.731577625    7
1293    1    1    1    659.777758565    8
1294    6    3    1    660.137304236    7
1295    2    0    0    660.173345526    3
1296    2    2    1    660.586080559    5
1297    13    7    11    660.646625549    8
1298    6    2    0    660.848018208    7
1299    15    10    2    661.232425724    4
1300    16    11    5    661.497450383    4
1301    11    1    2    661.99555988    2
1302    24    12    7    663.486986818    2
1303    14    1    10    663.881331711    3
1304    19    0    10    664.52166075    10
1305    14    3    11    664.633610729    4
1306    22    12    14    664.960254523    6
1307    24    9    24    665.090880716    9
1308    12    12    1    665.886511662    1
1309    23    11    10    666.091953778    8
1310    5    5    3    667.624399124    5
1311    13    2    13    668.363348322    2
1312    21    4    8    668.676553136    1
1313    8    4    6    669.33027641    3
1314    15    14    0    670.150737744    1
1315    6    4    3    670.353276296    6
1316    18    16    6    670.605613612    8
1317    14    7    10    670.606182962    4
1318    22    13    15    670.967860632    6
1319    11    9    2    671.666473136    1
1320    5    0    1    672.113239839    7
1321    22    10    2    672.263254692    10
1322    8    2    4    672.447613813    7
1323    12    10    1    673.280011177    10
1324    6    4    0    673.683942248    2
1325    4    0    3    674.448878386    10
1326    24    7    19    675.658568789    6
1327    24    9    13    676.030623004    3
1328    23    2    20    676.066244259    8
1329    24    8    3    676.256647471    6
1330    21    1    2    676.345675053    10
1331    10    3    3    676.609784233    4
1332    2    0    2    677.038383152    3
1333    1    0    0    677.107947305    1
1334    11    2    8    677.230221073    8
1335    5    1    0    677.242391346    10
1336    19    19    12    678.131763487    1
1337    8    6    8    678.212754062    10
1338    25    16    11    678.320255353    2
1339    4    0    1    678.650116729    5
1340    25    0    2    679.134034507    3
1341    23    10    4    679.552137613    3
1342    23    14    6    679.808503766    4
1343    3    0    2    680.18817423    2
1344    19    9    2    680.292910908    4
1345    16    5    13    680.903526174    3
1346    5    2    4    681.030366495    9
1347    24    10    5    682.139103579    3
1348    14    13    8    682.312567992    2
1349    25    18    17    682.837530117    10
1350    1    0    0    683.016311582    5
1351    17    5    13    683.266157305    8
1352    10    9    5    684.119107875    4
1353    18    7    13    685.809880515    5
1354    24    1    12    685.931386891    4
1355    8    3    3    686.288459956    9
1356    23    13    7    686.736929299    9
1357    4    2    2    687.207821721    3
1358    6    3    1    687.214125272    7
1359    13    0    8    687.478782742    8
1360    23    15    14    688.830664433    9
1361    4    2    2    689.32163998    6
1362    20    20    15    689.639669357    2
1363    1    1    0    689.900384692    4
1364    12    11    4    690.129955199    7
1365    3    3    0    690.524661649    8
1366    12    8    8    691.09082532    10
1367    19    8    14    691.125843495    5
1368    17    10    0    691.248976034    5
1369    10    8    8    691.968200051    7
1370    12    9    2    692.25449349    7
1371    13    10    13    692.32937972    8
1372    21    19    16    693.625936093    9
1373    16    1    16    694.314247526    1
1374    9    3    3    694.970178726    6
1375    1    0    1    695.21619923    8
1376    25    0    3    696.625833807    1
1377    15    7    13    696.848311624    5
1378    7    3    4    697.17486119    5
1379    18    17    17    697.414685651    9
1380    22    20    18    697.567433177    10
1381    25    2    17    697.90157288    6
1382    7    7    4    698.430021942    7
1383    19    9    10    699.373819083    7
1384    1    0    1    699.867488649    8
1385    1    0    0    699.874130472    3
1386    9    5    6    699.943513313    2
1387    7    1    6    699.975810586    9
1388    3    2    3    700.104360397    2
1389    19    10    15    700.839752946    7
1390    17    5    16    700.973526843    9
1391    14    1    7    701.963214282    8
1392    11    5    9    702.076266385    10
1393    1    0    0    702.568197103    8
1394    19    10    10    702.715169417    10
1395    4    4    0    702.987569957    9
1396    23    8    20    704.429167741    10
1397    17    14    0    704.487145363    3
1398    14    1    10    704.52335445    4
1399    9    4    3    704.639124529    3
1400    12    10    8    704.770112675    6
1401    5    1    0    705.671765661    8
1402    10    3    2    706.153792863    6
1403    4    0    2    706.89020037    6
1404    14    4    3    707.125199929    4
1405    2    1    1    707.255002151    5
1406    5    5    4    708.087343256    9
1407    15    0    6    708.115735326    2
1408    12    12    5    708.157533135    9
1409    22    9    13    708.760581193    9
1410    22    15    5    708.831750363    10
1411    17    9    15    709.33858774    3
1412    15    14    5    709.749651057    9
1413    19    6    18    711.051702591    4
1414    1    0    0    712.433830053    4
1415    5    1    0    713.234669409    1
1416    15    2    5    714.010434599    9
1417    18    16    17    714.782244225    3
1418    7    4    3    715.263773289    6
1419    8    4    0    715.517222585    10
1420    9    4    1    716.235832458    1
1421    9    3    4    716.255453374    10
1422    20    1    16    716.498920945    7
1423    17    8    1    717.091928433    6
1424    1    0    1    718.819138005    3
1425    21    3    12    718.850377306    5
1426    24    9    10    719.221368355    4
1427    14    5    2    719.351284408    8
1428    19    17    0    719.82229019    9
1429    10    10    7    720.366155408    4
1430    5    3    1    720.920382108    2
1431    9    3    7    722.411897141    10
1432    24    20    1    723.039045218    10
1433    1    1    0    723.251343175    8
1434    12    10    2    723.51026915    10
1435    14    14    8    724.380829481    5
1436    15    5    10    725.054797905    2
1437    5    2    3    725.080213361    10
1438    14    12    5    727.520126521    3
1439    25    6    14    727.793695717    2
1440    5    0    0    728.533312786    6
1441    12    3    1    728.821842599    3
1442    1    1    1    729.075788632    8
1443    15    6    15    729.294052603    9
1444    22    21    6    729.970732288    8
1445    11    10    6    730.085543723    2
1446    16    0    2    730.206362281    5
1447    7    0    1    730.910393462    4
1448    16    7    12    731.467612224    3
1449    16    7    0    731.986185954    2
1450    23    9    1    732.587172489    10
1451    17    14    9    732.9786173    5
1452    2    2    2    733.291031287    10
1453    1    0    1    733.359653662    1
1454    8    0    7    734.273330854    9
1455    7    1    6    736.814000627    5
1456    8    5    8    737.238716365    1
1457    10    8    4    737.600909211    5
1458    9    1    4    737.632967073    3
1459    22    2    12    738.00505367    7
1460    13    6    9    738.489607457    1
1461    8    4    8    739.003917234    6
1462    2    2    0    739.461834956    6
1463    3    1    3    740.089915068    4
1464    20    20    0    740.698173549    6
1465    23    3    10    741.201610366    8
1466    25    1    4    741.839440285    2
1467    3    1    3    742.431735256    6
1468    17    14    17    743.258997595    1
1469    10    5    3    743.444508441    1
1470    2    1    1    743.987938019    7
1471    23    9    22    744.540376779    9
1472    16    8    12    744.696576014    3
1473    24    18    18    745.17193571    5
1474    3    3    0    745.399015375    1
1475    22    20    7    745.612458302    9
1476    5    0    2    746.834242214    10
1477    3    3    1    747.056999212    1
1478    25    7    25    747.975626002    9
1479    12    1    9    748.170487323    4
1480    11    0    3    749.426035862    10
1481    4    3    0    750.071877704    9
1482    6    5    0    750.248544259    7
1483    2    2    1    750.347491505    1
1484    20    7    20    750.727830272    5
1485    8    6    2    751.560079365    7
1486    19    5    13    751.847314861    1
1487    24    18    8    752.833369128    5
1488    2    1    1    753.408502406    7
1489    7    2    2    753.931883103    4
1490    5    3    3    754.36268087    4
1491    25    9    3    754.45879565    8
1492    7    0    7    755.280082513    7
1493    2    0    2    755.451181416    8
1494    5    2    1    755.575127191    3
1495    1    1    1    755.802378255    8
1496    10    2    8    756.963406428    8
1497    18    9    16    757.739598905    7
1498    5    0    1    757.902265653    3
1499    19    1    13    758.087356066    8
1500    21    13    9    758.807202608    2
1501    18    1    18    759.682690118    6
1502    12    1    1    759.802415694    6
1503    16    10    3    759.979398964    6
1504    25    7    15    761.08731432    1
1505    21    1    17    761.425005167    7
1506    11    7    4    761.862583609    10
1507    24    18    5    763.187571141    10
1508    24    1    7    763.187673657    10
1509    24    9    15    763.878977252    2
1510    15    15    7    763.99061385    3
1511    6    2    4    764.47871017    1
1512    16    5    9    765.284582304    6
1513    23    21    7    766.175102115    7
1514    15    15    15    767.070152356    4
1515    19    6    5    767.659292228    2
1516    20    14    9    767.850364481    7
1517    5    5    4    767.960225797    5
1518    17    15    15    768.338256232    3
1519    9    8    0    768.888831852    8
1520    6    2    5    769.031613078    1
1521    17    16    6    770.850019252    2
1522    9    3    6    770.940001487    4
1523    15    0    2    771.301620438    3
1524    4    4    3    771.452748987    3
1525    16    6    4    771.543185264    10
1526    8    6    0    771.677409054    7
1527    24    20    22    773.175815511    3
1528    7    1    6    773.713391776    10
1529    12    0    3    774.668859523    2
1530    14    9    14    774.722118361    5
1531    14    1    7    774.758407776    9
1532    5    2    5    775.131930541    6
1533    7    2    3    775.261826755    4
1534    6    1    1    775.383167697    4
1535    22    18    4    775.937175456    7
1536    20    3    7    775.971091437    1
1537    6    3    5    776.051452516    2
1538    24    11    19    776.074236687    8
1539    9    1    7    776.318405189    8
1540    17    5    7    776.554368111    9
1541    3    2    0    776.771007541    8
1542    4    2    0    778.424763536    10
1543    25    14    9    778.486332804    6
1544    17    11    17    779.048166546    4
1545    6    1    5    779.2908453    2
1546    5    4    3    779.634873505    2
1547    1    0    0    780.51674253    7
1548    18    6    18    780.852902127    4
1549    8    4    7    781.791733826    9
1550    19    4    6    781.934114971    10
1551    25    17    19    783.19616062    7
1552    22    11    15    783.20335952    8
1553    19    4    1    784.035789827    7
1554    21    13    11    784.511996829    9
1555    20    6    18    784.618807443    6
1556    13    8    10    786.067179104    8
1557    23    4    18    786.312211403    6
1558    12    7    9    786.781433053    9
1559    5    0    5    786.875192783    5
1560    16    3    9    786.952162327    5
1561    22    9    0    786.986861128    7
1562    16    13    0    788.306632237    6
1563    10    10    3    788.563361593    1
1564    18    1    1    789.318383936    10
1565    13    10    11    789.38493421    10
1566    1    1    1    789.529866843    3
1567    21    17    3    790.107458102    4
1568    19    5    6    790.353150281    5
1569    25    20    20    790.819353003    3
1570    21    19    21    791.060349921    6
1571    3    2    3    791.460438769    6
1572    16    2    8    791.505259256    2
1573    12    8    8    791.852882724    5
1574    10    3    8    793.296753359    7
1575    8    1    4    794.119418165    5
1576    10    8    10    794.146392094    8
1577    21    12    17    794.180289856    3
1578    8    5    1    794.463616271    6
1579    23    21    11    794.721503636    1
1580    25    5    18    795.657277278    9
1581    23    18    11    795.72862807    2
1582    22    15    5    796.214819645    1
1583    25    17    4    797.750193521    7
1584    10    5    0    797.816543011    2
1585    1    1    1    798.220065568    7
1586    16    7    15    798.474111823    2
1587    21    5    12    798.656378702    1
1588    23    11    19    799.787698185    6
1589    4    2    1    800.015288383    3
1590    8    6    2    800.337443461    2
1591    18    5    15    801.108328729    6
1592    17    3    9    801.20294506    1
1593    6    4    4    801.290294245    1
1594    6    2    1    801.629560995    1
1595    14    9    10    802.380017243    2
1596    1    1    1    803.340591109    6
1597    11    4    4    803.892141876    1
1598    12    5    8    804.210787225    5
1599    5    0    1    804.788360412    4
1600    21    7    0    805.371022607    2
1601    17    8    12    805.394822695    1
1602    4    1    0    805.740652736    6
1603    21    18    1    809.027694211    5
1604    5    5    2    810.308812972    2
1605    5    2    2    811.371913539    2
1606    6    1    1    811.430662663    9
1607    19    3    13    811.667758765    7
1608    13    2    5    811.957991668    10
1609    18    10    15    813.064592455    8
1610    24    5    21    813.151927998    8
1611    1    0    0    813.264828639    3
1612    14    6    6    813.768021292    8
1613    8    5    4    815.215134699    10
1614    6    6    4    816.011299062    7
1615    23    19    16    816.246217576    4
1616    5    3    4    816.991474547    1
1617    21    12    12    817.272617713    7
1618    15    8    4    818.350909207    7
1619    17    9    14    818.771298777    10
1620    10    0    0    818.885168357    1
1621    4    1    3    819.44612192    4
1622    20    0    5    819.935683576    3
1623    8    1    4    820.033754776    8
1624    2    1    1    820.199581316    8
1625    3    2    3    820.227016205    5
1626    17    3    16    820.249840209    7
1627    23    8    16    820.532973366    4
1628    7    4    1    820.594503424    5
1629    16    16    3    820.646398766    2
1630    12    0    10    821.061956208    6
1631    17    1    12    821.820553559    6
1632    6    3    4    821.850763028    5
1633    7    4    1    822.783140313    7
1634    3    2    2    822.819662365    5
1635    19    14    19    824.267944424    8
1636    15    13    11    824.797004682    4
1637    12    9    1    825.779487588    7
1638    20    1    5    826.297411835    8
1639    19    14    9    826.527996256    3
1640    19    16    18    827.716336749    8
1641    1    1    0    828.742171034    6
1642    24    21    15    829.381798539    5
1643    8    3    3    829.673716131    3
1644    10    6    2    830.080189921    2
1645    22    11    16    830.633447929    1
1646    19    12    3    831.062177766    9
1647    24    9    19    831.698694614    4
1648    6    1    4    832.124333389    8
1649    10    9    6    832.264434631    3
1650    4    0    0    832.441052655    8
1651    7    4    1    832.48253382    2
1652    15    1    4    833.037451916    6
1653    4    2    2    833.782327828    5
1654    12    4    5    834.34408446    1
1655    22    22    19    834.537565071    1
1656    8    7    7    835.197715549    1
1657    23    21    8    835.252435744    10
1658    2    0    0    836.727909919    6
1659    22    2    17    836.813320502    7
1660    11    7    6    837.080948523    7
1661    10    9    2    838.660568295    7
1662    11    0    3    838.898160427    2
1663    25    13    8    838.918309339    4
1664    15    9    15    839.025340846    10
1665    10    1    4    839.513001607    2
1666    21    3    21    839.87451522    10
1667    19    16    8    840.22372195    2
1668    13    1    11    840.559922139    9
1669    19    4    18    842.02672741    8
1670    5    3    0    842.217261144    10
1671    6    0    1    842.661898869    2
1672    18    2    12    842.958665708    7
1673    12    4    2    843.053420519    4
1674    1    0    1    845.462198284    6
1675    22    11    15    847.256201863    9
1676    8    3    2    847.270386622    10
1677    22    3    11    847.636185817    9
1678    10    3    5    847.65312402    8
1679    12    5    1    847.67909675    5
1680    14    11    12    847.955360962    7
1681    8    1    2    848.421663029    10
1682    17    16    4    849.252572446    3
1683    20    13    0    850.224022935    3
1684    11    10    0    850.862502698    3
1685    15    0    4    850.991606071    9
1686    7    2    5    852.5538488    5
1687    16    5    2    852.617345862    8
1688    23    4    11    853.936401575    4
1689    16    14    5    854.691328463    4
1690    18    13    3    855.268095401    9
1691    14    14    12    855.314809531    8
1692    15    8    2    855.4359094    8
1693    7    0    1    855.523098401    10
1694    15    4    10    856.628581217    7
1695    22    17    3    856.817954684    2
1696    22    8    17    856.88226789    7
1697    10    9    6    858.859233005    7
1698    6    6    3    859.164162909    9
1699    6    5    6    859.432338079    3
1700    8    6    0    860.107972599    6
1701    17    1    0    861.378259247    10
1702    17    9    7    861.393483789    4
1703    1    1    1    862.231554455    10
1704    16    14    15    862.573687054    7
1705    7    7    4    863.128499324    3
1706    4    3    3    863.386603775    2
1707    20    14    15    863.758189228    10
1708    12    9    9    863.790115847    6
1709    21    13    18    863.986815724    1
1710    3    0    1    864.530343151    3
1711    8    6    7    864.565008652    2
1712    1    0    0    865.332606942    2
1713    14    12    14    865.826101631    9
1714    20    2    16    866.219506246    6
1715    7    6    2    866.291472126    2
1716    6    4    6    866.886063589    8
1717    19    3    16    867.057660365    2
1718    1    0    1    867.358626507    5
1719    17    12    5    867.406721837    6
1720    23    19    0    867.923443784    7
1721    23    1    7    868.306689725    4
1722    25    24    5    869.181984786    1
1723    4    0    0    869.263558857    3
1724    1    0    1    869.814149923    7
1725    12    3    9    871.299302495    1
1726    10    4    9    871.433052708    5
1727    22    11    13    871.615272128    8
1728    21    5    14    871.88740622    2
1729    23    5    2    872.396893802    8
1730    18    12    8    872.665551565    2
1731    13    2    4    872.916357742    10
1732    25    6    16    873.950458739    1
1733    3    0    1    873.955548576    3
1734    19    8    4    874.623531308    2
1735    8    5    3    875.923392105    1
1736    4    1    1    876.066968988    3
1737    17    10    11    876.174140653    5
1738    25    14    0    876.623688364    3
1739    21    12    4    877.444729039    6
1740    19    16    6    877.502500302    2
1741    7    4    6    877.6334976    1
1742    21    10    2    877.79188515    5
1743    8    0    1    877.900225331    8
1744    22    11    15    878.179106374    3
1745    4    3    3    878.293316283    3
1746    20    2    18    878.326115517    4
1747    11    1    8    878.365689155    9
1748    23    13    19    878.533465963    10
1749    3    3    1    878.742240884    3
1750    16    7    15    880.683988124    1
1751    2    2    0    881.893282209    7
1752    17    1    10    882.160895539    2
1753    16    12    2    882.537820891    5
1754    24    0    10    882.699923718    7
1755    5    0    3    883.569773256    4
1756    9    2    0    883.658898679    10
1757    3    2    0    883.935328046    10
1758    23    7    21    885.695248721    9
1759    10    6    8    887.642902786    10
1760    21    10    12    888.021255658    8
1761    14    11    14    888.357379561    6
1762    7    3    4    888.621921791    4
1763    11    8    3    888.818857364    7
1764    15    10    8    888.883850035    3
1765    13    3    1    889.145692166    2
1766    2    1    2    889.176491159    8
1767    1    1    0    889.454638809    8
1768    7    0    5    889.536935709    7
1769    15    9    14    890.169294978    4
1770    14    9    14    890.404644372    2
1771    18    14    8    892.1320942    10
1772    24    2    10    892.235551643    1
1773    21    18    12    892.673433431    6
1774    13    12    9    892.856624447    3
1775    11    9    5    893.604949296    9
1776    11    7    4    893.64061886    8
1777    6    0    1    894.610941297    9
1778    7    3    2    894.728907932    2
1779    24    8    20    894.993058114    9
1780    3    2    0    896.176075725    7
1781    6    0    4    896.37917938    7
1782    5    1    5    897.021413371    10
1783    15    9    10    897.253172362    7
1784    18    12    4    897.750982235    1
1785    11    6    9    899.716295815    1
1786    10    2    8    899.875402811    10
1787    22    10    12    900.581897667    6
1788    4    4    2    900.832347979    7
1789    17    7    10    901.265805014    6
1790    9    6    2    902.233776638    2
1791    9    4    9    902.264252818    7
1792    24    5    6    902.338021389    4
1793    20    18    1    902.46543511    1
1794    13    10    11    902.971878292    1
1795    8    8    5    903.156426778    8
1796    7    0    4    903.60888266    5
1797    15    4    14    904.199179595    4
1798    16    11    4    905.761913863    8
1799    23    13    7    906.47411923    2
1800    14    1    1    907.176118588    1
1801    12    5    10    907.428922728    7
1802    3    1    0    907.442496626    4
1803    14    6    11    908.176250217    5
1804    11    8    3    908.269383413    9
1805    6    6    5    908.273954939    6
1806    11    5    0    908.340933739    6
1807    16    1    4    908.360922851    10
1808    21    6    3    908.480422412    5
1809    4    1    2    909.232178232    5
1810    8    7    1    909.271607468    3
1811    9    7    0    909.285318552    2
1812    12    5    8    909.521903449    6
1813    9    5    5    910.337697934    8
1814    15    6    4    911.277071251    7
1815    24    14    4    911.350031503    1
1816    17    10    7    912.055385185    2
1817    11    4    11    912.151984547    8
1818    24    7    7    912.391    4
1819    16    3    5    912.742244224    10
1820    12    12    5    913.227813285    1
1821    10    8    6    914.247013222    4
1822    6    0    6    914.351884476    9
1823    20    9    5    915.49294201    7
1824    23    4    1    915.714613888    2
1825    14    12    2    916.311981134    9
1826    25    3    19    916.711610297    6
1827    23    17    5    916.76686386    7
1828    17    6    9    917.256461615    6
1829    2    0    0    918.262289462    3
1830    14    11    4    920.340761748    10
1831    7    3    0    920.653681782    8
1832    14    13    13    921.094772814    4
1833    15    12    1    921.397998577    1
1834    14    13    0    921.619973366    5
1835    8    0    5    922.075543389    8
1836    11    2    7    923.491701413    4
1837    8    1    4    923.975942764    8
1838    22    2    4    926.88007393    6
1839    22    0    12    927.029704416    3
1840    8    3    7    927.433286562    4
1841    13    12    0    927.641027202    6
1842    6    3    0    927.748695915    2
1843    14    7    3    927.925340395    3
1844    10    3    5    928.018641779    2
1845    1    0    1    928.161169012    7
1846    11    1    8    928.947231668    5
1847    1    1    1    929.171468251    6
1848    11    0    8    929.268397715    2
1849    13    7    9    930.485623571    2
1850    14    10    3    931.79452297    8
1851    13    12    12    931.852890955    3
1852    19    13    3    932.11279745    5
1853    23    0    20    935.457322597    3
1854    6    1    3    935.827259043    3
1855    5    4    4    936.856950346    8
1856    5    0    3    937.753554642    5
1857    12    9    4    938.142285835    7
1858    17    8    1    938.83526518    6
1859    2    2    2    939.380419853    8
1860    16    3    3    939.896115752    6
1861    2    1    1    940.594447916    7
1862    3    0    0    940.772658341    9
1863    8    6    0    942.516893073    6
1864    18    18    9    942.804024962    4
1865    19    8    17    942.838920754    3
1866    16    8    8    943.321163501    6
1867    13    12    6    943.38875713    6
1868    23    5    1    943.536762086    4
1869    5    0    0    943.677857848    9
1870    24    15    9    944.833020545    1
1871    4    0    3    945.211122139    5
1872    10    1    5    946.53888465    7
1873    25    7    15    946.769504125    5
1874    10    2    6    947.830887629    10
1875    24    9    20    948.060279482    10
1876    4    4    2    948.741474824    4
1877    8    3    3    948.887823285    2
1878    8    3    6    949.127636842    2
1879    18    5    9    949.942992432    9
1880    14    6    2    950.812685733    5
1881    6    6    5    951.04962878    1
1882    9    2    4    951.187787412    1
1883    16    10    4    951.798768743    7
1884    11    9    3    951.947608792    8
1885    19    13    18    952.145697199    2
1886    22    3    17    952.24771948    10
1887    4    0    4    952.280113803    10
1888    11    9    2    953.159887797    6
1889    6    2    3    953.252767507    8
1890    11    0    7    953.470610647    4
1891    6    2    0    953.962790702    2
1892    7    4    7    954.090594123    2
1893    7    4    2    955.370377768    6
1894    17    17    6    955.658356143    8
1895    24    23    19    955.6858606    5
1896    19    18    1    955.738575618    2
1897    25    11    7    955.822484462    7
1898    20    10    20    956.830927366    8
1899    5    0    5    957.34071909    4
1900    24    19    20    959.445204139    5
1901    2    2    1    959.900021056    6
1902    8    1    5    959.997768254    4
1903    10    5    0    961.059991332    10
1904    18    13    5    961.19919643    7
1905    24    4    5    961.349026787    5
1906    5    1    2    961.472303798    7
1907    9    5    1    962.445193399    3
1908    18    17    11    962.698097584    10
1909    8    7    1    963.03384007    5
1910    18    10    3    963.408571019    1
1911    2    0    1    963.542017807    5
1912    23    2    9    964.45548155    4
1913    13    8    8    964.712791401    9
1914    7    1    0    964.740943112    2
1915    12    0    5    965.477058004    4
1916    25    7    1    965.780633357    1
1917    25    20    6    967.355457482    4
1918    3    0    1    967.419396899    6
1919    10    4    2    969.00632575    7
1920    23    22    10    969.021745059    2
1921    19    0    2    969.287353268    5
1922    12    6    4    969.796912723    10
1923    7    1    7    969.870952167    7
1924    23    3    19    970.994661132    1
1925    12    12    6    971.23790025    5
1926    3    1    1    971.573252249    9
1927    25    25    8    971.601715775    3
1928    9    5    2    972.57729843    7
1929    6    5    2    972.847256988    4
1930    16    7    2    973.079442783    8
1931    4    1    3    973.497196738    2
1932    12    11    8    973.515095505    10
1933    17    4    17    973.636572349    10
1934    7    3    5    974.646844614    10
1935    22    4    19    975.026962314    1
1936    4    4    0    975.20641722    7
1937    13    2    0    975.236220008    9
1938    20    20    12    976.581344089    7
1939    11    2    9    976.599233275    8
1940    20    17    20    977.848650937    3
1941    16    9    12    977.963275433    8
1942    8    3    4    978.06152265    6
1943    10    10    8    978.930705387    4
1944    9    8    0    979.000198312    10
1945    8    2    7    979.214339624    7
1946    19    14    12    979.649289451    8
1947    17    10    1    979.781296824    5
1948    25    14    25    979.877964514    9
1949    17    13    9    980.306920746    6
1950    4    1    2    981.633169828    4
1951    21    4    10    982.63472648    10
1952    11    3    3    983.153864834    5
1953    6    1    1    983.291553882    5
1954    19    3    2    983.765524302    9
1955    6    5    6    984.125602236    8
1956    5    0    5    984.788047492    4
1957    8    8    8    985.648454857    10
1958    17    17    1    986.154946642    3
1959    2    2    1    986.372334217    1
1960    22    0    18    986.452507308    2
1961    10    4    4    986.493077659    6
1962    11    2    2    986.59917527    3
1963    21    5    11    986.699445822    3
1964    20    11    15    986.940906493    7
1965    19    8    6    986.966635011    1
1966    10    4    2    987.15535899    5
1967    5    4    0    987.510298907    5
1968    3    0    1    988.266626453    8
1969    18    13    10    988.527973542    8
1970    1    1    1    988.730205341    3
1971    23    17    2    989.327541748    1
1972    2    2    2    989.430918095    10
1973    25    13    16    989.671387931    9
1974    16    9    16    990.213024675    9
1975    1    1    0    990.368686857    8
1976    6    2    2    990.862150476    1
1977    1    1    0    991.314454974    2
1978    16    0    15    991.41712266    5
1979    18    13    15    991.579457244    8
1980    12    12    6    991.717148805    10
1981    3    1    0    992.435163371    6
1982    21    9    15    993.003778201    10
1983    3    1    0    993.165237007    10
1984    22    22    6    993.661025457    1
1985    6    0    5    993.733428293    1
1986    19    0    7    995.198753648    2
1987    24    4    2    995.305646756    7
1988    17    8    8    996.044767358    3
1989    6    0    2    996.067563923    6
1990    1    1    1    997.071101294    3
1991    2    1    0    997.348176901    7
1992    9    2    9    997.755430169    7
1993    24    5    17    998.026284815    4
1994    11    6    1    998.209692237    3
1995    5    3    1    998.261454443    1
1996    6    2    1    998.723531166    1
1997    8    2    2    998.995426409    8
1998    2    0    1    999.209164001    6
1999    9    1    0    999.686832091    6
2000    6    1    1    999.958476165    2
