;job_number  cpu#  ssd#  gpu#  submit  runtime
1    8    5    0    0.264915114288    3
2    4    1    1    0.546974519392    5
3    5    0    5    0.978154268505    8
4    14    12    13    2.72447635032    7
5    20    5    16    2.97257290095    8
6    13    6    5    4.45189722176    10
7    14    2    0    5.47038236162    9
8    9    6    9    6.06756968791    8
9    18    11    5    7.34077059003    2
10    18    8    16    9.14378548267    5
11    2    0    2    9.25305809659    7
12    6    5    6    10.1426005472    8
13    20    10    6    10.8055228533    6
14    18    2    2    11.0720299076    4
15    8    3    3    11.7185612378    5
16    17    4    9    12.6048122408    2
17    22    1    13    14.4189867532    3
18    19    4    1    14.5715186367    6
19    16    14    4    15.44233799    10
20    7    3    3    15.8747330311    9
21    20    11    10    16.1553343153    1
22    10    9    6    17.4026533018    3
23    22    8    4    18.2552160873    2
24    13    3    12    19.0828220503    6
25    9    5    4    19.379968971    9
26    20    7    8    19.4063785008    9
27    25    25    7    19.5536328665    3
28    16    0    0    19.9061843543    8
29    22    3    21    20.5063864239    6
30    19    19    17    22.2341854935    4
31    9    7    4    22.7625693202    1
32    23    18    13    22.9379792312    5
33    19    0    9    23.0880859661    10
34    17    2    1    24.2299842174    7
35    7    6    3    24.4432891971    10
36    21    4    18    24.4438780376    6
37    24    18    11    24.6865552827    2
38    3    1    0    24.8671591151    6
39    25    20    10    25.3810532795    6
40    25    19    19    26.3793029823    4
41    13    6    8    27.1555052588    6
42    25    23    1    27.5393552067    1
43    17    10    10    27.9195072321    4
44    4    4    1    28.0970389246    3
45    21    15    21    28.2642342736    10
46    17    13    9    28.42520977    8
47    6    5    5    29.6040913822    6
48    11    3    7    30.1635641637    9
49    13    5    2    31.2174811073    10
50    12    0    12    31.4823819298    4
51    9    2    4    32.0233796012    2
52    13    12    10    32.8897773151    7
53    23    20    4    32.9442726851    4
54    4    4    4    33.9172621865    5
55    15    11    1    34.2190372838    9
56    7    6    3    34.8939573041    2
57    21    7    3    35.1476437035    6
58    8    7    5    35.3145545633    5
59    4    2    3    35.7103252691    6
60    1    1    0    36.1877444472    5
61    5    4    3    36.5758256924    9
62    21    4    16    37.222862954    5
63    7    0    1    37.2344622178    2
64    22    19    18    38.6354366821    5
65    18    13    0    39.5864941305    8
66    16    9    11    39.933899609    6
67    1    1    0    42.0524369743    5
68    17    17    9    43.3384727843    5
69    5    0    3    43.783308967    7
70    13    1    12    44.1242324265    4
71    2    1    0    44.6911167174    7
72    15    0    3    45.3648145094    2
73    3    2    1    45.5083999081    5
74    13    8    6    45.8097828938    1
75    3    2    0    45.8488982972    4
76    17    0    2    46.0284232187    9
77    2    0    1    46.733219234    8
78    25    24    25    47.5008555474    4
79    22    0    17    47.8180424057    5
80    3    1    0    47.8979856546    1
81    16    12    15    48.1208724966    9
82    17    15    9    48.395403788    6
83    10    7    4    48.6657378603    9
84    17    9    10    53.5972107193    7
85    7    7    6    53.8038830063    1
86    22    14    21    54.0917289554    1
87    5    5    2    54.9781787332    7
88    14    12    11    55.1582022156    1
89    5    4    1    57.9415901815    4
90    2    2    2    58.7320478896    4
91    8    1    2    58.9829235559    7
92    12    9    0    60.0662405703    1
93    25    20    15    60.1105648425    8
94    12    2    2    60.9894140616    7
95    20    12    8    61.5268942361    6
96    14    0    12    61.826647337    10
97    12    10    2    62.3318322127    4
98    4    3    4    62.7030201945    2
99    11    1    7    62.7913896723    3
100    18    16    2    62.8785660998    2
101    12    12    6    62.8818623375    9
102    20    18    14    63.1527765241    7
103    15    15    8    63.2632236421    8
104    9    5    3    63.3636024683    2
105    3    0    3    64.0373357333    6
106    4    2    2    64.2391116166    2
107    25    23    5    65.7218036885    3
108    12    3    12    66.1775089971    6
109    9    1    6    66.8561780967    8
110    14    12    8    67.1559069481    9
111    3    1    0    67.7395716538    5
112    6    5    0    68.1674040375    7
113    20    18    20    68.8753716983    8
114    10    9    4    69.7073098562    6
115    9    0    1    72.3148019999    6
116    17    11    15    73.8523131794    3
117    16    0    5    73.9050127902    2
118    7    1    5    74.2254432445    3
119    8    8    3    74.6657982325    5
120    25    5    13    75.4453920515    8
121    19    17    2    75.5594374186    4
122    1    1    1    76.3533380493    6
123    17    9    15    76.5619550682    8
124    15    0    10    79.1842952454    6
125    18    8    17    79.3490951116    1
126    8    0    8    81.8109647842    7
127    11    5    9    83.7015212483    2
128    14    3    0    83.9543121734    1
129    14    4    11    84.1709206988    5
130    7    5    3    84.4590965399    4
131    20    6    2    87.358683142    4
132    20    10    16    87.6551545443    10
133    8    5    1    88.0273561435    7
134    11    9    4    88.120184629    2
135    9    5    2    88.6071705777    3
136    3    2    2    88.9326422642    4
137    13    13    12    89.0127414084    3
138    3    1    2    89.1690512373    7
139    23    20    12    89.4425626149    9
140    8    1    6    90.5870448433    7
141    23    12    9    90.6493570055    6
142    7    6    4    91.0164499293    7
143    22    8    13    91.7138045315    3
144    23    22    6    91.9805483852    2
145    13    10    11    92.2956680988    5
146    22    15    3    92.7643788935    5
147    12    10    10    94.3755581968    3
148    13    10    3    94.3942330799    10
149    18    2    1    94.5282141514    10
150    8    6    8    95.3540303409    1
151    13    12    0    95.7356244067    9
152    17    3    13    96.7123164554    9
153    23    14    18    96.8155218247    8
154    14    11    8    97.3679743835    7
155    10    9    8    97.5083252954    8
156    6    3    2    97.5838428775    10
157    23    21    14    98.4299288118    2
158    4    1    3    98.5392121925    4
159    17    9    8    99.0374893904    1
160    10    0    7    99.0934614367    4
161    21    15    5    99.9421186734    4
162    13    8    13    100.712484028    9
163    8    8    5    100.934166969    9
164    14    6    7    102.377050465    5
165    18    15    17    102.972734208    1
166    19    12    3    103.225010382    10
167    3    2    1    103.512314133    1
168    20    2    12    103.699965445    10
169    16    6    6    103.893763961    4
170    12    12    4    104.176781605    1
171    14    12    3    104.332142764    3
172    17    2    7    104.387950856    10
173    6    1    1    104.390959089    6
174    20    11    20    104.581863131    1
175    2    1    0    104.851752849    2
176    1    0    0    104.962550288    9
177    13    4    7    105.251598086    4
178    12    5    12    106.208960406    9
179    17    9    6    106.958657188    9
180    10    1    2    108.024025775    1
181    23    19    17    109.428591129    6
182    23    1    7    109.600063206    4
183    15    10    13    109.936634172    6
184    1    1    0    110.209307644    7
185    8    6    4    110.483027513    1
186    14    10    14    110.533070152    3
187    15    1    10    113.058402282    9
188    18    8    8    113.236694582    8
189    15    5    2    113.793539066    2
190    1    1    1    115.847411765    4
191    8    3    3    116.34026503    7
192    21    13    4    118.124423471    7
193    18    7    8    118.68522706    2
194    14    3    5    118.949422435    3
195    11    1    5    119.196105273    10
196    19    4    13    119.523095591    4
197    16    7    7    119.650199588    8
198    22    18    7    119.776463036    10
199    10    9    5    120.329523065    3
200    17    10    14    122.349466208    4
201    23    5    16    123.116703286    7
202    9    1    1    124.368419767    5
203    20    12    12    125.340933404    9
204    25    0    9    125.632932052    9
205    23    10    12    126.146623843    4
206    5    0    1    126.251618994    1
207    21    19    13    126.636976051    6
208    23    19    7    127.802484682    1
209    2    1    0    128.489678748    10
210    11    6    6    128.679294586    5
211    10    5    1    129.363468672    1
212    6    2    5    129.532111313    10
213    18    11    12    129.996222871    6
214    5    2    2    130.141437325    10
215    5    5    1    130.472948156    5
216    18    15    9    131.596078994    5
217    21    18    3    133.061692923    6
218    12    1    0    133.770771587    1
219    9    4    9    135.0918535    10
220    15    9    10    135.391370168    10
221    20    3    9    135.633604742    10
222    12    3    1    137.554340333    10
223    9    9    2    137.7786648    2
224    15    5    3    137.792204847    7
225    18    9    12    139.013047874    9
226    2    1    1    140.100384268    10
227    2    2    0    140.293043861    2
228    23    15    1    140.50196745    10
229    13    9    11    141.803362966    4
230    13    10    7    142.700949215    5
231    17    15    9    143.264337133    4
232    5    0    2    143.321574048    8
233    25    6    7    143.374387536    1
234    6    0    1    144.168160119    7
235    18    15    16    144.898442737    4
236    22    14    4    145.602643383    10
237    3    0    1    145.837663012    10
238    11    1    9    146.145466007    10
239    25    9    8    147.003603488    9
240    20    5    3    147.046304376    7
241    11    11    10    147.32900286    1
242    5    4    3    148.406682476    9
243    23    11    11    148.59731937    1
244    20    11    1    149.203237943    10
245    10    6    0    149.341629202    10
246    23    20    17    149.841053455    1
247    1    0    0    152.028649837    8
248    20    14    10    152.164525233    8
249    4    2    0    152.349737278    7
250    17    1    10    152.586323399    5
251    8    7    4    152.696958907    8
252    5    4    4    152.968932595    5
253    11    11    7    155.104049608    8
254    8    0    5    156.406810803    6
255    14    7    12    156.558820358    4
256    6    6    6    156.945627736    3
257    15    4    10    157.333382629    10
258    4    1    0    157.409801838    8
259    21    10    7    158.095202757    2
260    18    7    0    159.047878199    7
261    23    16    12    159.215864385    6
262    2    1    0    159.275427675    8
263    14    9    1    159.282986353    8
264    7    6    5    160.319394108    1
265    8    1    1    160.334931365    1
266    11    9    10    160.696421852    2
267    12    7    6    160.759418593    3
268    15    13    5    160.869431633    9
269    18    14    3    161.48475701    9
270    17    11    9    161.741270794    9
271    7    6    7    162.502812614    10
272    12    4    3    163.047527806    4
273    19    4    12    164.195270765    3
274    25    9    13    164.330071958    10
275    9    9    9    164.374454823    3
276    23    19    16    164.648580548    10
277    15    15    2    164.866803637    4
278    13    4    6    165.392283864    5
279    20    11    20    165.968443635    7
280    23    23    20    166.194058819    2
281    24    4    17    166.316008416    1
282    24    14    22    167.083357702    2
283    5    5    2    167.189314419    5
284    21    11    4    168.071422089    2
285    21    6    15    168.163241219    2
286    4    3    2    168.588044766    5
287    13    3    8    169.818983873    7
288    2    2    1    170.114636389    7
289    23    21    3    170.151183907    1
290    3    0    3    171.040333376    3
291    22    15    8    171.29901352    8
292    6    3    6    171.861828864    6
293    22    15    1    172.412310993    10
294    15    4    5    172.928180956    4
295    1    0    0    172.981350915    7
296    17    11    3    173.583646704    9
297    17    13    10    173.628767839    3
298    4    4    3    175.255293505    1
299    17    16    15    176.237207776    7
300    12    6    10    176.636492949    8
301    19    4    1    177.138932052    8
302    21    6    6    177.237213318    8
303    11    7    10    177.39044138    5
304    4    2    4    177.740675536    7
305    20    11    4    178.060815448    6
306    1    0    0    178.133805114    4
307    21    10    3    180.352905356    3
308    20    13    13    181.059332209    8
309    3    0    3    181.980316725    4
310    12    9    4    182.062998603    7
311    15    7    3    182.834614955    6
312    5    4    2    182.839438994    5
313    13    5    12    182.92024997    7
314    25    12    9    184.13409809    4
315    5    4    1    184.638147722    7
316    1    1    0    185.287334059    2
317    19    12    12    185.944956199    6
318    5    1    2    186.187231814    7
319    17    11    0    187.197996119    8
320    20    8    0    187.39374004    5
321    12    8    7    189.772933107    3
322    1    0    1    190.204368748    7
323    7    2    7    190.516558308    6
324    4    4    0    190.678568781    6
325    1    1    0    190.686527178    5
326    12    5    3    191.870279751    1
327    15    14    2    192.279306816    7
328    13    6    9    192.409892984    7
329    20    10    7    193.482305327    8
330    3    3    2    194.698091202    6
331    12    1    7    195.292314177    5
332    1    0    1    196.62973896    4
333    2    2    0    197.260406178    8
334    3    2    1    198.149116241    1
335    25    25    12    198.365631488    4
336    23    18    11    199.899420027    7
337    22    3    9    200.124167744    2
338    10    4    10    200.498533759    9
339    12    10    8    200.850406127    9
340    13    3    7    203.009924441    10
341    15    5    14    203.055364111    9
342    21    13    9    203.996846132    4
343    18    6    0    204.338112426    5
344    21    1    11    205.115733936    8
345    7    0    0    205.970017596    10
346    6    0    4    206.895830832    5
347    20    14    0    208.773869452    5
348    15    13    14    209.760605445    2
349    13    9    0    210.731992456    6
350    8    5    8    211.786671179    8
351    24    2    8    211.842520219    10
352    8    1    8    212.454966374    8
353    25    11    1    212.656571709    2
354    12    5    5    214.484877464    2
355    23    18    8    214.843181214    7
356    1    1    0    215.151239617    8
357    1    1    0    215.673949328    5
358    13    7    7    216.141726091    4
359    5    0    0    216.200283995    3
360    12    2    0    217.078416192    7
361    1    0    0    218.62690754    9
362    2    0    1    219.229430047    10
363    12    12    3    219.953522958    2
364    12    4    2    220.129801252    5
365    21    17    12    221.78584842    8
366    23    6    13    221.827227543    5
367    9    0    4    222.710671725    9
368    13    12    6    223.143008581    1
369    3    0    2    223.558031139    1
370    13    12    0    224.146116557    7
371    18    12    9    224.351056598    8
372    3    0    3    224.372332623    8
373    17    12    2    225.004525839    5
374    17    1    9    225.293921887    8
375    5    1    4    225.966942788    9
376    18    0    18    226.907221011    5
377    24    11    20    227.846971238    5
378    18    12    10    228.577503705    6
379    15    10    10    229.85357318    2
380    1    1    0    230.175688769    10
381    25    20    5    230.223801686    1
382    4    1    4    230.448842048    10
383    14    1    13    230.769123753    7
384    9    2    6    232.419605623    2
385    24    18    3    232.886225376    9
386    10    0    0    233.121084611    3
387    12    1    0    233.154003151    9
388    18    7    0    234.404833478    6
389    16    2    13    236.356084603    4
390    18    0    8    237.06324534    6
391    24    9    17    237.285161784    9
392    5    3    1    237.944894316    5
393    8    8    6    238.007038013    7
394    17    1    12    238.064876022    2
395    21    6    7    238.406003339    4
396    22    18    19    238.718355345    8
397    10    8    8    239.685920188    7
398    21    10    7    240.302622059    3
399    21    8    18    241.378630571    1
400    14    2    7    241.48785637    2
401    18    9    7    242.381943089    3
402    14    5    1    243.265400326    9
403    23    11    18    243.405994288    5
404    13    8    5    243.786312717    8
405    3    1    0    245.871647704    10
406    3    3    0    246.19637458    7
407    6    2    5    247.974997267    7
408    1    1    1    248.361198696    9
409    5    3    5    249.636599704    1
410    7    5    1    250.324322753    8
411    13    6    2    250.893954666    6
412    7    3    2    251.242478335    7
413    11    6    5    251.706100067    6
414    1    0    1    252.109773152    5
415    3    0    1    252.138468227    6
416    7    4    1    252.680333112    2
417    25    25    2    252.909051734    7
418    5    3    4    253.031834353    3
419    22    16    2    253.558955338    10
420    18    8    15    253.671559412    1
421    10    4    0    254.044189097    3
422    16    15    4    254.111525776    1
423    7    3    5    254.468454581    3
424    1    0    1    254.865698338    9
425    20    19    17    254.877488759    9
426    14    3    14    256.114343872    10
427    25    19    25    257.649252095    1
428    17    10    5    257.734586344    5
429    7    0    5    257.94857224    9
430    2    2    0    260.257144941    6
431    18    7    3    260.544770572    7
432    23    7    18    262.126409356    9
433    6    4    2    262.728316295    6
434    8    3    3    263.336586274    3
435    25    14    6    263.77790547    10
436    8    2    6    264.628044506    1
437    11    10    0    264.732935471    3
438    14    10    11    265.482360936    8
439    3    1    1    265.637309641    10
440    17    12    15    266.742195978    10
441    3    2    1    267.958218031    4
442    25    8    14    268.033347917    10
443    8    0    1    268.234188545    1
444    5    3    3    268.263369183    1
445    5    0    4    269.264439758    10
446    2    1    1    270.643179515    7
447    18    18    15    270.715154418    2
448    21    13    12    270.805457324    4
449    20    12    19    271.267485252    4
450    23    2    21    271.791767006    3
451    13    3    4    271.99676673    8
452    15    2    12    272.025069239    10
453    3    2    0    272.493964226    7
454    10    6    6    272.86880241    10
455    24    4    17    272.943828136    1
456    18    5    3    273.347707842    7
457    15    6    14    275.886159142    9
458    15    6    4    276.383569377    4
459    20    6    20    276.467141701    9
460    14    1    5    277.656138308    10
461    16    6    7    277.864931498    1
462    11    7    8    279.794102669    6
463    17    17    17    280.090368552    7
464    6    6    5    280.512244862    4
465    24    8    10    280.731650739    7
466    6    4    4    280.844446908    4
467    15    14    10    280.861955259    3
468    21    3    19    282.165643285    4
469    13    7    2    283.717748744    9
470    20    7    4    283.818857033    3
471    17    8    14    284.946588326    2
472    6    6    0    285.030202489    5
473    25    13    16    285.29211228    1
474    21    11    14    285.908077973    10
475    22    15    0    286.157828998    10
476    5    5    0    286.485367513    8
477    2    0    0    288.016144191    9
478    11    8    6    288.54463144    10
479    15    1    11    288.592417648    10
480    9    5    3    288.776218329    1
481    4    3    1    289.293396864    3
482    16    5    12    289.755908053    10
483    19    6    11    291.303785705    4
484    7    4    0    291.732286021    9
485    17    8    16    292.00735696    7
486    1    0    1    293.581692698    6
487    7    5    1    293.832343975    10
488    11    2    2    293.99800035    4
489    13    1    9    294.476725984    3
490    5    3    3    295.212075894    5
491    5    5    4    295.478173886    5
492    19    0    3    296.543474356    8
493    12    5    3    296.761322977    10
494    6    4    3    297.21958673    1
495    14    1    7    298.68682933    10
496    12    9    4    298.706709711    4
497    5    4    1    298.798707725    4
498    17    15    1    299.53244286    5
499    17    12    12    299.63676975    10
500    16    4    7    300.531648143    7
501    20    7    19    301.709197077    4
502    16    4    8    302.718575316    5
503    11    9    3    302.762941582    10
504    3    0    3    303.272059638    2
505    5    5    3    305.637232388    1
506    21    8    16    305.947875157    3
507    12    6    10    306.121327423    8
508    9    3    0    307.748036273    9
509    14    14    14    307.843266036    7
510    11    8    8    308.29550154    10
511    14    14    3    309.232626076    7
512    8    3    8    309.41896449    8
513    22    19    3    309.554769886    9
514    1    0    0    310.279460221    8
515    9    6    3    311.326821361    10
516    1    0    1    311.858940715    5
517    2    2    0    312.668412755    10
518    9    3    4    313.224893834    1
519    6    5    4    313.333509641    6
520    1    1    0    313.640161368    7
521    11    6    9    314.554034653    1
522    5    1    0    314.577750706    8
523    10    6    8    314.924656322    10
524    13    1    8    315.383086002    10
525    9    3    4    315.687611158    5
526    3    2    1    316.762930177    9
527    4    4    0    316.881433664    6
528    25    5    24    317.645000022    4
529    2    2    1    319.941012845    8
530    12    1    11    321.619147025    4
531    5    4    3    323.154017815    5
532    25    14    22    323.542641123    9
533    15    12    15    325.300931946    5
534    19    12    2    326.356443205    2
535    6    2    4    326.393379868    8
536    2    1    2    326.470903202    6
537    18    0    16    328.619979147    1
538    1    1    0    329.89865669    8
539    3    0    1    330.07749351    8
540    25    22    7    330.165165865    4
541    6    0    4    330.487349066    10
542    14    9    6    331.003207852    3
543    10    2    6    331.3010213    9
544    3    1    1    331.979384887    4
545    16    1    7    332.022324579    4
546    19    10    3    332.826808984    5
547    1    0    1    334.982333527    3
548    7    0    7    335.908155675    9
549    19    3    15    337.305681688    7
550    10    1    10    337.364405969    4
551    1    1    1    338.64400909    7
552    20    1    17    339.282783178    10
553    12    8    10    339.549012985    7
554    24    3    10    339.598554685    2
555    10    8    8    340.635301446    10
556    14    4    10    340.889548593    9
557    16    9    2    341.287716228    10
558    6    1    6    341.867282161    7
559    9    0    2    341.901067259    9
560    7    5    0    342.978918808    5
561    3    0    0    343.163573625    8
562    25    19    3    345.275557592    8
563    10    9    6    346.414510225    2
564    19    0    9    346.621527561    4
565    21    6    5    346.804261487    4
566    3    2    2    347.064422832    2
567    8    6    3    347.665606322    6
568    10    10    9    348.401537675    6
569    22    1    9    348.531105361    5
570    12    7    3    348.867949036    7
571    7    5    3    349.211146224    8
572    22    17    11    350.091828175    4
573    16    0    8    350.396250139    6
574    12    4    3    350.3968265    2
575    20    3    14    350.541092742    2
576    15    13    0    350.583725961    9
577    4    4    3    351.299690605    10
578    25    25    16    351.430935439    6
579    19    1    7    352.747158986    5
580    21    8    10    353.160945911    4
581    10    3    1    354.379993378    8
582    8    2    0    354.716899152    9
583    19    10    3    354.944372611    5
584    21    9    21    355.103672442    10
585    4    0    3    356.60547216    4
586    9    2    8    356.938942568    6
587    5    0    0    357.203208888    8
588    10    10    9    357.291372798    7
589    15    8    6    358.03571177    8
590    3    2    1    358.884495856    4
591    20    3    13    359.303232718    2
592    2    1    2    360.421332331    10
593    2    1    0    360.477759703    7
594    22    3    17    361.52047569    10
595    8    5    1    361.589265292    1
596    4    4    0    362.636219845    3
597    24    24    22    363.65105136    4
598    23    2    16    364.231770684    5
599    14    6    2    364.34241263    10
600    23    6    21    364.463081192    5
601    25    24    21    365.308412686    4
602    3    0    3    365.786609272    6
603    21    20    5    366.733813449    1
604    13    1    3    366.809502582    1
605    16    12    15    366.836838274    4
606    13    12    8    367.058821832    8
607    1    0    0    367.100128138    2
608    24    12    12    368.30639138    9
609    17    13    0    368.42672291    9
610    4    1    0    369.055661646    5
611    24    20    2    369.914520144    5
612    7    2    3    370.752855904    1
613    14    9    14    371.259102729    6
614    22    8    16    371.593557408    8
615    7    2    0    371.644655032    4
616    5    3    5    371.841464562    2
617    2    0    1    371.996625407    9
618    6    0    5    372.298321158    9
619    14    12    3    373.349189575    7
620    6    0    6    373.368495789    2
621    22    10    13    373.925647143    10
622    8    2    3    374.875088712    7
623    15    3    2    374.93752521    4
624    12    2    2    375.435693561    4
625    6    1    5    375.681388364    7
626    19    2    13    375.969985864    6
627    4    3    4    380.467281563    4
628    11    2    5    381.436042993    10
629    17    11    4    384.536226654    8
630    6    3    6    386.614382822    6
631    20    1    0    386.877260531    9
632    23    3    9    387.336681437    7
633    22    1    0    388.124566648    8
634    10    5    6    388.225428094    8
635    19    3    15    389.139966345    5
636    17    7    2    389.814271084    6
637    17    11    16    390.741162452    4
638    6    6    4    391.21503444    3
639    19    7    9    391.661851503    3
640    11    6    7    392.932119489    7
641    23    20    22    393.250337558    8
642    15    4    5    393.357348845    1
643    7    4    6    394.481669285    5
644    2    2    1    394.754478421    8
645    15    4    9    395.66355012    9
646    7    3    6    396.523532819    10
647    24    18    9    396.769914828    6
648    22    11    6    398.056104263    6
649    22    15    11    398.779184235    5
650    25    2    0    399.893888286    8
651    12    4    12    400.513260665    1
652    14    4    6    401.895859414    10
653    5    3    4    402.036409669    1
654    21    0    16    402.269543304    6
655    10    8    0    403.276467869    10
656    21    4    13    403.979801722    10
657    11    8    4    407.661572414    9
658    3    1    0    410.579224924    8
659    9    7    5    411.271414454    8
660    24    3    15    412.165926237    7
661    8    0    3    413.498317638    8
662    18    17    14    413.526743094    9
663    6    0    0    414.056305751    4
664    22    19    4    414.524829266    1
665    7    4    1    414.570101695    6
666    17    13    8    414.898333927    1
667    24    21    19    415.219816757    3
668    23    14    7    415.814277995    6
669    21    14    3    416.820172223    7
670    12    0    3    416.901715097    5
671    19    18    18    416.959492603    7
672    1    0    0    417.824511131    5
673    21    7    16    417.898845229    4
674    13    12    13    419.339388662    2
675    10    8    2    420.162615355    4
676    7    0    1    420.444535631    4
677    9    7    2    420.664886081    2
678    20    19    12    420.961691748    1
679    12    11    2    421.129996652    5
680    2    2    2    421.807530362    5
681    5    5    2    421.864602    10
682    2    2    2    422.012295309    1
683    16    10    13    422.114300861    5
684    2    1    1    422.31715117    6
685    6    4    0    423.331487714    7
686    16    2    14    424.507800116    10
687    19    9    15    425.663312915    6
688    7    1    3    426.12760338    9
689    16    10    6    426.15379187    4
690    15    11    11    427.365339742    8
691    16    16    11    427.368292043    1
692    5    2    1    427.588735165    1
693    21    17    14    427.732525901    6
694    10    4    7    428.762372316    6
695    8    2    0    429.179369667    8
696    6    2    1    429.350130424    4
697    19    10    12    429.445988805    10
698    24    1    12    430.415643089    4
699    22    17    3    430.733915198    4
700    4    4    3    431.155701177    5
701    25    17    13    431.588551519    2
702    21    2    5    432.127386992    2
703    16    15    4    432.930281644    7
704    19    16    18    434.292170124    1
705    21    0    8    435.690485006    5
706    9    9    3    435.914119493    8
707    9    8    9    436.258043828    10
708    7    7    3    436.520355181    6
709    12    4    0    437.191027743    6
710    20    14    3    437.623614943    10
711    19    15    19    438.031289709    1
712    9    1    0    439.928877956    10
713    23    23    0    440.564297232    9
714    7    7    0    441.479405271    6
715    17    5    4    441.532144689    1
716    6    5    5    442.109230825    10
717    18    13    4    442.335373485    6
718    18    17    8    442.984127807    2
719    5    1    2    445.605992822    1
720    22    4    20    445.648064711    8
721    2    0    2    445.83844695    10
722    22    7    3    446.454498085    6
723    1    1    0    446.673143714    3
724    24    24    8    447.147307603    1
725    18    7    14    447.899032675    8
726    20    3    20    449.588468369    4
727    20    12    4    449.685269254    6
728    8    2    3    449.756223311    7
729    1    0    1    449.841708319    7
730    20    18    11    450.077106617    9
731    2    0    1    450.084691427    1
732    3    3    2    450.367185004    1
733    2    0    1    452.205147889    2
734    13    1    6    452.340374025    3
735    12    9    1    452.534938165    9
736    14    0    3    452.690885525    6
737    7    4    0    453.003360639    3
738    18    18    12    454.13429515    4
739    6    2    2    454.850911909    6
740    19    12    10    455.32121667    3
741    18    14    0    457.373568736    2
742    15    5    0    458.293493767    10
743    7    5    7    458.691820773    3
744    6    2    6    458.824849973    2
745    7    0    5    458.881769692    9
746    20    1    1    459.309273546    6
747    12    2    10    459.381787864    8
748    4    0    1    460.359775731    5
749    19    15    12    461.780764916    9
750    21    20    15    462.11452477    8
751    8    2    3    463.275300078    1
752    20    5    7    463.512094694    3
753    5    5    3    463.733276423    6
754    11    3    2    463.740526257    9
755    8    4    2    464.018007067    4
756    3    0    3    465.631442327    3
757    17    0    8    466.269441221    5
758    13    4    4    468.935257328    7
759    19    15    16    470.652877203    1
760    18    12    0    470.682401645    5
761    19    14    13    471.366196358    7
762    17    17    11    471.399544755    4
763    17    8    12    471.551877986    9
764    15    13    9    471.743763111    6
765    13    7    6    472.854187736    5
766    6    1    2    473.569464126    8
767    11    11    0    474.471658141    7
768    5    5    0    475.021522057    5
769    21    3    5    475.502162057    3
770    24    10    21    476.038046888    5
771    19    7    19    477.985797201    4
772    13    6    7    478.279380533    3
773    16    12    7    481.515022545    4
774    22    15    22    481.731852082    5
775    23    4    3    485.134059746    10
776    22    6    0    488.4551806    1
777    13    11    7    489.062271044    3
778    12    7    5    490.92749284    2
779    1    1    1    491.235179295    2
780    14    10    5    492.029979679    8
781    7    5    1    492.393348921    8
782    20    18    1    492.833680099    1
783    13    1    2    493.171380251    1
784    17    16    12    493.843646489    1
785    15    10    0    494.32395651    6
786    22    5    12    495.620254795    8
787    7    6    5    495.965901709    1
788    24    22    17    496.23171032    7
789    18    2    6    497.011822623    3
790    19    7    11    497.213576042    3
791    14    10    10    497.315891251    9
792    1    1    1    497.646210507    7
793    8    0    8    498.532031478    4
794    21    13    19    498.718228307    6
795    14    0    11    499.010453277    2
796    12    12    8    499.129821394    6
797    20    15    5    499.322463899    2
798    21    13    13    500.668663124    7
799    9    5    2    502.158841146    8
800    19    9    16    504.073459236    9
801    11    3    6    505.022428352    5
802    17    2    12    505.909250923    1
803    10    6    6    506.288188175    2
804    22    2    9    506.825675088    9
805    25    14    8    508.641832145    5
806    23    8    15    508.797173197    7
807    14    10    3    508.879198884    5
808    4    4    2    509.280390099    1
809    17    10    7    509.438370261    7
810    20    18    16    510.701367558    2
811    10    4    10    512.104134433    1
812    14    11    5    513.501615219    9
813    7    1    1    513.860229653    5
814    15    3    13    514.110903004    5
815    24    3    12    514.389933198    4
816    19    12    4    514.454472334    9
817    24    16    0    514.763368363    4
818    19    0    0    515.914714192    5
819    23    1    4    516.465080959    9
820    23    5    23    517.245388375    7
821    9    9    4    517.311783265    2
822    23    16    6    517.425280734    10
823    17    6    6    517.98981242    7
824    15    5    6    519.56514649    3
825    18    18    5    520.209236862    1
826    22    0    8    520.454183311    8
827    18    10    10    520.576930462    6
828    2    1    2    520.952038955    5
829    1    0    0    521.825125013    4
830    18    3    0    521.98311145    2
831    25    10    6    522.69021013    5
832    22    18    15    523.23927212    8
833    25    9    6    523.285396528    8
834    20    9    6    523.686317702    4
835    9    4    9    524.351734855    4
836    1    0    0    524.593379937    3
837    25    2    8    525.928732109    4
838    23    7    16    525.993816123    3
839    17    4    17    526.335554607    5
840    12    0    8    526.947034738    7
841    25    13    13    527.158203608    3
842    3    1    3    528.342950455    9
843    3    3    2    528.592094661    8
844    24    8    6    528.668714843    9
845    18    16    0    528.675362129    4
846    20    14    7    528.911309637    9
847    9    5    6    529.269455683    4
848    11    10    1    531.058171029    2
849    11    1    1    531.848214517    2
850    9    2    9    533.660207883    1
851    1    0    0    533.896019037    2
852    12    1    4    534.089590908    10
853    17    6    17    534.875969106    10
854    7    5    0    536.157522432    1
855    4    2    3    536.854526698    1
856    1    0    0    538.129149044    6
857    11    4    5    538.3539226    6
858    10    9    0    538.900500582    8
859    1    0    1    539.276966062    1
860    20    8    12    539.345598587    4
861    2    0    2    539.361110044    7
862    4    3    4    539.858775795    10
863    6    2    3    539.860132977    7
864    15    15    9    540.027473726    3
865    7    6    4    540.211093165    1
866    22    0    22    540.64199786    2
867    16    10    11    541.216901991    4
868    1    0    1    541.272337421    7
869    18    2    17    541.673595867    9
870    5    2    3    541.78033705    5
871    17    7    12    542.154816889    5
872    9    8    1    542.671312694    7
873    12    0    12    543.031532357    9
874    20    20    11    543.58552608    1
875    15    4    7    545.290393219    8
876    11    7    5    545.603227205    9
877    17    8    9    546.10368679    8
878    4    4    4    546.419135083    7
879    2    0    2    546.514280088    6
880    13    11    0    547.64455841    6
881    22    1    11    547.893188652    3
882    23    10    16    549.596339585    9
883    20    11    16    550.185254071    3
884    10    2    3    550.222116705    10
885    9    3    4    550.599444706    3
886    23    15    21    552.076764999    3
887    1    0    0    554.529268904    9
888    7    7    5    556.199858202    1
889    12    1    0    556.430437122    7
890    2    2    2    557.417715182    1
891    22    19    11    557.841599252    3
892    17    10    16    560.428953    10
893    5    3    0    561.569503886    10
894    16    2    14    562.021904679    3
895    7    6    2    562.910019039    7
896    25    15    1    563.394042046    8
897    2    0    2    563.689287485    4
898    16    16    2    563.794050449    4
899    14    5    3    564.984006364    7
900    4    2    3    565.717788273    2
901    5    2    2    566.254255873    10
902    3    1    0    566.599966334    4
903    16    3    0    566.834568059    7
904    1    1    0    567.38702681    1
905    13    4    2    567.558417374    6
906    12    7    2    567.641637038    3
907    12    9    2    568.378955233    2
908    9    0    1    569.302246992    8
909    2    0    0    569.517349418    6
910    24    18    22    569.927243279    7
911    1    0    1    570.044340746    4
912    7    0    7    570.152720904    4
913    15    1    14    570.255891083    10
914    10    7    1    570.290098207    4
915    19    19    5    570.431944705    2
916    22    8    19    570.972236011    1
917    24    18    20    571.976593508    8
918    13    11    5    572.194493901    7
919    23    18    12    572.558893734    10
920    10    0    8    573.871648011    8
921    18    2    6    575.108593368    5
922    4    4    4    576.0247893    4
923    18    17    16    576.419049032    7
924    23    5    13    577.506317374    2
925    24    24    16    578.484271337    3
926    19    13    11    578.706239925    8
927    25    0    17    579.018547328    8
928    9    1    7    579.280620628    4
929    19    19    9    580.012908238    9
930    21    20    16    580.550762483    7
931    21    0    1    580.96421785    7
932    21    10    9    583.127661973    8
933    11    4    10    583.807265757    8
934    23    21    11    584.624789966    3
935    7    0    3    585.139598413    5
936    21    4    10    586.322614768    6
937    16    14    10    586.853487231    7
938    3    0    2    587.256820742    4
939    4    4    1    587.337642012    9
940    20    20    14    587.893045755    3
941    25    4    8    588.45304974    4
942    20    9    16    588.795610429    1
943    11    1    9    588.896172073    3
944    1    0    1    589.432112011    5
945    11    10    1    589.596924205    10
946    10    10    8    590.95775286    9
947    18    18    15    591.983270509    6
948    3    3    0    592.208442735    6
949    15    3    5    592.735147767    5
950    1    0    0    593.53841959    5
951    13    0    1    593.904757801    4
952    23    19    23    594.394979171    7
953    4    1    0    594.9964671    1
954    13    6    6    595.326052656    10
955    2    0    1    595.329596029    2
956    11    9    10    595.921837186    9
957    6    2    6    596.74572962    4
958    14    2    11    597.18864174    7
959    10    7    8    598.56125469    7
960    22    14    6    599.5187952    7
961    8    0    7    599.523257331    9
962    17    7    1    599.804437763    7
963    20    7    10    600.112477758    5
964    2    0    2    600.274172344    5
965    22    19    12    603.031818526    2
966    6    0    0    603.411886312    9
967    16    4    3    604.624636945    9
968    11    4    5    604.852116395    1
969    14    10    12    605.04217411    8
970    3    3    2    605.123587036    5
971    14    13    5    605.305245445    10
972    3    0    2    606.032375941    7
973    2    0    2    606.110905265    2
974    11    5    5    609.061948697    8
975    24    10    15    610.252731765    9
976    2    2    2    610.697445532    3
977    14    5    9    611.623795265    6
978    17    16    9    612.514933812    9
979    14    3    5    613.346746663    7
980    14    3    11    614.421799909    2
981    13    8    3    615.550928437    3
982    5    2    3    615.573419062    4
983    8    0    2    615.932485555    5
984    11    2    2    616.880463944    9
985    7    0    1    617.087021804    5
986    12    10    2    617.405876318    10
987    7    6    4    617.695649774    2
988    15    5    5    618.317045892    8
989    22    18    14    619.151345661    3
990    24    23    7    619.358274025    6
991    25    11    24    619.499071727    10
992    11    4    2    619.650816919    1
993    9    3    0    619.735024943    5
994    11    2    9    621.17108548    5
995    22    20    6    623.232148802    1
996    7    1    5    623.769498776    5
997    3    1    1    624.08676021    10
998    19    13    9    625.400555176    1
999    20    10    8    626.392702028    8
1000    18    11    16    628.126468385    6
1001    10    1    6    628.639752115    8
1002    5    1    0    629.274957141    2
1003    2    1    0    629.344313989    5
1004    1    1    1    629.845453938    1
1005    3    1    2    630.080680528    6
1006    14    10    11    631.344046302    4
1007    8    7    8    632.190625437    10
1008    12    0    0    633.681838782    1
1009    14    3    2    634.950335645    7
1010    12    0    3    636.368304988    5
1011    11    8    2    636.507263194    2
1012    2    1    1    636.534467627    9
1013    8    5    4    636.797282431    10
1014    22    2    22    636.980441207    9
1015    2    1    2    637.868150546    10
1016    24    23    1    638.864973668    6
1017    15    4    6    639.785855966    3
1018    14    7    4    640.506706138    3
1019    2    1    2    641.9535946    5
1020    1    1    1    642.612216563    3
1021    12    11    8    642.632448369    8
1022    2    2    2    642.805932487    3
1023    15    7    12    644.069637525    2
1024    18    5    5    644.528775202    8
1025    13    7    8    644.646140353    4
1026    20    1    5    645.123881891    2
1027    22    6    8    645.2373079    8
1028    19    5    0    645.693024467    5
1029    21    17    0    645.710781726    5
1030    12    1    11    647.092920144    8
1031    22    14    18    647.475501232    5
1032    24    19    0    649.343773594    10
1033    5    0    5    649.40138652    2
1034    8    5    4    649.691975355    2
1035    25    0    23    650.516991049    1
1036    4    1    0    650.522738797    9
1037    12    3    5    651.773441669    10
1038    10    0    7    652.106400021    7
1039    17    2    6    652.473206147    7
1040    9    0    6    653.990040404    2
1041    12    5    9    654.095414849    3
1042    18    16    16    654.316276358    10
1043    23    4    14    655.592198649    8
1044    8    2    6    655.943507523    9
1045    24    10    6    655.998314124    2
1046    3    3    2    656.451213897    6
1047    7    2    1    658.107951208    5
1048    4    2    0    658.555516603    2
1049    5    3    3    660.021454967    2
1050    19    19    0    660.463024446    2
1051    13    9    1    660.784875819    4
1052    9    8    3    661.058281919    1
1053    6    3    1    661.139442091    9
1054    25    14    0    661.146434901    8
1055    18    16    7    662.21145715    6
1056    23    0    9    663.785860112    10
1057    18    9    5    664.481301841    8
1058    4    1    3    664.730272695    1
1059    10    7    0    665.4878943    9
1060    19    9    5    666.776542152    5
1061    13    13    12    666.8496212    7
1062    5    5    0    667.394015631    3
1063    13    6    1    667.554140223    4
1064    8    6    1    667.690751749    6
1065    7    0    2    667.775965696    4
1066    17    3    0    667.829949019    5
1067    16    6    5    668.225787752    4
1068    15    15    10    668.57458769    6
1069    9    5    3    668.776283052    4
1070    24    23    16    669.492520591    3
1071    13    7    2    670.183971832    9
1072    6    0    6    670.237989515    6
1073    14    2    13    670.749041293    7
1074    2    1    1    671.125937236    4
1075    6    0    2    671.450755402    7
1076    20    10    18    672.300670497    4
1077    9    4    1    672.479090752    6
1078    1    0    1    672.510727284    3
1079    19    2    11    672.970391964    9
1080    15    6    11    673.466709583    7
1081    18    13    18    673.558382908    3
1082    22    21    14    674.02575914    4
1083    18    12    11    675.085874554    3
1084    1    1    1    675.804969136    4
1085    6    0    2    676.236761414    2
1086    13    10    2    676.377974578    1
1087    6    1    3    676.67094105    10
1088    7    1    3    676.797676602    4
1089    1    0    0    676.990904633    9
1090    7    0    7    678.669637352    1
1091    22    17    15    678.802212366    1
1092    13    0    3    679.297095976    7
1093    17    9    16    679.373763854    9
1094    1    0    1    679.714725354    3
1095    22    6    14    681.007974235    5
1096    15    10    5    681.331684886    8
1097    10    8    9    681.709109164    10
1098    8    2    8    681.857518917    2
1099    17    14    4    682.02856605    10
1100    25    3    12    682.321880563    10
1101    11    1    4    683.034532702    6
1102    10    9    4    684.447844593    3
1103    11    11    1    684.744859731    6
1104    24    3    18    685.541787681    4
1105    22    17    12    685.65485751    7
1106    16    6    9    686.241993372    3
1107    18    10    7    686.844921117    7
1108    16    5    10    686.894455882    6
1109    4    0    2    687.794766978    5
1110    2    2    0    688.178033713    7
1111    7    4    0    689.434070689    6
1112    12    9    5    689.899360216    1
1113    10    4    8    690.442409085    7
1114    9    4    3    692.612010752    7
1115    3    3    1    692.700369836    3
1116    9    9    1    693.42562416    5
1117    11    10    5    693.917659057    1
1118    5    5    5    694.165478748    6
1119    10    6    0    696.81558187    6
1120    12    1    10    696.880895909    8
1121    22    2    9    698.73358048    7
1122    6    4    0    699.023181379    5
1123    11    4    3    699.230993126    7
1124    6    5    4    699.275308959    10
1125    2    1    0    699.347221583    4
1126    20    20    6    699.388192371    2
1127    12    11    4    701.334851677    7
1128    10    10    3    701.868480255    3
1129    17    9    17    702.237310092    5
1130    8    1    1    702.237411705    8
1131    7    5    2    704.627416503    1
1132    23    21    2    704.701168336    4
1133    20    13    13    705.034661184    3
1134    6    4    2    705.118091271    10
1135    13    13    3    705.375227483    9
1136    14    4    12    705.44776943    6
1137    25    19    9    706.330139157    10
1138    9    6    2    706.509113044    8
1139    10    2    10    706.601349388    9
1140    4    2    3    707.664545967    6
1141    5    5    5    709.352966966    10
1142    13    6    4    709.733929354    6
1143    13    2    0    709.964774956    5
1144    20    14    20    710.580012102    2
1145    25    15    15    711.620069342    6
1146    3    1    0    711.839726227    7
1147    25    3    9    712.854141998    6
1148    22    22    18    713.229927138    8
1149    18    7    6    714.48652248    1
1150    7    2    1    715.285574789    5
1151    19    17    7    715.428656369    8
1152    14    2    8    715.54618451    6
1153    2    1    1    716.030291994    10
1154    6    5    4    716.258710408    4
1155    22    6    0    716.514808438    2
1156    11    3    1    716.585096257    2
1157    3    0    2    717.001843606    7
1158    7    3    0    717.269311966    9
1159    11    0    1    717.35597803    3
1160    11    9    1    718.789399498    1
1161    15    8    5    719.1333518    1
1162    25    24    5    719.340623401    4
1163    5    2    1    719.899592013    8
1164    11    1    9    721.099218006    7
1165    11    10    1    722.455777549    5
1166    18    12    14    722.928962255    3
1167    14    8    6    724.588054525    1
1168    20    11    4    725.120100742    10
1169    19    8    7    725.558542854    8
1170    17    4    0    727.157221083    7
1171    24    12    15    728.237929589    9
1172    20    1    1    728.374376895    8
1173    21    14    5    729.888004506    4
1174    8    2    3    730.430083634    6
1175    14    13    0    733.169748731    2
1176    7    2    1    733.523648245    5
1177    17    4    1    733.853547188    10
1178    19    1    1    734.20475444    1
1179    15    8    9    735.031443619    1
1180    21    7    2    736.504837853    10
1181    21    15    11    736.937357012    2
1182    12    9    12    737.974658256    6
1183    21    17    21    738.209723357    8
1184    17    9    8    740.923516517    9
1185    15    12    6    742.655477283    9
1186    25    0    15    742.735740738    3
1187    11    6    5    743.182154473    2
1188    20    16    3    743.735016034    5
1189    2    0    0    743.860929552    8
1190    10    2    9    745.27970633    5
1191    7    6    1    747.537545917    4
1192    18    15    2    747.752792485    2
1193    12    6    12    748.492546292    9
1194    14    6    10    748.529471174    5
1195    3    2    2    748.622639077    5
1196    11    10    3    748.627772757    5
1197    6    5    0    748.688994216    10
1198    10    10    7    748.711288361    3
1199    8    1    2    751.075695262    10
1200    6    3    1    751.815977774    7
1201    9    9    2    751.924130928    3
1202    4    2    3    752.483796864    5
1203    12    7    9    752.506409669    3
1204    12    1    4    753.443199368    7
1205    5    2    0    753.85347341    9
1206    3    1    2    753.862837556    1
1207    13    11    2    754.04669234    8
1208    11    4    1    754.385022211    10
1209    20    18    5    754.945774668    6
1210    12    10    3    755.758698733    4
1211    1    0    1    755.910759329    4
1212    19    18    5    756.103310335    9
1213    9    8    4    756.647792979    4
1214    4    1    1    757.507056281    7
1215    12    3    10    757.608464164    7
1216    3    3    0    758.211308213    3
1217    3    1    2    759.179588287    10
1218    4    4    3    759.182457454    2
1219    22    1    13    759.657733945    9
1220    1    1    1    759.81066643    10
1221    3    0    2    760.619036649    4
1222    12    10    11    760.744481794    3
1223    14    5    9    761.183156584    2
1224    19    4    9    761.702828849    8
1225    18    8    14    761.931730272    8
1226    14    0    6    762.337042056    7
1227    20    20    19    763.95825916    2
1228    23    2    0    764.390518578    6
1229    20    0    0    764.749056614    9
1230    1    0    0    764.844845114    1
1231    7    7    6    766.237449463    5
1232    17    4    10    768.082528553    9
1233    6    2    4    768.716370706    3
1234    1    1    0    768.716558784    3
1235    15    0    15    769.209403014    7
1236    2    2    1    769.549880035    5
1237    20    6    3    770.187552278    4
1238    2    2    2    771.004337761    10
1239    4    1    0    771.10218097    9
1240    3    2    2    771.13903775    3
1241    24    20    1    771.188801725    6
1242    11    1    9    771.351639066    7
1243    7    3    5    771.913359959    8
1244    7    2    7    772.464320126    6
1245    16    1    2    773.19188833    4
1246    1    1    0    773.684933085    5
1247    17    8    0    773.693890116    3
1248    12    0    9    774.914845087    4
1249    24    15    9    775.344507018    9
1250    12    10    2    775.906327834    9
1251    15    14    15    776.683680658    4
1252    1    1    0    777.128135152    6
1253    18    10    4    778.846661527    9
1254    10    3    8    779.679385124    3
1255    9    1    8    780.66498162    7
1256    25    19    15    781.438809346    6
1257    22    21    0    781.690987141    1
1258    9    2    3    783.061771453    5
1259    3    0    3    783.713770027    1
1260    6    0    5    784.242638685    7
1261    8    3    4    784.37243897    6
1262    21    1    9    784.400428448    8
1263    12    11    7    784.963993484    5
1264    25    21    16    786.060492403    5
1265    7    3    6    786.405450022    3
1266    7    4    7    787.77088418    4
1267    1    1    0    788.049012578    1
1268    16    5    10    789.3386595    7
1269    3    3    1    790.430254933    2
1270    7    5    3    791.374058266    1
1271    12    2    6    791.418835447    5
1272    14    1    10    791.847911694    2
1273    2    1    1    792.122522422    9
1274    4    1    1    792.336066501    5
1275    1    1    0    792.564021333    2
1276    24    17    3    794.626400193    1
1277    13    10    0    794.655813141    4
1278    1    0    0    796.241894091    8
1279    18    17    4    797.065398831    10
1280    25    17    24    797.366919007    1
1281    11    6    6    797.434880835    8
1282    8    6    0    797.530860205    10
1283    13    2    9    797.540306193    10
1284    8    7    4    798.286116003    10
1285    4    2    2    798.324119328    4
1286    17    3    8    798.639652119    10
1287    18    1    8    798.845012359    6
1288    24    4    20    799.23372171    6
1289    23    0    12    800.794272927    8
1290    10    8    0    801.479546491    5
1291    9    6    0    801.813373037    5
1292    15    14    15    802.394948377    2
1293    5    4    0    802.521686382    6
1294    13    7    7    802.745167299    1
1295    5    5    4    803.51823735    5
1296    19    3    17    804.551983854    6
1297    3    3    3    804.580083701    4
1298    12    12    8    805.65217415    1
1299    19    7    10    805.664997009    7
1300    2    2    2    806.893404059    10
1301    24    20    2    807.205133782    2
1302    21    4    20    807.265587669    2
1303    13    11    0    807.271878964    5
1304    12    1    8    807.90106855    4
1305    4    0    3    807.913259974    1
1306    8    6    2    808.924875014    3
1307    13    8    9    809.436018443    4
1308    16    8    10    809.692251053    7
1309    23    20    16    809.722143508    3
1310    21    21    0    809.879445723    1
1311    2    1    2    810.162378808    10
1312    25    10    1    810.319299038    7
1313    23    6    3    810.999948492    9
1314    7    0    1    811.452601025    8
1315    23    2    6    811.822880781    8
1316    3    2    3    811.858557163    6
1317    2    0    2    812.181611409    1
1318    8    4    4    812.396824255    10
1319    4    4    3    813.124395315    2
1320    8    3    0    814.242554666    3
1321    15    11    10    814.604382158    1
1322    23    13    10    814.7502058    2
1323    10    10    10    814.901525811    10
1324    13    6    11    816.782460569    1
1325    4    1    4    817.139159397    1
1326    1    1    1    817.411062559    5
1327    12    10    5    817.600620242    3
1328    20    7    9    819.212165941    2
1329    5    1    1    819.902494946    10
1330    2    0    0    820.981478383    4
1331    13    1    11    821.803740295    8
1332    21    12    19    822.023741418    1
1333    12    0    4    822.624732503    7
1334    4    3    4    822.83146819    10
1335    14    4    11    823.316432075    9
1336    15    6    13    823.633653556    10
1337    25    22    25    826.062115393    1
1338    15    5    0    826.12651412    5
1339    15    4    14    826.495809174    4
1340    1    0    1    830.436093772    9
1341    19    9    11    830.888332178    8
1342    9    5    4    831.505407499    3
1343    1    0    0    831.607099142    3
1344    17    10    11    831.767092124    2
1345    2    1    0    832.242716001    5
1346    17    12    4    832.413710623    1
1347    13    1    8    833.879962772    3
1348    14    13    11    833.913121493    6
1349    1    1    1    834.948539312    10
1350    16    9    9    835.229960655    2
1351    23    3    17    836.910115415    2
1352    20    13    4    836.980047575    6
1353    12    10    3    839.05199763    1
1354    13    12    1    840.010265982    2
1355    3    3    0    840.651369731    2
1356    13    1    4    840.679975755    3
1357    15    5    5    841.84958698    3
1358    25    12    7    842.044481554    10
1359    23    14    8    842.177457221    3
1360    9    3    9    842.373676575    2
1361    24    8    20    843.23993747    9
1362    7    1    7    843.516959344    1
1363    25    3    9    845.322916974    10
1364    25    22    8    848.532216969    4
1365    22    10    9    849.462096934    3
1366    6    3    1    850.463781116    9
1367    3    3    2    850.752050131    2
1368    2    2    1    852.200230729    7
1369    20    10    20    852.719047178    9
1370    23    14    7    852.91649256    3
1371    20    13    4    853.881059412    3
1372    19    9    8    854.888822669    6
1373    10    10    10    855.130401464    8
1374    24    23    6    855.568807287    7
1375    24    18    10    855.856110879    10
1376    8    1    1    856.236347657    10
1377    20    17    13    856.793605409    1
1378    4    3    2    857.132540279    9
1379    10    6    3    857.286539771    2
1380    5    5    4    858.43046409    4
1381    9    4    0    859.00288067    8
1382    14    4    8    859.081216339    4
1383    6    3    5    859.081940064    2
1384    15    14    12    859.37117849    10
1385    23    9    0    859.919073359    7
1386    22    15    12    860.090855253    5
1387    1    0    1    860.285930559    1
1388    2    0    0    860.478149769    8
1389    22    11    1    861.134735951    7
1390    15    6    14    861.240028648    1
1391    22    14    17    861.683085715    9
1392    20    15    9    862.7790598    6
1393    6    6    5    863.648442511    1
1394    14    0    6    863.788745449    5
1395    3    0    0    864.005950789    3
1396    20    11    12    864.167413644    7
1397    23    16    22    865.447772037    6
1398    25    6    10    865.512343622    1
1399    8    3    0    865.63414699    8
1400    6    5    0    866.166361451    7
1401    14    1    13    866.30151098    10
1402    6    5    5    866.436281003    6
1403    11    1    0    867.152358725    8
1404    10    6    8    867.620469482    2
1405    14    0    14    867.721682273    1
1406    6    1    3    867.913353489    1
1407    6    6    6    869.023944484    8
1408    12    7    5    869.383870346    5
1409    6    4    6    870.105869026    5
1410    17    1    3    871.000665068    6
1411    1    1    1    871.252831016    7
1412    22    21    11    871.787314253    3
1413    1    1    1    871.933305912    7
1414    24    21    6    872.158685713    10
1415    10    4    0    872.808282467    5
1416    14    4    1    873.133425138    3
1417    25    6    8    873.438155566    1
1418    8    5    5    874.976541803    8
1419    3    1    2    875.457522612    4
1420    19    18    13    875.509797667    9
1421    4    3    0    878.456324612    3
1422    10    7    0    878.837488568    6
1423    17    16    4    879.640829704    9
1424    25    1    6    881.230907008    2
1425    19    17    9    882.440778843    4
1426    18    7    7    883.60123575    2
1427    25    7    2    884.104621099    10
1428    22    16    8    884.198335885    5
1429    2    2    0    885.998207055    8
1430    1    1    0    886.447679843    5
1431    10    5    0    886.701023148    7
1432    11    8    9    888.854286725    5
1433    15    10    11    888.950291812    4
1434    9    2    4    889.32359446    1
1435    2    2    1    889.609235399    7
1436    24    11    8    890.460015914    1
1437    3    0    2    891.219692276    6
1438    5    1    3    891.599738015    1
1439    5    2    3    891.700632128    3
1440    14    7    3    891.834156645    10
1441    13    11    5    892.644023488    8
1442    21    10    8    894.402755947    6
1443    3    1    1    894.927068729    5
1444    5    3    1    895.458088114    10
1445    10    0    0    896.634860763    3
1446    9    4    4    897.175100413    2
1447    1    0    0    897.395566548    7
1448    8    1    7    897.864802114    3
1449    17    1    11    898.341360575    1
1450    10    8    6    898.396483167    5
1451    9    7    8    900.065462633    3
1452    8    7    5    900.100257019    2
1453    1    0    0    901.735776102    1
1454    9    0    0    901.985288907    1
1455    19    14    19    902.818817298    10
1456    15    12    4    903.556155234    3
1457    10    8    7    903.998302077    5
1458    1    1    0    904.152211122    1
1459    23    0    9    905.061226167    10
1460    18    2    6    905.65639163    6
1461    20    3    16    906.649155841    7
1462    15    14    0    907.682462881    7
1463    14    10    8    907.820629267    2
1464    22    9    13    907.939626822    10
1465    3    3    1    909.264462064    7
1466    3    0    2    909.622919372    3
1467    7    0    6    910.54536697    7
1468    16    11    6    910.571457316    5
1469    19    7    1    911.400135714    8
1470    1    1    1    912.305835077    2
1471    3    3    0    913.476738146    7
1472    2    0    2    914.733583149    3
1473    24    5    22    914.751618448    7
1474    5    0    1    915.051931843    1
1475    5    1    1    915.280508481    6
1476    3    1    2    915.576426673    9
1477    21    20    18    915.746647688    3
1478    12    10    8    915.862433344    8
1479    14    14    0    916.41135102    3
1480    19    14    17    916.90664056    2
1481    11    0    0    917.119899164    5
1482    3    2    2    917.824306622    7
1483    18    2    18    918.846209894    4
1484    22    2    6    920.025181647    5
1485    6    5    6    920.334846433    7
1486    20    5    11    920.569053097    9
1487    25    6    11    921.557560942    9
1488    6    6    3    921.595550463    4
1489    24    6    23    922.154052797    10
1490    4    2    3    922.772149946    3
1491    16    13    6    922.8137636    5
1492    4    3    1    923.238031108    10
1493    15    1    5    923.267048877    7
1494    7    2    3    924.212429302    8
1495    9    8    8    925.105626834    7
1496    14    0    5    926.669373393    1
1497    20    1    9    927.512547833    3
1498    13    5    0    927.536762515    3
1499    24    18    12    928.632108162    1
1500    9    0    2    928.980835385    10
1501    1    0    0    930.126361597    10
1502    16    14    4    931.60356601    4
1503    11    7    4    932.518723727    3
1504    14    14    5    932.63651975    6
1505    9    6    0    932.702020847    6
1506    3    3    0    935.476543807    10
1507    6    1    4    936.904611323    7
1508    7    7    7    937.070703547    6
1509    22    12    18    938.452788569    6
1510    22    4    11    939.585369048    8
1511    14    14    12    941.649865063    4
1512    18    15    8    942.132340331    8
1513    22    19    10    942.417213017    7
1514    17    2    9    944.268833815    10
1515    13    10    3    944.809925321    3
1516    24    4    9    945.313404154    4
1517    25    19    14    945.442794123    2
1518    24    11    8    945.990570585    4
1519    6    3    5    946.451708859    6
1520    17    2    16    946.898634181    5
1521    3    2    2    947.963345546    4
1522    23    14    8    949.473334341    1
1523    8    6    0    951.439377955    2
1524    14    12    9    951.49002188    1
1525    3    2    0    952.325404151    10
1526    17    11    4    954.080470638    8
1527    5    4    2    954.299367322    9
1528    24    20    15    955.16092594    2
1529    3    1    0    955.926887787    7
1530    8    6    7    956.848916525    3
1531    13    8    6    957.117976417    8
1532    16    8    0    957.827679347    6
1533    4    1    0    958.138970777    7
1534    14    5    2    959.381878467    8
1535    21    6    11    959.544699575    1
1536    13    7    5    960.013602726    2
1537    24    1    1    960.102253631    1
1538    10    0    4    961.228387217    10
1539    18    15    13    961.959262005    1
1540    7    6    1    962.244814439    4
1541    15    12    13    962.289653675    9
1542    1    0    0    962.710753854    5
1543    24    24    4    963.542061924    4
1544    10    0    3    963.720624712    6
1545    16    1    1    964.128737086    9
1546    23    6    7    964.165336994    2
1547    24    15    14    964.557687179    7
1548    11    8    8    964.673794987    7
1549    14    13    10    965.344974599    4
1550    23    16    16    965.990642937    8
1551    18    18    8    966.899193487    3
1552    14    6    2    967.371258082    1
1553    21    9    9    967.663138803    1
1554    7    1    7    967.926349091    2
1555    2    0    0    968.234880321    10
1556    19    8    11    969.997832069    10
1557    1    1    0    970.201858659    6
1558    9    1    5    970.725604055    2
1559    16    16    16    971.228632019    6
1560    9    1    5    971.419029804    10
1561    4    0    4    972.83243967    8
1562    25    3    12    972.994775443    2
1563    16    6    14    973.391487367    3
1564    6    3    4    974.170349331    1
1565    11    2    10    974.263202667    3
1566    8    6    1    975.087631235    5
1567    1    0    0    975.956452943    9
1568    4    0    3    977.335230757    2
1569    16    6    1    977.338554592    7
1570    25    11    15    977.731764983    5
1571    17    7    11    978.780910462    6
1572    23    9    21    982.906271603    7
1573    10    10    3    984.01862053    1
1574    5    2    4    984.999565321    8
1575    19    15    5    985.771214566    6
1576    11    8    5    985.828878549    2
1577    5    0    0    987.108758911    9
1578    10    8    1    987.656510487    10
1579    24    17    3    988.671341495    7
1580    14    10    5    990.237311491    2
1581    15    13    7    990.67332365    6
1582    24    13    1    992.298963076    4
1583    9    3    5    992.709242758    4
1584    1    0    1    992.827103499    6
1585    10    7    2    992.855266093    10
1586    22    15    22    993.336338965    1
1587    8    0    7    993.685010473    8
1588    16    9    4    994.021187046    10
1589    16    8    1    994.143457974    9
1590    3    2    1    995.174664877    9
1591    17    9    11    995.792349803    6
1592    14    13    12    997.282234203    2
1593    16    2    9    997.450384862    10
1594    11    0    6    997.958387835    6
1595    9    2    6    998.287917593    2
1596    12    7    10    999.019673215    2
1597    11    8    8    999.207144863    5
1598    7    2    0    999.381403045    9
1599    3    3    3    999.600914481    9
1600    6    6    2    999.912398206    6
