;job_number  cpu#  ssd#  gpu#  submit  runtime
1    5    0    5    0.978154268505    8
2    20    5    16    2.97257290095    8
3    13    6    5    4.45189722176    10
4    14    2    0    5.47038236162    9
5    9    6    9    6.06756968791    8
6    18    11    5    7.34077059003    2
7    18    8    16    9.14378548267    5
8    2    0    2    9.25305809659    7
9    6    5    6    10.1426005472    8
10    20    10    6    10.8055228533    6
11    18    2    2    11.0720299076    4
12    8    3    3    11.7185612378    5
13    22    1    13    14.4189867532    3
14    16    14    4    15.44233799    10
15    10    9    6    17.4026533018    3
16    13    3    12    19.0828220503    6
17    20    7    8    19.4063785008    9
18    25    25    7    19.5536328665    3
19    16    0    0    19.9061843543    8
20    22    3    21    20.5063864239    6
21    23    18    13    22.9379792312    5
22    19    0    9    23.0880859661    10
23    21    4    18    24.4438780376    6
24    24    18    11    24.6865552827    2
25    25    19    19    26.3793029823    4
26    21    15    21    28.2642342736    10
27    17    13    9    28.42520977    8
28    6    5    5    29.6040913822    6
29    23    20    4    32.9442726851    4
30    15    11    1    34.2190372838    9
31    7    6    3    34.8939573041    2
32    8    7    5    35.3145545633    5
33    21    4    16    37.222862954    5
34    7    0    1    37.2344622178    2
35    18    13    0    39.5864941305    8
36    16    9    11    39.933899609    6
37    1    1    0    42.0524369743    5
38    5    0    3    43.783308967    7
39    3    2    1    45.5083999081    5
40    13    8    6    45.8097828938    1
41    2    0    1    46.733219234    8
42    3    1    0    47.8979856546    1
43    17    15    9    48.395403788    6
44    14    12    11    55.1582022156    1
45    5    4    1    57.9415901815    4
46    2    2    2    58.7320478896    4
47    18    16    2    62.8785660998    2
48    15    15    8    63.2632236421    8
49    9    5    3    63.3636024683    2
50    3    0    3    64.0373357333    6
51    25    23    5    65.7218036885    3
52    12    3    12    66.1775089971    6
53    14    12    8    67.1559069481    9
54    3    1    0    67.7395716538    5
55    17    11    15    73.8523131794    3
56    16    0    5    73.9050127902    2
57    7    1    5    74.2254432445    3
58    8    8    3    74.6657982325    5
59    25    5    13    75.4453920515    8
60    19    17    2    75.5594374186    4
61    1    1    1    76.3533380493    6
62    18    8    17    79.3490951116    1
63    11    5    9    83.7015212483    2
64    14    3    0    83.9543121734    1
65    14    4    11    84.1709206988    5
66    3    2    2    88.9326422642    4
67    3    1    2    89.1690512373    7
68    7    6    4    91.0164499293    7
69    22    8    13    91.7138045315    3
70    23    22    6    91.9805483852    2
71    13    10    11    92.2956680988    5
72    12    10    10    94.3755581968    3
73    14    11    8    97.3679743835    7
74    10    0    7    99.0934614367    4
75    21    15    5    99.9421186734    4
76    13    8    13    100.712484028    9
77    19    12    3    103.225010382    10
78    16    6    6    103.893763961    4
79    12    12    4    104.176781605    1
80    17    2    7    104.387950856    10
81    6    1    1    104.390959089    6
82    20    11    20    104.581863131    1
83    13    4    7    105.251598086    4
84    12    5    12    106.208960406    9
85    17    9    6    106.958657188    9
86    23    19    17    109.428591129    6
87    1    1    0    110.209307644    7
88    8    6    4    110.483027513    1
89    15    1    10    113.058402282    9
90    1    1    1    115.847411765    4
91    21    13    4    118.124423471    7
92    18    7    8    118.68522706    2
93    23    5    16    123.116703286    7
94    25    0    9    125.632932052    9
95    23    10    12    126.146623843    4
96    23    19    7    127.802484682    1
97    6    2    5    129.532111313    10
98    5    2    2    130.141437325    10
99    5    5    1    130.472948156    5
100    18    15    9    131.596078994    5
101    9    4    9    135.0918535    10
102    15    9    10    135.391370168    10
103    12    3    1    137.554340333    10
104    9    9    2    137.7786648    2
105    18    9    12    139.013047874    9
106    13    9    11    141.803362966    4
107    13    10    7    142.700949215    5
108    25    6    7    143.374387536    1
109    6    0    1    144.168160119    7
110    18    15    16    144.898442737    4
111    22    14    4    145.602643383    10
112    20    5    3    147.046304376    7
113    23    11    11    148.59731937    1
114    20    11    1    149.203237943    10
115    1    0    0    152.028649837    8
116    20    14    10    152.164525233    8
117    8    7    4    152.696958907    8
118    11    11    7    155.104049608    8
119    14    7    12    156.558820358    4
120    6    6    6    156.945627736    3
121    15    4    10    157.333382629    10
122    18    7    0    159.047878199    7
123    14    9    1    159.282986353    8
124    7    6    5    160.319394108    1
125    8    1    1    160.334931365    1
126    12    7    6    160.759418593    3
127    18    14    3    161.48475701    9
128    17    11    9    161.741270794    9
129    9    9    9    164.374454823    3
130    15    15    2    164.866803637    4
131    13    4    6    165.392283864    5
132    24    4    17    166.316008416    1
133    5    5    2    167.189314419    5
134    21    11    4    168.071422089    2
135    21    6    15    168.163241219    2
136    4    3    2    168.588044766    5
137    23    21    3    170.151183907    1
138    22    15    8    171.29901352    8
139    22    15    1    172.412310993    10
140    15    4    5    172.928180956    4
141    1    0    0    172.981350915    7
142    17    11    3    173.583646704    9
143    4    4    3    175.255293505    1
144    17    16    15    176.237207776    7
145    12    6    10    176.636492949    8
146    19    4    1    177.138932052    8
147    11    7    10    177.39044138    5
148    4    2    4    177.740675536    7
149    20    11    4    178.060815448    6
150    1    0    0    178.133805114    4
151    13    5    12    182.92024997    7
152    25    12    9    184.13409809    4
153    19    12    12    185.944956199    6
154    20    8    0    187.39374004    5
155    4    4    0    190.678568781    6
156    12    5    3    191.870279751    1
157    15    14    2    192.279306816    7
158    12    1    7    195.292314177    5
159    1    0    1    196.62973896    4
160    23    18    11    199.899420027    7
161    12    10    8    200.850406127    9
162    21    13    9    203.996846132    4
163    18    6    0    204.338112426    5
164    7    0    0    205.970017596    10
165    15    13    14    209.760605445    2
166    25    11    1    212.656571709    2
167    23    18    8    214.843181214    7
168    13    7    7    216.141726091    4
169    5    0    0    216.200283995    3
170    1    0    0    218.62690754    9
171    2    0    1    219.229430047    10
172    12    4    2    220.129801252    5
173    21    17    12    221.78584842    8
174    13    12    6    223.143008581    1
175    13    12    0    224.146116557    7
176    18    12    9    224.351056598    8
177    17    12    2    225.004525839    5
178    18    0    18    226.907221011    5
179    1    1    0    230.175688769    10
180    14    1    13    230.769123753    7
181    18    7    0    234.404833478    6
182    16    2    13    236.356084603    4
183    24    9    17    237.285161784    9
184    8    8    6    238.007038013    7
185    21    6    7    238.406003339    4
186    10    8    8    239.685920188    7
187    21    8    18    241.378630571    1
188    23    11    18    243.405994288    5
189    13    8    5    243.786312717    8
190    3    1    0    245.871647704    10
191    3    3    0    246.19637458    7
192    6    2    5    247.974997267    7
193    1    1    1    248.361198696    9
194    5    3    5    249.636599704    1
195    13    6    2    250.893954666    6
196    11    6    5    251.706100067    6
197    1    0    1    252.109773152    5
198    3    0    1    252.138468227    6
199    7    4    1    252.680333112    2
200    22    16    2    253.558955338    10
201    10    4    0    254.044189097    3
202    16    15    4    254.111525776    1
203    7    3    5    254.468454581    3
204    17    10    5    257.734586344    5
205    7    0    5    257.94857224    9
206    2    2    0    260.257144941    6
207    18    7    3    260.544770572    7
208    6    4    2    262.728316295    6
209    8    3    3    263.336586274    3
210    25    14    6    263.77790547    10
211    8    2    6    264.628044506    1
212    14    10    11    265.482360936    8
213    3    1    1    265.637309641    10
214    3    2    1    267.958218031    4
215    8    0    1    268.234188545    1
216    2    1    1    270.643179515    7
217    18    18    15    270.715154418    2
218    20    12    19    271.267485252    4
219    15    2    12    272.025069239    10
220    3    2    0    272.493964226    7
221    10    6    6    272.86880241    10
222    24    4    17    272.943828136    1
223    18    5    3    273.347707842    7
224    15    6    14    275.886159142    9
225    15    6    4    276.383569377    4
226    20    6    20    276.467141701    9
227    11    7    8    279.794102669    6
228    17    17    17    280.090368552    7
229    6    6    5    280.512244862    4
230    24    8    10    280.731650739    7
231    6    4    4    280.844446908    4
232    15    14    10    280.861955259    3
233    6    6    0    285.030202489    5
234    11    8    6    288.54463144    10
235    15    1    11    288.592417648    10
236    9    5    3    288.776218329    1
237    4    3    1    289.293396864    3
238    16    5    12    289.755908053    10
239    19    6    11    291.303785705    4
240    1    0    1    293.581692698    6
241    7    5    1    293.832343975    10
242    13    1    9    294.476725984    3
243    5    5    4    295.478173886    5
244    14    1    7    298.68682933    10
245    5    4    1    298.798707725    4
246    17    12    12    299.63676975    10
247    16    4    8    302.718575316    5
248    5    5    3    305.637232388    1
249    9    3    0    307.748036273    9
250    1    0    1    311.858940715    5
251    9    3    4    313.224893834    1
252    6    5    4    313.333509641    6
253    11    6    9    314.554034653    1
254    9    3    4    315.687611158    5
255    4    4    0    316.881433664    6
256    25    5    24    317.645000022    4
257    2    2    1    319.941012845    8
258    12    1    11    321.619147025    4
259    5    4    3    323.154017815    5
260    15    12    15    325.300931946    5
261    6    2    4    326.393379868    8
262    2    1    2    326.470903202    6
263    3    0    1    330.07749351    8
264    6    0    4    330.487349066    10
265    16    1    7    332.022324579    4
266    19    10    3    332.826808984    5
267    1    0    1    334.982333527    3
268    7    0    7    335.908155675    9
269    19    3    15    337.305681688    7
270    10    1    10    337.364405969    4
271    20    1    17    339.282783178    10
272    24    3    10    339.598554685    2
273    10    8    8    340.635301446    10
274    6    1    6    341.867282161    7
275    9    0    2    341.901067259    9
276    7    5    0    342.978918808    5
277    25    19    3    345.275557592    8
278    19    0    9    346.621527561    4
279    21    6    5    346.804261487    4
280    3    2    2    347.064422832    2
281    12    7    3    348.867949036    7
282    16    0    8    350.396250139    6
283    20    3    14    350.541092742    2
284    25    25    16    351.430935439    6
285    19    1    7    352.747158986    5
286    10    3    1    354.379993378    8
287    8    2    0    354.716899152    9
288    21    9    21    355.103672442    10
289    4    0    3    356.60547216    4
290    5    0    0    357.203208888    8
291    10    10    9    357.291372798    7
292    2    1    2    360.421332331    10
293    22    3    17    361.52047569    10
294    14    6    2    364.34241263    10
295    23    6    21    364.463081192    5
296    3    0    3    365.786609272    6
297    21    20    5    366.733813449    1
298    24    12    12    368.30639138    9
299    17    13    0    368.42672291    9
300    24    20    2    369.914520144    5
301    7    2    3    370.752855904    1
302    22    8    16    371.593557408    8
303    5    3    5    371.841464562    2
304    14    12    3    373.349189575    7
305    6    0    6    373.368495789    2
306    6    1    5    375.681388364    7
307    4    3    4    380.467281563    4
308    11    2    5    381.436042993    10
309    17    11    4    384.536226654    8
310    6    3    6    386.614382822    6
311    23    3    9    387.336681437    7
312    19    3    15    389.139966345    5
313    17    7    2    389.814271084    6
314    17    11    16    390.741162452    4
315    6    6    4    391.21503444    3
316    19    7    9    391.661851503    3
317    11    6    7    392.932119489    7
318    23    20    22    393.250337558    8
319    15    4    9    395.66355012    9
320    22    11    6    398.056104263    6
321    14    4    6    401.895859414    10
322    5    3    4    402.036409669    1
323    10    8    0    403.276467869    10
324    3    1    0    410.579224924    8
325    9    7    5    411.271414454    8
326    24    3    15    412.165926237    7
327    18    17    14    413.526743094    9
328    22    19    4    414.524829266    1
329    7    4    1    414.570101695    6
330    17    13    8    414.898333927    1
331    24    21    19    415.219816757    3
332    23    14    7    415.814277995    6
333    1    0    0    417.824511131    5
334    13    12    13    419.339388662    2
335    10    8    2    420.162615355    4
336    9    7    2    420.664886081    2
337    2    2    2    421.807530362    5
338    5    5    2    421.864602    10
339    16    10    13    422.114300861    5
340    16    2    14    424.507800116    10
341    19    9    15    425.663312915    6
342    7    1    3    426.12760338    9
343    15    11    11    427.365339742    8
344    16    16    11    427.368292043    1
345    8    2    0    429.179369667    8
346    19    10    12    429.445988805    10
347    22    17    3    430.733915198    4
348    4    4    3    431.155701177    5
349    25    17    13    431.588551519    2
350    19    16    18    434.292170124    1
351    9    8    9    436.258043828    10
352    12    4    0    437.191027743    6
353    9    1    0    439.928877956    10
354    17    5    4    441.532144689    1
355    6    5    5    442.109230825    10
356    18    17    8    442.984127807    2
357    5    1    2    445.605992822    1
358    2    0    2    445.83844695    10
359    1    1    0    446.673143714    3
360    18    7    14    447.899032675    8
361    8    2    3    449.756223311    7
362    1    0    1    449.841708319    7
363    2    0    1    450.084691427    1
364    13    1    6    452.340374025    3
365    12    9    1    452.534938165    9
366    7    4    0    453.003360639    3
367    6    2    2    454.850911909    6
368    19    12    10    455.32121667    3
369    15    5    0    458.293493767    10
370    7    0    5    458.881769692    9
371    20    1    1    459.309273546    6
372    12    2    10    459.381787864    8
373    4    0    1    460.359775731    5
374    19    15    12    461.780764916    9
375    21    20    15    462.11452477    8
376    8    4    2    464.018007067    4
377    17    0    8    466.269441221    5
378    13    4    4    468.935257328    7
379    19    14    13    471.366196358    7
380    17    17    11    471.399544755    4
381    17    8    12    471.551877986    9
382    13    7    6    472.854187736    5
383    11    11    0    474.471658141    7
384    19    7    19    477.985797201    4
385    13    6    7    478.279380533    3
386    16    12    7    481.515022545    4
387    14    10    5    492.029979679    8
388    7    5    1    492.393348921    8
389    17    16    12    493.843646489    1
390    15    10    0    494.32395651    6
391    7    6    5    495.965901709    1
392    24    22    17    496.23171032    7
393    19    7    11    497.213576042    3
394    1    1    1    497.646210507    7
395    8    0    8    498.532031478    4
396    20    15    5    499.322463899    2
397    9    5    2    502.158841146    8
398    19    9    16    504.073459236    9
399    11    3    6    505.022428352    5
400    17    2    12    505.909250923    1
401    14    10    3    508.879198884    5
402    15    3    13    514.110903004    5
403    24    3    12    514.389933198    4
404    23    1    4    516.465080959    9
405    9    9    4    517.311783265    2
406    17    6    6    517.98981242    7
407    15    5    6    519.56514649    3
408    18    18    5    520.209236862    1
409    18    10    10    520.576930462    6
410    2    1    2    520.952038955    5
411    18    3    0    521.98311145    2
412    25    10    6    522.69021013    5
413    22    18    15    523.23927212    8
414    20    9    6    523.686317702    4
415    9    4    9    524.351734855    4
416    25    2    8    525.928732109    4
417    12    0    8    526.947034738    7
418    25    13    13    527.158203608    3
419    24    8    6    528.668714843    9
420    18    16    0    528.675362129    4
421    20    14    7    528.911309637    9
422    9    5    6    529.269455683    4
423    11    1    1    531.848214517    2
424    9    2    9    533.660207883    1
425    7    5    0    536.157522432    1
426    1    0    0    538.129149044    6
427    11    4    5    538.3539226    6
428    1    0    1    539.276966062    1
429    7    6    4    540.211093165    1
430    22    0    22    540.64199786    2
431    16    10    11    541.216901991    4
432    1    0    1    541.272337421    7
433    18    2    17    541.673595867    9
434    5    2    3    541.78033705    5
435    17    7    12    542.154816889    5
436    15    4    7    545.290393219    8
437    11    7    5    545.603227205    9
438    22    1    11    547.893188652    3
439    23    10    16    549.596339585    9
440    20    11    16    550.185254071    3
441    10    2    3    550.222116705    10
442    1    0    0    554.529268904    9
443    12    1    0    556.430437122    7
444    2    2    2    557.417715182    1
445    16    2    14    562.021904679    3
446    25    15    1    563.394042046    8
447    2    0    2    563.689287485    4
448    16    16    2    563.794050449    4
449    14    5    3    564.984006364    7
450    5    2    2    566.254255873    10
451    3    1    0    566.599966334    4
452    12    7    2    567.641637038    3
453    12    9    2    568.378955233    2
454    24    18    22    569.927243279    7
455    1    0    1    570.044340746    4
456    23    18    12    572.558893734    10
457    10    0    8    573.871648011    8
458    4    4    4    576.0247893    4
459    18    17    16    576.419049032    7
460    23    5    13    577.506317374    2
461    24    24    16    578.484271337    3
462    9    1    7    579.280620628    4
463    21    0    1    580.96421785    7
464    11    4    10    583.807265757    8
465    7    0    3    585.139598413    5
466    16    14    10    586.853487231    7
467    20    20    14    587.893045755    3
468    10    10    8    590.95775286    9
469    18    18    15    591.983270509    6
470    3    3    0    592.208442735    6
471    13    0    1    593.904757801    4
472    13    6    6    595.326052656    10
473    2    0    1    595.329596029    2
474    11    9    10    595.921837186    9
475    6    2    6    596.74572962    4
476    10    7    8    598.56125469    7
477    17    7    1    599.804437763    7
478    22    19    12    603.031818526    2
479    6    0    0    603.411886312    9
480    16    4    3    604.624636945    9
481    3    3    2    605.123587036    5
482    14    13    5    605.305245445    10
483    3    0    2    606.032375941    7
484    2    2    2    610.697445532    3
485    14    3    11    614.421799909    2
486    7    0    1    617.087021804    5
487    7    6    4    617.695649774    2
488    15    5    5    618.317045892    8
489    9    3    0    619.735024943    5
490    3    1    1    624.08676021    10
491    19    13    9    625.400555176    1
492    18    11    16    628.126468385    6
493    5    1    0    629.274957141    2
494    1    1    1    629.845453938    1
495    3    1    2    630.080680528    6
496    12    0    0    633.681838782    1
497    12    0    3    636.368304988    5
498    11    8    2    636.507263194    2
499    2    1    1    636.534467627    9
500    14    7    4    640.506706138    3
501    2    1    2    641.9535946    5
502    18    5    5    644.528775202    8
503    20    1    5    645.123881891    2
504    22    6    8    645.2373079    8
505    12    1    11    647.092920144    8
506    22    14    18    647.475501232    5
507    24    19    0    649.343773594    10
508    5    0    5    649.40138652    2
509    8    5    4    649.691975355    2
510    4    1    0    650.522738797    9
511    12    3    5    651.773441669    10
512    10    0    7    652.106400021    7
513    17    2    6    652.473206147    7
514    9    0    6    653.990040404    2
515    12    5    9    654.095414849    3
516    18    16    16    654.316276358    10
517    23    4    14    655.592198649    8
518    8    2    6    655.943507523    9
519    24    10    6    655.998314124    2
520    9    8    3    661.058281919    1
521    6    3    1    661.139442091    9
522    18    16    7    662.21145715    6
523    23    0    9    663.785860112    10
524    10    7    0    665.4878943    9
525    13    13    12    666.8496212    7
526    5    5    0    667.394015631    3
527    8    6    1    667.690751749    6
528    7    0    2    667.775965696    4
529    17    3    0    667.829949019    5
530    16    6    5    668.225787752    4
531    13    7    2    670.183971832    9
532    6    0    6    670.237989515    6
533    14    2    13    670.749041293    7
534    6    0    2    671.450755402    7
535    9    4    1    672.479090752    6
536    1    0    1    672.510727284    3
537    19    2    11    672.970391964    9
538    18    13    18    673.558382908    3
539    18    12    11    675.085874554    3
540    6    0    2    676.236761414    2
541    13    10    2    676.377974578    1
542    7    1    3    676.797676602    4
543    22    17    15    678.802212366    1
544    17    9    16    679.373763854    9
545    10    8    9    681.709109164    10
546    8    2    8    681.857518917    2
547    25    3    12    682.321880563    10
548    11    1    4    683.034532702    6
549    10    9    4    684.447844593    3
550    11    11    1    684.744859731    6
551    18    10    7    686.844921117    7
552    16    5    10    686.894455882    6
553    4    0    2    687.794766978    5
554    7    4    0    689.434070689    6
555    12    9    5    689.899360216    1
556    10    4    8    690.442409085    7
557    3    3    1    692.700369836    3
558    9    9    1    693.42562416    5
559    11    10    5    693.917659057    1
560    5    5    5    694.165478748    6
561    12    1    10    696.880895909    8
562    22    2    9    698.73358048    7
563    6    4    0    699.023181379    5
564    6    5    4    699.275308959    10
565    20    20    6    699.388192371    2
566    7    5    2    704.627416503    1
567    20    13    13    705.034661184    3
568    6    4    2    705.118091271    10
569    13    13    3    705.375227483    9
570    25    19    9    706.330139157    10
571    9    6    2    706.509113044    8
572    10    2    10    706.601349388    9
573    4    2    3    707.664545967    6
574    13    6    4    709.733929354    6
575    25    3    9    712.854141998    6
576    18    7    6    714.48652248    1
577    19    17    7    715.428656369    8
578    2    1    1    716.030291994    10
579    6    5    4    716.258710408    4
580    22    6    0    716.514808438    2
581    3    0    2    717.001843606    7
582    7    3    0    717.269311966    9
583    18    12    14    722.928962255    3
584    20    11    4    725.120100742    10
585    19    8    7    725.558542854    8
586    17    4    0    727.157221083    7
587    24    12    15    728.237929589    9
588    14    13    0    733.169748731    2
589    7    2    1    733.523648245    5
590    17    4    1    733.853547188    10
591    19    1    1    734.20475444    1
592    15    8    9    735.031443619    1
593    21    7    2    736.504837853    10
594    21    15    11    736.937357012    2
595    12    9    12    737.974658256    6
596    25    0    15    742.735740738    3
597    2    0    0    743.860929552    8
598    7    6    1    747.537545917    4
599    18    15    2    747.752792485    2
600    3    2    2    748.622639077    5
601    8    1    2    751.075695262    10
602    6    3    1    751.815977774    7
603    9    9    2    751.924130928    3
604    12    7    9    752.506409669    3
605    11    4    1    754.385022211    10
606    19    18    5    756.103310335    9
607    4    1    1    757.507056281    7
608    12    3    10    757.608464164    7
609    3    0    2    760.619036649    4
610    12    10    11    760.744481794    3
611    14    5    9    761.183156584    2
612    14    0    6    762.337042056    7
613    20    20    19    763.95825916    2
614    23    2    0    764.390518578    6
615    20    0    0    764.749056614    9
616    1    0    0    764.844845114    1
617    7    7    6    766.237449463    5
618    17    4    10    768.082528553    9
619    2    2    1    769.549880035    5
620    2    2    2    771.004337761    10
621    4    1    0    771.10218097    9
622    7    2    7    772.464320126    6
623    1    1    0    773.684933085    5
624    17    8    0    773.693890116    3
625    12    10    2    775.906327834    9
626    22    21    0    781.690987141    1
627    9    2    3    783.061771453    5
628    3    0    3    783.713770027    1
629    6    0    5    784.242638685    7
630    12    11    7    784.963993484    5
631    16    5    10    789.3386595    7
632    3    3    1    790.430254933    2
633    7    5    3    791.374058266    1
634    14    1    10    791.847911694    2
635    1    1    0    792.564021333    2
636    13    10    0    794.655813141    4
637    25    17    24    797.366919007    1
638    13    2    9    797.540306193    10
639    4    2    2    798.324119328    4
640    24    4    20    799.23372171    6
641    23    0    12    800.794272927    8
642    10    8    0    801.479546491    5
643    15    14    15    802.394948377    2
644    5    4    0    802.521686382    6
645    13    7    7    802.745167299    1
646    19    3    17    804.551983854    6
647    19    7    10    805.664997009    7
648    24    20    2    807.205133782    2
649    21    4    20    807.265587669    2
650    13    11    0    807.271878964    5
651    12    1    8    807.90106855    4
652    8    6    2    808.924875014    3
653    13    8    9    809.436018443    4
654    16    8    10    809.692251053    7
655    25    10    1    810.319299038    7
656    23    2    6    811.822880781    8
657    4    4    3    813.124395315    2
658    8    3    0    814.242554666    3
659    23    13    10    814.7502058    2
660    4    1    4    817.139159397    1
661    12    10    5    817.600620242    3
662    20    7    9    819.212165941    2
663    2    0    0    820.981478383    4
664    15    6    13    823.633653556    10
665    25    22    25    826.062115393    1
666    15    4    14    826.495809174    4
667    19    9    11    830.888332178    8
668    9    5    4    831.505407499    3
669    17    10    11    831.767092124    2
670    2    1    0    832.242716001    5
671    17    12    4    832.413710623    1
672    13    1    8    833.879962772    3
673    1    1    1    834.948539312    10
674    16    9    9    835.229960655    2
675    13    12    1    840.010265982    2
676    3    3    0    840.651369731    2
677    13    1    4    840.679975755    3
678    15    5    5    841.84958698    3
679    25    12    7    842.044481554    10
680    23    14    8    842.177457221    3
681    9    3    9    842.373676575    2
682    7    1    7    843.516959344    1
683    25    22    8    848.532216969    4
684    22    10    9    849.462096934    3
685    3    3    2    850.752050131    2
686    2    2    1    852.200230729    7
687    20    10    20    852.719047178    9
688    23    14    7    852.91649256    3
689    20    13    4    853.881059412    3
690    10    10    10    855.130401464    8
691    24    23    6    855.568807287    7
692    8    1    1    856.236347657    10
693    10    6    3    857.286539771    2
694    5    5    4    858.43046409    4
695    9    4    0    859.00288067    8
696    6    3    5    859.081940064    2
697    15    14    12    859.37117849    10
698    23    9    0    859.919073359    7
699    22    15    12    860.090855253    5
700    20    15    9    862.7790598    6
701    6    6    5    863.648442511    1
702    14    0    6    863.788745449    5
703    8    3    0    865.63414699    8
704    14    1    13    866.30151098    10
705    14    0    14    867.721682273    1
706    6    6    6    869.023944484    8
707    12    7    5    869.383870346    5
708    6    4    6    870.105869026    5
709    25    6    8    873.438155566    1
710    3    1    2    875.457522612    4
711    4    3    0    878.456324612    3
712    10    7    0    878.837488568    6
713    22    16    8    884.198335885    5
714    11    8    9    888.854286725    5
715    2    2    1    889.609235399    7
716    24    11    8    890.460015914    1
717    14    7    3    891.834156645    10
718    21    10    8    894.402755947    6
719    3    1    1    894.927068729    5
720    5    3    1    895.458088114    10
721    10    0    0    896.634860763    3
722    9    4    4    897.175100413    2
723    8    1    7    897.864802114    3
724    17    1    11    898.341360575    1
725    9    0    0    901.985288907    1
726    19    14    19    902.818817298    10
727    1    1    0    904.152211122    1
728    18    2    6    905.65639163    6
729    15    14    0    907.682462881    7
730    22    9    13    907.939626822    10
731    3    3    1    909.264462064    7
732    7    0    6    910.54536697    7
733    16    11    6    910.571457316    5
734    2    0    2    914.733583149    3
735    24    5    22    914.751618448    7
736    5    1    1    915.280508481    6
737    3    1    2    915.576426673    9
738    11    0    0    917.119899164    5
739    3    2    2    917.824306622    7
740    22    2    6    920.025181647    5
741    6    5    6    920.334846433    7
742    25    6    11    921.557560942    9
743    6    6    3    921.595550463    4
744    16    13    6    922.8137636    5
745    4    3    1    923.238031108    10
746    15    1    5    923.267048877    7
747    9    8    8    925.105626834    7
748    14    0    5    926.669373393    1
749    20    1    9    927.512547833    3
750    13    5    0    927.536762515    3
751    16    14    4    931.60356601    4
752    14    14    5    932.63651975    6
753    3    3    0    935.476543807    10
754    6    1    4    936.904611323    7
755    22    12    18    938.452788569    6
756    22    4    11    939.585369048    8
757    22    19    10    942.417213017    7
758    17    2    9    944.268833815    10
759    24    4    9    945.313404154    4
760    6    3    5    946.451708859    6
761    17    2    16    946.898634181    5
762    23    14    8    949.473334341    1
763    14    12    9    951.49002188    1
764    17    11    4    954.080470638    8
765    5    4    2    954.299367322    9
766    24    20    15    955.16092594    2
767    18    15    13    961.959262005    1
768    1    0    0    962.710753854    5
769    23    6    7    964.165336994    2
770    11    8    8    964.673794987    7
771    14    6    2    967.371258082    1
772    21    9    9    967.663138803    1
773    7    1    7    967.926349091    2
774    1    1    0    970.201858659    6
775    9    1    5    970.725604055    2
776    25    3    12    972.994775443    2
777    16    6    14    973.391487367    3
778    6    3    4    974.170349331    1
779    4    0    3    977.335230757    2
780    25    11    15    977.731764983    5
781    23    9    21    982.906271603    7
782    5    2    4    984.999565321    8
783    19    15    5    985.771214566    6
784    11    8    5    985.828878549    2
785    5    0    0    987.108758911    9
786    10    8    1    987.656510487    10
787    14    10    5    990.237311491    2
788    15    13    7    990.67332365    6
789    24    13    1    992.298963076    4
790    9    3    5    992.709242758    4
791    1    0    1    992.827103499    6
792    8    0    7    993.685010473    8
793    16    8    1    994.143457974    9
794    17    9    11    995.792349803    6
795    14    13    12    997.282234203    2
796    16    2    9    997.450384862    10
797    11    0    6    997.958387835    6
798    7    2    0    999.381403045    9
799    3    3    3    999.600914481    9
800    6    6    2    999.912398206    6
