;job_number  cpu#  ssd#  gpu#  submit  runtime
1    5    0    5    0.978154268505    8
2    20    5    16    2.97257290095    8
3    13    6    5    4.45189722176    10
4    14    2    0    5.47038236162    9
5    9    6    9    6.06756968791    8
6    18    11    5    7.34077059003    2
7    18    8    16    9.14378548267    5
8    2    0    2    9.25305809659    7
9    6    5    6    10.1426005472    8
10    20    10    6    10.8055228533    6
11    18    2    2    11.0720299076    4
12    8    3    3    11.7185612378    5
13    17    4    9    12.6048122408    2
14    22    1    13    14.4189867532    3
15    19    4    1    14.5715186367    6
16    16    14    4    15.44233799    10
17    10    9    6    17.4026533018    3
18    13    3    12    19.0828220503    6
19    20    7    8    19.4063785008    9
20    25    25    7    19.5536328665    3
21    16    0    0    19.9061843543    8
22    22    3    21    20.5063864239    6
23    23    18    13    22.9379792312    5
24    19    0    9    23.0880859661    10
25    21    4    18    24.4438780376    6
26    24    18    11    24.6865552827    2
27    3    1    0    24.8671591151    6
28    25    19    19    26.3793029823    4
29    21    15    21    28.2642342736    10
30    17    13    9    28.42520977    8
31    6    5    5    29.6040913822    6
32    23    20    4    32.9442726851    4
33    4    4    4    33.9172621865    5
34    15    11    1    34.2190372838    9
35    7    6    3    34.8939573041    2
36    21    7    3    35.1476437035    6
37    8    7    5    35.3145545633    5
38    4    2    3    35.7103252691    6
39    21    4    16    37.222862954    5
40    7    0    1    37.2344622178    2
41    18    13    0    39.5864941305    8
42    16    9    11    39.933899609    6
43    1    1    0    42.0524369743    5
44    5    0    3    43.783308967    7
45    13    1    12    44.1242324265    4
46    3    2    1    45.5083999081    5
47    13    8    6    45.8097828938    1
48    2    0    1    46.733219234    8
49    22    0    17    47.8180424057    5
50    3    1    0    47.8979856546    1
51    16    12    15    48.1208724966    9
52    17    15    9    48.395403788    6
53    7    7    6    53.8038830063    1
54    14    12    11    55.1582022156    1
55    5    4    1    57.9415901815    4
56    2    2    2    58.7320478896    4
57    25    20    15    60.1105648425    8
58    20    12    8    61.5268942361    6
59    11    1    7    62.7913896723    3
60    18    16    2    62.8785660998    2
61    12    12    6    62.8818623375    9
62    15    15    8    63.2632236421    8
63    9    5    3    63.3636024683    2
64    3    0    3    64.0373357333    6
65    25    23    5    65.7218036885    3
66    12    3    12    66.1775089971    6
67    14    12    8    67.1559069481    9
68    3    1    0    67.7395716538    5
69    17    11    15    73.8523131794    3
70    16    0    5    73.9050127902    2
71    7    1    5    74.2254432445    3
72    8    8    3    74.6657982325    5
73    25    5    13    75.4453920515    8
74    19    17    2    75.5594374186    4
75    1    1    1    76.3533380493    6
76    15    0    10    79.1842952454    6
77    18    8    17    79.3490951116    1
78    11    5    9    83.7015212483    2
79    14    3    0    83.9543121734    1
80    14    4    11    84.1709206988    5
81    9    5    2    88.6071705777    3
82    3    2    2    88.9326422642    4
83    3    1    2    89.1690512373    7
84    23    20    12    89.4425626149    9
85    8    1    6    90.5870448433    7
86    23    12    9    90.6493570055    6
87    7    6    4    91.0164499293    7
88    22    8    13    91.7138045315    3
89    23    22    6    91.9805483852    2
90    13    10    11    92.2956680988    5
91    22    15    3    92.7643788935    5
92    12    10    10    94.3755581968    3
93    13    10    3    94.3942330799    10
94    18    2    1    94.5282141514    10
95    13    12    0    95.7356244067    9
96    14    11    8    97.3679743835    7
97    23    21    14    98.4299288118    2
98    10    0    7    99.0934614367    4
99    21    15    5    99.9421186734    4
100    13    8    13    100.712484028    9
101    19    12    3    103.225010382    10
102    16    6    6    103.893763961    4
103    12    12    4    104.176781605    1
104    17    2    7    104.387950856    10
105    6    1    1    104.390959089    6
106    20    11    20    104.581863131    1
107    2    1    0    104.851752849    2
108    1    0    0    104.962550288    9
109    13    4    7    105.251598086    4
110    12    5    12    106.208960406    9
111    17    9    6    106.958657188    9
112    23    19    17    109.428591129    6
113    1    1    0    110.209307644    7
114    8    6    4    110.483027513    1
115    15    1    10    113.058402282    9
116    1    1    1    115.847411765    4
117    21    13    4    118.124423471    7
118    18    7    8    118.68522706    2
119    11    1    5    119.196105273    10
120    19    4    13    119.523095591    4
121    23    5    16    123.116703286    7
122    9    1    1    124.368419767    5
123    25    0    9    125.632932052    9
124    23    10    12    126.146623843    4
125    5    0    1    126.251618994    1
126    23    19    7    127.802484682    1
127    10    5    1    129.363468672    1
128    6    2    5    129.532111313    10
129    5    2    2    130.141437325    10
130    5    5    1    130.472948156    5
131    18    15    9    131.596078994    5
132    21    18    3    133.061692923    6
133    9    4    9    135.0918535    10
134    15    9    10    135.391370168    10
135    12    3    1    137.554340333    10
136    9    9    2    137.7786648    2
137    15    5    3    137.792204847    7
138    18    9    12    139.013047874    9
139    23    15    1    140.50196745    10
140    13    9    11    141.803362966    4
141    13    10    7    142.700949215    5
142    25    6    7    143.374387536    1
143    6    0    1    144.168160119    7
144    18    15    16    144.898442737    4
145    22    14    4    145.602643383    10
146    20    5    3    147.046304376    7
147    11    11    10    147.32900286    1
148    23    11    11    148.59731937    1
149    20    11    1    149.203237943    10
150    1    0    0    152.028649837    8
151    20    14    10    152.164525233    8
152    8    7    4    152.696958907    8
153    11    11    7    155.104049608    8
154    14    7    12    156.558820358    4
155    6    6    6    156.945627736    3
156    15    4    10    157.333382629    10
157    21    10    7    158.095202757    2
158    18    7    0    159.047878199    7
159    23    16    12    159.215864385    6
160    14    9    1    159.282986353    8
161    7    6    5    160.319394108    1
162    8    1    1    160.334931365    1
163    11    9    10    160.696421852    2
164    12    7    6    160.759418593    3
165    15    13    5    160.869431633    9
166    18    14    3    161.48475701    9
167    17    11    9    161.741270794    9
168    25    9    13    164.330071958    10
169    9    9    9    164.374454823    3
170    15    15    2    164.866803637    4
171    13    4    6    165.392283864    5
172    23    23    20    166.194058819    2
173    24    4    17    166.316008416    1
174    5    5    2    167.189314419    5
175    21    11    4    168.071422089    2
176    21    6    15    168.163241219    2
177    4    3    2    168.588044766    5
178    23    21    3    170.151183907    1
179    22    15    8    171.29901352    8
180    22    15    1    172.412310993    10
181    15    4    5    172.928180956    4
182    1    0    0    172.981350915    7
183    17    11    3    173.583646704    9
184    4    4    3    175.255293505    1
185    17    16    15    176.237207776    7
186    12    6    10    176.636492949    8
187    19    4    1    177.138932052    8
188    11    7    10    177.39044138    5
189    4    2    4    177.740675536    7
190    20    11    4    178.060815448    6
191    1    0    0    178.133805114    4
192    12    9    4    182.062998603    7
193    13    5    12    182.92024997    7
194    25    12    9    184.13409809    4
195    5    4    1    184.638147722    7
196    19    12    12    185.944956199    6
197    17    11    0    187.197996119    8
198    20    8    0    187.39374004    5
199    7    2    7    190.516558308    6
200    4    4    0    190.678568781    6
201    12    5    3    191.870279751    1
202    15    14    2    192.279306816    7
203    13    6    9    192.409892984    7
204    3    3    2    194.698091202    6
205    12    1    7    195.292314177    5
206    1    0    1    196.62973896    4
207    2    2    0    197.260406178    8
208    23    18    11    199.899420027    7
209    12    10    8    200.850406127    9
210    21    13    9    203.996846132    4
211    18    6    0    204.338112426    5
212    21    1    11    205.115733936    8
213    7    0    0    205.970017596    10
214    6    0    4    206.895830832    5
215    15    13    14    209.760605445    2
216    13    9    0    210.731992456    6
217    24    2    8    211.842520219    10
218    8    1    8    212.454966374    8
219    25    11    1    212.656571709    2
220    23    18    8    214.843181214    7
221    13    7    7    216.141726091    4
222    5    0    0    216.200283995    3
223    12    2    0    217.078416192    7
224    1    0    0    218.62690754    9
225    2    0    1    219.229430047    10
226    12    4    2    220.129801252    5
227    21    17    12    221.78584842    8
228    9    0    4    222.710671725    9
229    13    12    6    223.143008581    1
230    3    0    2    223.558031139    1
231    13    12    0    224.146116557    7
232    18    12    9    224.351056598    8
233    17    12    2    225.004525839    5
234    17    1    9    225.293921887    8
235    18    0    18    226.907221011    5
236    1    1    0    230.175688769    10
237    25    20    5    230.223801686    1
238    4    1    4    230.448842048    10
239    14    1    13    230.769123753    7
240    9    2    6    232.419605623    2
241    24    18    3    232.886225376    9
242    12    1    0    233.154003151    9
243    18    7    0    234.404833478    6
244    16    2    13    236.356084603    4
245    24    9    17    237.285161784    9
246    8    8    6    238.007038013    7
247    21    6    7    238.406003339    4
248    10    8    8    239.685920188    7
249    21    8    18    241.378630571    1
250    14    2    7    241.48785637    2
251    18    9    7    242.381943089    3
252    14    5    1    243.265400326    9
253    23    11    18    243.405994288    5
254    13    8    5    243.786312717    8
255    3    1    0    245.871647704    10
256    3    3    0    246.19637458    7
257    6    2    5    247.974997267    7
258    1    1    1    248.361198696    9
259    5    3    5    249.636599704    1
260    7    5    1    250.324322753    8
261    13    6    2    250.893954666    6
262    7    3    2    251.242478335    7
263    11    6    5    251.706100067    6
264    1    0    1    252.109773152    5
265    3    0    1    252.138468227    6
266    7    4    1    252.680333112    2
267    22    16    2    253.558955338    10
268    10    4    0    254.044189097    3
269    16    15    4    254.111525776    1
270    7    3    5    254.468454581    3
271    1    0    1    254.865698338    9
272    20    19    17    254.877488759    9
273    14    3    14    256.114343872    10
274    17    10    5    257.734586344    5
275    7    0    5    257.94857224    9
276    2    2    0    260.257144941    6
277    18    7    3    260.544770572    7
278    6    4    2    262.728316295    6
279    8    3    3    263.336586274    3
280    25    14    6    263.77790547    10
281    8    2    6    264.628044506    1
282    11    10    0    264.732935471    3
283    14    10    11    265.482360936    8
284    3    1    1    265.637309641    10
285    3    2    1    267.958218031    4
286    25    8    14    268.033347917    10
287    8    0    1    268.234188545    1
288    2    1    1    270.643179515    7
289    18    18    15    270.715154418    2
290    20    12    19    271.267485252    4
291    15    2    12    272.025069239    10
292    3    2    0    272.493964226    7
293    10    6    6    272.86880241    10
294    24    4    17    272.943828136    1
295    18    5    3    273.347707842    7
296    15    6    14    275.886159142    9
297    15    6    4    276.383569377    4
298    20    6    20    276.467141701    9
299    11    7    8    279.794102669    6
300    17    17    17    280.090368552    7
301    6    6    5    280.512244862    4
302    24    8    10    280.731650739    7
303    6    4    4    280.844446908    4
304    15    14    10    280.861955259    3
305    13    7    2    283.717748744    9
306    6    6    0    285.030202489    5
307    11    8    6    288.54463144    10
308    15    1    11    288.592417648    10
309    9    5    3    288.776218329    1
310    4    3    1    289.293396864    3
311    16    5    12    289.755908053    10
312    19    6    11    291.303785705    4
313    1    0    1    293.581692698    6
314    7    5    1    293.832343975    10
315    13    1    9    294.476725984    3
316    5    5    4    295.478173886    5
317    12    5    3    296.761322977    10
318    14    1    7    298.68682933    10
319    5    4    1    298.798707725    4
320    17    12    12    299.63676975    10
321    16    4    7    300.531648143    7
322    20    7    19    301.709197077    4
323    16    4    8    302.718575316    5
324    5    5    3    305.637232388    1
325    9    3    0    307.748036273    9
326    1    0    1    311.858940715    5
327    2    2    0    312.668412755    10
328    9    3    4    313.224893834    1
329    6    5    4    313.333509641    6
330    11    6    9    314.554034653    1
331    9    3    4    315.687611158    5
332    4    4    0    316.881433664    6
333    25    5    24    317.645000022    4
334    2    2    1    319.941012845    8
335    12    1    11    321.619147025    4
336    5    4    3    323.154017815    5
337    15    12    15    325.300931946    5
338    6    2    4    326.393379868    8
339    2    1    2    326.470903202    6
340    3    0    1    330.07749351    8
341    6    0    4    330.487349066    10
342    14    9    6    331.003207852    3
343    16    1    7    332.022324579    4
344    19    10    3    332.826808984    5
345    1    0    1    334.982333527    3
346    7    0    7    335.908155675    9
347    19    3    15    337.305681688    7
348    10    1    10    337.364405969    4
349    20    1    17    339.282783178    10
350    12    8    10    339.549012985    7
351    24    3    10    339.598554685    2
352    10    8    8    340.635301446    10
353    6    1    6    341.867282161    7
354    9    0    2    341.901067259    9
355    7    5    0    342.978918808    5
356    25    19    3    345.275557592    8
357    19    0    9    346.621527561    4
358    21    6    5    346.804261487    4
359    3    2    2    347.064422832    2
360    10    10    9    348.401537675    6
361    22    1    9    348.531105361    5
362    12    7    3    348.867949036    7
363    7    5    3    349.211146224    8
364    22    17    11    350.091828175    4
365    16    0    8    350.396250139    6
366    20    3    14    350.541092742    2
367    25    25    16    351.430935439    6
368    19    1    7    352.747158986    5
369    21    8    10    353.160945911    4
370    10    3    1    354.379993378    8
371    8    2    0    354.716899152    9
372    21    9    21    355.103672442    10
373    4    0    3    356.60547216    4
374    5    0    0    357.203208888    8
375    10    10    9    357.291372798    7
376    20    3    13    359.303232718    2
377    2    1    2    360.421332331    10
378    22    3    17    361.52047569    10
379    14    6    2    364.34241263    10
380    23    6    21    364.463081192    5
381    3    0    3    365.786609272    6
382    21    20    5    366.733813449    1
383    13    1    3    366.809502582    1
384    16    12    15    366.836838274    4
385    24    12    12    368.30639138    9
386    17    13    0    368.42672291    9
387    24    20    2    369.914520144    5
388    7    2    3    370.752855904    1
389    22    8    16    371.593557408    8
390    5    3    5    371.841464562    2
391    2    0    1    371.996625407    9
392    14    12    3    373.349189575    7
393    6    0    6    373.368495789    2
394    6    1    5    375.681388364    7
395    4    3    4    380.467281563    4
396    11    2    5    381.436042993    10
397    17    11    4    384.536226654    8
398    6    3    6    386.614382822    6
399    23    3    9    387.336681437    7
400    10    5    6    388.225428094    8
401    19    3    15    389.139966345    5
402    17    7    2    389.814271084    6
403    17    11    16    390.741162452    4
404    6    6    4    391.21503444    3
405    19    7    9    391.661851503    3
406    11    6    7    392.932119489    7
407    23    20    22    393.250337558    8
408    2    2    1    394.754478421    8
409    15    4    9    395.66355012    9
410    22    11    6    398.056104263    6
411    25    2    0    399.893888286    8
412    14    4    6    401.895859414    10
413    5    3    4    402.036409669    1
414    10    8    0    403.276467869    10
415    3    1    0    410.579224924    8
416    9    7    5    411.271414454    8
417    24    3    15    412.165926237    7
418    18    17    14    413.526743094    9
419    22    19    4    414.524829266    1
420    7    4    1    414.570101695    6
421    17    13    8    414.898333927    1
422    24    21    19    415.219816757    3
423    23    14    7    415.814277995    6
424    1    0    0    417.824511131    5
425    21    7    16    417.898845229    4
426    13    12    13    419.339388662    2
427    10    8    2    420.162615355    4
428    9    7    2    420.664886081    2
429    12    11    2    421.129996652    5
430    2    2    2    421.807530362    5
431    5    5    2    421.864602    10
432    2    2    2    422.012295309    1
433    16    10    13    422.114300861    5
434    16    2    14    424.507800116    10
435    19    9    15    425.663312915    6
436    7    1    3    426.12760338    9
437    15    11    11    427.365339742    8
438    16    16    11    427.368292043    1
439    8    2    0    429.179369667    8
440    19    10    12    429.445988805    10
441    24    1    12    430.415643089    4
442    22    17    3    430.733915198    4
443    4    4    3    431.155701177    5
444    25    17    13    431.588551519    2
445    19    16    18    434.292170124    1
446    9    8    9    436.258043828    10
447    7    7    3    436.520355181    6
448    12    4    0    437.191027743    6
449    20    14    3    437.623614943    10
450    9    1    0    439.928877956    10
451    23    23    0    440.564297232    9
452    17    5    4    441.532144689    1
453    6    5    5    442.109230825    10
454    18    13    4    442.335373485    6
455    18    17    8    442.984127807    2
456    5    1    2    445.605992822    1
457    2    0    2    445.83844695    10
458    22    7    3    446.454498085    6
459    1    1    0    446.673143714    3
460    24    24    8    447.147307603    1
461    18    7    14    447.899032675    8
462    20    12    4    449.685269254    6
463    8    2    3    449.756223311    7
464    1    0    1    449.841708319    7
465    2    0    1    450.084691427    1
466    13    1    6    452.340374025    3
467    12    9    1    452.534938165    9
468    7    4    0    453.003360639    3
469    18    18    12    454.13429515    4
470    6    2    2    454.850911909    6
471    19    12    10    455.32121667    3
472    18    14    0    457.373568736    2
473    15    5    0    458.293493767    10
474    6    2    6    458.824849973    2
475    7    0    5    458.881769692    9
476    20    1    1    459.309273546    6
477    12    2    10    459.381787864    8
478    4    0    1    460.359775731    5
479    19    15    12    461.780764916    9
480    21    20    15    462.11452477    8
481    8    4    2    464.018007067    4
482    3    0    3    465.631442327    3
483    17    0    8    466.269441221    5
484    13    4    4    468.935257328    7
485    19    15    16    470.652877203    1
486    19    14    13    471.366196358    7
487    17    17    11    471.399544755    4
488    17    8    12    471.551877986    9
489    15    13    9    471.743763111    6
490    13    7    6    472.854187736    5
491    11    11    0    474.471658141    7
492    19    7    19    477.985797201    4
493    13    6    7    478.279380533    3
494    16    12    7    481.515022545    4
495    13    11    7    489.062271044    3
496    14    10    5    492.029979679    8
497    7    5    1    492.393348921    8
498    17    16    12    493.843646489    1
499    15    10    0    494.32395651    6
500    22    5    12    495.620254795    8
501    7    6    5    495.965901709    1
502    24    22    17    496.23171032    7
503    19    7    11    497.213576042    3
504    1    1    1    497.646210507    7
505    8    0    8    498.532031478    4
506    20    15    5    499.322463899    2
507    9    5    2    502.158841146    8
508    19    9    16    504.073459236    9
509    11    3    6    505.022428352    5
510    17    2    12    505.909250923    1
511    14    10    3    508.879198884    5
512    4    4    2    509.280390099    1
513    17    10    7    509.438370261    7
514    20    18    16    510.701367558    2
515    7    1    1    513.860229653    5
516    15    3    13    514.110903004    5
517    24    3    12    514.389933198    4
518    24    16    0    514.763368363    4
519    23    1    4    516.465080959    9
520    23    5    23    517.245388375    7
521    9    9    4    517.311783265    2
522    17    6    6    517.98981242    7
523    15    5    6    519.56514649    3
524    18    18    5    520.209236862    1
525    18    10    10    520.576930462    6
526    2    1    2    520.952038955    5
527    18    3    0    521.98311145    2
528    25    10    6    522.69021013    5
529    22    18    15    523.23927212    8
530    20    9    6    523.686317702    4
531    9    4    9    524.351734855    4
532    25    2    8    525.928732109    4
533    23    7    16    525.993816123    3
534    12    0    8    526.947034738    7
535    25    13    13    527.158203608    3
536    24    8    6    528.668714843    9
537    18    16    0    528.675362129    4
538    20    14    7    528.911309637    9
539    9    5    6    529.269455683    4
540    11    1    1    531.848214517    2
541    9    2    9    533.660207883    1
542    1    0    0    533.896019037    2
543    17    6    17    534.875969106    10
544    7    5    0    536.157522432    1
545    1    0    0    538.129149044    6
546    11    4    5    538.3539226    6
547    1    0    1    539.276966062    1
548    15    15    9    540.027473726    3
549    7    6    4    540.211093165    1
550    22    0    22    540.64199786    2
551    16    10    11    541.216901991    4
552    1    0    1    541.272337421    7
553    18    2    17    541.673595867    9
554    5    2    3    541.78033705    5
555    17    7    12    542.154816889    5
556    15    4    7    545.290393219    8
557    11    7    5    545.603227205    9
558    22    1    11    547.893188652    3
559    23    10    16    549.596339585    9
560    20    11    16    550.185254071    3
561    10    2    3    550.222116705    10
562    1    0    0    554.529268904    9
563    12    1    0    556.430437122    7
564    2    2    2    557.417715182    1
565    16    2    14    562.021904679    3
566    7    6    2    562.910019039    7
567    25    15    1    563.394042046    8
568    2    0    2    563.689287485    4
569    16    16    2    563.794050449    4
570    14    5    3    564.984006364    7
571    4    2    3    565.717788273    2
572    5    2    2    566.254255873    10
573    3    1    0    566.599966334    4
574    1    1    0    567.38702681    1
575    12    7    2    567.641637038    3
576    12    9    2    568.378955233    2
577    2    0    0    569.517349418    6
578    24    18    22    569.927243279    7
579    1    0    1    570.044340746    4
580    15    1    14    570.255891083    10
581    13    11    5    572.194493901    7
582    23    18    12    572.558893734    10
583    10    0    8    573.871648011    8
584    4    4    4    576.0247893    4
585    18    17    16    576.419049032    7
586    23    5    13    577.506317374    2
587    24    24    16    578.484271337    3
588    19    13    11    578.706239925    8
589    25    0    17    579.018547328    8
590    9    1    7    579.280620628    4
591    21    20    16    580.550762483    7
592    21    0    1    580.96421785    7
593    21    10    9    583.127661973    8
594    11    4    10    583.807265757    8
595    7    0    3    585.139598413    5
596    16    14    10    586.853487231    7
597    3    0    2    587.256820742    4
598    4    4    1    587.337642012    9
599    20    20    14    587.893045755    3
600    10    10    8    590.95775286    9
601    18    18    15    591.983270509    6
602    3    3    0    592.208442735    6
603    13    0    1    593.904757801    4
604    13    6    6    595.326052656    10
605    2    0    1    595.329596029    2
606    11    9    10    595.921837186    9
607    6    2    6    596.74572962    4
608    10    7    8    598.56125469    7
609    17    7    1    599.804437763    7
610    22    19    12    603.031818526    2
611    6    0    0    603.411886312    9
612    16    4    3    604.624636945    9
613    3    3    2    605.123587036    5
614    14    13    5    605.305245445    10
615    3    0    2    606.032375941    7
616    24    10    15    610.252731765    9
617    2    2    2    610.697445532    3
618    14    3    11    614.421799909    2
619    11    2    2    616.880463944    9
620    7    0    1    617.087021804    5
621    7    6    4    617.695649774    2
622    15    5    5    618.317045892    8
623    11    4    2    619.650816919    1
624    9    3    0    619.735024943    5
625    3    1    1    624.08676021    10
626    19    13    9    625.400555176    1
627    18    11    16    628.126468385    6
628    5    1    0    629.274957141    2
629    2    1    0    629.344313989    5
630    1    1    1    629.845453938    1
631    3    1    2    630.080680528    6
632    14    10    11    631.344046302    4
633    12    0    0    633.681838782    1
634    12    0    3    636.368304988    5
635    11    8    2    636.507263194    2
636    2    1    1    636.534467627    9
637    14    7    4    640.506706138    3
638    2    1    2    641.9535946    5
639    15    7    12    644.069637525    2
640    18    5    5    644.528775202    8
641    20    1    5    645.123881891    2
642    22    6    8    645.2373079    8
643    19    5    0    645.693024467    5
644    12    1    11    647.092920144    8
645    22    14    18    647.475501232    5
646    24    19    0    649.343773594    10
647    5    0    5    649.40138652    2
648    8    5    4    649.691975355    2
649    4    1    0    650.522738797    9
650    12    3    5    651.773441669    10
651    10    0    7    652.106400021    7
652    17    2    6    652.473206147    7
653    9    0    6    653.990040404    2
654    12    5    9    654.095414849    3
655    18    16    16    654.316276358    10
656    23    4    14    655.592198649    8
657    8    2    6    655.943507523    9
658    24    10    6    655.998314124    2
659    4    2    0    658.555516603    2
660    9    8    3    661.058281919    1
661    6    3    1    661.139442091    9
662    18    16    7    662.21145715    6
663    23    0    9    663.785860112    10
664    18    9    5    664.481301841    8
665    10    7    0    665.4878943    9
666    19    9    5    666.776542152    5
667    13    13    12    666.8496212    7
668    5    5    0    667.394015631    3
669    8    6    1    667.690751749    6
670    7    0    2    667.775965696    4
671    17    3    0    667.829949019    5
672    16    6    5    668.225787752    4
673    15    15    10    668.57458769    6
674    24    23    16    669.492520591    3
675    13    7    2    670.183971832    9
676    6    0    6    670.237989515    6
677    14    2    13    670.749041293    7
678    6    0    2    671.450755402    7
679    9    4    1    672.479090752    6
680    1    0    1    672.510727284    3
681    19    2    11    672.970391964    9
682    18    13    18    673.558382908    3
683    18    12    11    675.085874554    3
684    1    1    1    675.804969136    4
685    6    0    2    676.236761414    2
686    13    10    2    676.377974578    1
687    7    1    3    676.797676602    4
688    7    0    7    678.669637352    1
689    22    17    15    678.802212366    1
690    17    9    16    679.373763854    9
691    10    8    9    681.709109164    10
692    8    2    8    681.857518917    2
693    17    14    4    682.02856605    10
694    25    3    12    682.321880563    10
695    11    1    4    683.034532702    6
696    10    9    4    684.447844593    3
697    11    11    1    684.744859731    6
698    18    10    7    686.844921117    7
699    16    5    10    686.894455882    6
700    4    0    2    687.794766978    5
701    7    4    0    689.434070689    6
702    12    9    5    689.899360216    1
703    10    4    8    690.442409085    7
704    3    3    1    692.700369836    3
705    9    9    1    693.42562416    5
706    11    10    5    693.917659057    1
707    5    5    5    694.165478748    6
708    12    1    10    696.880895909    8
709    22    2    9    698.73358048    7
710    6    4    0    699.023181379    5
711    6    5    4    699.275308959    10
712    20    20    6    699.388192371    2
713    7    5    2    704.627416503    1
714    20    13    13    705.034661184    3
715    6    4    2    705.118091271    10
716    13    13    3    705.375227483    9
717    25    19    9    706.330139157    10
718    9    6    2    706.509113044    8
719    10    2    10    706.601349388    9
720    4    2    3    707.664545967    6
721    13    6    4    709.733929354    6
722    20    14    20    710.580012102    2
723    25    3    9    712.854141998    6
724    18    7    6    714.48652248    1
725    7    2    1    715.285574789    5
726    19    17    7    715.428656369    8
727    14    2    8    715.54618451    6
728    2    1    1    716.030291994    10
729    6    5    4    716.258710408    4
730    22    6    0    716.514808438    2
731    3    0    2    717.001843606    7
732    7    3    0    717.269311966    9
733    25    24    5    719.340623401    4
734    11    10    1    722.455777549    5
735    18    12    14    722.928962255    3
736    20    11    4    725.120100742    10
737    19    8    7    725.558542854    8
738    17    4    0    727.157221083    7
739    24    12    15    728.237929589    9
740    14    13    0    733.169748731    2
741    7    2    1    733.523648245    5
742    17    4    1    733.853547188    10
743    19    1    1    734.20475444    1
744    15    8    9    735.031443619    1
745    21    7    2    736.504837853    10
746    21    15    11    736.937357012    2
747    12    9    12    737.974658256    6
748    25    0    15    742.735740738    3
749    2    0    0    743.860929552    8
750    10    2    9    745.27970633    5
751    7    6    1    747.537545917    4
752    18    15    2    747.752792485    2
753    12    6    12    748.492546292    9
754    3    2    2    748.622639077    5
755    6    5    0    748.688994216    10
756    8    1    2    751.075695262    10
757    6    3    1    751.815977774    7
758    9    9    2    751.924130928    3
759    12    7    9    752.506409669    3
760    11    4    1    754.385022211    10
761    12    10    3    755.758698733    4
762    19    18    5    756.103310335    9
763    9    8    4    756.647792979    4
764    4    1    1    757.507056281    7
765    12    3    10    757.608464164    7
766    3    1    2    759.179588287    10
767    3    0    2    760.619036649    4
768    12    10    11    760.744481794    3
769    14    5    9    761.183156584    2
770    19    4    9    761.702828849    8
771    14    0    6    762.337042056    7
772    20    20    19    763.95825916    2
773    23    2    0    764.390518578    6
774    20    0    0    764.749056614    9
775    1    0    0    764.844845114    1
776    7    7    6    766.237449463    5
777    17    4    10    768.082528553    9
778    2    2    1    769.549880035    5
779    20    6    3    770.187552278    4
780    2    2    2    771.004337761    10
781    4    1    0    771.10218097    9
782    24    20    1    771.188801725    6
783    7    3    5    771.913359959    8
784    7    2    7    772.464320126    6
785    1    1    0    773.684933085    5
786    17    8    0    773.693890116    3
787    12    0    9    774.914845087    4
788    12    10    2    775.906327834    9
789    22    21    0    781.690987141    1
790    9    2    3    783.061771453    5
791    3    0    3    783.713770027    1
792    6    0    5    784.242638685    7
793    12    11    7    784.963993484    5
794    16    5    10    789.3386595    7
795    3    3    1    790.430254933    2
796    7    5    3    791.374058266    1
797    14    1    10    791.847911694    2
798    1    1    0    792.564021333    2
799    13    10    0    794.655813141    4
800    25    17    24    797.366919007    1
801    8    6    0    797.530860205    10
802    13    2    9    797.540306193    10
803    8    7    4    798.286116003    10
804    4    2    2    798.324119328    4
805    24    4    20    799.23372171    6
806    23    0    12    800.794272927    8
807    10    8    0    801.479546491    5
808    9    6    0    801.813373037    5
809    15    14    15    802.394948377    2
810    5    4    0    802.521686382    6
811    13    7    7    802.745167299    1
812    5    5    4    803.51823735    5
813    19    3    17    804.551983854    6
814    19    7    10    805.664997009    7
815    24    20    2    807.205133782    2
816    21    4    20    807.265587669    2
817    13    11    0    807.271878964    5
818    12    1    8    807.90106855    4
819    8    6    2    808.924875014    3
820    13    8    9    809.436018443    4
821    16    8    10    809.692251053    7
822    25    10    1    810.319299038    7
823    23    2    6    811.822880781    8
824    4    4    3    813.124395315    2
825    8    3    0    814.242554666    3
826    23    13    10    814.7502058    2
827    4    1    4    817.139159397    1
828    12    10    5    817.600620242    3
829    20    7    9    819.212165941    2
830    2    0    0    820.981478383    4
831    15    6    13    823.633653556    10
832    25    22    25    826.062115393    1
833    15    4    14    826.495809174    4
834    19    9    11    830.888332178    8
835    9    5    4    831.505407499    3
836    17    10    11    831.767092124    2
837    2    1    0    832.242716001    5
838    17    12    4    832.413710623    1
839    13    1    8    833.879962772    3
840    14    13    11    833.913121493    6
841    1    1    1    834.948539312    10
842    16    9    9    835.229960655    2
843    13    12    1    840.010265982    2
844    3    3    0    840.651369731    2
845    13    1    4    840.679975755    3
846    15    5    5    841.84958698    3
847    25    12    7    842.044481554    10
848    23    14    8    842.177457221    3
849    9    3    9    842.373676575    2
850    7    1    7    843.516959344    1
851    25    22    8    848.532216969    4
852    22    10    9    849.462096934    3
853    3    3    2    850.752050131    2
854    2    2    1    852.200230729    7
855    20    10    20    852.719047178    9
856    23    14    7    852.91649256    3
857    20    13    4    853.881059412    3
858    19    9    8    854.888822669    6
859    10    10    10    855.130401464    8
860    24    23    6    855.568807287    7
861    24    18    10    855.856110879    10
862    8    1    1    856.236347657    10
863    10    6    3    857.286539771    2
864    5    5    4    858.43046409    4
865    9    4    0    859.00288067    8
866    6    3    5    859.081940064    2
867    15    14    12    859.37117849    10
868    23    9    0    859.919073359    7
869    22    15    12    860.090855253    5
870    2    0    0    860.478149769    8
871    20    15    9    862.7790598    6
872    6    6    5    863.648442511    1
873    14    0    6    863.788745449    5
874    3    0    0    864.005950789    3
875    8    3    0    865.63414699    8
876    14    1    13    866.30151098    10
877    14    0    14    867.721682273    1
878    6    1    3    867.913353489    1
879    6    6    6    869.023944484    8
880    12    7    5    869.383870346    5
881    6    4    6    870.105869026    5
882    1    1    1    871.252831016    7
883    14    4    1    873.133425138    3
884    25    6    8    873.438155566    1
885    3    1    2    875.457522612    4
886    4    3    0    878.456324612    3
887    10    7    0    878.837488568    6
888    25    1    6    881.230907008    2
889    22    16    8    884.198335885    5
890    11    8    9    888.854286725    5
891    15    10    11    888.950291812    4
892    2    2    1    889.609235399    7
893    24    11    8    890.460015914    1
894    3    0    2    891.219692276    6
895    14    7    3    891.834156645    10
896    21    10    8    894.402755947    6
897    3    1    1    894.927068729    5
898    5    3    1    895.458088114    10
899    10    0    0    896.634860763    3
900    9    4    4    897.175100413    2
901    1    0    0    897.395566548    7
902    8    1    7    897.864802114    3
903    17    1    11    898.341360575    1
904    8    7    5    900.100257019    2
905    1    0    0    901.735776102    1
906    9    0    0    901.985288907    1
907    19    14    19    902.818817298    10
908    1    1    0    904.152211122    1
909    18    2    6    905.65639163    6
910    20    3    16    906.649155841    7
911    15    14    0    907.682462881    7
912    22    9    13    907.939626822    10
913    3    3    1    909.264462064    7
914    3    0    2    909.622919372    3
915    7    0    6    910.54536697    7
916    16    11    6    910.571457316    5
917    3    3    0    913.476738146    7
918    2    0    2    914.733583149    3
919    24    5    22    914.751618448    7
920    5    0    1    915.051931843    1
921    5    1    1    915.280508481    6
922    3    1    2    915.576426673    9
923    11    0    0    917.119899164    5
924    3    2    2    917.824306622    7
925    22    2    6    920.025181647    5
926    6    5    6    920.334846433    7
927    25    6    11    921.557560942    9
928    6    6    3    921.595550463    4
929    4    2    3    922.772149946    3
930    16    13    6    922.8137636    5
931    4    3    1    923.238031108    10
932    15    1    5    923.267048877    7
933    9    8    8    925.105626834    7
934    14    0    5    926.669373393    1
935    20    1    9    927.512547833    3
936    13    5    0    927.536762515    3
937    24    18    12    928.632108162    1
938    1    0    0    930.126361597    10
939    16    14    4    931.60356601    4
940    14    14    5    932.63651975    6
941    9    6    0    932.702020847    6
942    3    3    0    935.476543807    10
943    6    1    4    936.904611323    7
944    7    7    7    937.070703547    6
945    22    12    18    938.452788569    6
946    22    4    11    939.585369048    8
947    22    19    10    942.417213017    7
948    17    2    9    944.268833815    10
949    24    4    9    945.313404154    4
950    6    3    5    946.451708859    6
951    17    2    16    946.898634181    5
952    23    14    8    949.473334341    1
953    14    12    9    951.49002188    1
954    17    11    4    954.080470638    8
955    5    4    2    954.299367322    9
956    24    20    15    955.16092594    2
957    13    8    6    957.117976417    8
958    13    7    5    960.013602726    2
959    24    1    1    960.102253631    1
960    10    0    4    961.228387217    10
961    18    15    13    961.959262005    1
962    1    0    0    962.710753854    5
963    23    6    7    964.165336994    2
964    24    15    14    964.557687179    7
965    11    8    8    964.673794987    7
966    14    6    2    967.371258082    1
967    21    9    9    967.663138803    1
968    7    1    7    967.926349091    2
969    2    0    0    968.234880321    10
970    19    8    11    969.997832069    10
971    1    1    0    970.201858659    6
972    9    1    5    970.725604055    2
973    25    3    12    972.994775443    2
974    16    6    14    973.391487367    3
975    6    3    4    974.170349331    1
976    1    0    0    975.956452943    9
977    4    0    3    977.335230757    2
978    25    11    15    977.731764983    5
979    23    9    21    982.906271603    7
980    5    2    4    984.999565321    8
981    19    15    5    985.771214566    6
982    11    8    5    985.828878549    2
983    5    0    0    987.108758911    9
984    10    8    1    987.656510487    10
985    24    17    3    988.671341495    7
986    14    10    5    990.237311491    2
987    15    13    7    990.67332365    6
988    24    13    1    992.298963076    4
989    9    3    5    992.709242758    4
990    1    0    1    992.827103499    6
991    8    0    7    993.685010473    8
992    16    8    1    994.143457974    9
993    17    9    11    995.792349803    6
994    14    13    12    997.282234203    2
995    16    2    9    997.450384862    10
996    11    0    6    997.958387835    6
997    9    2    6    998.287917593    2
998    7    2    0    999.381403045    9
999    3    3    3    999.600914481    9
1000    6    6    2    999.912398206    6
