;job_number  cpu#  ssd#  gpu#  submit  runtime
1    8    5    0    0.264915114288    3
2    4    1    1    0.546974519392    5
3    5    0    5    0.978154268505    8
4    24    0    3    2.28448015503    7
5    14    12    13    2.72447635032    7
6    20    5    16    2.97257290095    8
7    13    6    5    4.45189722176    10
8    14    2    0    5.47038236162    9
9    9    6    9    6.06756968791    8
10    18    11    5    7.34077059003    2
11    18    8    16    9.14378548267    5
12    2    0    2    9.25305809659    7
13    6    5    6    10.1426005472    8
14    20    10    6    10.8055228533    6
15    18    2    2    11.0720299076    4
16    8    3    3    11.7185612378    5
17    17    4    9    12.6048122408    2
18    13    8    0    14.3749172584    2
19    22    1    13    14.4189867532    3
20    19    4    1    14.5715186367    6
21    16    14    4    15.44233799    10
22    22    20    10    15.5280231176    10
23    7    3    3    15.8747330311    9
24    20    11    10    16.1553343153    1
25    10    9    6    17.4026533018    3
26    22    8    4    18.2552160873    2
27    13    3    12    19.0828220503    6
28    9    5    4    19.379968971    9
29    20    7    8    19.4063785008    9
30    25    25    7    19.5536328665    3
31    16    0    0    19.9061843543    8
32    13    6    3    20.2828050143    6
33    22    3    21    20.5063864239    6
34    18    15    13    21.4158257977    3
35    19    19    17    22.2341854935    4
36    9    7    4    22.7625693202    1
37    23    18    13    22.9379792312    5
38    19    0    9    23.0880859661    10
39    17    2    1    24.2299842174    7
40    7    6    3    24.4432891971    10
41    21    4    18    24.4438780376    6
42    24    18    11    24.6865552827    2
43    3    1    0    24.8671591151    6
44    25    20    10    25.3810532795    6
45    25    19    19    26.3793029823    4
46    13    6    8    27.1555052588    6
47    25    23    1    27.5393552067    1
48    17    10    10    27.9195072321    4
49    4    4    1    28.0970389246    3
50    21    15    21    28.2642342736    10
51    17    13    9    28.42520977    8
52    6    5    5    29.6040913822    6
53    11    3    7    30.1635641637    9
54    19    11    14    30.8926504227    5
55    13    5    2    31.2174811073    10
56    12    0    12    31.4823819298    4
57    9    2    4    32.0233796012    2
58    7    7    1    32.0758903013    7
59    13    12    10    32.8897773151    7
60    23    20    4    32.9442726851    4
61    4    4    4    33.9172621865    5
62    15    11    1    34.2190372838    9
63    18    18    7    34.7489695516    2
64    7    6    3    34.8939573041    2
65    21    7    3    35.1476437035    6
66    8    7    5    35.3145545633    5
67    4    2    3    35.7103252691    6
68    1    1    0    36.1877444472    5
69    5    4    3    36.5758256924    9
70    21    4    16    37.222862954    5
71    7    0    1    37.2344622178    2
72    22    19    18    38.6354366821    5
73    18    13    0    39.5864941305    8
74    16    9    11    39.933899609    6
75    15    15    4    40.6838102163    1
76    1    1    0    42.0524369743    5
77    17    17    9    43.3384727843    5
78    5    0    3    43.783308967    7
79    13    1    12    44.1242324265    4
80    2    1    0    44.6911167174    7
81    15    0    3    45.3648145094    2
82    3    2    1    45.5083999081    5
83    24    24    9    45.6976597772    1
84    13    8    6    45.8097828938    1
85    3    2    0    45.8488982972    4
86    17    0    2    46.0284232187    9
87    8    2    2    46.4223653014    8
88    2    0    1    46.733219234    8
89    25    24    25    47.5008555474    4
90    22    0    17    47.8180424057    5
91    3    1    0    47.8979856546    1
92    16    12    15    48.1208724966    9
93    17    15    9    48.395403788    6
94    10    7    4    48.6657378603    9
95    17    9    10    53.5972107193    7
96    7    7    6    53.8038830063    1
97    22    14    21    54.0917289554    1
98    5    5    2    54.9781787332    7
99    14    12    11    55.1582022156    1
100    5    4    1    57.9415901815    4
101    3    2    0    58.5511852415    7
102    2    2    2    58.7320478896    4
103    8    1    2    58.9829235559    7
104    12    9    0    60.0662405703    1
105    25    20    15    60.1105648425    8
106    12    2    2    60.9894140616    7
107    20    12    8    61.5268942361    6
108    14    0    12    61.826647337    10
109    12    10    2    62.3318322127    4
110    4    3    4    62.7030201945    2
111    11    1    7    62.7913896723    3
112    18    16    2    62.8785660998    2
113    12    12    6    62.8818623375    9
114    20    18    14    63.1527765241    7
115    15    15    8    63.2632236421    8
116    9    5    3    63.3636024683    2
117    3    0    3    64.0373357333    6
118    4    2    2    64.2391116166    2
119    10    10    6    64.7635871571    7
120    21    2    3    65.4269504658    4
121    25    23    5    65.7218036885    3
122    12    3    12    66.1775089971    6
123    9    1    6    66.8561780967    8
124    14    12    8    67.1559069481    9
125    3    1    0    67.7395716538    5
126    7    1    2    67.8029460149    8
127    6    5    0    68.1674040375    7
128    20    18    20    68.8753716983    8
129    21    7    14    69.6646240774    8
130    10    9    4    69.7073098562    6
131    10    8    0    71.0710687175    9
132    9    0    1    72.3148019999    6
133    17    11    15    73.8523131794    3
134    16    0    5    73.9050127902    2
135    7    1    5    74.2254432445    3
136    8    8    3    74.6657982325    5
137    25    5    13    75.4453920515    8
138    19    17    2    75.5594374186    4
139    1    1    1    76.3533380493    6
140    17    9    15    76.5619550682    8
141    22    9    20    77.5513599693    7
142    15    0    10    79.1842952454    6
143    18    8    17    79.3490951116    1
144    8    0    8    81.8109647842    7
145    11    5    9    83.7015212483    2
146    14    3    0    83.9543121734    1
147    14    4    11    84.1709206988    5
148    7    5    3    84.4590965399    4
149    20    6    2    87.358683142    4
150    20    10    16    87.6551545443    10
151    8    5    1    88.0273561435    7
152    11    9    4    88.120184629    2
153    9    5    2    88.6071705777    3
154    3    2    2    88.9326422642    4
155    13    13    12    89.0127414084    3
156    3    1    2    89.1690512373    7
157    23    20    12    89.4425626149    9
158    8    1    6    90.5870448433    7
159    23    12    9    90.6493570055    6
160    7    6    4    91.0164499293    7
161    22    8    13    91.7138045315    3
162    23    22    6    91.9805483852    2
163    13    10    11    92.2956680988    5
164    18    6    10    92.5096556357    2
165    22    15    3    92.7643788935    5
166    12    10    10    94.3755581968    3
167    13    10    3    94.3942330799    10
168    18    2    1    94.5282141514    10
169    8    6    8    95.3540303409    1
170    13    12    0    95.7356244067    9
171    17    3    13    96.7123164554    9
172    23    14    18    96.8155218247    8
173    24    3    1    97.2546556737    9
174    14    11    8    97.3679743835    7
175    10    9    8    97.5083252954    8
176    6    3    2    97.5838428775    10
177    23    21    14    98.4299288118    2
178    4    1    3    98.5392121925    4
179    17    9    8    99.0374893904    1
180    10    0    7    99.0934614367    4
181    21    15    5    99.9421186734    4
182    13    8    13    100.712484028    9
183    8    8    5    100.934166969    9
184    14    6    7    102.377050465    5
185    21    2    15    102.805742241    4
186    18    15    17    102.972734208    1
187    19    12    3    103.225010382    10
188    3    2    1    103.512314133    1
189    20    2    12    103.699965445    10
190    16    6    6    103.893763961    4
191    12    12    4    104.176781605    1
192    14    12    3    104.332142764    3
193    17    2    7    104.387950856    10
194    6    1    1    104.390959089    6
195    20    11    20    104.581863131    1
196    2    1    0    104.851752849    2
197    1    0    0    104.962550288    9
198    13    4    7    105.251598086    4
199    12    5    12    106.208960406    9
200    1    0    0    106.39753042    1
201    17    9    6    106.958657188    9
202    10    1    2    108.024025775    1
203    15    4    0    108.446048808    10
204    23    19    17    109.428591129    6
205    23    1    7    109.600063206    4
206    15    10    13    109.936634172    6
207    1    1    0    110.209307644    7
208    8    6    4    110.483027513    1
209    14    10    14    110.533070152    3
210    15    1    10    113.058402282    9
211    18    8    8    113.236694582    8
212    15    5    2    113.793539066    2
213    1    1    1    115.847411765    4
214    8    3    3    116.34026503    7
215    21    13    4    118.124423471    7
216    2    2    0    118.291786023    7
217    18    7    8    118.68522706    2
218    14    3    5    118.949422435    3
219    11    1    5    119.196105273    10
220    19    4    13    119.523095591    4
221    16    7    7    119.650199588    8
222    22    18    7    119.776463036    10
223    10    9    5    120.329523065    3
224    17    10    14    122.349466208    4
225    23    5    16    123.116703286    7
226    9    1    1    124.368419767    5
227    20    12    12    125.340933404    9
228    25    0    9    125.632932052    9
229    23    10    12    126.146623843    4
230    5    0    1    126.251618994    1
231    21    19    13    126.636976051    6
232    23    19    7    127.802484682    1
233    2    1    0    128.489678748    10
234    11    6    6    128.679294586    5
235    10    5    1    129.363468672    1
236    6    2    5    129.532111313    10
237    18    11    12    129.996222871    6
238    5    2    2    130.141437325    10
239    5    5    1    130.472948156    5
240    18    15    9    131.596078994    5
241    21    18    3    133.061692923    6
242    8    2    7    133.198764773    8
243    12    1    0    133.770771587    1
244    9    4    9    135.0918535    10
245    15    9    10    135.391370168    10
246    20    3    9    135.633604742    10
247    12    3    1    137.554340333    10
248    9    9    2    137.7786648    2
249    15    5    3    137.792204847    7
250    18    9    12    139.013047874    9
251    2    1    1    140.100384268    10
252    2    2    0    140.293043861    2
253    23    15    1    140.50196745    10
254    13    9    11    141.803362966    4
255    13    10    7    142.700949215    5
256    24    22    0    143.045444533    8
257    17    15    9    143.264337133    4
258    5    0    2    143.321574048    8
259    25    6    7    143.374387536    1
260    6    0    1    144.168160119    7
261    18    15    16    144.898442737    4
262    22    14    4    145.602643383    10
263    23    6    14    145.676219634    5
264    3    0    1    145.837663012    10
265    11    1    9    146.145466007    10
266    25    9    8    147.003603488    9
267    20    5    3    147.046304376    7
268    11    11    10    147.32900286    1
269    5    4    3    148.406682476    9
270    23    11    11    148.59731937    1
271    20    11    1    149.203237943    10
272    10    6    0    149.341629202    10
273    23    20    17    149.841053455    1
274    1    0    0    152.028649837    8
275    20    14    10    152.164525233    8
276    4    2    0    152.349737278    7
277    17    1    10    152.586323399    5
278    8    7    4    152.696958907    8
279    5    4    4    152.968932595    5
280    11    11    7    155.104049608    8
281    8    0    5    156.406810803    6
282    14    7    12    156.558820358    4
283    6    6    6    156.945627736    3
284    15    4    10    157.333382629    10
285    4    1    0    157.409801838    8
286    21    10    7    158.095202757    2
287    18    7    0    159.047878199    7
288    23    16    12    159.215864385    6
289    2    1    0    159.275427675    8
290    14    9    1    159.282986353    8
291    7    6    5    160.319394108    1
292    8    1    1    160.334931365    1
293    11    9    10    160.696421852    2
294    12    7    6    160.759418593    3
295    15    13    5    160.869431633    9
296    18    14    3    161.48475701    9
297    17    11    9    161.741270794    9
298    7    6    7    162.502812614    10
299    12    4    3    163.047527806    4
300    12    1    9    163.340676428    9
301    22    1    3    163.799871298    2
302    19    4    12    164.195270765    3
303    25    9    13    164.330071958    10
304    9    9    9    164.374454823    3
305    23    19    16    164.648580548    10
306    15    15    2    164.866803637    4
307    7    1    6    165.132123831    3
308    13    4    6    165.392283864    5
309    20    11    20    165.968443635    7
310    23    23    20    166.194058819    2
311    24    4    17    166.316008416    1
312    24    14    22    167.083357702    2
313    5    5    2    167.189314419    5
314    21    11    4    168.071422089    2
315    21    6    15    168.163241219    2
316    22    4    6    168.422824523    6
317    4    3    2    168.588044766    5
318    13    3    8    169.818983873    7
319    2    2    1    170.114636389    7
320    23    21    3    170.151183907    1
321    3    0    3    171.040333376    3
322    22    15    8    171.29901352    8
323    6    3    6    171.861828864    6
324    22    15    1    172.412310993    10
325    15    4    5    172.928180956    4
326    1    0    0    172.981350915    7
327    17    11    3    173.583646704    9
328    17    13    10    173.628767839    3
329    4    4    3    175.255293505    1
330    17    16    15    176.237207776    7
331    12    6    10    176.636492949    8
332    19    4    1    177.138932052    8
333    21    6    6    177.237213318    8
334    11    7    10    177.39044138    5
335    4    2    4    177.740675536    7
336    20    11    4    178.060815448    6
337    1    0    0    178.133805114    4
338    8    0    8    180.022005312    6
339    21    10    3    180.352905356    3
340    20    13    13    181.059332209    8
341    3    0    3    181.980316725    4
342    12    9    4    182.062998603    7
343    15    7    3    182.834614955    6
344    5    4    2    182.839438994    5
345    13    5    12    182.92024997    7
346    25    12    9    184.13409809    4
347    14    5    11    184.470059704    3
348    5    4    1    184.638147722    7
349    1    1    0    185.287334059    2
350    19    12    12    185.944956199    6
351    5    1    2    186.187231814    7
352    17    11    0    187.197996119    8
353    20    8    0    187.39374004    5
354    17    11    9    188.236376878    10
355    12    8    7    189.772933107    3
356    1    0    1    190.204368748    7
357    7    2    7    190.516558308    6
358    4    4    0    190.678568781    6
359    1    1    0    190.686527178    5
360    12    5    3    191.870279751    1
361    15    14    2    192.279306816    7
362    13    6    9    192.409892984    7
363    20    10    7    193.482305327    8
364    3    3    2    194.698091202    6
365    12    1    7    195.292314177    5
366    1    0    1    196.62973896    4
367    12    12    8    196.815636619    1
368    2    2    0    197.260406178    8
369    3    2    1    198.149116241    1
370    25    25    12    198.365631488    4
371    18    13    17    199.448516306    10
372    3    3    1    199.61350008    10
373    23    18    11    199.899420027    7
374    22    3    9    200.124167744    2
375    10    4    10    200.498533759    9
376    12    10    8    200.850406127    9
377    13    3    7    203.009924441    10
378    15    5    14    203.055364111    9
379    21    13    9    203.996846132    4
380    18    6    0    204.338112426    5
381    21    1    11    205.115733936    8
382    7    0    0    205.970017596    10
383    6    0    4    206.895830832    5
384    20    14    0    208.773869452    5
385    22    9    7    209.236821795    8
386    15    13    14    209.760605445    2
387    13    9    0    210.731992456    6
388    8    5    8    211.786671179    8
389    24    2    8    211.842520219    10
390    8    1    8    212.454966374    8
391    25    11    1    212.656571709    2
392    12    5    5    214.484877464    2
393    23    18    8    214.843181214    7
394    1    1    0    215.151239617    8
395    1    1    0    215.673949328    5
396    13    7    7    216.141726091    4
397    5    0    0    216.200283995    3
398    15    0    15    216.381083752    7
399    2    2    0    216.400583251    4
400    12    2    0    217.078416192    7
401    1    0    0    218.62690754    9
402    2    0    1    219.229430047    10
403    12    12    3    219.953522958    2
404    12    4    2    220.129801252    5
405    15    4    15    220.916442026    8
406    21    17    12    221.78584842    8
407    21    5    0    221.819467217    8
408    23    6    13    221.827227543    5
409    9    0    4    222.710671725    9
410    13    12    6    223.143008581    1
411    3    0    2    223.558031139    1
412    13    12    0    224.146116557    7
413    18    12    9    224.351056598    8
414    3    0    3    224.372332623    8
415    17    12    2    225.004525839    5
416    17    1    9    225.293921887    8
417    5    1    4    225.966942788    9
418    18    0    18    226.907221011    5
419    24    11    20    227.846971238    5
420    18    12    10    228.577503705    6
421    15    10    10    229.85357318    2
422    1    1    0    230.175688769    10
423    25    20    5    230.223801686    1
424    4    1    4    230.448842048    10
425    14    1    13    230.769123753    7
426    9    2    6    232.419605623    2
427    24    18    3    232.886225376    9
428    2    2    1    232.927189473    10
429    10    0    0    233.121084611    3
430    12    1    0    233.154003151    9
431    18    7    0    234.404833478    6
432    16    2    13    236.356084603    4
433    18    0    8    237.06324534    6
434    24    9    17    237.285161784    9
435    5    3    1    237.944894316    5
436    8    8    6    238.007038013    7
437    17    1    12    238.064876022    2
438    21    6    7    238.406003339    4
439    22    18    19    238.718355345    8
440    10    8    8    239.685920188    7
441    21    10    7    240.302622059    3
442    5    5    0    240.390392306    7
443    21    8    18    241.378630571    1
444    14    2    7    241.48785637    2
445    2    1    1    241.837639607    3
446    18    9    7    242.381943089    3
447    14    5    1    243.265400326    9
448    23    11    18    243.405994288    5
449    13    8    5    243.786312717    8
450    3    1    0    245.871647704    10
451    3    3    0    246.19637458    7
452    6    2    5    247.974997267    7
453    1    1    1    248.361198696    9
454    5    3    5    249.636599704    1
455    7    5    1    250.324322753    8
456    13    6    2    250.893954666    6
457    7    3    2    251.242478335    7
458    11    6    5    251.706100067    6
459    1    0    1    252.109773152    5
460    3    0    1    252.138468227    6
461    7    4    1    252.680333112    2
462    25    25    2    252.909051734    7
463    5    3    4    253.031834353    3
464    22    16    2    253.558955338    10
465    18    8    15    253.671559412    1
466    10    4    0    254.044189097    3
467    16    15    4    254.111525776    1
468    6    5    6    254.266363438    8
469    7    3    5    254.468454581    3
470    1    0    1    254.865698338    9
471    20    19    17    254.877488759    9
472    14    3    14    256.114343872    10
473    25    19    25    257.649252095    1
474    17    10    5    257.734586344    5
475    7    0    5    257.94857224    9
476    3    2    3    258.784926953    7
477    2    2    0    260.257144941    6
478    18    7    3    260.544770572    7
479    23    7    18    262.126409356    9
480    6    4    2    262.728316295    6
481    8    3    3    263.336586274    3
482    25    14    6    263.77790547    10
483    8    2    6    264.628044506    1
484    11    10    0    264.732935471    3
485    14    10    11    265.482360936    8
486    3    1    1    265.637309641    10
487    17    12    15    266.742195978    10
488    3    2    1    267.958218031    4
489    25    8    14    268.033347917    10
490    8    0    1    268.234188545    1
491    5    3    3    268.263369183    1
492    5    0    4    269.264439758    10
493    2    1    1    270.643179515    7
494    18    18    15    270.715154418    2
495    21    13    12    270.805457324    4
496    20    12    19    271.267485252    4
497    23    2    21    271.791767006    3
498    13    3    4    271.99676673    8
499    15    2    12    272.025069239    10
500    3    2    0    272.493964226    7
501    10    6    6    272.86880241    10
502    24    4    17    272.943828136    1
503    17    12    13    273.010475268    3
504    18    5    3    273.347707842    7
505    20    11    1    275.498805086    5
506    4    0    4    275.583796697    8
507    15    6    14    275.886159142    9
508    15    6    4    276.383569377    4
509    2    2    1    276.406047467    10
510    20    6    20    276.467141701    9
511    14    1    5    277.656138308    10
512    16    6    7    277.864931498    1
513    11    7    8    279.794102669    6
514    17    17    17    280.090368552    7
515    6    6    5    280.512244862    4
516    24    8    10    280.731650739    7
517    6    4    4    280.844446908    4
518    15    14    10    280.861955259    3
519    21    3    19    282.165643285    4
520    13    7    2    283.717748744    9
521    20    7    4    283.818857033    3
522    17    8    14    284.946588326    2
523    6    6    0    285.030202489    5
524    25    13    16    285.29211228    1
525    21    11    14    285.908077973    10
526    22    15    0    286.157828998    10
527    5    5    0    286.485367513    8
528    2    0    0    288.016144191    9
529    11    8    6    288.54463144    10
530    15    1    11    288.592417648    10
531    9    5    3    288.776218329    1
532    4    3    1    289.293396864    3
533    16    5    12    289.755908053    10
534    19    6    11    291.303785705    4
535    7    4    0    291.732286021    9
536    17    8    16    292.00735696    7
537    2    0    0    292.476742355    3
538    1    0    1    293.581692698    6
539    7    5    1    293.832343975    10
540    11    2    2    293.99800035    4
541    13    1    9    294.476725984    3
542    5    3    3    295.212075894    5
543    5    5    4    295.478173886    5
544    7    4    3    295.587169129    1
545    19    0    3    296.543474356    8
546    12    5    3    296.761322977    10
547    6    4    3    297.21958673    1
548    13    12    5    297.572670082    8
549    14    1    7    298.68682933    10
550    12    9    4    298.706709711    4
551    5    4    1    298.798707725    4
552    17    15    1    299.53244286    5
553    17    12    12    299.63676975    10
554    25    11    11    300.171990583    10
555    16    4    7    300.531648143    7
556    20    7    19    301.709197077    4
557    16    4    8    302.718575316    5
558    11    9    3    302.762941582    10
559    3    0    3    303.272059638    2
560    5    5    3    305.637232388    1
561    21    8    16    305.947875157    3
562    12    6    10    306.121327423    8
563    9    3    0    307.748036273    9
564    14    14    14    307.843266036    7
565    11    8    8    308.29550154    10
566    14    14    3    309.232626076    7
567    8    3    8    309.41896449    8
568    22    19    3    309.554769886    9
569    1    0    0    310.279460221    8
570    9    6    3    311.326821361    10
571    1    0    1    311.858940715    5
572    2    2    0    312.668412755    10
573    9    3    4    313.224893834    1
574    6    5    4    313.333509641    6
575    17    4    16    313.571993501    7
576    1    1    0    313.640161368    7
577    11    6    9    314.554034653    1
578    5    1    0    314.577750706    8
579    11    2    2    314.764850738    3
580    10    6    8    314.924656322    10
581    16    15    1    314.986907868    8
582    13    1    8    315.383086002    10
583    9    3    4    315.687611158    5
584    3    2    1    316.762930177    9
585    4    4    0    316.881433664    6
586    25    5    24    317.645000022    4
587    7    2    0    318.797932994    6
588    2    2    1    319.941012845    8
589    12    1    11    321.619147025    4
590    5    4    3    323.154017815    5
591    25    14    22    323.542641123    9
592    21    1    4    324.580721438    4
593    15    12    15    325.300931946    5
594    9    9    6    325.669428945    3
595    19    12    2    326.356443205    2
596    6    2    4    326.393379868    8
597    2    1    2    326.470903202    6
598    18    0    16    328.619979147    1
599    1    1    0    329.89865669    8
600    3    0    1    330.07749351    8
601    25    22    7    330.165165865    4
602    6    0    4    330.487349066    10
603    14    9    6    331.003207852    3
604    10    2    6    331.3010213    9
605    3    1    1    331.979384887    4
606    16    1    7    332.022324579    4
607    17    15    2    332.815630467    2
608    19    10    3    332.826808984    5
609    17    8    2    332.845862375    2
610    1    0    1    334.982333527    3
611    7    0    7    335.908155675    9
612    15    3    9    336.556678398    2
613    19    3    15    337.305681688    7
614    10    1    10    337.364405969    4
615    1    1    1    338.64400909    7
616    20    1    17    339.282783178    10
617    12    8    10    339.549012985    7
618    24    3    10    339.598554685    2
619    10    8    8    340.635301446    10
620    14    4    10    340.889548593    9
621    16    9    2    341.287716228    10
622    6    1    6    341.867282161    7
623    9    0    2    341.901067259    9
624    7    5    0    342.978918808    5
625    3    0    0    343.163573625    8
626    15    8    0    343.485457085    7
627    7    6    4    345.164550657    9
628    25    19    3    345.275557592    8
629    10    9    6    346.414510225    2
630    19    0    9    346.621527561    4
631    21    6    5    346.804261487    4
632    3    2    2    347.064422832    2
633    8    6    3    347.665606322    6
634    10    10    9    348.401537675    6
635    22    1    9    348.531105361    5
636    12    7    3    348.867949036    7
637    7    5    3    349.211146224    8
638    13    1    4    349.536498374    2
639    22    17    11    350.091828175    4
640    16    0    8    350.396250139    6
641    12    4    3    350.3968265    2
642    20    3    14    350.541092742    2
643    15    13    0    350.583725961    9
644    4    4    3    351.299690605    10
645    25    25    16    351.430935439    6
646    19    1    7    352.747158986    5
647    21    8    10    353.160945911    4
648    20    13    9    354.371353808    1
649    10    3    1    354.379993378    8
650    25    16    11    354.416840363    10
651    8    2    0    354.716899152    9
652    19    10    3    354.944372611    5
653    21    9    21    355.103672442    10
654    4    0    3    356.60547216    4
655    9    2    8    356.938942568    6
656    5    0    0    357.203208888    8
657    10    10    9    357.291372798    7
658    15    8    6    358.03571177    8
659    3    2    1    358.884495856    4
660    20    3    13    359.303232718    2
661    13    10    4    359.894063056    4
662    2    1    2    360.421332331    10
663    2    1    0    360.477759703    7
664    22    3    17    361.52047569    10
665    8    5    1    361.589265292    1
666    4    4    0    362.636219845    3
667    24    24    22    363.65105136    4
668    23    2    16    364.231770684    5
669    14    6    2    364.34241263    10
670    23    6    21    364.463081192    5
671    25    24    21    365.308412686    4
672    15    3    6    365.446235191    3
673    3    0    3    365.786609272    6
674    21    20    5    366.733813449    1
675    13    1    3    366.809502582    1
676    16    12    15    366.836838274    4
677    13    12    8    367.058821832    8
678    1    0    0    367.100128138    2
679    24    12    12    368.30639138    9
680    17    13    0    368.42672291    9
681    19    19    4    368.5487313    6
682    4    1    0    369.055661646    5
683    24    20    2    369.914520144    5
684    7    2    3    370.752855904    1
685    14    9    14    371.259102729    6
686    22    8    16    371.593557408    8
687    7    2    0    371.644655032    4
688    5    3    5    371.841464562    2
689    2    0    1    371.996625407    9
690    6    0    5    372.298321158    9
691    14    12    3    373.349189575    7
692    6    0    6    373.368495789    2
693    22    10    13    373.925647143    10
694    8    2    3    374.875088712    7
695    15    3    2    374.93752521    4
696    12    2    2    375.435693561    4
697    6    1    5    375.681388364    7
698    19    2    13    375.969985864    6
699    12    10    6    376.569683088    4
700    8    4    3    377.647361591    10
701    9    2    6    379.040831166    3
702    4    3    4    380.467281563    4
703    11    2    5    381.436042993    10
704    10    8    7    381.875782409    4
705    17    11    4    384.536226654    8
706    6    3    6    386.614382822    6
707    20    1    0    386.877260531    9
708    17    5    8    386.935686162    10
709    23    3    9    387.336681437    7
710    22    1    0    388.124566648    8
711    10    5    6    388.225428094    8
712    3    0    0    388.329365537    1
713    15    11    6    388.422280124    8
714    19    3    15    389.139966345    5
715    23    10    3    389.171476662    7
716    17    7    2    389.814271084    6
717    17    11    16    390.741162452    4
718    6    6    4    391.21503444    3
719    19    7    9    391.661851503    3
720    11    6    7    392.932119489    7
721    23    20    22    393.250337558    8
722    15    4    5    393.357348845    1
723    7    4    6    394.481669285    5
724    2    2    1    394.754478421    8
725    21    4    6    395.487710164    8
726    15    4    9    395.66355012    9
727    7    3    6    396.523532819    10
728    24    18    9    396.769914828    6
729    22    11    6    398.056104263    6
730    22    15    11    398.779184235    5
731    17    1    1    399.515429861    2
732    25    2    0    399.893888286    8
733    12    4    12    400.513260665    1
734    14    4    6    401.895859414    10
735    5    3    4    402.036409669    1
736    21    0    16    402.269543304    6
737    10    8    0    403.276467869    10
738    21    4    13    403.979801722    10
739    12    11    1    404.037576781    5
740    16    4    16    406.08045507    1
741    5    1    0    406.200854477    4
742    11    8    4    407.661572414    9
743    22    8    5    409.692568958    2
744    3    1    0    410.579224924    8
745    9    7    5    411.271414454    8
746    20    9    10    412.053191937    5
747    24    3    15    412.165926237    7
748    8    0    3    413.498317638    8
749    18    17    14    413.526743094    9
750    6    0    0    414.056305751    4
751    22    19    4    414.524829266    1
752    7    4    1    414.570101695    6
753    17    13    8    414.898333927    1
754    24    21    19    415.219816757    3
755    23    14    7    415.814277995    6
756    21    14    3    416.820172223    7
757    12    0    3    416.901715097    5
758    19    18    18    416.959492603    7
759    1    0    0    417.824511131    5
760    8    4    3    417.859300171    1
761    21    7    16    417.898845229    4
762    13    12    13    419.339388662    2
763    10    8    2    420.162615355    4
764    7    0    1    420.444535631    4
765    9    7    2    420.664886081    2
766    20    19    12    420.961691748    1
767    12    11    2    421.129996652    5
768    2    2    2    421.807530362    5
769    5    5    2    421.864602    10
770    2    2    2    422.012295309    1
771    16    10    13    422.114300861    5
772    2    1    1    422.31715117    6
773    6    4    0    423.331487714    7
774    16    2    14    424.507800116    10
775    24    5    2    425.637690802    4
776    19    9    15    425.663312915    6
777    7    1    3    426.12760338    9
778    16    10    6    426.15379187    4
779    15    11    11    427.365339742    8
780    16    16    11    427.368292043    1
781    5    2    1    427.588735165    1
782    21    17    14    427.732525901    6
783    10    4    7    428.762372316    6
784    8    2    0    429.179369667    8
785    6    2    1    429.350130424    4
786    19    10    12    429.445988805    10
787    24    1    12    430.415643089    4
788    22    17    3    430.733915198    4
789    4    4    3    431.155701177    5
790    25    17    13    431.588551519    2
791    21    2    5    432.127386992    2
792    16    15    4    432.930281644    7
793    19    16    18    434.292170124    1
794    21    0    8    435.690485006    5
795    7    2    6    435.764289831    8
796    9    9    3    435.914119493    8
797    9    8    9    436.258043828    10
798    13    13    9    436.504364482    8
799    7    7    3    436.520355181    6
800    12    4    0    437.191027743    6
801    20    14    3    437.623614943    10
802    19    15    19    438.031289709    1
803    9    1    0    439.928877956    10
804    14    14    0    440.207319005    9
805    23    23    0    440.564297232    9
806    2    1    1    441.359609143    2
807    7    7    0    441.479405271    6
808    17    5    4    441.532144689    1
809    6    5    5    442.109230825    10
810    18    13    4    442.335373485    6
811    16    9    7    442.427407638    1
812    18    17    8    442.984127807    2
813    5    1    2    445.605992822    1
814    22    4    20    445.648064711    8
815    2    0    2    445.83844695    10
816    22    7    3    446.454498085    6
817    1    1    0    446.673143714    3
818    22    22    13    447.129545894    4
819    24    24    8    447.147307603    1
820    18    7    14    447.899032675    8
821    17    14    13    447.917784473    6
822    20    3    20    449.588468369    4
823    20    12    4    449.685269254    6
824    8    2    3    449.756223311    7
825    1    0    1    449.841708319    7
826    20    18    11    450.077106617    9
827    2    0    1    450.084691427    1
828    3    3    2    450.367185004    1
829    12    11    10    450.911298975    10
830    2    0    1    452.205147889    2
831    13    1    6    452.340374025    3
832    12    9    1    452.534938165    9
833    14    0    3    452.690885525    6
834    7    4    0    453.003360639    3
835    18    18    12    454.13429515    4
836    6    2    2    454.850911909    6
837    19    12    10    455.32121667    3
838    23    6    7    456.624777001    1
839    18    14    0    457.373568736    2
840    15    5    0    458.293493767    10
841    7    0    3    458.683111532    7
842    7    5    7    458.691820773    3
843    6    2    6    458.824849973    2
844    7    0    5    458.881769692    9
845    20    1    1    459.309273546    6
846    12    2    10    459.381787864    8
847    1    0    1    459.388703096    3
848    19    5    11    459.567630448    4
849    4    0    1    460.359775731    5
850    19    15    12    461.780764916    9
851    21    20    15    462.11452477    8
852    8    2    3    463.275300078    1
853    20    5    7    463.512094694    3
854    5    5    3    463.733276423    6
855    11    3    2    463.740526257    9
856    8    4    2    464.018007067    4
857    4    4    1    464.965345292    8
858    3    0    3    465.631442327    3
859    17    0    8    466.269441221    5
860    13    4    4    468.935257328    7
861    19    15    16    470.652877203    1
862    18    12    0    470.682401645    5
863    19    14    13    471.366196358    7
864    17    17    11    471.399544755    4
865    17    8    12    471.551877986    9
866    15    13    9    471.743763111    6
867    13    7    6    472.854187736    5
868    21    18    17    473.379154883    1
869    6    1    2    473.569464126    8
870    11    11    0    474.471658141    7
871    5    5    0    475.021522057    5
872    21    3    5    475.502162057    3
873    24    10    21    476.038046888    5
874    19    7    19    477.985797201    4
875    8    5    1    478.002311765    10
876    13    6    7    478.279380533    3
877    3    0    0    480.706234455    1
878    16    12    7    481.515022545    4
879    22    15    22    481.731852082    5
880    19    19    17    483.889611717    4
881    23    4    3    485.134059746    10
882    7    5    6    486.739125184    6
883    22    6    0    488.4551806    1
884    13    11    7    489.062271044    3
885    8    8    2    489.371209078    2
886    12    7    5    490.92749284    2
887    1    1    1    491.235179295    2
888    14    10    5    492.029979679    8
889    7    5    1    492.393348921    8
890    24    18    16    492.411130518    9
891    20    18    1    492.833680099    1
892    13    1    2    493.171380251    1
893    17    16    12    493.843646489    1
894    15    10    0    494.32395651    6
895    22    5    12    495.620254795    8
896    7    6    5    495.965901709    1
897    24    22    17    496.23171032    7
898    18    2    6    497.011822623    3
899    19    7    11    497.213576042    3
900    14    10    10    497.315891251    9
901    1    1    1    497.646210507    7
902    8    0    8    498.532031478    4
903    13    1    6    498.632836921    10
904    21    13    19    498.718228307    6
905    14    0    11    499.010453277    2
906    20    18    2    499.040238917    4
907    12    12    8    499.129821394    6
908    20    15    5    499.322463899    2
909    21    13    13    500.668663124    7
910    1    1    1    501.827270912    7
911    9    5    2    502.158841146    8
912    19    9    16    504.073459236    9
913    11    3    6    505.022428352    5
914    17    2    12    505.909250923    1
915    10    6    6    506.288188175    2
916    22    2    9    506.825675088    9
917    25    14    8    508.641832145    5
918    23    8    15    508.797173197    7
919    14    10    3    508.879198884    5
920    4    4    2    509.280390099    1
921    17    10    7    509.438370261    7
922    20    18    16    510.701367558    2
923    10    4    10    512.104134433    1
924    14    11    5    513.501615219    9
925    7    1    1    513.860229653    5
926    15    3    13    514.110903004    5
927    24    3    12    514.389933198    4
928    19    12    4    514.454472334    9
929    24    16    0    514.763368363    4
930    19    0    0    515.914714192    5
931    23    1    4    516.465080959    9
932    19    19    7    516.574738238    2
933    23    5    23    517.245388375    7
934    9    9    4    517.311783265    2
935    23    16    6    517.425280734    10
936    17    6    6    517.98981242    7
937    15    5    6    519.56514649    3
938    18    18    5    520.209236862    1
939    22    0    8    520.454183311    8
940    18    10    10    520.576930462    6
941    2    1    2    520.952038955    5
942    1    0    0    521.825125013    4
943    18    3    0    521.98311145    2
944    25    10    6    522.69021013    5
945    22    18    15    523.23927212    8
946    25    9    6    523.285396528    8
947    20    9    6    523.686317702    4
948    9    4    9    524.351734855    4
949    1    0    0    524.593379937    3
950    9    7    2    525.29654249    4
951    25    2    8    525.928732109    4
952    23    7    16    525.993816123    3
953    17    4    17    526.335554607    5
954    12    0    8    526.947034738    7
955    23    7    19    527.10042786    4
956    25    13    13    527.158203608    3
957    3    1    3    528.342950455    9
958    3    3    2    528.592094661    8
959    24    8    6    528.668714843    9
960    18    16    0    528.675362129    4
961    20    14    7    528.911309637    9
962    9    5    6    529.269455683    4
963    19    0    5    530.245289724    1
964    11    10    1    531.058171029    2
965    11    1    1    531.848214517    2
966    14    10    6    532.121948109    8
967    9    2    9    533.660207883    1
968    1    0    0    533.896019037    2
969    12    1    4    534.089590908    10
970    17    6    17    534.875969106    10
971    7    5    0    536.157522432    1
972    4    2    3    536.854526698    1
973    1    0    0    538.129149044    6
974    11    4    5    538.3539226    6
975    10    9    0    538.900500582    8
976    1    0    1    539.276966062    1
977    20    8    12    539.345598587    4
978    2    0    2    539.361110044    7
979    4    3    4    539.858775795    10
980    6    2    3    539.860132977    7
981    15    15    9    540.027473726    3
982    7    6    4    540.211093165    1
983    22    0    22    540.64199786    2
984    16    10    11    541.216901991    4
985    1    0    1    541.272337421    7
986    18    2    17    541.673595867    9
987    5    2    3    541.78033705    5
988    17    7    12    542.154816889    5
989    9    8    1    542.671312694    7
990    12    0    12    543.031532357    9
991    20    20    11    543.58552608    1
992    15    4    7    545.290393219    8
993    7    1    2    545.483380628    3
994    11    7    5    545.603227205    9
995    17    8    9    546.10368679    8
996    21    10    20    546.14625224    5
997    4    4    4    546.419135083    7
998    2    0    2    546.514280088    6
999    13    11    0    547.64455841    6
1000    22    1    11    547.893188652    3
1001    23    10    16    549.596339585    9
1002    20    11    16    550.185254071    3
1003    10    2    3    550.222116705    10
1004    9    3    4    550.599444706    3
1005    18    12    12    551.448352831    5
1006    23    15    21    552.076764999    3
1007    1    0    0    554.529268904    9
1008    7    7    5    556.199858202    1
1009    12    1    0    556.430437122    7
1010    2    2    2    557.417715182    1
1011    22    19    11    557.841599252    3
1012    17    10    16    560.428953    10
1013    5    3    0    561.569503886    10
1014    16    2    14    562.021904679    3
1015    7    6    2    562.910019039    7
1016    25    15    1    563.394042046    8
1017    2    0    2    563.689287485    4
1018    16    16    2    563.794050449    4
1019    14    5    3    564.984006364    7
1020    4    2    3    565.717788273    2
1021    5    2    2    566.254255873    10
1022    3    1    0    566.599966334    4
1023    16    3    0    566.834568059    7
1024    1    1    0    567.38702681    1
1025    13    4    2    567.558417374    6
1026    12    7    2    567.641637038    3
1027    12    9    2    568.378955233    2
1028    17    12    7    569.094504959    6
1029    9    0    1    569.302246992    8
1030    2    0    0    569.517349418    6
1031    24    18    22    569.927243279    7
1032    1    0    1    570.044340746    4
1033    7    0    7    570.152720904    4
1034    15    1    14    570.255891083    10
1035    10    7    1    570.290098207    4
1036    19    19    5    570.431944705    2
1037    22    8    19    570.972236011    1
1038    4    0    0    571.471022576    10
1039    24    18    20    571.976593508    8
1040    13    11    5    572.194493901    7
1041    23    18    12    572.558893734    10
1042    10    0    8    573.871648011    8
1043    18    2    6    575.108593368    5
1044    12    9    10    575.478470012    9
1045    4    4    4    576.0247893    4
1046    18    17    16    576.419049032    7
1047    23    5    13    577.506317374    2
1048    24    24    16    578.484271337    3
1049    19    13    11    578.706239925    8
1050    25    0    17    579.018547328    8
1051    9    1    7    579.280620628    4
1052    21    4    15    579.734534052    8
1053    19    19    9    580.012908238    9
1054    21    20    16    580.550762483    7
1055    7    5    2    580.736306506    4
1056    21    0    1    580.96421785    7
1057    21    10    9    583.127661973    8
1058    11    4    10    583.807265757    8
1059    23    21    11    584.624789966    3
1060    7    0    3    585.139598413    5
1061    15    1    7    586.207730756    8
1062    21    4    10    586.322614768    6
1063    16    14    10    586.853487231    7
1064    3    0    2    587.256820742    4
1065    4    4    1    587.337642012    9
1066    20    20    14    587.893045755    3
1067    25    4    8    588.45304974    4
1068    20    9    16    588.795610429    1
1069    11    1    9    588.896172073    3
1070    1    0    1    589.432112011    5
1071    11    10    1    589.596924205    10
1072    6    3    6    590.509324092    10
1073    10    10    8    590.95775286    9
1074    18    18    15    591.983270509    6
1075    3    3    0    592.208442735    6
1076    15    3    5    592.735147767    5
1077    1    0    0    593.53841959    5
1078    13    0    1    593.904757801    4
1079    23    19    23    594.394979171    7
1080    4    1    0    594.9964671    1
1081    13    6    6    595.326052656    10
1082    2    0    1    595.329596029    2
1083    10    10    2    595.382862244    10
1084    11    9    10    595.921837186    9
1085    6    2    6    596.74572962    4
1086    14    2    11    597.18864174    7
1087    11    6    3    597.478403335    3
1088    10    7    8    598.56125469    7
1089    22    14    6    599.5187952    7
1090    8    0    7    599.523257331    9
1091    17    7    1    599.804437763    7
1092    20    7    10    600.112477758    5
1093    2    0    2    600.274172344    5
1094    6    3    4    600.964163689    10
1095    7    6    2    602.930435034    1
1096    22    19    12    603.031818526    2
1097    6    0    0    603.411886312    9
1098    16    4    3    604.624636945    9
1099    11    4    5    604.852116395    1
1100    14    10    12    605.04217411    8
1101    3    3    2    605.123587036    5
1102    14    13    5    605.305245445    10
1103    3    0    2    606.032375941    7
1104    2    0    2    606.110905265    2
1105    11    5    5    609.061948697    8
1106    23    11    1    610.004820489    4
1107    24    10    15    610.252731765    9
1108    2    2    2    610.697445532    3
1109    14    5    9    611.623795265    6
1110    17    16    9    612.514933812    9
1111    14    3    5    613.346746663    7
1112    14    3    11    614.421799909    2
1113    13    8    3    615.550928437    3
1114    5    2    3    615.573419062    4
1115    11    8    11    615.921587891    8
1116    8    0    2    615.932485555    5
1117    11    2    2    616.880463944    9
1118    7    0    1    617.087021804    5
1119    12    10    2    617.405876318    10
1120    1    1    0    617.514164199    6
1121    7    6    4    617.695649774    2
1122    15    5    5    618.317045892    8
1123    22    18    14    619.151345661    3
1124    24    23    7    619.358274025    6
1125    25    11    24    619.499071727    10
1126    11    4    2    619.650816919    1
1127    9    3    0    619.735024943    5
1128    11    2    9    621.17108548    5
1129    2    0    2    622.447496662    2
1130    22    20    6    623.232148802    1
1131    7    1    5    623.769498776    5
1132    3    1    1    624.08676021    10
1133    19    13    9    625.400555176    1
1134    20    10    8    626.392702028    8
1135    18    11    16    628.126468385    6
1136    10    1    6    628.639752115    8
1137    25    18    23    629.025938168    9
1138    5    1    0    629.274957141    2
1139    2    1    0    629.344313989    5
1140    7    3    1    629.710971171    4
1141    1    1    1    629.845453938    1
1142    3    1    2    630.080680528    6
1143    14    10    11    631.344046302    4
1144    8    7    8    632.190625437    10
1145    11    10    4    632.369254378    4
1146    14    0    11    633.454781635    3
1147    12    0    0    633.681838782    1
1148    14    3    2    634.950335645    7
1149    12    0    3    636.368304988    5
1150    11    8    2    636.507263194    2
1151    2    1    1    636.534467627    9
1152    8    5    4    636.797282431    10
1153    22    2    22    636.980441207    9
1154    2    1    2    637.868150546    10
1155    24    23    1    638.864973668    6
1156    15    4    6    639.785855966    3
1157    14    7    4    640.506706138    3
1158    2    1    2    641.9535946    5
1159    1    1    1    642.612216563    3
1160    12    11    8    642.632448369    8
1161    2    2    2    642.805932487    3
1162    15    7    12    644.069637525    2
1163    18    5    5    644.528775202    8
1164    13    7    8    644.646140353    4
1165    20    1    5    645.123881891    2
1166    22    6    8    645.2373079    8
1167    19    5    0    645.693024467    5
1168    21    17    0    645.710781726    5
1169    12    1    11    647.092920144    8
1170    22    14    18    647.475501232    5
1171    24    19    0    649.343773594    10
1172    5    0    5    649.40138652    2
1173    8    5    4    649.691975355    2
1174    25    0    23    650.516991049    1
1175    4    1    0    650.522738797    9
1176    12    3    5    651.773441669    10
1177    10    0    7    652.106400021    7
1178    17    2    6    652.473206147    7
1179    9    0    6    653.990040404    2
1180    12    5    9    654.095414849    3
1181    18    16    16    654.316276358    10
1182    12    6    7    655.382076694    5
1183    23    4    14    655.592198649    8
1184    8    2    6    655.943507523    9
1185    24    10    6    655.998314124    2
1186    3    3    2    656.451213897    6
1187    7    2    1    658.107951208    5
1188    4    2    0    658.555516603    2
1189    5    3    3    660.021454967    2
1190    19    19    0    660.463024446    2
1191    13    9    1    660.784875819    4
1192    9    8    3    661.058281919    1
1193    6    3    1    661.139442091    9
1194    25    14    0    661.146434901    8
1195    18    16    7    662.21145715    6
1196    23    0    9    663.785860112    10
1197    18    9    5    664.481301841    8
1198    11    2    3    664.641094087    8
1199    4    1    3    664.730272695    1
1200    10    7    0    665.4878943    9
1201    19    9    5    666.776542152    5
1202    13    13    12    666.8496212    7
1203    5    5    0    667.394015631    3
1204    13    6    1    667.554140223    4
1205    8    6    1    667.690751749    6
1206    7    0    2    667.775965696    4
1207    17    3    0    667.829949019    5
1208    16    6    5    668.225787752    4
1209    24    12    1    668.371333073    2
1210    15    15    10    668.57458769    6
1211    9    5    3    668.776283052    4
1212    24    23    16    669.492520591    3
1213    13    7    2    670.183971832    9
1214    6    0    6    670.237989515    6
1215    14    2    13    670.749041293    7
1216    2    1    1    671.125937236    4
1217    6    0    2    671.450755402    7
1218    20    10    18    672.300670497    4
1219    9    4    1    672.479090752    6
1220    1    0    1    672.510727284    3
1221    19    2    11    672.970391964    9
1222    15    6    11    673.466709583    7
1223    18    13    18    673.558382908    3
1224    22    21    14    674.02575914    4
1225    6    2    5    674.320665557    9
1226    18    12    11    675.085874554    3
1227    1    1    1    675.804969136    4
1228    6    0    2    676.236761414    2
1229    13    10    2    676.377974578    1
1230    12    5    3    676.620611554    6
1231    6    1    3    676.67094105    10
1232    7    1    3    676.797676602    4
1233    1    0    0    676.990904633    9
1234    7    0    7    678.669637352    1
1235    22    17    15    678.802212366    1
1236    13    0    3    679.297095976    7
1237    17    9    16    679.373763854    9
1238    1    0    1    679.714725354    3
1239    8    3    0    680.411077907    7
1240    22    6    14    681.007974235    5
1241    15    10    5    681.331684886    8
1242    10    8    9    681.709109164    10
1243    8    2    8    681.857518917    2
1244    17    14    4    682.02856605    10
1245    25    3    12    682.321880563    10
1246    11    1    4    683.034532702    6
1247    22    1    8    683.136127999    10
1248    10    9    4    684.447844593    3
1249    11    11    1    684.744859731    6
1250    24    3    18    685.541787681    4
1251    22    17    12    685.65485751    7
1252    16    6    9    686.241993372    3
1253    18    10    7    686.844921117    7
1254    16    5    10    686.894455882    6
1255    4    0    2    687.794766978    5
1256    2    2    0    688.178033713    7
1257    1    1    0    688.695829093    7
1258    17    2    12    689.396978501    5
1259    7    4    0    689.434070689    6
1260    12    9    5    689.899360216    1
1261    10    4    8    690.442409085    7
1262    9    4    3    692.612010752    7
1263    3    3    1    692.700369836    3
1264    9    9    1    693.42562416    5
1265    11    10    5    693.917659057    1
1266    5    5    5    694.165478748    6
1267    10    6    0    696.81558187    6
1268    12    1    10    696.880895909    8
1269    5    2    3    697.060775293    3
1270    19    19    12    698.191946055    10
1271    5    0    3    698.669709265    3
1272    22    2    9    698.73358048    7
1273    6    4    0    699.023181379    5
1274    11    4    3    699.230993126    7
1275    6    5    4    699.275308959    10
1276    2    1    0    699.347221583    4
1277    20    20    6    699.388192371    2
1278    12    11    4    701.334851677    7
1279    6    1    6    701.585394979    5
1280    10    10    3    701.868480255    3
1281    17    9    17    702.237310092    5
1282    8    1    1    702.237411705    8
1283    7    5    2    704.627416503    1
1284    23    21    2    704.701168336    4
1285    20    13    13    705.034661184    3
1286    6    4    2    705.118091271    10
1287    13    13    3    705.375227483    9
1288    14    4    12    705.44776943    6
1289    25    19    9    706.330139157    10
1290    9    6    2    706.509113044    8
1291    10    2    10    706.601349388    9
1292    17    7    1    707.22180728    4
1293    4    2    3    707.664545967    6
1294    5    5    5    709.352966966    10
1295    13    6    4    709.733929354    6
1296    13    2    0    709.964774956    5
1297    20    14    20    710.580012102    2
1298    19    15    6    711.083147627    6
1299    25    15    15    711.620069342    6
1300    3    1    0    711.839726227    7
1301    25    3    9    712.854141998    6
1302    22    22    18    713.229927138    8
1303    18    7    6    714.48652248    1
1304    7    2    1    715.285574789    5
1305    19    17    7    715.428656369    8
1306    14    2    8    715.54618451    6
1307    2    1    1    716.030291994    10
1308    6    5    4    716.258710408    4
1309    14    3    6    716.499984146    1
1310    22    6    0    716.514808438    2
1311    11    3    1    716.585096257    2
1312    3    0    2    717.001843606    7
1313    7    3    0    717.269311966    9
1314    11    0    1    717.35597803    3
1315    11    9    1    718.789399498    1
1316    15    8    5    719.1333518    1
1317    25    24    5    719.340623401    4
1318    5    2    1    719.899592013    8
1319    11    1    9    721.099218006    7
1320    11    10    1    722.455777549    5
1321    25    22    24    722.69229112    3
1322    18    12    14    722.928962255    3
1323    14    8    6    724.588054525    1
1324    20    11    4    725.120100742    10
1325    19    8    7    725.558542854    8
1326    17    4    0    727.157221083    7
1327    24    12    15    728.237929589    9
1328    20    1    1    728.374376895    8
1329    21    14    5    729.888004506    4
1330    8    2    3    730.430083634    6
1331    14    13    0    733.169748731    2
1332    7    2    1    733.523648245    5
1333    17    4    1    733.853547188    10
1334    19    1    1    734.20475444    1
1335    15    8    9    735.031443619    1
1336    3    3    1    735.612775874    5
1337    21    7    2    736.504837853    10
1338    21    15    11    736.937357012    2
1339    12    9    12    737.974658256    6
1340    21    17    21    738.209723357    8
1341    17    9    8    740.923516517    9
1342    5    0    3    741.849453022    10
1343    15    12    6    742.655477283    9
1344    25    0    15    742.735740738    3
1345    11    6    5    743.182154473    2
1346    20    16    3    743.735016034    5
1347    2    0    0    743.860929552    8
1348    1    0    0    744.171207305    5
1349    10    2    9    745.27970633    5
1350    7    6    1    747.537545917    4
1351    18    15    2    747.752792485    2
1352    12    6    12    748.492546292    9
1353    14    6    10    748.529471174    5
1354    3    2    2    748.622639077    5
1355    11    10    3    748.627772757    5
1356    6    5    0    748.688994216    10
1357    10    10    7    748.711288361    3
1358    24    10    16    749.951061391    5
1359    8    1    2    751.075695262    10
1360    6    3    1    751.815977774    7
1361    9    9    2    751.924130928    3
1362    4    2    3    752.483796864    5
1363    12    7    9    752.506409669    3
1364    12    1    4    753.443199368    7
1365    5    2    0    753.85347341    9
1366    3    1    2    753.862837556    1
1367    13    11    2    754.04669234    8
1368    11    4    1    754.385022211    10
1369    20    18    5    754.945774668    6
1370    22    2    7    755.194257615    5
1371    12    10    3    755.758698733    4
1372    1    0    1    755.910759329    4
1373    19    18    5    756.103310335    9
1374    9    8    4    756.647792979    4
1375    10    8    2    757.050347401    10
1376    4    1    1    757.507056281    7
1377    12    3    10    757.608464164    7
1378    3    3    0    758.211308213    3
1379    10    8    2    758.32192008    3
1380    3    1    2    759.179588287    10
1381    4    4    3    759.182457454    2
1382    22    1    13    759.657733945    9
1383    1    1    1    759.81066643    10
1384    3    0    2    760.619036649    4
1385    12    10    11    760.744481794    3
1386    14    5    9    761.183156584    2
1387    19    4    9    761.702828849    8
1388    18    8    14    761.931730272    8
1389    14    0    6    762.337042056    7
1390    23    17    21    763.318583472    7
1391    20    20    19    763.95825916    2
1392    23    2    0    764.390518578    6
1393    20    0    0    764.749056614    9
1394    1    0    0    764.844845114    1
1395    7    7    6    766.237449463    5
1396    17    4    10    768.082528553    9
1397    6    2    4    768.716370706    3
1398    1    1    0    768.716558784    3
1399    15    0    15    769.209403014    7
1400    2    2    1    769.549880035    5
1401    20    6    3    770.187552278    4
1402    2    2    2    771.004337761    10
1403    4    1    0    771.10218097    9
1404    3    2    2    771.13903775    3
1405    24    20    1    771.188801725    6
1406    11    1    9    771.351639066    7
1407    7    3    5    771.913359959    8
1408    19    19    18    772.069680853    3
1409    7    2    7    772.464320126    6
1410    16    1    2    773.19188833    4
1411    1    1    0    773.684933085    5
1412    17    8    0    773.693890116    3
1413    12    0    9    774.914845087    4
1414    24    15    9    775.344507018    9
1415    12    10    2    775.906327834    9
1416    15    14    15    776.683680658    4
1417    1    1    0    777.128135152    6
1418    18    10    4    778.846661527    9
1419    10    3    8    779.679385124    3
1420    9    1    8    780.66498162    7
1421    19    4    2    781.181120656    4
1422    25    19    15    781.438809346    6
1423    22    21    0    781.690987141    1
1424    9    2    3    783.061771453    5
1425    3    0    3    783.713770027    1
1426    6    0    5    784.242638685    7
1427    8    3    4    784.37243897    6
1428    21    1    9    784.400428448    8
1429    12    11    7    784.963993484    5
1430    25    21    16    786.060492403    5
1431    7    3    6    786.405450022    3
1432    7    4    7    787.77088418    4
1433    1    1    0    788.049012578    1
1434    16    5    10    789.3386595    7
1435    3    3    1    790.430254933    2
1436    7    5    3    791.374058266    1
1437    12    2    6    791.418835447    5
1438    14    1    10    791.847911694    2
1439    2    1    1    792.122522422    9
1440    4    1    1    792.336066501    5
1441    1    1    0    792.564021333    2
1442    24    17    3    794.626400193    1
1443    13    10    0    794.655813141    4
1444    1    0    0    796.241894091    8
1445    16    9    6    797.047371358    6
1446    18    17    4    797.065398831    10
1447    25    17    24    797.366919007    1
1448    11    6    6    797.434880835    8
1449    8    6    0    797.530860205    10
1450    13    2    9    797.540306193    10
1451    8    7    4    798.286116003    10
1452    4    2    2    798.324119328    4
1453    17    3    8    798.639652119    10
1454    18    1    8    798.845012359    6
1455    24    4    20    799.23372171    6
1456    5    2    3    799.318493357    4
1457    23    0    12    800.794272927    8
1458    10    8    0    801.479546491    5
1459    9    6    0    801.813373037    5
1460    15    14    15    802.394948377    2
1461    5    4    0    802.521686382    6
1462    13    7    7    802.745167299    1
1463    5    5    4    803.51823735    5
1464    20    5    2    803.978307535    4
1465    19    3    17    804.551983854    6
1466    3    3    3    804.580083701    4
1467    3    1    2    805.579843203    8
1468    12    12    8    805.65217415    1
1469    19    7    10    805.664997009    7
1470    2    2    2    806.893404059    10
1471    24    20    2    807.205133782    2
1472    21    4    20    807.265587669    2
1473    13    11    0    807.271878964    5
1474    12    1    8    807.90106855    4
1475    4    0    3    807.913259974    1
1476    8    6    2    808.924875014    3
1477    13    8    9    809.436018443    4
1478    18    6    15    809.564741675    4
1479    16    8    10    809.692251053    7
1480    23    20    16    809.722143508    3
1481    21    21    0    809.879445723    1
1482    2    1    2    810.162378808    10
1483    25    10    1    810.319299038    7
1484    23    6    3    810.999948492    9
1485    23    11    0    811.440519986    2
1486    7    0    1    811.452601025    8
1487    23    2    6    811.822880781    8
1488    3    2    3    811.858557163    6
1489    2    0    2    812.181611409    1
1490    8    4    4    812.396824255    10
1491    10    9    1    812.736403105    6
1492    4    4    3    813.124395315    2
1493    8    3    0    814.242554666    3
1494    15    11    10    814.604382158    1
1495    23    13    10    814.7502058    2
1496    10    10    10    814.901525811    10
1497    13    6    11    816.782460569    1
1498    4    1    4    817.139159397    1
1499    1    1    1    817.411062559    5
1500    12    10    5    817.600620242    3
1501    20    7    9    819.212165941    2
1502    5    1    1    819.902494946    10
1503    2    0    0    820.981478383    4
1504    13    1    11    821.803740295    8
1505    21    12    19    822.023741418    1
1506    1    1    1    822.056821553    8
1507    12    0    4    822.624732503    7
1508    4    3    4    822.83146819    10
1509    14    4    11    823.316432075    9
1510    15    6    13    823.633653556    10
1511    5    5    1    824.829067843    6
1512    25    22    25    826.062115393    1
1513    15    5    0    826.12651412    5
1514    15    4    14    826.495809174    4
1515    1    0    1    830.436093772    9
1516    19    9    11    830.888332178    8
1517    9    5    4    831.505407499    3
1518    1    0    0    831.607099142    3
1519    17    10    11    831.767092124    2
1520    2    1    0    832.242716001    5
1521    17    12    4    832.413710623    1
1522    13    1    8    833.879962772    3
1523    14    13    11    833.913121493    6
1524    1    1    1    834.948539312    10
1525    14    12    3    834.979607159    6
1526    16    9    9    835.229960655    2
1527    23    3    17    836.910115415    2
1528    20    13    4    836.980047575    6
1529    12    10    3    839.05199763    1
1530    13    12    1    840.010265982    2
1531    3    3    0    840.651369731    2
1532    13    1    4    840.679975755    3
1533    15    5    5    841.84958698    3
1534    25    12    7    842.044481554    10
1535    23    14    8    842.177457221    3
1536    9    3    9    842.373676575    2
1537    24    8    20    843.23993747    9
1538    7    1    7    843.516959344    1
1539    25    3    9    845.322916974    10
1540    25    22    8    848.532216969    4
1541    22    10    9    849.462096934    3
1542    6    3    1    850.463781116    9
1543    3    3    2    850.752050131    2
1544    2    2    1    852.200230729    7
1545    20    10    20    852.719047178    9
1546    23    14    7    852.91649256    3
1547    20    13    4    853.881059412    3
1548    19    9    8    854.888822669    6
1549    10    10    10    855.130401464    8
1550    24    23    6    855.568807287    7
1551    24    18    10    855.856110879    10
1552    8    1    1    856.236347657    10
1553    20    17    13    856.793605409    1
1554    4    3    2    857.132540279    9
1555    10    6    3    857.286539771    2
1556    12    8    10    857.665494925    10
1557    5    5    4    858.43046409    4
1558    9    4    0    859.00288067    8
1559    14    4    8    859.081216339    4
1560    6    3    5    859.081940064    2
1561    15    14    12    859.37117849    10
1562    23    9    0    859.919073359    7
1563    22    15    12    860.090855253    5
1564    1    0    1    860.285930559    1
1565    2    0    0    860.478149769    8
1566    22    11    1    861.134735951    7
1567    15    6    14    861.240028648    1
1568    22    14    17    861.683085715    9
1569    23    22    16    861.690818914    2
1570    20    15    9    862.7790598    6
1571    6    6    5    863.648442511    1
1572    14    0    6    863.788745449    5
1573    3    0    0    864.005950789    3
1574    20    11    12    864.167413644    7
1575    23    16    22    865.447772037    6
1576    25    6    10    865.512343622    1
1577    8    3    0    865.63414699    8
1578    6    5    0    866.166361451    7
1579    14    1    13    866.30151098    10
1580    6    5    5    866.436281003    6
1581    11    1    0    867.152358725    8
1582    10    6    8    867.620469482    2
1583    14    0    14    867.721682273    1
1584    6    1    3    867.913353489    1
1585    6    6    6    869.023944484    8
1586    12    7    5    869.383870346    5
1587    6    4    6    870.105869026    5
1588    17    1    3    871.000665068    6
1589    1    1    1    871.252831016    7
1590    22    21    11    871.787314253    3
1591    1    1    1    871.933305912    7
1592    24    21    6    872.158685713    10
1593    14    0    2    872.630141721    7
1594    10    4    0    872.808282467    5
1595    7    7    7    873.120459047    5
1596    14    4    1    873.133425138    3
1597    25    6    8    873.438155566    1
1598    8    5    5    874.976541803    8
1599    3    1    2    875.457522612    4
1600    19    18    13    875.509797667    9
1601    18    17    2    876.654428258    7
1602    4    3    0    878.456324612    3
1603    10    7    0    878.837488568    6
1604    17    16    4    879.640829704    9
1605    9    9    6    880.69999616    3
1606    25    1    6    881.230907008    2
1607    8    4    5    882.208106981    8
1608    19    17    9    882.440778843    4
1609    18    7    7    883.60123575    2
1610    25    7    2    884.104621099    10
1611    22    16    8    884.198335885    5
1612    2    2    0    885.998207055    8
1613    7    0    2    886.261046718    8
1614    1    1    0    886.447679843    5
1615    10    5    0    886.701023148    7
1616    11    8    9    888.854286725    5
1617    15    10    11    888.950291812    4
1618    9    2    4    889.32359446    1
1619    2    2    1    889.609235399    7
1620    24    11    8    890.460015914    1
1621    3    0    2    891.219692276    6
1622    5    1    3    891.599738015    1
1623    5    2    3    891.700632128    3
1624    20    2    7    891.740953554    5
1625    14    7    3    891.834156645    10
1626    3    0    1    891.936805377    6
1627    13    11    5    892.644023488    8
1628    21    10    8    894.402755947    6
1629    3    1    1    894.927068729    5
1630    5    3    1    895.458088114    10
1631    10    0    0    896.634860763    3
1632    9    4    4    897.175100413    2
1633    1    0    0    897.395566548    7
1634    8    1    7    897.864802114    3
1635    17    1    11    898.341360575    1
1636    10    8    6    898.396483167    5
1637    9    7    8    900.065462633    3
1638    8    7    5    900.100257019    2
1639    1    0    0    901.735776102    1
1640    9    0    0    901.985288907    1
1641    19    14    19    902.818817298    10
1642    15    12    4    903.556155234    3
1643    10    8    7    903.998302077    5
1644    1    1    0    904.152211122    1
1645    23    0    9    905.061226167    10
1646    18    2    6    905.65639163    6
1647    20    3    16    906.649155841    7
1648    1    0    1    907.66562652    5
1649    15    14    0    907.682462881    7
1650    14    10    8    907.820629267    2
1651    22    9    13    907.939626822    10
1652    3    3    1    909.264462064    7
1653    3    0    2    909.622919372    3
1654    7    0    6    910.54536697    7
1655    16    11    6    910.571457316    5
1656    19    7    1    911.400135714    8
1657    1    1    1    912.305835077    2
1658    3    3    0    913.476738146    7
1659    2    0    2    914.733583149    3
1660    24    5    22    914.751618448    7
1661    5    0    1    915.051931843    1
1662    5    1    1    915.280508481    6
1663    3    1    2    915.576426673    9
1664    21    20    18    915.746647688    3
1665    12    10    8    915.862433344    8
1666    14    14    0    916.41135102    3
1667    19    14    17    916.90664056    2
1668    1    0    0    916.946383178    6
1669    11    0    0    917.119899164    5
1670    3    2    2    917.824306622    7
1671    18    2    18    918.846209894    4
1672    22    2    6    920.025181647    5
1673    6    5    6    920.334846433    7
1674    20    5    11    920.569053097    9
1675    25    6    11    921.557560942    9
1676    6    6    3    921.595550463    4
1677    24    6    23    922.154052797    10
1678    2    0    1    922.738013259    9
1679    4    2    3    922.772149946    3
1680    16    13    6    922.8137636    5
1681    4    3    1    923.238031108    10
1682    18    10    15    923.245984705    7
1683    15    1    5    923.267048877    7
1684    7    2    3    924.212429302    8
1685    9    8    8    925.105626834    7
1686    14    0    5    926.669373393    1
1687    20    1    9    927.512547833    3
1688    13    5    0    927.536762515    3
1689    24    18    12    928.632108162    1
1690    9    0    2    928.980835385    10
1691    1    0    0    930.126361597    10
1692    16    14    4    931.60356601    4
1693    11    7    4    932.518723727    3
1694    14    14    5    932.63651975    6
1695    9    6    0    932.702020847    6
1696    3    3    0    935.476543807    10
1697    6    1    4    936.904611323    7
1698    7    7    7    937.070703547    6
1699    22    12    18    938.452788569    6
1700    22    4    11    939.585369048    8
1701    14    14    12    941.649865063    4
1702    18    15    8    942.132340331    8
1703    22    19    10    942.417213017    7
1704    16    0    15    943.66921004    4
1705    15    10    7    944.124650026    3
1706    17    2    9    944.268833815    10
1707    13    10    3    944.809925321    3
1708    24    4    9    945.313404154    4
1709    25    19    14    945.442794123    2
1710    24    11    8    945.990570585    4
1711    6    3    5    946.451708859    6
1712    17    2    16    946.898634181    5
1713    14    4    5    946.991155487    3
1714    3    2    2    947.963345546    4
1715    23    14    8    949.473334341    1
1716    8    6    0    951.439377955    2
1717    14    12    9    951.49002188    1
1718    3    2    0    952.325404151    10
1719    17    11    4    954.080470638    8
1720    5    4    2    954.299367322    9
1721    24    20    15    955.16092594    2
1722    3    1    0    955.926887787    7
1723    8    6    7    956.848916525    3
1724    13    8    6    957.117976417    8
1725    16    8    0    957.827679347    6
1726    4    1    0    958.138970777    7
1727    14    5    2    959.381878467    8
1728    21    6    11    959.544699575    1
1729    13    7    5    960.013602726    2
1730    24    1    1    960.102253631    1
1731    10    0    4    961.228387217    10
1732    18    15    13    961.959262005    1
1733    7    6    1    962.244814439    4
1734    15    12    13    962.289653675    9
1735    1    0    0    962.710753854    5
1736    24    24    4    963.542061924    4
1737    10    0    3    963.720624712    6
1738    16    1    1    964.128737086    9
1739    23    6    7    964.165336994    2
1740    24    15    14    964.557687179    7
1741    11    8    8    964.673794987    7
1742    14    13    10    965.344974599    4
1743    23    16    16    965.990642937    8
1744    18    18    8    966.899193487    3
1745    14    6    2    967.371258082    1
1746    21    9    9    967.663138803    1
1747    7    1    7    967.926349091    2
1748    2    0    0    968.234880321    10
1749    19    8    11    969.997832069    10
1750    1    1    0    970.201858659    6
1751    13    3    0    970.395005671    2
1752    9    1    5    970.725604055    2
1753    16    16    16    971.228632019    6
1754    9    1    5    971.419029804    10
1755    4    0    4    972.83243967    8
1756    25    3    12    972.994775443    2
1757    16    6    14    973.391487367    3
1758    6    3    4    974.170349331    1
1759    11    2    10    974.263202667    3
1760    8    6    1    975.087631235    5
1761    1    0    0    975.956452943    9
1762    4    0    3    977.335230757    2
1763    16    6    1    977.338554592    7
1764    25    11    15    977.731764983    5
1765    17    7    11    978.780910462    6
1766    21    2    0    979.074313399    2
1767    24    19    10    980.602989212    3
1768    23    9    21    982.906271603    7
1769    10    10    3    984.01862053    1
1770    5    2    4    984.999565321    8
1771    19    15    5    985.771214566    6
1772    11    8    5    985.828878549    2
1773    5    0    0    987.108758911    9
1774    10    8    1    987.656510487    10
1775    24    17    3    988.671341495    7
1776    21    20    3    988.818518506    7
1777    14    10    5    990.237311491    2
1778    15    13    7    990.67332365    6
1779    24    13    1    992.298963076    4
1780    9    3    5    992.709242758    4
1781    1    0    1    992.827103499    6
1782    10    7    2    992.855266093    10
1783    22    15    22    993.336338965    1
1784    8    0    7    993.685010473    8
1785    16    9    4    994.021187046    10
1786    16    8    1    994.143457974    9
1787    3    2    1    995.174664877    9
1788    17    9    11    995.792349803    6
1789    17    14    13    995.991661567    1
1790    14    13    12    997.282234203    2
1791    16    2    9    997.450384862    10
1792    7    2    0    997.820562674    7
1793    11    0    6    997.958387835    6
1794    9    2    6    998.287917593    2
1795    12    7    10    999.019673215    2
1796    11    8    8    999.207144863    5
1797    7    2    0    999.381403045    9
1798    3    3    3    999.600914481    9
1799    3    3    3    999.855511658    6
1800    6    6    2    999.912398206    6
