;job_number  cpu#  ssd#  gpu#  submit  runtime
1    5    0    5    0.978154268505    8
2    13    6    5    4.45189722176    10
3    14    2    0    5.47038236162    9
4    9    6    9    6.06756968791    8
5    18    8    16    9.14378548267    5
6    2    0    2    9.25305809659    7
7    6    5    6    10.1426005472    8
8    20    10    6    10.8055228533    6
9    8    3    3    11.7185612378    5
10    22    1    13    14.4189867532    3
11    16    14    4    15.44233799    10
12    10    9    6    17.4026533018    3
13    20    7    8    19.4063785008    9
14    25    25    7    19.5536328665    3
15    16    0    0    19.9061843543    8
16    22    3    21    20.5063864239    6
17    23    18    13    22.9379792312    5
18    19    0    9    23.0880859661    10
19    21    4    18    24.4438780376    6
20    24    18    11    24.6865552827    2
21    25    19    19    26.3793029823    4
22    21    15    21    28.2642342736    10
23    17    13    9    28.42520977    8
24    6    5    5    29.6040913822    6
25    23    20    4    32.9442726851    4
26    15    11    1    34.2190372838    9
27    8    7    5    35.3145545633    5
28    21    4    16    37.222862954    5
29    7    0    1    37.2344622178    2
30    18    13    0    39.5864941305    8
31    16    9    11    39.933899609    6
32    1    1    0    42.0524369743    5
33    5    0    3    43.783308967    7
34    3    2    1    45.5083999081    5
35    13    8    6    45.8097828938    1
36    2    0    1    46.733219234    8
37    3    1    0    47.8979856546    1
38    17    15    9    48.395403788    6
39    14    12    11    55.1582022156    1
40    5    4    1    57.9415901815    4
41    2    2    2    58.7320478896    4
42    18    16    2    62.8785660998    2
43    15    15    8    63.2632236421    8
44    9    5    3    63.3636024683    2
45    3    0    3    64.0373357333    6
46    25    23    5    65.7218036885    3
47    12    3    12    66.1775089971    6
48    14    12    8    67.1559069481    9
49    3    1    0    67.7395716538    5
50    17    11    15    73.8523131794    3
51    16    0    5    73.9050127902    2
52    7    1    5    74.2254432445    3
53    8    8    3    74.6657982325    5
54    25    5    13    75.4453920515    8
55    19    17    2    75.5594374186    4
56    1    1    1    76.3533380493    6
57    18    8    17    79.3490951116    1
58    11    5    9    83.7015212483    2
59    14    3    0    83.9543121734    1
60    14    4    11    84.1709206988    5
61    3    2    2    88.9326422642    4
62    7    6    4    91.0164499293    7
63    22    8    13    91.7138045315    3
64    23    22    6    91.9805483852    2
65    12    10    10    94.3755581968    3
66    21    15    5    99.9421186734    4
67    19    12    3    103.225010382    10
68    16    6    6    103.893763961    4
69    17    2    7    104.387950856    10
70    20    11    20    104.581863131    1
71    13    4    7    105.251598086    4
72    17    9    6    106.958657188    9
73    1    1    0    110.209307644    7
74    15    1    10    113.058402282    9
75    1    1    1    115.847411765    4
76    21    13    4    118.124423471    7
77    18    7    8    118.68522706    2
78    23    5    16    123.116703286    7
79    25    0    9    125.632932052    9
80    23    10    12    126.146623843    4
81    23    19    7    127.802484682    1
82    6    2    5    129.532111313    10
83    5    5    1    130.472948156    5
84    18    15    9    131.596078994    5
85    9    4    9    135.0918535    10
86    12    3    1    137.554340333    10
87    9    9    2    137.7786648    2
88    13    9    11    141.803362966    4
89    13    10    7    142.700949215    5
90    6    0    1    144.168160119    7
91    18    15    16    144.898442737    4
92    22    14    4    145.602643383    10
93    23    11    11    148.59731937    1
94    20    11    1    149.203237943    10
95    1    0    0    152.028649837    8
96    20    14    10    152.164525233    8
97    8    7    4    152.696958907    8
98    11    11    7    155.104049608    8
99    15    4    10    157.333382629    10
100    14    9    1    159.282986353    8
101    7    6    5    160.319394108    1
102    12    7    6    160.759418593    3
103    18    14    3    161.48475701    9
104    17    11    9    161.741270794    9
105    9    9    9    164.374454823    3
106    15    15    2    164.866803637    4
107    24    4    17    166.316008416    1
108    5    5    2    167.189314419    5
109    21    11    4    168.071422089    2
110    21    6    15    168.163241219    2
111    4    3    2    168.588044766    5
112    23    21    3    170.151183907    1
113    15    4    5    172.928180956    4
114    1    0    0    172.981350915    7
115    17    11    3    173.583646704    9
116    4    4    3    175.255293505    1
117    17    16    15    176.237207776    7
118    4    2    4    177.740675536    7
119    20    11    4    178.060815448    6
120    1    0    0    178.133805114    4
121    13    5    12    182.92024997    7
122    25    12    9    184.13409809    4
123    19    12    12    185.944956199    6
124    4    4    0    190.678568781    6
125    15    14    2    192.279306816    7
126    12    1    7    195.292314177    5
127    1    0    1    196.62973896    4
128    23    18    11    199.899420027    7
129    12    10    8    200.850406127    9
130    21    13    9    203.996846132    4
131    18    6    0    204.338112426    5
132    15    13    14    209.760605445    2
133    25    11    1    212.656571709    2
134    23    18    8    214.843181214    7
135    1    0    0    218.62690754    9
136    2    0    1    219.229430047    10
137    12    4    2    220.129801252    5
138    21    17    12    221.78584842    8
139    13    12    6    223.143008581    1
140    13    12    0    224.146116557    7
141    18    12    9    224.351056598    8
142    17    12    2    225.004525839    5
143    1    1    0    230.175688769    10
144    14    1    13    230.769123753    7
145    16    2    13    236.356084603    4
146    24    9    17    237.285161784    9
147    8    8    6    238.007038013    7
148    21    6    7    238.406003339    4
149    10    8    8    239.685920188    7
150    23    11    18    243.405994288    5
151    3    3    0    246.19637458    7
152    6    2    5    247.974997267    7
153    5    3    5    249.636599704    1
154    13    6    2    250.893954666    6
155    11    6    5    251.706100067    6
156    1    0    1    252.109773152    5
157    3    0    1    252.138468227    6
158    7    4    1    252.680333112    2
159    22    16    2    253.558955338    10
160    10    4    0    254.044189097    3
161    16    15    4    254.111525776    1
162    7    3    5    254.468454581    3
163    17    10    5    257.734586344    5
164    7    0    5    257.94857224    9
165    2    2    0    260.257144941    6
166    18    7    3    260.544770572    7
167    25    14    6    263.77790547    10
168    14    10    11    265.482360936    8
169    3    1    1    265.637309641    10
170    8    0    1    268.234188545    1
171    2    1    1    270.643179515    7
172    18    18    15    270.715154418    2
173    20    12    19    271.267485252    4
174    15    2    12    272.025069239    10
175    3    2    0    272.493964226    7
176    10    6    6    272.86880241    10
177    24    4    17    272.943828136    1
178    15    6    14    275.886159142    9
179    20    6    20    276.467141701    9
180    6    6    5    280.512244862    4
181    24    8    10    280.731650739    7
182    6    6    0    285.030202489    5
183    11    8    6    288.54463144    10
184    15    1    11    288.592417648    10
185    4    3    1    289.293396864    3
186    19    6    11    291.303785705    4
187    1    0    1    293.581692698    6
188    7    5    1    293.832343975    10
189    13    1    9    294.476725984    3
190    5    5    4    295.478173886    5
191    14    1    7    298.68682933    10
192    5    4    1    298.798707725    4
193    17    12    12    299.63676975    10
194    5    5    3    305.637232388    1
195    9    3    0    307.748036273    9
196    1    0    1    311.858940715    5
197    9    3    4    313.224893834    1
198    6    5    4    313.333509641    6
199    11    6    9    314.554034653    1
200    9    3    4    315.687611158    5
201    4    4    0    316.881433664    6
202    25    5    24    317.645000022    4
203    12    1    11    321.619147025    4
204    15    12    15    325.300931946    5
205    3    0    1    330.07749351    8
206    16    1    7    332.022324579    4
207    19    10    3    332.826808984    5
208    1    0    1    334.982333527    3
209    7    0    7    335.908155675    9
210    10    1    10    337.364405969    4
211    24    3    10    339.598554685    2
212    10    8    8    340.635301446    10
213    9    0    2    341.901067259    9
214    25    19    3    345.275557592    8
215    19    0    9    346.621527561    4
216    3    2    2    347.064422832    2
217    12    7    3    348.867949036    7
218    16    0    8    350.396250139    6
219    20    3    14    350.541092742    2
220    25    25    16    351.430935439    6
221    19    1    7    352.747158986    5
222    10    3    1    354.379993378    8
223    8    2    0    354.716899152    9
224    4    0    3    356.60547216    4
225    5    0    0    357.203208888    8
226    10    10    9    357.291372798    7
227    2    1    2    360.421332331    10
228    22    3    17    361.52047569    10
229    14    6    2    364.34241263    10
230    23    6    21    364.463081192    5
231    21    20    5    366.733813449    1
232    24    20    2    369.914520144    5
233    7    2    3    370.752855904    1
234    22    8    16    371.593557408    8
235    14    12    3    373.349189575    7
236    6    0    6    373.368495789    2
237    6    1    5    375.681388364    7
238    4    3    4    380.467281563    4
239    11    2    5    381.436042993    10
240    6    3    6    386.614382822    6
241    23    3    9    387.336681437    7
242    19    3    15    389.139966345    5
243    17    11    16    390.741162452    4
244    6    6    4    391.21503444    3
245    19    7    9    391.661851503    3
246    11    6    7    392.932119489    7
247    15    4    9    395.66355012    9
248    22    11    6    398.056104263    6
249    14    4    6    401.895859414    10
250    5    3    4    402.036409669    1
251    10    8    0    403.276467869    10
252    3    1    0    410.579224924    8
253    24    3    15    412.165926237    7
254    18    17    14    413.526743094    9
255    22    19    4    414.524829266    1
256    7    4    1    414.570101695    6
257    17    13    8    414.898333927    1
258    23    14    7    415.814277995    6
259    13    12    13    419.339388662    2
260    10    8    2    420.162615355    4
261    9    7    2    420.664886081    2
262    2    2    2    421.807530362    5
263    5    5    2    421.864602    10
264    16    2    14    424.507800116    10
265    19    9    15    425.663312915    6
266    7    1    3    426.12760338    9
267    16    16    11    427.368292043    1
268    8    2    0    429.179369667    8
269    22    17    3    430.733915198    4
270    4    4    3    431.155701177    5
271    25    17    13    431.588551519    2
272    19    16    18    434.292170124    1
273    9    8    9    436.258043828    10
274    12    4    0    437.191027743    6
275    9    1    0    439.928877956    10
276    6    5    5    442.109230825    10
277    18    17    8    442.984127807    2
278    5    1    2    445.605992822    1
279    2    0    2    445.83844695    10
280    1    1    0    446.673143714    3
281    8    2    3    449.756223311    7
282    1    0    1    449.841708319    7
283    2    0    1    450.084691427    1
284    13    1    6    452.340374025    3
285    12    9    1    452.534938165    9
286    6    2    2    454.850911909    6
287    19    12    10    455.32121667    3
288    15    5    0    458.293493767    10
289    20    1    1    459.309273546    6
290    12    2    10    459.381787864    8
291    19    15    12    461.780764916    9
292    21    20    15    462.11452477    8
293    8    4    2    464.018007067    4
294    17    0    8    466.269441221    5
295    17    17    11    471.399544755    4
296    17    8    12    471.551877986    9
297    13    7    6    472.854187736    5
298    11    11    0    474.471658141    7
299    19    7    19    477.985797201    4
300    16    12    7    481.515022545    4
301    17    16    12    493.843646489    1
302    7    6    5    495.965901709    1
303    8    0    8    498.532031478    4
304    9    5    2    502.158841146    8
305    19    9    16    504.073459236    9
306    11    3    6    505.022428352    5
307    14    10    3    508.879198884    5
308    24    3    12    514.389933198    4
309    9    9    4    517.311783265    2
310    15    5    6    519.56514649    3
311    18    18    5    520.209236862    1
312    18    10    10    520.576930462    6
313    18    3    0    521.98311145    2
314    22    18    15    523.23927212    8
315    20    9    6    523.686317702    4
316    9    4    9    524.351734855    4
317    25    2    8    525.928732109    4
318    12    0    8    526.947034738    7
319    24    8    6    528.668714843    9
320    20    14    7    528.911309637    9
321    7    5    0    536.157522432    1
322    1    0    0    538.129149044    6
323    11    4    5    538.3539226    6
324    7    6    4    540.211093165    1
325    16    10    11    541.216901991    4
326    1    0    1    541.272337421    7
327    18    2    17    541.673595867    9
328    5    2    3    541.78033705    5
329    17    7    12    542.154816889    5
330    22    1    11    547.893188652    3
331    20    11    16    550.185254071    3
332    10    2    3    550.222116705    10
333    1    0    0    554.529268904    9
334    12    1    0    556.430437122    7
335    2    2    2    557.417715182    1
336    16    2    14    562.021904679    3
337    25    15    1    563.394042046    8
338    2    0    2    563.689287485    4
339    5    2    2    566.254255873    10
340    12    7    2    567.641637038    3
341    12    9    2    568.378955233    2
342    24    18    22    569.927243279    7
343    1    0    1    570.044340746    4
344    23    18    12    572.558893734    10
345    10    0    8    573.871648011    8
346    4    4    4    576.0247893    4
347    18    17    16    576.419049032    7
348    23    5    13    577.506317374    2
349    24    24    16    578.484271337    3
350    9    1    7    579.280620628    4
351    21    0    1    580.96421785    7
352    11    4    10    583.807265757    8
353    7    0    3    585.139598413    5
354    20    20    14    587.893045755    3
355    18    18    15    591.983270509    6
356    3    3    0    592.208442735    6
357    13    0    1    593.904757801    4
358    2    0    1    595.329596029    2
359    10    7    8    598.56125469    7
360    17    7    1    599.804437763    7
361    22    19    12    603.031818526    2
362    6    0    0    603.411886312    9
363    16    4    3    604.624636945    9
364    14    13    5    605.305245445    10
365    2    2    2    610.697445532    3
366    14    3    11    614.421799909    2
367    7    0    1    617.087021804    5
368    7    6    4    617.695649774    2
369    15    5    5    618.317045892    8
370    9    3    0    619.735024943    5
371    19    13    9    625.400555176    1
372    18    11    16    628.126468385    6
373    5    1    0    629.274957141    2
374    1    1    1    629.845453938    1
375    3    1    2    630.080680528    6
376    12    0    3    636.368304988    5
377    11    8    2    636.507263194    2
378    2    1    1    636.534467627    9
379    2    1    2    641.9535946    5
380    22    14    18    647.475501232    5
381    24    19    0    649.343773594    10
382    8    5    4    649.691975355    2
383    4    1    0    650.522738797    9
384    12    3    5    651.773441669    10
385    10    0    7    652.106400021    7
386    17    2    6    652.473206147    7
387    9    0    6    653.990040404    2
388    12    5    9    654.095414849    3
389    23    4    14    655.592198649    8
390    8    2    6    655.943507523    9
391    24    10    6    655.998314124    2
392    9    8    3    661.058281919    1
393    6    3    1    661.139442091    9
394    18    16    7    662.21145715    6
395    10    7    0    665.4878943    9
396    13    13    12    666.8496212    7
397    5    5    0    667.394015631    3
398    7    0    2    667.775965696    4
399    17    3    0    667.829949019    5
400    16    6    5    668.225787752    4
401    6    0    6    670.237989515    6
402    14    2    13    670.749041293    7
403    9    4    1    672.479090752    6
404    1    0    1    672.510727284    3
405    19    2    11    672.970391964    9
406    18    13    18    673.558382908    3
407    18    12    11    675.085874554    3
408    6    0    2    676.236761414    2
409    13    10    2    676.377974578    1
410    7    1    3    676.797676602    4
411    22    17    15    678.802212366    1
412    17    9    16    679.373763854    9
413    10    8    9    681.709109164    10
414    8    2    8    681.857518917    2
415    25    3    12    682.321880563    10
416    11    1    4    683.034532702    6
417    10    9    4    684.447844593    3
418    11    11    1    684.744859731    6
419    18    10    7    686.844921117    7
420    16    5    10    686.894455882    6
421    4    0    2    687.794766978    5
422    7    4    0    689.434070689    6
423    12    9    5    689.899360216    1
424    9    9    1    693.42562416    5
425    11    10    5    693.917659057    1
426    5    5    5    694.165478748    6
427    12    1    10    696.880895909    8
428    22    2    9    698.73358048    7
429    6    4    0    699.023181379    5
430    20    20    6    699.388192371    2
431    7    5    2    704.627416503    1
432    20    13    13    705.034661184    3
433    13    13    3    705.375227483    9
434    25    19    9    706.330139157    10
435    9    6    2    706.509113044    8
436    4    2    3    707.664545967    6
437    13    6    4    709.733929354    6
438    25    3    9    712.854141998    6
439    18    7    6    714.48652248    1
440    19    17    7    715.428656369    8
441    2    1    1    716.030291994    10
442    22    6    0    716.514808438    2
443    3    0    2    717.001843606    7
444    18    12    14    722.928962255    3
445    20    11    4    725.120100742    10
446    17    4    0    727.157221083    7
447    24    12    15    728.237929589    9
448    14    13    0    733.169748731    2
449    7    2    1    733.523648245    5
450    19    1    1    734.20475444    1
451    21    7    2    736.504837853    10
452    12    9    12    737.974658256    6
453    25    0    15    742.735740738    3
454    2    0    0    743.860929552    8
455    3    2    2    748.622639077    5
456    6    3    1    751.815977774    7
457    12    7    9    752.506409669    3
458    19    18    5    756.103310335    9
459    4    1    1    757.507056281    7
460    12    3    10    757.608464164    7
461    3    0    2    760.619036649    4
462    12    10    11    760.744481794    3
463    23    2    0    764.390518578    6
464    1    0    0    764.844845114    1
465    7    7    6    766.237449463    5
466    17    4    10    768.082528553    9
467    2    2    1    769.549880035    5
468    2    2    2    771.004337761    10
469    4    1    0    771.10218097    9
470    1    1    0    773.684933085    5
471    17    8    0    773.693890116    3
472    12    10    2    775.906327834    9
473    9    2    3    783.061771453    5
474    3    0    3    783.713770027    1
475    6    0    5    784.242638685    7
476    12    11    7    784.963993484    5
477    16    5    10    789.3386595    7
478    3    3    1    790.430254933    2
479    7    5    3    791.374058266    1
480    14    1    10    791.847911694    2
481    1    1    0    792.564021333    2
482    13    10    0    794.655813141    4
483    25    17    24    797.366919007    1
484    13    2    9    797.540306193    10
485    23    0    12    800.794272927    8
486    10    8    0    801.479546491    5
487    5    4    0    802.521686382    6
488    13    7    7    802.745167299    1
489    24    20    2    807.205133782    2
490    21    4    20    807.265587669    2
491    13    11    0    807.271878964    5
492    12    1    8    807.90106855    4
493    8    6    2    808.924875014    3
494    13    8    9    809.436018443    4
495    16    8    10    809.692251053    7
496    25    10    1    810.319299038    7
497    23    2    6    811.822880781    8
498    4    4    3    813.124395315    2
499    8    3    0    814.242554666    3
500    23    13    10    814.7502058    2
501    4    1    4    817.139159397    1
502    12    10    5    817.600620242    3
503    20    7    9    819.212165941    2
504    2    0    0    820.981478383    4
505    15    6    13    823.633653556    10
506    25    22    25    826.062115393    1
507    19    9    11    830.888332178    8
508    9    5    4    831.505407499    3
509    1    1    1    834.948539312    10
510    16    9    9    835.229960655    2
511    13    12    1    840.010265982    2
512    3    3    0    840.651369731    2
513    15    5    5    841.84958698    3
514    25    12    7    842.044481554    10
515    23    14    8    842.177457221    3
516    9    3    9    842.373676575    2
517    25    22    8    848.532216969    4
518    22    10    9    849.462096934    3
519    3    3    2    850.752050131    2
520    2    2    1    852.200230729    7
521    20    10    20    852.719047178    9
522    23    14    7    852.91649256    3
523    20    13    4    853.881059412    3
524    10    10    10    855.130401464    8
525    24    23    6    855.568807287    7
526    10    6    3    857.286539771    2
527    5    5    4    858.43046409    4
528    15    14    12    859.37117849    10
529    23    9    0    859.919073359    7
530    20    15    9    862.7790598    6
531    6    6    5    863.648442511    1
532    14    0    6    863.788745449    5
533    14    0    14    867.721682273    1
534    12    7    5    869.383870346    5
535    6    4    6    870.105869026    5
536    3    1    2    875.457522612    4
537    4    3    0    878.456324612    3
538    10    7    0    878.837488568    6
539    22    16    8    884.198335885    5
540    11    8    9    888.854286725    5
541    2    2    1    889.609235399    7
542    24    11    8    890.460015914    1
543    3    1    1    894.927068729    5
544    10    0    0    896.634860763    3
545    8    1    7    897.864802114    3
546    17    1    11    898.341360575    1
547    19    14    19    902.818817298    10
548    1    1    0    904.152211122    1
549    15    14    0    907.682462881    7
550    22    9    13    907.939626822    10
551    3    3    1    909.264462064    7
552    7    0    6    910.54536697    7
553    16    11    6    910.571457316    5
554    24    5    22    914.751618448    7
555    5    1    1    915.280508481    6
556    3    1    2    915.576426673    9
557    3    2    2    917.824306622    7
558    6    5    6    920.334846433    7
559    4    3    1    923.238031108    10
560    9    8    8    925.105626834    7
561    20    1    9    927.512547833    3
562    16    14    4    931.60356601    4
563    14    14    5    932.63651975    6
564    3    3    0    935.476543807    10
565    6    1    4    936.904611323    7
566    22    12    18    938.452788569    6
567    22    4    11    939.585369048    8
568    22    19    10    942.417213017    7
569    17    2    9    944.268833815    10
570    24    4    9    945.313404154    4
571    6    3    5    946.451708859    6
572    17    2    16    946.898634181    5
573    17    11    4    954.080470638    8
574    5    4    2    954.299367322    9
575    18    15    13    961.959262005    1
576    1    0    0    962.710753854    5
577    23    6    7    964.165336994    2
578    11    8    8    964.673794987    7
579    14    6    2    967.371258082    1
580    21    9    9    967.663138803    1
581    7    1    7    967.926349091    2
582    1    1    0    970.201858659    6
583    9    1    5    970.725604055    2
584    16    6    14    973.391487367    3
585    6    3    4    974.170349331    1
586    25    11    15    977.731764983    5
587    23    9    21    982.906271603    7
588    5    2    4    984.999565321    8
589    10    8    1    987.656510487    10
590    15    13    7    990.67332365    6
591    9    3    5    992.709242758    4
592    1    0    1    992.827103499    6
593    8    0    7    993.685010473    8
594    17    9    11    995.792349803    6
595    14    13    12    997.282234203    2
596    16    2    9    997.450384862    10
597    11    0    6    997.958387835    6
598    7    2    0    999.381403045    9
599    3    3    3    999.600914481    9
600    6    6    2    999.912398206    6
