;job_number  cpu#  ssd#  gpu#  submit  runtime
1    8    5    0    0.264915114288    3
2    4    1    1    0.546974519392    5
3    5    0    5    0.978154268505    8
4    14    12    13    2.72447635032    7
5    20    5    16    2.97257290095    8
6    13    6    5    4.45189722176    10
7    14    2    0    5.47038236162    9
8    9    6    9    6.06756968791    8
9    18    11    5    7.34077059003    2
10    18    8    16    9.14378548267    5
11    2    0    2    9.25305809659    7
12    6    5    6    10.1426005472    8
13    20    10    6    10.8055228533    6
14    18    2    2    11.0720299076    4
15    8    3    3    11.7185612378    5
16    17    4    9    12.6048122408    2
17    22    1    13    14.4189867532    3
18    19    4    1    14.5715186367    6
19    16    14    4    15.44233799    10
20    7    3    3    15.8747330311    9
21    10    9    6    17.4026533018    3
22    13    3    12    19.0828220503    6
23    20    7    8    19.4063785008    9
24    25    25    7    19.5536328665    3
25    16    0    0    19.9061843543    8
26    22    3    21    20.5063864239    6
27    19    19    17    22.2341854935    4
28    23    18    13    22.9379792312    5
29    19    0    9    23.0880859661    10
30    17    2    1    24.2299842174    7
31    7    6    3    24.4432891971    10
32    21    4    18    24.4438780376    6
33    24    18    11    24.6865552827    2
34    3    1    0    24.8671591151    6
35    25    19    19    26.3793029823    4
36    13    6    8    27.1555052588    6
37    25    23    1    27.5393552067    1
38    21    15    21    28.2642342736    10
39    17    13    9    28.42520977    8
40    6    5    5    29.6040913822    6
41    11    3    7    30.1635641637    9
42    13    5    2    31.2174811073    10
43    23    20    4    32.9442726851    4
44    4    4    4    33.9172621865    5
45    15    11    1    34.2190372838    9
46    7    6    3    34.8939573041    2
47    21    7    3    35.1476437035    6
48    8    7    5    35.3145545633    5
49    4    2    3    35.7103252691    6
50    21    4    16    37.222862954    5
51    7    0    1    37.2344622178    2
52    22    19    18    38.6354366821    5
53    18    13    0    39.5864941305    8
54    16    9    11    39.933899609    6
55    1    1    0    42.0524369743    5
56    17    17    9    43.3384727843    5
57    5    0    3    43.783308967    7
58    13    1    12    44.1242324265    4
59    15    0    3    45.3648145094    2
60    3    2    1    45.5083999081    5
61    13    8    6    45.8097828938    1
62    3    2    0    45.8488982972    4
63    2    0    1    46.733219234    8
64    25    24    25    47.5008555474    4
65    22    0    17    47.8180424057    5
66    3    1    0    47.8979856546    1
67    16    12    15    48.1208724966    9
68    17    15    9    48.395403788    6
69    7    7    6    53.8038830063    1
70    22    14    21    54.0917289554    1
71    5    5    2    54.9781787332    7
72    14    12    11    55.1582022156    1
73    5    4    1    57.9415901815    4
74    2    2    2    58.7320478896    4
75    12    9    0    60.0662405703    1
76    25    20    15    60.1105648425    8
77    12    2    2    60.9894140616    7
78    20    12    8    61.5268942361    6
79    12    10    2    62.3318322127    4
80    11    1    7    62.7913896723    3
81    18    16    2    62.8785660998    2
82    12    12    6    62.8818623375    9
83    15    15    8    63.2632236421    8
84    9    5    3    63.3636024683    2
85    3    0    3    64.0373357333    6
86    4    2    2    64.2391116166    2
87    25    23    5    65.7218036885    3
88    12    3    12    66.1775089971    6
89    14    12    8    67.1559069481    9
90    3    1    0    67.7395716538    5
91    6    5    0    68.1674040375    7
92    20    18    20    68.8753716983    8
93    9    0    1    72.3148019999    6
94    17    11    15    73.8523131794    3
95    16    0    5    73.9050127902    2
96    7    1    5    74.2254432445    3
97    8    8    3    74.6657982325    5
98    25    5    13    75.4453920515    8
99    19    17    2    75.5594374186    4
100    1    1    1    76.3533380493    6
101    17    9    15    76.5619550682    8
102    15    0    10    79.1842952454    6
103    18    8    17    79.3490951116    1
104    11    5    9    83.7015212483    2
105    14    3    0    83.9543121734    1
106    14    4    11    84.1709206988    5
107    7    5    3    84.4590965399    4
108    20    6    2    87.358683142    4
109    20    10    16    87.6551545443    10
110    11    9    4    88.120184629    2
111    9    5    2    88.6071705777    3
112    3    2    2    88.9326422642    4
113    3    1    2    89.1690512373    7
114    23    20    12    89.4425626149    9
115    8    1    6    90.5870448433    7
116    23    12    9    90.6493570055    6
117    7    6    4    91.0164499293    7
118    22    8    13    91.7138045315    3
119    23    22    6    91.9805483852    2
120    13    10    11    92.2956680988    5
121    22    15    3    92.7643788935    5
122    12    10    10    94.3755581968    3
123    13    10    3    94.3942330799    10
124    18    2    1    94.5282141514    10
125    8    6    8    95.3540303409    1
126    13    12    0    95.7356244067    9
127    14    11    8    97.3679743835    7
128    10    9    8    97.5083252954    8
129    23    21    14    98.4299288118    2
130    4    1    3    98.5392121925    4
131    17    9    8    99.0374893904    1
132    10    0    7    99.0934614367    4
133    21    15    5    99.9421186734    4
134    13    8    13    100.712484028    9
135    14    6    7    102.377050465    5
136    18    15    17    102.972734208    1
137    19    12    3    103.225010382    10
138    3    2    1    103.512314133    1
139    20    2    12    103.699965445    10
140    16    6    6    103.893763961    4
141    12    12    4    104.176781605    1
142    17    2    7    104.387950856    10
143    6    1    1    104.390959089    6
144    20    11    20    104.581863131    1
145    2    1    0    104.851752849    2
146    1    0    0    104.962550288    9
147    13    4    7    105.251598086    4
148    12    5    12    106.208960406    9
149    17    9    6    106.958657188    9
150    10    1    2    108.024025775    1
151    23    19    17    109.428591129    6
152    15    10    13    109.936634172    6
153    1    1    0    110.209307644    7
154    8    6    4    110.483027513    1
155    14    10    14    110.533070152    3
156    15    1    10    113.058402282    9
157    15    5    2    113.793539066    2
158    1    1    1    115.847411765    4
159    21    13    4    118.124423471    7
160    18    7    8    118.68522706    2
161    11    1    5    119.196105273    10
162    19    4    13    119.523095591    4
163    16    7    7    119.650199588    8
164    10    9    5    120.329523065    3
165    23    5    16    123.116703286    7
166    9    1    1    124.368419767    5
167    20    12    12    125.340933404    9
168    25    0    9    125.632932052    9
169    23    10    12    126.146623843    4
170    5    0    1    126.251618994    1
171    21    19    13    126.636976051    6
172    23    19    7    127.802484682    1
173    2    1    0    128.489678748    10
174    10    5    1    129.363468672    1
175    6    2    5    129.532111313    10
176    18    11    12    129.996222871    6
177    5    2    2    130.141437325    10
178    5    5    1    130.472948156    5
179    18    15    9    131.596078994    5
180    21    18    3    133.061692923    6
181    12    1    0    133.770771587    1
182    9    4    9    135.0918535    10
183    15    9    10    135.391370168    10
184    20    3    9    135.633604742    10
185    12    3    1    137.554340333    10
186    9    9    2    137.7786648    2
187    15    5    3    137.792204847    7
188    18    9    12    139.013047874    9
189    2    1    1    140.100384268    10
190    2    2    0    140.293043861    2
191    23    15    1    140.50196745    10
192    13    9    11    141.803362966    4
193    13    10    7    142.700949215    5
194    17    15    9    143.264337133    4
195    5    0    2    143.321574048    8
196    25    6    7    143.374387536    1
197    6    0    1    144.168160119    7
198    18    15    16    144.898442737    4
199    22    14    4    145.602643383    10
200    3    0    1    145.837663012    10
201    25    9    8    147.003603488    9
202    20    5    3    147.046304376    7
203    11    11    10    147.32900286    1
204    5    4    3    148.406682476    9
205    23    11    11    148.59731937    1
206    20    11    1    149.203237943    10
207    23    20    17    149.841053455    1
208    1    0    0    152.028649837    8
209    20    14    10    152.164525233    8
210    4    2    0    152.349737278    7
211    8    7    4    152.696958907    8
212    11    11    7    155.104049608    8
213    14    7    12    156.558820358    4
214    6    6    6    156.945627736    3
215    15    4    10    157.333382629    10
216    21    10    7    158.095202757    2
217    18    7    0    159.047878199    7
218    23    16    12    159.215864385    6
219    2    1    0    159.275427675    8
220    14    9    1    159.282986353    8
221    7    6    5    160.319394108    1
222    8    1    1    160.334931365    1
223    11    9    10    160.696421852    2
224    12    7    6    160.759418593    3
225    15    13    5    160.869431633    9
226    18    14    3    161.48475701    9
227    17    11    9    161.741270794    9
228    7    6    7    162.502812614    10
229    12    4    3    163.047527806    4
230    19    4    12    164.195270765    3
231    25    9    13    164.330071958    10
232    9    9    9    164.374454823    3
233    15    15    2    164.866803637    4
234    13    4    6    165.392283864    5
235    20    11    20    165.968443635    7
236    23    23    20    166.194058819    2
237    24    4    17    166.316008416    1
238    24    14    22    167.083357702    2
239    5    5    2    167.189314419    5
240    21    11    4    168.071422089    2
241    21    6    15    168.163241219    2
242    4    3    2    168.588044766    5
243    13    3    8    169.818983873    7
244    2    2    1    170.114636389    7
245    23    21    3    170.151183907    1
246    22    15    8    171.29901352    8
247    6    3    6    171.861828864    6
248    22    15    1    172.412310993    10
249    15    4    5    172.928180956    4
250    1    0    0    172.981350915    7
251    17    11    3    173.583646704    9
252    17    13    10    173.628767839    3
253    4    4    3    175.255293505    1
254    17    16    15    176.237207776    7
255    12    6    10    176.636492949    8
256    19    4    1    177.138932052    8
257    21    6    6    177.237213318    8
258    11    7    10    177.39044138    5
259    4    2    4    177.740675536    7
260    20    11    4    178.060815448    6
261    1    0    0    178.133805114    4
262    20    13    13    181.059332209    8
263    12    9    4    182.062998603    7
264    15    7    3    182.834614955    6
265    13    5    12    182.92024997    7
266    25    12    9    184.13409809    4
267    5    4    1    184.638147722    7
268    1    1    0    185.287334059    2
269    19    12    12    185.944956199    6
270    5    1    2    186.187231814    7
271    17    11    0    187.197996119    8
272    20    8    0    187.39374004    5
273    12    8    7    189.772933107    3
274    7    2    7    190.516558308    6
275    4    4    0    190.678568781    6
276    1    1    0    190.686527178    5
277    12    5    3    191.870279751    1
278    15    14    2    192.279306816    7
279    13    6    9    192.409892984    7
280    20    10    7    193.482305327    8
281    3    3    2    194.698091202    6
282    12    1    7    195.292314177    5
283    1    0    1    196.62973896    4
284    2    2    0    197.260406178    8
285    3    2    1    198.149116241    1
286    25    25    12    198.365631488    4
287    23    18    11    199.899420027    7
288    22    3    9    200.124167744    2
289    10    4    10    200.498533759    9
290    12    10    8    200.850406127    9
291    15    5    14    203.055364111    9
292    21    13    9    203.996846132    4
293    18    6    0    204.338112426    5
294    21    1    11    205.115733936    8
295    7    0    0    205.970017596    10
296    6    0    4    206.895830832    5
297    20    14    0    208.773869452    5
298    15    13    14    209.760605445    2
299    13    9    0    210.731992456    6
300    24    2    8    211.842520219    10
301    8    1    8    212.454966374    8
302    25    11    1    212.656571709    2
303    12    5    5    214.484877464    2
304    23    18    8    214.843181214    7
305    1    1    0    215.151239617    8
306    1    1    0    215.673949328    5
307    13    7    7    216.141726091    4
308    5    0    0    216.200283995    3
309    12    2    0    217.078416192    7
310    1    0    0    218.62690754    9
311    2    0    1    219.229430047    10
312    12    4    2    220.129801252    5
313    21    17    12    221.78584842    8
314    23    6    13    221.827227543    5
315    9    0    4    222.710671725    9
316    13    12    6    223.143008581    1
317    3    0    2    223.558031139    1
318    13    12    0    224.146116557    7
319    18    12    9    224.351056598    8
320    3    0    3    224.372332623    8
321    17    12    2    225.004525839    5
322    17    1    9    225.293921887    8
323    18    0    18    226.907221011    5
324    24    11    20    227.846971238    5
325    18    12    10    228.577503705    6
326    15    10    10    229.85357318    2
327    1    1    0    230.175688769    10
328    25    20    5    230.223801686    1
329    4    1    4    230.448842048    10
330    14    1    13    230.769123753    7
331    9    2    6    232.419605623    2
332    24    18    3    232.886225376    9
333    10    0    0    233.121084611    3
334    12    1    0    233.154003151    9
335    18    7    0    234.404833478    6
336    16    2    13    236.356084603    4
337    24    9    17    237.285161784    9
338    5    3    1    237.944894316    5
339    8    8    6    238.007038013    7
340    17    1    12    238.064876022    2
341    21    6    7    238.406003339    4
342    22    18    19    238.718355345    8
343    10    8    8    239.685920188    7
344    21    8    18    241.378630571    1
345    14    2    7    241.48785637    2
346    18    9    7    242.381943089    3
347    14    5    1    243.265400326    9
348    23    11    18    243.405994288    5
349    13    8    5    243.786312717    8
350    3    1    0    245.871647704    10
351    3    3    0    246.19637458    7
352    6    2    5    247.974997267    7
353    1    1    1    248.361198696    9
354    5    3    5    249.636599704    1
355    7    5    1    250.324322753    8
356    13    6    2    250.893954666    6
357    7    3    2    251.242478335    7
358    11    6    5    251.706100067    6
359    1    0    1    252.109773152    5
360    3    0    1    252.138468227    6
361    7    4    1    252.680333112    2
362    25    25    2    252.909051734    7
363    22    16    2    253.558955338    10
364    18    8    15    253.671559412    1
365    10    4    0    254.044189097    3
366    16    15    4    254.111525776    1
367    7    3    5    254.468454581    3
368    1    0    1    254.865698338    9
369    20    19    17    254.877488759    9
370    14    3    14    256.114343872    10
371    25    19    25    257.649252095    1
372    17    10    5    257.734586344    5
373    7    0    5    257.94857224    9
374    2    2    0    260.257144941    6
375    18    7    3    260.544770572    7
376    23    7    18    262.126409356    9
377    6    4    2    262.728316295    6
378    8    3    3    263.336586274    3
379    25    14    6    263.77790547    10
380    8    2    6    264.628044506    1
381    11    10    0    264.732935471    3
382    14    10    11    265.482360936    8
383    3    1    1    265.637309641    10
384    3    2    1    267.958218031    4
385    25    8    14    268.033347917    10
386    8    0    1    268.234188545    1
387    5    3    3    268.263369183    1
388    5    0    4    269.264439758    10
389    2    1    1    270.643179515    7
390    18    18    15    270.715154418    2
391    20    12    19    271.267485252    4
392    23    2    21    271.791767006    3
393    13    3    4    271.99676673    8
394    15    2    12    272.025069239    10
395    3    2    0    272.493964226    7
396    10    6    6    272.86880241    10
397    24    4    17    272.943828136    1
398    18    5    3    273.347707842    7
399    15    6    14    275.886159142    9
400    15    6    4    276.383569377    4
401    20    6    20    276.467141701    9
402    16    6    7    277.864931498    1
403    11    7    8    279.794102669    6
404    17    17    17    280.090368552    7
405    6    6    5    280.512244862    4
406    24    8    10    280.731650739    7
407    6    4    4    280.844446908    4
408    15    14    10    280.861955259    3
409    13    7    2    283.717748744    9
410    20    7    4    283.818857033    3
411    17    8    14    284.946588326    2
412    6    6    0    285.030202489    5
413    25    13    16    285.29211228    1
414    22    15    0    286.157828998    10
415    5    5    0    286.485367513    8
416    2    0    0    288.016144191    9
417    11    8    6    288.54463144    10
418    15    1    11    288.592417648    10
419    9    5    3    288.776218329    1
420    4    3    1    289.293396864    3
421    16    5    12    289.755908053    10
422    19    6    11    291.303785705    4
423    7    4    0    291.732286021    9
424    17    8    16    292.00735696    7
425    1    0    1    293.581692698    6
426    7    5    1    293.832343975    10
427    13    1    9    294.476725984    3
428    5    3    3    295.212075894    5
429    5    5    4    295.478173886    5
430    19    0    3    296.543474356    8
431    12    5    3    296.761322977    10
432    6    4    3    297.21958673    1
433    14    1    7    298.68682933    10
434    12    9    4    298.706709711    4
435    5    4    1    298.798707725    4
436    17    12    12    299.63676975    10
437    16    4    7    300.531648143    7
438    20    7    19    301.709197077    4
439    16    4    8    302.718575316    5
440    11    9    3    302.762941582    10
441    5    5    3    305.637232388    1
442    9    3    0    307.748036273    9
443    14    14    14    307.843266036    7
444    11    8    8    308.29550154    10
445    14    14    3    309.232626076    7
446    8    3    8    309.41896449    8
447    22    19    3    309.554769886    9
448    1    0    0    310.279460221    8
449    9    6    3    311.326821361    10
450    1    0    1    311.858940715    5
451    2    2    0    312.668412755    10
452    9    3    4    313.224893834    1
453    6    5    4    313.333509641    6
454    1    1    0    313.640161368    7
455    11    6    9    314.554034653    1
456    10    6    8    314.924656322    10
457    13    1    8    315.383086002    10
458    9    3    4    315.687611158    5
459    3    2    1    316.762930177    9
460    4    4    0    316.881433664    6
461    25    5    24    317.645000022    4
462    2    2    1    319.941012845    8
463    12    1    11    321.619147025    4
464    5    4    3    323.154017815    5
465    25    14    22    323.542641123    9
466    15    12    15    325.300931946    5
467    6    2    4    326.393379868    8
468    2    1    2    326.470903202    6
469    3    0    1    330.07749351    8
470    25    22    7    330.165165865    4
471    6    0    4    330.487349066    10
472    14    9    6    331.003207852    3
473    16    1    7    332.022324579    4
474    19    10    3    332.826808984    5
475    1    0    1    334.982333527    3
476    7    0    7    335.908155675    9
477    19    3    15    337.305681688    7
478    10    1    10    337.364405969    4
479    1    1    1    338.64400909    7
480    20    1    17    339.282783178    10
481    12    8    10    339.549012985    7
482    24    3    10    339.598554685    2
483    10    8    8    340.635301446    10
484    14    4    10    340.889548593    9
485    16    9    2    341.287716228    10
486    6    1    6    341.867282161    7
487    9    0    2    341.901067259    9
488    7    5    0    342.978918808    5
489    3    0    0    343.163573625    8
490    25    19    3    345.275557592    8
491    10    9    6    346.414510225    2
492    19    0    9    346.621527561    4
493    21    6    5    346.804261487    4
494    3    2    2    347.064422832    2
495    8    6    3    347.665606322    6
496    10    10    9    348.401537675    6
497    22    1    9    348.531105361    5
498    12    7    3    348.867949036    7
499    7    5    3    349.211146224    8
500    22    17    11    350.091828175    4
501    16    0    8    350.396250139    6
502    20    3    14    350.541092742    2
503    15    13    0    350.583725961    9
504    4    4    3    351.299690605    10
505    25    25    16    351.430935439    6
506    19    1    7    352.747158986    5
507    21    8    10    353.160945911    4
508    10    3    1    354.379993378    8
509    8    2    0    354.716899152    9
510    21    9    21    355.103672442    10
511    4    0    3    356.60547216    4
512    9    2    8    356.938942568    6
513    5    0    0    357.203208888    8
514    10    10    9    357.291372798    7
515    15    8    6    358.03571177    8
516    3    2    1    358.884495856    4
517    20    3    13    359.303232718    2
518    2    1    2    360.421332331    10
519    22    3    17    361.52047569    10
520    8    5    1    361.589265292    1
521    4    4    0    362.636219845    3
522    24    24    22    363.65105136    4
523    14    6    2    364.34241263    10
524    23    6    21    364.463081192    5
525    25    24    21    365.308412686    4
526    3    0    3    365.786609272    6
527    21    20    5    366.733813449    1
528    13    1    3    366.809502582    1
529    16    12    15    366.836838274    4
530    13    12    8    367.058821832    8
531    1    0    0    367.100128138    2
532    24    12    12    368.30639138    9
533    17    13    0    368.42672291    9
534    4    1    0    369.055661646    5
535    24    20    2    369.914520144    5
536    7    2    3    370.752855904    1
537    14    9    14    371.259102729    6
538    22    8    16    371.593557408    8
539    7    2    0    371.644655032    4
540    5    3    5    371.841464562    2
541    2    0    1    371.996625407    9
542    6    0    5    372.298321158    9
543    14    12    3    373.349189575    7
544    6    0    6    373.368495789    2
545    22    10    13    373.925647143    10
546    8    2    3    374.875088712    7
547    12    2    2    375.435693561    4
548    6    1    5    375.681388364    7
549    19    2    13    375.969985864    6
550    4    3    4    380.467281563    4
551    11    2    5    381.436042993    10
552    17    11    4    384.536226654    8
553    6    3    6    386.614382822    6
554    23    3    9    387.336681437    7
555    22    1    0    388.124566648    8
556    10    5    6    388.225428094    8
557    19    3    15    389.139966345    5
558    17    7    2    389.814271084    6
559    17    11    16    390.741162452    4
560    6    6    4    391.21503444    3
561    19    7    9    391.661851503    3
562    11    6    7    392.932119489    7
563    23    20    22    393.250337558    8
564    7    4    6    394.481669285    5
565    2    2    1    394.754478421    8
566    15    4    9    395.66355012    9
567    24    18    9    396.769914828    6
568    22    11    6    398.056104263    6
569    25    2    0    399.893888286    8
570    14    4    6    401.895859414    10
571    5    3    4    402.036409669    1
572    21    0    16    402.269543304    6
573    10    8    0    403.276467869    10
574    21    4    13    403.979801722    10
575    11    8    4    407.661572414    9
576    3    1    0    410.579224924    8
577    9    7    5    411.271414454    8
578    24    3    15    412.165926237    7
579    8    0    3    413.498317638    8
580    18    17    14    413.526743094    9
581    6    0    0    414.056305751    4
582    22    19    4    414.524829266    1
583    7    4    1    414.570101695    6
584    17    13    8    414.898333927    1
585    24    21    19    415.219816757    3
586    23    14    7    415.814277995    6
587    21    14    3    416.820172223    7
588    12    0    3    416.901715097    5
589    1    0    0    417.824511131    5
590    21    7    16    417.898845229    4
591    13    12    13    419.339388662    2
592    10    8    2    420.162615355    4
593    7    0    1    420.444535631    4
594    9    7    2    420.664886081    2
595    20    19    12    420.961691748    1
596    12    11    2    421.129996652    5
597    2    2    2    421.807530362    5
598    5    5    2    421.864602    10
599    2    2    2    422.012295309    1
600    16    10    13    422.114300861    5
601    2    1    1    422.31715117    6
602    6    4    0    423.331487714    7
603    16    2    14    424.507800116    10
604    19    9    15    425.663312915    6
605    7    1    3    426.12760338    9
606    16    10    6    426.15379187    4
607    15    11    11    427.365339742    8
608    16    16    11    427.368292043    1
609    5    2    1    427.588735165    1
610    21    17    14    427.732525901    6
611    8    2    0    429.179369667    8
612    6    2    1    429.350130424    4
613    19    10    12    429.445988805    10
614    24    1    12    430.415643089    4
615    22    17    3    430.733915198    4
616    4    4    3    431.155701177    5
617    25    17    13    431.588551519    2
618    21    2    5    432.127386992    2
619    16    15    4    432.930281644    7
620    19    16    18    434.292170124    1
621    9    8    9    436.258043828    10
622    7    7    3    436.520355181    6
623    12    4    0    437.191027743    6
624    20    14    3    437.623614943    10
625    19    15    19    438.031289709    1
626    9    1    0    439.928877956    10
627    23    23    0    440.564297232    9
628    7    7    0    441.479405271    6
629    17    5    4    441.532144689    1
630    6    5    5    442.109230825    10
631    18    13    4    442.335373485    6
632    18    17    8    442.984127807    2
633    5    1    2    445.605992822    1
634    22    4    20    445.648064711    8
635    2    0    2    445.83844695    10
636    22    7    3    446.454498085    6
637    1    1    0    446.673143714    3
638    24    24    8    447.147307603    1
639    18    7    14    447.899032675    8
640    20    12    4    449.685269254    6
641    8    2    3    449.756223311    7
642    1    0    1    449.841708319    7
643    20    18    11    450.077106617    9
644    2    0    1    450.084691427    1
645    2    0    1    452.205147889    2
646    13    1    6    452.340374025    3
647    12    9    1    452.534938165    9
648    7    4    0    453.003360639    3
649    18    18    12    454.13429515    4
650    6    2    2    454.850911909    6
651    19    12    10    455.32121667    3
652    18    14    0    457.373568736    2
653    15    5    0    458.293493767    10
654    7    5    7    458.691820773    3
655    6    2    6    458.824849973    2
656    7    0    5    458.881769692    9
657    20    1    1    459.309273546    6
658    12    2    10    459.381787864    8
659    4    0    1    460.359775731    5
660    19    15    12    461.780764916    9
661    21    20    15    462.11452477    8
662    8    2    3    463.275300078    1
663    11    3    2    463.740526257    9
664    8    4    2    464.018007067    4
665    3    0    3    465.631442327    3
666    17    0    8    466.269441221    5
667    13    4    4    468.935257328    7
668    19    15    16    470.652877203    1
669    19    14    13    471.366196358    7
670    17    17    11    471.399544755    4
671    17    8    12    471.551877986    9
672    15    13    9    471.743763111    6
673    13    7    6    472.854187736    5
674    6    1    2    473.569464126    8
675    11    11    0    474.471658141    7
676    5    5    0    475.021522057    5
677    21    3    5    475.502162057    3
678    19    7    19    477.985797201    4
679    13    6    7    478.279380533    3
680    16    12    7    481.515022545    4
681    22    15    22    481.731852082    5
682    22    6    0    488.4551806    1
683    13    11    7    489.062271044    3
684    12    7    5    490.92749284    2
685    14    10    5    492.029979679    8
686    7    5    1    492.393348921    8
687    20    18    1    492.833680099    1
688    13    1    2    493.171380251    1
689    17    16    12    493.843646489    1
690    15    10    0    494.32395651    6
691    22    5    12    495.620254795    8
692    7    6    5    495.965901709    1
693    24    22    17    496.23171032    7
694    18    2    6    497.011822623    3
695    19    7    11    497.213576042    3
696    14    10    10    497.315891251    9
697    1    1    1    497.646210507    7
698    8    0    8    498.532031478    4
699    21    13    19    498.718228307    6
700    14    0    11    499.010453277    2
701    12    12    8    499.129821394    6
702    20    15    5    499.322463899    2
703    21    13    13    500.668663124    7
704    9    5    2    502.158841146    8
705    19    9    16    504.073459236    9
706    11    3    6    505.022428352    5
707    17    2    12    505.909250923    1
708    10    6    6    506.288188175    2
709    25    14    8    508.641832145    5
710    23    8    15    508.797173197    7
711    14    10    3    508.879198884    5
712    4    4    2    509.280390099    1
713    17    10    7    509.438370261    7
714    20    18    16    510.701367558    2
715    7    1    1    513.860229653    5
716    15    3    13    514.110903004    5
717    24    3    12    514.389933198    4
718    24    16    0    514.763368363    4
719    23    1    4    516.465080959    9
720    23    5    23    517.245388375    7
721    9    9    4    517.311783265    2
722    23    16    6    517.425280734    10
723    17    6    6    517.98981242    7
724    15    5    6    519.56514649    3
725    18    18    5    520.209236862    1
726    22    0    8    520.454183311    8
727    18    10    10    520.576930462    6
728    2    1    2    520.952038955    5
729    1    0    0    521.825125013    4
730    18    3    0    521.98311145    2
731    25    10    6    522.69021013    5
732    22    18    15    523.23927212    8
733    25    9    6    523.285396528    8
734    20    9    6    523.686317702    4
735    9    4    9    524.351734855    4
736    1    0    0    524.593379937    3
737    25    2    8    525.928732109    4
738    23    7    16    525.993816123    3
739    17    4    17    526.335554607    5
740    12    0    8    526.947034738    7
741    25    13    13    527.158203608    3
742    3    1    3    528.342950455    9
743    3    3    2    528.592094661    8
744    24    8    6    528.668714843    9
745    18    16    0    528.675362129    4
746    20    14    7    528.911309637    9
747    9    5    6    529.269455683    4
748    11    1    1    531.848214517    2
749    9    2    9    533.660207883    1
750    1    0    0    533.896019037    2
751    17    6    17    534.875969106    10
752    7    5    0    536.157522432    1
753    1    0    0    538.129149044    6
754    11    4    5    538.3539226    6
755    10    9    0    538.900500582    8
756    1    0    1    539.276966062    1
757    20    8    12    539.345598587    4
758    15    15    9    540.027473726    3
759    7    6    4    540.211093165    1
760    22    0    22    540.64199786    2
761    16    10    11    541.216901991    4
762    1    0    1    541.272337421    7
763    18    2    17    541.673595867    9
764    5    2    3    541.78033705    5
765    17    7    12    542.154816889    5
766    9    8    1    542.671312694    7
767    20    20    11    543.58552608    1
768    15    4    7    545.290393219    8
769    11    7    5    545.603227205    9
770    4    4    4    546.419135083    7
771    2    0    2    546.514280088    6
772    13    11    0    547.64455841    6
773    22    1    11    547.893188652    3
774    23    10    16    549.596339585    9
775    20    11    16    550.185254071    3
776    10    2    3    550.222116705    10
777    9    3    4    550.599444706    3
778    23    15    21    552.076764999    3
779    1    0    0    554.529268904    9
780    7    7    5    556.199858202    1
781    12    1    0    556.430437122    7
782    2    2    2    557.417715182    1
783    22    19    11    557.841599252    3
784    17    10    16    560.428953    10
785    5    3    0    561.569503886    10
786    16    2    14    562.021904679    3
787    7    6    2    562.910019039    7
788    25    15    1    563.394042046    8
789    2    0    2    563.689287485    4
790    16    16    2    563.794050449    4
791    14    5    3    564.984006364    7
792    4    2    3    565.717788273    2
793    5    2    2    566.254255873    10
794    3    1    0    566.599966334    4
795    16    3    0    566.834568059    7
796    1    1    0    567.38702681    1
797    12    7    2    567.641637038    3
798    12    9    2    568.378955233    2
799    9    0    1    569.302246992    8
800    2    0    0    569.517349418    6
801    24    18    22    569.927243279    7
802    1    0    1    570.044340746    4
803    7    0    7    570.152720904    4
804    15    1    14    570.255891083    10
805    10    7    1    570.290098207    4
806    22    8    19    570.972236011    1
807    24    18    20    571.976593508    8
808    13    11    5    572.194493901    7
809    23    18    12    572.558893734    10
810    10    0    8    573.871648011    8
811    18    2    6    575.108593368    5
812    4    4    4    576.0247893    4
813    18    17    16    576.419049032    7
814    23    5    13    577.506317374    2
815    24    24    16    578.484271337    3
816    19    13    11    578.706239925    8
817    25    0    17    579.018547328    8
818    9    1    7    579.280620628    4
819    19    19    9    580.012908238    9
820    21    20    16    580.550762483    7
821    21    0    1    580.96421785    7
822    21    10    9    583.127661973    8
823    11    4    10    583.807265757    8
824    23    21    11    584.624789966    3
825    7    0    3    585.139598413    5
826    21    4    10    586.322614768    6
827    16    14    10    586.853487231    7
828    3    0    2    587.256820742    4
829    4    4    1    587.337642012    9
830    20    20    14    587.893045755    3
831    25    4    8    588.45304974    4
832    20    9    16    588.795610429    1
833    11    1    9    588.896172073    3
834    1    0    1    589.432112011    5
835    11    10    1    589.596924205    10
836    10    10    8    590.95775286    9
837    18    18    15    591.983270509    6
838    3    3    0    592.208442735    6
839    1    0    0    593.53841959    5
840    13    0    1    593.904757801    4
841    23    19    23    594.394979171    7
842    4    1    0    594.9964671    1
843    13    6    6    595.326052656    10
844    2    0    1    595.329596029    2
845    11    9    10    595.921837186    9
846    6    2    6    596.74572962    4
847    14    2    11    597.18864174    7
848    10    7    8    598.56125469    7
849    22    14    6    599.5187952    7
850    17    7    1    599.804437763    7
851    20    7    10    600.112477758    5
852    22    19    12    603.031818526    2
853    6    0    0    603.411886312    9
854    16    4    3    604.624636945    9
855    3    3    2    605.123587036    5
856    14    13    5    605.305245445    10
857    3    0    2    606.032375941    7
858    2    0    2    606.110905265    2
859    24    10    15    610.252731765    9
860    2    2    2    610.697445532    3
861    14    5    9    611.623795265    6
862    17    16    9    612.514933812    9
863    14    3    11    614.421799909    2
864    13    8    3    615.550928437    3
865    5    2    3    615.573419062    4
866    8    0    2    615.932485555    5
867    11    2    2    616.880463944    9
868    7    0    1    617.087021804    5
869    12    10    2    617.405876318    10
870    7    6    4    617.695649774    2
871    15    5    5    618.317045892    8
872    22    18    14    619.151345661    3
873    24    23    7    619.358274025    6
874    11    4    2    619.650816919    1
875    9    3    0    619.735024943    5
876    11    2    9    621.17108548    5
877    7    1    5    623.769498776    5
878    3    1    1    624.08676021    10
879    19    13    9    625.400555176    1
880    20    10    8    626.392702028    8
881    18    11    16    628.126468385    6
882    10    1    6    628.639752115    8
883    5    1    0    629.274957141    2
884    2    1    0    629.344313989    5
885    1    1    1    629.845453938    1
886    3    1    2    630.080680528    6
887    14    10    11    631.344046302    4
888    8    7    8    632.190625437    10
889    12    0    0    633.681838782    1
890    14    3    2    634.950335645    7
891    12    0    3    636.368304988    5
892    11    8    2    636.507263194    2
893    2    1    1    636.534467627    9
894    8    5    4    636.797282431    10
895    22    2    22    636.980441207    9
896    2    1    2    637.868150546    10
897    24    23    1    638.864973668    6
898    15    4    6    639.785855966    3
899    14    7    4    640.506706138    3
900    2    1    2    641.9535946    5
901    1    1    1    642.612216563    3
902    12    11    8    642.632448369    8
903    15    7    12    644.069637525    2
904    18    5    5    644.528775202    8
905    13    7    8    644.646140353    4
906    20    1    5    645.123881891    2
907    22    6    8    645.2373079    8
908    19    5    0    645.693024467    5
909    12    1    11    647.092920144    8
910    22    14    18    647.475501232    5
911    24    19    0    649.343773594    10
912    5    0    5    649.40138652    2
913    8    5    4    649.691975355    2
914    4    1    0    650.522738797    9
915    12    3    5    651.773441669    10
916    10    0    7    652.106400021    7
917    17    2    6    652.473206147    7
918    9    0    6    653.990040404    2
919    12    5    9    654.095414849    3
920    18    16    16    654.316276358    10
921    23    4    14    655.592198649    8
922    8    2    6    655.943507523    9
923    24    10    6    655.998314124    2
924    3    3    2    656.451213897    6
925    4    2    0    658.555516603    2
926    5    3    3    660.021454967    2
927    19    19    0    660.463024446    2
928    9    8    3    661.058281919    1
929    6    3    1    661.139442091    9
930    25    14    0    661.146434901    8
931    18    16    7    662.21145715    6
932    23    0    9    663.785860112    10
933    18    9    5    664.481301841    8
934    4    1    3    664.730272695    1
935    10    7    0    665.4878943    9
936    19    9    5    666.776542152    5
937    13    13    12    666.8496212    7
938    5    5    0    667.394015631    3
939    8    6    1    667.690751749    6
940    7    0    2    667.775965696    4
941    17    3    0    667.829949019    5
942    16    6    5    668.225787752    4
943    15    15    10    668.57458769    6
944    9    5    3    668.776283052    4
945    24    23    16    669.492520591    3
946    13    7    2    670.183971832    9
947    6    0    6    670.237989515    6
948    14    2    13    670.749041293    7
949    6    0    2    671.450755402    7
950    9    4    1    672.479090752    6
951    1    0    1    672.510727284    3
952    19    2    11    672.970391964    9
953    15    6    11    673.466709583    7
954    18    13    18    673.558382908    3
955    22    21    14    674.02575914    4
956    18    12    11    675.085874554    3
957    1    1    1    675.804969136    4
958    6    0    2    676.236761414    2
959    13    10    2    676.377974578    1
960    6    1    3    676.67094105    10
961    7    1    3    676.797676602    4
962    1    0    0    676.990904633    9
963    7    0    7    678.669637352    1
964    22    17    15    678.802212366    1
965    13    0    3    679.297095976    7
966    17    9    16    679.373763854    9
967    1    0    1    679.714725354    3
968    10    8    9    681.709109164    10
969    8    2    8    681.857518917    2
970    17    14    4    682.02856605    10
971    25    3    12    682.321880563    10
972    11    1    4    683.034532702    6
973    10    9    4    684.447844593    3
974    11    11    1    684.744859731    6
975    24    3    18    685.541787681    4
976    22    17    12    685.65485751    7
977    18    10    7    686.844921117    7
978    16    5    10    686.894455882    6
979    4    0    2    687.794766978    5
980    2    2    0    688.178033713    7
981    7    4    0    689.434070689    6
982    12    9    5    689.899360216    1
983    10    4    8    690.442409085    7
984    9    4    3    692.612010752    7
985    3    3    1    692.700369836    3
986    9    9    1    693.42562416    5
987    11    10    5    693.917659057    1
988    5    5    5    694.165478748    6
989    10    6    0    696.81558187    6
990    12    1    10    696.880895909    8
991    22    2    9    698.73358048    7
992    6    4    0    699.023181379    5
993    11    4    3    699.230993126    7
994    6    5    4    699.275308959    10
995    2    1    0    699.347221583    4
996    20    20    6    699.388192371    2
997    12    11    4    701.334851677    7
998    10    10    3    701.868480255    3
999    17    9    17    702.237310092    5
1000    8    1    1    702.237411705    8
1001    7    5    2    704.627416503    1
1002    20    13    13    705.034661184    3
1003    6    4    2    705.118091271    10
1004    13    13    3    705.375227483    9
1005    25    19    9    706.330139157    10
1006    9    6    2    706.509113044    8
1007    10    2    10    706.601349388    9
1008    4    2    3    707.664545967    6
1009    5    5    5    709.352966966    10
1010    13    6    4    709.733929354    6
1011    13    2    0    709.964774956    5
1012    20    14    20    710.580012102    2
1013    3    1    0    711.839726227    7
1014    25    3    9    712.854141998    6
1015    22    22    18    713.229927138    8
1016    18    7    6    714.48652248    1
1017    7    2    1    715.285574789    5
1018    19    17    7    715.428656369    8
1019    14    2    8    715.54618451    6
1020    2    1    1    716.030291994    10
1021    6    5    4    716.258710408    4
1022    22    6    0    716.514808438    2
1023    11    3    1    716.585096257    2
1024    3    0    2    717.001843606    7
1025    7    3    0    717.269311966    9
1026    11    0    1    717.35597803    3
1027    11    9    1    718.789399498    1
1028    25    24    5    719.340623401    4
1029    5    2    1    719.899592013    8
1030    11    1    9    721.099218006    7
1031    11    10    1    722.455777549    5
1032    18    12    14    722.928962255    3
1033    20    11    4    725.120100742    10
1034    19    8    7    725.558542854    8
1035    17    4    0    727.157221083    7
1036    24    12    15    728.237929589    9
1037    20    1    1    728.374376895    8
1038    8    2    3    730.430083634    6
1039    14    13    0    733.169748731    2
1040    7    2    1    733.523648245    5
1041    17    4    1    733.853547188    10
1042    19    1    1    734.20475444    1
1043    15    8    9    735.031443619    1
1044    21    7    2    736.504837853    10
1045    21    15    11    736.937357012    2
1046    12    9    12    737.974658256    6
1047    17    9    8    740.923516517    9
1048    15    12    6    742.655477283    9
1049    25    0    15    742.735740738    3
1050    2    0    0    743.860929552    8
1051    10    2    9    745.27970633    5
1052    7    6    1    747.537545917    4
1053    18    15    2    747.752792485    2
1054    12    6    12    748.492546292    9
1055    14    6    10    748.529471174    5
1056    3    2    2    748.622639077    5
1057    11    10    3    748.627772757    5
1058    6    5    0    748.688994216    10
1059    10    10    7    748.711288361    3
1060    8    1    2    751.075695262    10
1061    6    3    1    751.815977774    7
1062    9    9    2    751.924130928    3
1063    4    2    3    752.483796864    5
1064    12    7    9    752.506409669    3
1065    12    1    4    753.443199368    7
1066    11    4    1    754.385022211    10
1067    12    10    3    755.758698733    4
1068    19    18    5    756.103310335    9
1069    9    8    4    756.647792979    4
1070    4    1    1    757.507056281    7
1071    12    3    10    757.608464164    7
1072    3    3    0    758.211308213    3
1073    3    1    2    759.179588287    10
1074    1    1    1    759.81066643    10
1075    3    0    2    760.619036649    4
1076    12    10    11    760.744481794    3
1077    14    5    9    761.183156584    2
1078    19    4    9    761.702828849    8
1079    18    8    14    761.931730272    8
1080    14    0    6    762.337042056    7
1081    20    20    19    763.95825916    2
1082    23    2    0    764.390518578    6
1083    20    0    0    764.749056614    9
1084    1    0    0    764.844845114    1
1085    7    7    6    766.237449463    5
1086    17    4    10    768.082528553    9
1087    1    1    0    768.716558784    3
1088    15    0    15    769.209403014    7
1089    2    2    1    769.549880035    5
1090    20    6    3    770.187552278    4
1091    2    2    2    771.004337761    10
1092    4    1    0    771.10218097    9
1093    3    2    2    771.13903775    3
1094    24    20    1    771.188801725    6
1095    11    1    9    771.351639066    7
1096    7    3    5    771.913359959    8
1097    7    2    7    772.464320126    6
1098    16    1    2    773.19188833    4
1099    1    1    0    773.684933085    5
1100    17    8    0    773.693890116    3
1101    12    0    9    774.914845087    4
1102    24    15    9    775.344507018    9
1103    12    10    2    775.906327834    9
1104    1    1    0    777.128135152    6
1105    25    19    15    781.438809346    6
1106    22    21    0    781.690987141    1
1107    9    2    3    783.061771453    5
1108    3    0    3    783.713770027    1
1109    6    0    5    784.242638685    7
1110    8    3    4    784.37243897    6
1111    21    1    9    784.400428448    8
1112    12    11    7    784.963993484    5
1113    25    21    16    786.060492403    5
1114    7    4    7    787.77088418    4
1115    1    1    0    788.049012578    1
1116    16    5    10    789.3386595    7
1117    3    3    1    790.430254933    2
1118    7    5    3    791.374058266    1
1119    12    2    6    791.418835447    5
1120    14    1    10    791.847911694    2
1121    2    1    1    792.122522422    9
1122    4    1    1    792.336066501    5
1123    1    1    0    792.564021333    2
1124    24    17    3    794.626400193    1
1125    13    10    0    794.655813141    4
1126    18    17    4    797.065398831    10
1127    25    17    24    797.366919007    1
1128    8    6    0    797.530860205    10
1129    13    2    9    797.540306193    10
1130    8    7    4    798.286116003    10
1131    4    2    2    798.324119328    4
1132    17    3    8    798.639652119    10
1133    18    1    8    798.845012359    6
1134    24    4    20    799.23372171    6
1135    23    0    12    800.794272927    8
1136    10    8    0    801.479546491    5
1137    9    6    0    801.813373037    5
1138    15    14    15    802.394948377    2
1139    5    4    0    802.521686382    6
1140    13    7    7    802.745167299    1
1141    5    5    4    803.51823735    5
1142    19    3    17    804.551983854    6
1143    19    7    10    805.664997009    7
1144    2    2    2    806.893404059    10
1145    24    20    2    807.205133782    2
1146    21    4    20    807.265587669    2
1147    13    11    0    807.271878964    5
1148    12    1    8    807.90106855    4
1149    4    0    3    807.913259974    1
1150    8    6    2    808.924875014    3
1151    13    8    9    809.436018443    4
1152    16    8    10    809.692251053    7
1153    21    21    0    809.879445723    1
1154    2    1    2    810.162378808    10
1155    25    10    1    810.319299038    7
1156    23    2    6    811.822880781    8
1157    3    2    3    811.858557163    6
1158    2    0    2    812.181611409    1
1159    8    4    4    812.396824255    10
1160    4    4    3    813.124395315    2
1161    8    3    0    814.242554666    3
1162    15    11    10    814.604382158    1
1163    23    13    10    814.7502058    2
1164    13    6    11    816.782460569    1
1165    4    1    4    817.139159397    1
1166    12    10    5    817.600620242    3
1167    20    7    9    819.212165941    2
1168    5    1    1    819.902494946    10
1169    2    0    0    820.981478383    4
1170    21    12    19    822.023741418    1
1171    15    6    13    823.633653556    10
1172    25    22    25    826.062115393    1
1173    15    5    0    826.12651412    5
1174    15    4    14    826.495809174    4
1175    1    0    1    830.436093772    9
1176    19    9    11    830.888332178    8
1177    9    5    4    831.505407499    3
1178    17    10    11    831.767092124    2
1179    2    1    0    832.242716001    5
1180    17    12    4    832.413710623    1
1181    13    1    8    833.879962772    3
1182    14    13    11    833.913121493    6
1183    1    1    1    834.948539312    10
1184    16    9    9    835.229960655    2
1185    23    3    17    836.910115415    2
1186    12    10    3    839.05199763    1
1187    13    12    1    840.010265982    2
1188    3    3    0    840.651369731    2
1189    13    1    4    840.679975755    3
1190    15    5    5    841.84958698    3
1191    25    12    7    842.044481554    10
1192    23    14    8    842.177457221    3
1193    9    3    9    842.373676575    2
1194    24    8    20    843.23993747    9
1195    7    1    7    843.516959344    1
1196    25    22    8    848.532216969    4
1197    22    10    9    849.462096934    3
1198    3    3    2    850.752050131    2
1199    2    2    1    852.200230729    7
1200    20    10    20    852.719047178    9
1201    23    14    7    852.91649256    3
1202    20    13    4    853.881059412    3
1203    19    9    8    854.888822669    6
1204    10    10    10    855.130401464    8
1205    24    23    6    855.568807287    7
1206    24    18    10    855.856110879    10
1207    8    1    1    856.236347657    10
1208    10    6    3    857.286539771    2
1209    5    5    4    858.43046409    4
1210    9    4    0    859.00288067    8
1211    14    4    8    859.081216339    4
1212    6    3    5    859.081940064    2
1213    15    14    12    859.37117849    10
1214    23    9    0    859.919073359    7
1215    22    15    12    860.090855253    5
1216    2    0    0    860.478149769    8
1217    22    14    17    861.683085715    9
1218    20    15    9    862.7790598    6
1219    6    6    5    863.648442511    1
1220    14    0    6    863.788745449    5
1221    3    0    0    864.005950789    3
1222    23    16    22    865.447772037    6
1223    25    6    10    865.512343622    1
1224    8    3    0    865.63414699    8
1225    6    5    0    866.166361451    7
1226    14    1    13    866.30151098    10
1227    6    5    5    866.436281003    6
1228    11    1    0    867.152358725    8
1229    10    6    8    867.620469482    2
1230    14    0    14    867.721682273    1
1231    6    1    3    867.913353489    1
1232    6    6    6    869.023944484    8
1233    12    7    5    869.383870346    5
1234    6    4    6    870.105869026    5
1235    17    1    3    871.000665068    6
1236    1    1    1    871.252831016    7
1237    22    21    11    871.787314253    3
1238    1    1    1    871.933305912    7
1239    24    21    6    872.158685713    10
1240    10    4    0    872.808282467    5
1241    14    4    1    873.133425138    3
1242    25    6    8    873.438155566    1
1243    3    1    2    875.457522612    4
1244    19    18    13    875.509797667    9
1245    4    3    0    878.456324612    3
1246    10    7    0    878.837488568    6
1247    17    16    4    879.640829704    9
1248    25    1    6    881.230907008    2
1249    19    17    9    882.440778843    4
1250    18    7    7    883.60123575    2
1251    25    7    2    884.104621099    10
1252    22    16    8    884.198335885    5
1253    2    2    0    885.998207055    8
1254    1    1    0    886.447679843    5
1255    10    5    0    886.701023148    7
1256    11    8    9    888.854286725    5
1257    15    10    11    888.950291812    4
1258    9    2    4    889.32359446    1
1259    2    2    1    889.609235399    7
1260    24    11    8    890.460015914    1
1261    3    0    2    891.219692276    6
1262    5    1    3    891.599738015    1
1263    5    2    3    891.700632128    3
1264    14    7    3    891.834156645    10
1265    13    11    5    892.644023488    8
1266    21    10    8    894.402755947    6
1267    3    1    1    894.927068729    5
1268    5    3    1    895.458088114    10
1269    10    0    0    896.634860763    3
1270    9    4    4    897.175100413    2
1271    1    0    0    897.395566548    7
1272    8    1    7    897.864802114    3
1273    17    1    11    898.341360575    1
1274    9    7    8    900.065462633    3
1275    8    7    5    900.100257019    2
1276    1    0    0    901.735776102    1
1277    9    0    0    901.985288907    1
1278    19    14    19    902.818817298    10
1279    15    12    4    903.556155234    3
1280    1    1    0    904.152211122    1
1281    18    2    6    905.65639163    6
1282    20    3    16    906.649155841    7
1283    15    14    0    907.682462881    7
1284    14    10    8    907.820629267    2
1285    22    9    13    907.939626822    10
1286    3    3    1    909.264462064    7
1287    3    0    2    909.622919372    3
1288    7    0    6    910.54536697    7
1289    16    11    6    910.571457316    5
1290    3    3    0    913.476738146    7
1291    2    0    2    914.733583149    3
1292    24    5    22    914.751618448    7
1293    5    0    1    915.051931843    1
1294    5    1    1    915.280508481    6
1295    3    1    2    915.576426673    9
1296    21    20    18    915.746647688    3
1297    12    10    8    915.862433344    8
1298    14    14    0    916.41135102    3
1299    19    14    17    916.90664056    2
1300    11    0    0    917.119899164    5
1301    3    2    2    917.824306622    7
1302    18    2    18    918.846209894    4
1303    22    2    6    920.025181647    5
1304    6    5    6    920.334846433    7
1305    20    5    11    920.569053097    9
1306    25    6    11    921.557560942    9
1307    6    6    3    921.595550463    4
1308    4    2    3    922.772149946    3
1309    16    13    6    922.8137636    5
1310    4    3    1    923.238031108    10
1311    15    1    5    923.267048877    7
1312    9    8    8    925.105626834    7
1313    14    0    5    926.669373393    1
1314    20    1    9    927.512547833    3
1315    13    5    0    927.536762515    3
1316    24    18    12    928.632108162    1
1317    9    0    2    928.980835385    10
1318    1    0    0    930.126361597    10
1319    16    14    4    931.60356601    4
1320    11    7    4    932.518723727    3
1321    14    14    5    932.63651975    6
1322    9    6    0    932.702020847    6
1323    3    3    0    935.476543807    10
1324    6    1    4    936.904611323    7
1325    7    7    7    937.070703547    6
1326    22    12    18    938.452788569    6
1327    22    4    11    939.585369048    8
1328    18    15    8    942.132340331    8
1329    22    19    10    942.417213017    7
1330    17    2    9    944.268833815    10
1331    13    10    3    944.809925321    3
1332    24    4    9    945.313404154    4
1333    25    19    14    945.442794123    2
1334    24    11    8    945.990570585    4
1335    6    3    5    946.451708859    6
1336    17    2    16    946.898634181    5
1337    23    14    8    949.473334341    1
1338    8    6    0    951.439377955    2
1339    14    12    9    951.49002188    1
1340    17    11    4    954.080470638    8
1341    5    4    2    954.299367322    9
1342    24    20    15    955.16092594    2
1343    8    6    7    956.848916525    3
1344    13    8    6    957.117976417    8
1345    16    8    0    957.827679347    6
1346    14    5    2    959.381878467    8
1347    21    6    11    959.544699575    1
1348    13    7    5    960.013602726    2
1349    24    1    1    960.102253631    1
1350    10    0    4    961.228387217    10
1351    18    15    13    961.959262005    1
1352    1    0    0    962.710753854    5
1353    10    0    3    963.720624712    6
1354    16    1    1    964.128737086    9
1355    23    6    7    964.165336994    2
1356    24    15    14    964.557687179    7
1357    11    8    8    964.673794987    7
1358    23    16    16    965.990642937    8
1359    18    18    8    966.899193487    3
1360    14    6    2    967.371258082    1
1361    21    9    9    967.663138803    1
1362    7    1    7    967.926349091    2
1363    2    0    0    968.234880321    10
1364    19    8    11    969.997832069    10
1365    1    1    0    970.201858659    6
1366    9    1    5    970.725604055    2
1367    9    1    5    971.419029804    10
1368    25    3    12    972.994775443    2
1369    16    6    14    973.391487367    3
1370    6    3    4    974.170349331    1
1371    8    6    1    975.087631235    5
1372    1    0    0    975.956452943    9
1373    4    0    3    977.335230757    2
1374    25    11    15    977.731764983    5
1375    23    9    21    982.906271603    7
1376    5    2    4    984.999565321    8
1377    19    15    5    985.771214566    6
1378    11    8    5    985.828878549    2
1379    5    0    0    987.108758911    9
1380    10    8    1    987.656510487    10
1381    24    17    3    988.671341495    7
1382    14    10    5    990.237311491    2
1383    15    13    7    990.67332365    6
1384    24    13    1    992.298963076    4
1385    9    3    5    992.709242758    4
1386    1    0    1    992.827103499    6
1387    8    0    7    993.685010473    8
1388    16    9    4    994.021187046    10
1389    16    8    1    994.143457974    9
1390    3    2    1    995.174664877    9
1391    17    9    11    995.792349803    6
1392    14    13    12    997.282234203    2
1393    16    2    9    997.450384862    10
1394    11    0    6    997.958387835    6
1395    9    2    6    998.287917593    2
1396    12    7    10    999.019673215    2
1397    11    8    8    999.207144863    5
1398    7    2    0    999.381403045    9
1399    3    3    3    999.600914481    9
1400    6    6    2    999.912398206    6
