;job_number  cpu#  ssd#  gpu#  submit  runtime
1    5    0    5    0.978154268505    8
2    9    6    9    6.06756968791    8
3    18    8    16    9.14378548267    5
4    6    5    6    10.1426005472    8
5    8    3    3    11.7185612378    5
6    20    7    8    19.4063785008    9
7    22    3    21    20.5063864239    6
8    19    0    9    23.0880859661    10
9    17    13    9    28.42520977    8
10    23    20    4    32.9442726851    4
11    21    4    16    37.222862954    5
12    7    0    1    37.2344622178    2
13    1    1    0    42.0524369743    5
14    13    8    6    45.8097828938    1
15    5    4    1    57.9415901815    4
16    2    2    2    58.7320478896    4
17    3    0    3    64.0373357333    6
18    25    23    5    65.7218036885    3
19    12    3    12    66.1775089971    6
20    14    12    8    67.1559069481    9
21    25    5    13    75.4453920515    8
22    14    3    0    83.9543121734    1
23    3    2    2    88.9326422642    4
24    7    6    4    91.0164499293    7
25    22    8    13    91.7138045315    3
26    23    22    6    91.9805483852    2
27    12    10    10    94.3755581968    3
28    21    15    5    99.9421186734    4
29    17    2    7    104.387950856    10
30    1    1    0    110.209307644    7
31    23    5    16    123.116703286    7
32    23    10    12    126.146623843    4
33    23    19    7    127.802484682    1
34    5    5    1    130.472948156    5
35    18    15    9    131.596078994    5
36    12    3    1    137.554340333    10
37    13    9    11    141.803362966    4
38    6    0    1    144.168160119    7
39    18    15    16    144.898442737    4
40    20    14    10    152.164525233    8
41    15    4    10    157.333382629    10
42    14    9    1    159.282986353    8
43    12    7    6    160.759418593    3
44    18    14    3    161.48475701    9
45    15    15    2    164.866803637    4
46    4    3    2    168.588044766    5
47    1    0    0    172.981350915    7
48    17    16    15    176.237207776    7
49    4    2    4    177.740675536    7
50    13    5    12    182.92024997    7
51    25    12    9    184.13409809    4
52    4    4    0    190.678568781    6
53    12    1    7    195.292314177    5
54    18    6    0    204.338112426    5
55    21    17    12    221.78584842    8
56    13    12    0    224.146116557    7
57    17    12    2    225.004525839    5
58    16    2    13    236.356084603    4
59    8    8    6    238.007038013    7
60    11    6    5    251.706100067    6
61    16    15    4    254.111525776    1
62    7    0    5    257.94857224    9
63    25    14    6    263.77790547    10
64    3    1    1    265.637309641    10
65    3    2    0    272.493964226    7
66    10    6    6    272.86880241    10
67    15    6    14    275.886159142    9
68    6    6    5    280.512244862    4
69    24    8    10    280.731650739    7
70    6    6    0    285.030202489    5
71    13    1    9    294.476725984    3
72    5    5    4    295.478173886    5
73    5    4    1    298.798707725    4
74    9    3    4    313.224893834    1
75    6    5    4    313.333509641    6
76    11    6    9    314.554034653    1
77    9    3    4    315.687611158    5
78    12    1    11    321.619147025    4
79    15    12    15    325.300931946    5
80    3    0    1    330.07749351    8
81    7    0    7    335.908155675    9
82    24    3    10    339.598554685    2
83    10    8    8    340.635301446    10
84    9    0    2    341.901067259    9
85    12    7    3    348.867949036    7
86    10    3    1    354.379993378    8
87    4    0    3    356.60547216    4
88    10    10    9    357.291372798    7
89    6    0    6    373.368495789    2
90    6    1    5    375.681388364    7
91    23    3    9    387.336681437    7
92    17    11    16    390.741162452    4
93    6    6    4    391.21503444    3
94    14    4    6    401.895859414    10
95    5    3    4    402.036409669    1
96    18    17    14    413.526743094    9
97    7    4    1    414.570101695    6
98    23    14    7    415.814277995    6
99    2    2    2    421.807530362    5
100    16    16    11    427.368292043    1
101    8    2    0    429.179369667    8
102    22    17    3    430.733915198    4
103    4    4    3    431.155701177    5
104    25    17    13    431.588551519    2
105    9    8    9    436.258043828    10
106    12    4    0    437.191027743    6
107    1    1    0    446.673143714    3
108    6    2    2    454.850911909    6
109    15    5    0    458.293493767    10
110    12    2    10    459.381787864    8
111    21    20    15    462.11452477    8
112    19    7    19    477.985797201    4
113    7    6    5    495.965901709    1
114    22    18    15    523.23927212    8
115    20    9    6    523.686317702    4
116    9    4    9    524.351734855    4
117    12    0    8    526.947034738    7
118    24    8    6    528.668714843    9
119    7    5    0    536.157522432    1
120    5    2    3    541.78033705    5
121    1    0    0    554.529268904    9
122    2    0    2    563.689287485    4
123    12    9    2    568.378955233    2
124    24    18    22    569.927243279    7
125    4    4    4    576.0247893    4
126    13    0    1    593.904757801    4
127    17    7    1    599.804437763    7
128    6    0    0    603.411886312    9
129    16    4    3    604.624636945    9
130    18    11    16    628.126468385    6
131    12    0    3    636.368304988    5
132    2    1    1    636.534467627    9
133    2    1    2    641.9535946    5
134    22    14    18    647.475501232    5
135    24    19    0    649.343773594    10
136    10    0    7    652.106400021    7
137    17    2    6    652.473206147    7
138    9    0    6    653.990040404    2
139    24    10    6    655.998314124    2
140    6    3    1    661.139442091    9
141    18    16    7    662.21145715    6
142    7    0    2    667.775965696    4
143    6    0    6    670.237989515    6
144    14    2    13    670.749041293    7
145    9    4    1    672.479090752    6
146    1    0    1    672.510727284    3
147    19    2    11    672.970391964    9
148    13    10    2    676.377974578    1
149    25    3    12    682.321880563    10
150    11    1    4    683.034532702    6
151    10    9    4    684.447844593    3
152    7    4    0    689.434070689    6
153    22    2    9    698.73358048    7
154    7    5    2    704.627416503    1
155    20    13    13    705.034661184    3
156    9    6    2    706.509113044    8
157    13    6    4    709.733929354    6
158    18    7    6    714.48652248    1
159    19    17    7    715.428656369    8
160    18    12    14    722.928962255    3
161    20    11    4    725.120100742    10
162    7    2    1    733.523648245    5
163    19    1    1    734.20475444    1
164    12    7    9    752.506409669    3
165    23    2    0    764.390518578    6
166    12    10    2    775.906327834    9
167    3    0    3    783.713770027    1
168    6    0    5    784.242638685    7
169    3    3    1    790.430254933    2
170    13    2    9    797.540306193    10
171    23    0    12    800.794272927    8
172    10    8    0    801.479546491    5
173    5    4    0    802.521686382    6
174    15    6    13    823.633653556    10
175    2    2    1    852.200230729    7
176    20    10    20    852.719047178    9
177    10    6    3    857.286539771    2
178    14    0    14    867.721682273    1
179    3    1    2    875.457522612    4
180    10    7    0    878.837488568    6
181    2    2    1    889.609235399    7
182    24    11    8    890.460015914    1
183    3    1    1    894.927068729    5
184    17    1    11    898.341360575    1
185    15    14    0    907.682462881    7
186    3    3    1    909.264462064    7
187    16    11    6    910.571457316    5
188    5    1    1    915.280508481    6
189    9    8    8    925.105626834    7
190    16    14    4    931.60356601    4
191    22    19    10    942.417213017    7
192    17    2    9    944.268833815    10
193    24    4    9    945.313404154    4
194    6    3    5    946.451708859    6
195    23    6    7    964.165336994    2
196    14    6    2    967.371258082    1
197    6    3    4    974.170349331    1
198    25    11    15    977.731764983    5
199    5    2    4    984.999565321    8
200    1    0    1    992.827103499    6
