#timestep  occupied  total  utilization
1    64    400    0.16
2    64    400    0.16
3    0    400    0.0
4    0    400    0.0
5    0    400    0.0
6    0    400    0.0
7    0    400    0.0
8    0    400    0.0
9    0    400    0.0
10    0    400    0.0
11    0    400    0.0
12    0    400    0.0
13    0    400    0.0
14    0    400    0.0
15    0    400    0.0
16    0    400    0.0
17    0    400    0.0
18    0    400    0.0
19    128    400    0.32
20    128    400    0.32
21    128    400    0.32
22    128    400    0.32
23    0    400    0.0
24    0    400    0.0
25    0    400    0.0
26    0    400    0.0
27    256    400    0.64
28    256    400    0.64
29    256    400    0.64
30    223    400    0.5575
31    192    400    0.48
32    129    400    0.3225
33    129    400    0.3225
34    17    400    0.0425
35    224    400    0.56
36    128    400    0.32
37    128    400    0.32
38    0    400    0.0
39    0    400    0.0
40    224    400    0.56
41    351    400    0.8775
42    351    400    0.8775
43    319    400    0.7975
44    222    400    0.555
45    160    400    0.4
46    352    400    0.88
47    320    400    0.8
48    192    400    0.48
49    254    400    0.635
50    224    400    0.56
51    224    400    0.56
52    284    400    0.71
53    320    400    0.8
54    320    400    0.8
55    352    400    0.88
56    381    400    0.9525
57    364    400    0.91
58    65    400    0.1625
59    33    400    0.0825
60    379    400    0.9475
61    267    400    0.6675
62    236    400    0.59
63    334    400    0.835
64    349    400    0.8725
65    318    400    0.795
66    336    400    0.84
67    320    400    0.8
68    320    400    0.8
69    368    400    0.92
70    363    400    0.9075
71    333    400    0.8325
72    336    400    0.84
73    336    400    0.84
74    398    400    0.995
75    190    400    0.475
76    158    400    0.395
77    64    400    0.16
78    224    400    0.56
79    193    400    0.4825
80    226    400    0.565
81    352    400    0.88
82    320    400    0.8
83    272    400    0.68
84    160    400    0.4
85    160    400    0.4
86    257    400    0.6425
87    144    400    0.36
88    304    400    0.76
89    304    400    0.76
90    384    400    0.96
91    352    400    0.88
92    336    400    0.84
93    336    400    0.84
94    256    400    0.64
95    256    400    0.64
96    256    400    0.64
97    353    400    0.8825
98    337    400    0.8425
99    320    400    0.8
100    288    400    0.72
101    272    400    0.68
102    353    400    0.8825
103    336    400    0.84
104    208    400    0.52
105    160    400    0.4
106    224    400    0.56
107    224    400    0.56
108    192    400    0.48
109    208    400    0.52
110    160    400    0.4
111    112    400    0.28
112    112    400    0.28
113    240    400    0.6
114    256    400    0.64
115    240    400    0.6
116    319    400    0.7975
117    279    400    0.6975
118    387    400    0.9675
119    369    400    0.9225
120    370    400    0.925
121    272    400    0.68
122    336    400    0.84
123    288    400    0.72
124    320    400    0.8
125    384    400    0.96
126    385    400    0.9625
127    289    400    0.7225
128    224    400    0.56
129    392    400    0.98
130    352    400    0.88
131    224    400    0.56
132    224    400    0.56
133    192    400    0.48
134    384    400    0.96
135    384    400    0.96
136    384    400    0.96
137    352    400    0.88
138    384    400    0.96
139    384    400    0.96
140    400    400    1.0
141    336    400    0.84
142    272    400    0.68
143    272    400    0.68
144    336    400    0.84
145    336    400    0.84
146    358    400    0.895
147    316    400    0.79
148    314    400    0.785
149    346    400    0.865
150    346    400    0.865
151    378    400    0.945
152    378    400    0.945
153    394    400    0.985
154    314    400    0.785
155    330    400    0.825
156    330    400    0.825
157    298    400    0.745
158    298    400    0.745
159    218    400    0.545
160    202    400    0.505
161    202    400    0.505
162    202    400    0.505
163    202    400    0.505
164    202    400    0.505
165    202    400    0.505
166    202    400    0.505
167    202    400    0.505
168    202    400    0.505
169    202    400    0.505
170    202    400    0.505
171    202    400    0.505
172    202    400    0.505
173    202    400    0.505
174    202    400    0.505
175    202    400    0.505
176    202    400    0.505
177    202    400    0.505
178    192    400    0.48
179    192    400    0.48
180    352    400    0.88
181    384    400    0.96
182    384    400    0.96
183    400    400    1.0
184    353    400    0.8825
185    289    400    0.7225
186    273    400    0.6825
187    385    400    0.9625
188    386    400    0.965
189    385    400    0.9625
190    257    400    0.6425
191    257    400    0.6425
192    320    400    0.8
193    320    400    0.8
194    320    400    0.8
195    400    400    1.0
196    368    400    0.92
197    368    400    0.92
198    368    400    0.92
199    258    400    0.645
200    305    400    0.7625
201    304    400    0.76
202    336    400    0.84
203    320    400    0.8
204    320    400    0.8
205    368    400    0.92
206    368    400    0.92
207    368    400    0.92
208    336    400    0.84
209    272    400    0.68
210    272    400    0.68
211    256    400    0.64
212    384    400    0.96
213    384    400    0.96
214    385    400    0.9625
215    385    400    0.9625
216    273    400    0.6825
217    385    400    0.9625
218    353    400    0.8825
219    321    400    0.8025
220    257    400    0.6425
221    256    400    0.64
222    256    400    0.64
223    256    400    0.64
224    256    400    0.64
225    192    400    0.48
226    272    400    0.68
227    272    400    0.68
228    368    400    0.92
229    336    400    0.84
230    336    400    0.84
231    312    400    0.78
232    232    400    0.58
233    264    400    0.66
234    344    400    0.86
235    312    400    0.78
236    282    400    0.705
237    258    400    0.645
238    258    400    0.645
239    258    400    0.645
240    258    400    0.645
241    258    400    0.645
242    273    400    0.6825
243    369    400    0.9225
244    352    400    0.88
245    352    400    0.88
246    256    400    0.64
247    294    400    0.735
248    368    400    0.92
249    273    400    0.6825
250    273    400    0.6825
251    241    400    0.6025
252    321    400    0.8025
253    321    400    0.8025
254    321    400    0.8025
255    321    400    0.8025
256    257    400    0.6425
257    370    400    0.925
258    224    400    0.56
259    226    400    0.565
260    320    400    0.8
261    320    400    0.8
262    320    400    0.8
263    320    400    0.8
264    384    400    0.96
265    384    400    0.96
266    288    400    0.72
267    224    400    0.56
268    224    400    0.56
269    272    400    0.68
270    370    400    0.925
271    337    400    0.8425
272    305    400    0.7625
273    321    400    0.8025
274    336    400    0.84
275    336    400    0.84
276    304    400    0.76
277    304    400    0.76
278    208    400    0.52
279    144    400    0.36
280    192    400    0.48
281    176    400    0.44
282    176    400    0.44
283    272    400    0.68
284    256    400    0.64
285    256    400    0.64
286    384    400    0.96
287    320    400    0.8
288    320    400    0.8
289    354    400    0.885
290    353    400    0.8825
291    321    400    0.8025
292    385    400    0.9625
293    385    400    0.9625
294    384    400    0.96
295    400    400    1.0
296    385    400    0.9625
297    337    400    0.8425
298    305    400    0.7625
299    209    400    0.5225
300    321    400    0.8025
301    321    400    0.8025
302    321    400    0.8025
303    257    400    0.6425
304    193    400    0.4825
305    193    400    0.4825
306    353    400    0.8825
307    306    400    0.765
308    305    400    0.7625
309    290    400    0.725
310    321    400    0.8025
311    321    400    0.8025
312    305    400    0.7625
313    321    400    0.8025
314    321    400    0.8025
315    368    400    0.92
316    279    400    0.6975
317    211    400    0.5275
318    145    400    0.3625
319    338    400    0.845
320    304    400    0.76
321    304    400    0.76
322    336    400    0.84
323    272    400    0.68
324    337    400    0.8425
325    288    400    0.72
326    256    400    0.64
327    288    400    0.72
328    272    400    0.68
329    272    400    0.68
330    336    400    0.84
331    272    400    0.68
332    288    400    0.72
333    280    400    0.7
334    240    400    0.6
335    176    400    0.44
336    208    400    0.52
337    144    400    0.36
338    265    400    0.6625
339    256    400    0.64
340    320    400    0.8
341    320    400    0.8
342    384    400    0.96
343    384    400    0.96
344    384    400    0.96
345    384    400    0.96
346    360    400    0.9
347    273    400    0.6825
348    288    400    0.72
349    224    400    0.56
350    192    400    0.48
351    192    400    0.48
352    192    400    0.48
353    256    400    0.64
354    256    400    0.64
355    336    400    0.84
356    320    400    0.8
357    288    400    0.72
358    288    400    0.72
359    273    400    0.6825
360    385    400    0.9625
361    273    400    0.6825
362    272    400    0.68
363    160    400    0.4
364    224    400    0.56
365    256    400    0.64
366    320    400    0.8
367    320    400    0.8
368    384    400    0.96
369    384    400    0.96
370    369    400    0.9225
371    320    400    0.8
372    385    400    0.9625
373    240    400    0.6
374    208    400    0.52
375    160    400    0.4
376    160    400    0.4
377    256    400    0.64
378    256    400    0.64
379    256    400    0.64
380    336    400    0.84
381    336    400    0.84
382    384    400    0.96
383    384    400    0.96
384    288    400    0.72
385    224    400    0.56
386    192    400    0.48
387    256    400    0.64
388    256    400    0.64
389    256    400    0.64
390    256    400    0.64
391    352    400    0.88
392    352    400    0.88
393    352    400    0.88
394    368    400    0.92
395    354    400    0.885
396    336    400    0.84
397    336    400    0.84
398    320    400    0.8
399    352    400    0.88
400    352    400    0.88
401    352    400    0.88
402    337    400    0.8425
403    305    400    0.7625
404    369    400    0.9225
405    336    400    0.84
406    384    400    0.96
407    184    400    0.46
408    256    400    0.64
409    168    400    0.42
410    160    400    0.4
411    144    400    0.36
412    144    400    0.36
413    336    400    0.84
414    364    400    0.91
415    352    400    0.88
416    384    400    0.96
417    320    400    0.8
418    192    400    0.48
419    192    400    0.48
420    192    400    0.48
421    376    400    0.94
422    376    400    0.94
423    280    400    0.7
424    289    400    0.7225
425    224    400    0.56
426    144    400    0.36
427    80    400    0.2
428    292    400    0.73
429    292    400    0.73
430    276    400    0.69
431    256    400    0.64
432    315    400    0.7875
433    312    400    0.78
434    312    400    0.78
435    340    400    0.85
436    356    400    0.89
437    340    400    0.85
438    384    400    0.96
439    384    400    0.96
440    256    400    0.64
441    377    400    0.9425
442    376    400    0.94
443    313    400    0.7825
444    304    400    0.76
445    128    400    0.32
446    336    400    0.84
447    320    400    0.8
448    320    400    0.8
449    384    400    0.96
450    392    400    0.98
451    313    400    0.7825
452    224    400    0.56
453    312    400    0.78
454    248    400    0.62
455    349    400    0.8725
456    300    400    0.75
457    256    400    0.64
458    378    400    0.945
459    378    400    0.945
460    254    400    0.635
461    365    400    0.9125
462    253    400    0.6325
463    337    400    0.8425
464    320    400    0.8
465    320    400    0.8
466    320    400    0.8
467    320    400    0.8
468    240    400    0.6
469    236    400    0.59
470    245    400    0.6125
471    209    400    0.5225
472    265    400    0.6625
473    201    400    0.5025
474    89    400    0.2225
475    310    400    0.775
476    335    400    0.8375
477    274    400    0.685
478    274    400    0.685
479    300    400    0.75
480    345    400    0.8625
481    274    400    0.685
482    329    400    0.8225
483    277    400    0.6925
484    261    400    0.6525
485    261    400    0.6525
486    197    400    0.4925
487    133    400    0.3325
488    325    400    0.8125
489    325    400    0.8125
490    325    400    0.8125
491    197    400    0.4925
492    105    400    0.2625
493    193    400    0.4825
494    193    400    0.4825
495    313    400    0.7825
496    313    400    0.7825
497    282    400    0.705
498    225    400    0.5625
499    240    400    0.6
500    280    400    0.7
501    328    400    0.82
502    328    400    0.82
503    320    400    0.8
504    384    400    0.96
505    392    400    0.98
506    384    400    0.96
507    373    400    0.9325
508    241    400    0.6025
509    297    400    0.7425
510    257    400    0.6425
511    193    400    0.4825
512    337    400    0.8425
513    337    400    0.8425
514    241    400    0.6025
515    304    400    0.76
516    304    400    0.76
517    352    400    0.88
518    320    400    0.8
519    296    400    0.74
520    353    400    0.8825
521    368    400    0.92
522    157    400    0.3925
523    261    400    0.6525
524    321    400    0.8025
525    321    400    0.8025
526    353    400    0.8825
527    257    400    0.6425
528    338    400    0.845
529    256    400    0.64
530    373    400    0.9325
531    309    400    0.7725
532    276    400    0.69
533    358    400    0.895
534    340    400    0.85
535    340    400    0.85
536    288    400    0.72
537    328    400    0.82
538    360    400    0.9
539    260    400    0.65
540    214    400    0.535
541    310    400    0.775
542    162    400    0.405
543    314    400    0.785
544    258    400    0.645
545    230    400    0.575
546    130    400    0.325
547    130    400    0.325
548    129    400    0.3225
549    338    400    0.845
550    224    400    0.56
551    197    400    0.4925
552    360    400    0.9
553    368    400    0.92
554    228    400    0.57
555    116    400    0.29
556    292    400    0.73
557    320    400    0.8
558    320    400    0.8
559    320    400    0.8
560    336    400    0.84
561    325    400    0.8125
562    204    400    0.51
563    165    400    0.4125
564    222    400    0.555
565    189    400    0.4725
566    217    400    0.5425
567    133    400    0.3325
568    133    400    0.3325
569    129    400    0.3225
570    129    400    0.3225
571    257    400    0.6425
572    322    400    0.805
573    343    400    0.8575
574    322    400    0.805
575    97    400    0.2425
576    353    400    0.8825
577    257    400    0.6425
578    160    400    0.4
579    192    400    0.48
580    288    400    0.72
581    256    400    0.64
582    256    400    0.64
583    256    400    0.64
584    328    400    0.82
585    200    400    0.5
586    160    400    0.4
587    360    400    0.9
588    384    400    0.96
589    384    400    0.96
590    400    400    1.0
591    312    400    0.78
592    208    400    0.52
593    281    400    0.7025
594    193    400    0.4825
595    257    400    0.6425
596    270    400    0.675
597    360    400    0.9
598    344    400    0.86
599    349    400    0.8725
600    297    400    0.7425
601    296    400    0.74
602    180    400    0.45
603    392    400    0.98
604    340    400    0.85
605    356    400    0.89
606    144    400    0.36
607    385    400    0.9625
608    385    400    0.9625
609    264    400    0.66
610    208    400    0.52
611    288    400    0.72
612    288    400    0.72
613    288    400    0.72
614    344    400    0.86
615    312    400    0.78
616    370    400    0.925
617    206    400    0.515
618    173    400    0.4325
619    85    400    0.2125
620    144    400    0.36
621    144    400    0.36
622    144    400    0.36
623    388    400    0.97
624    381    400    0.9525
625    349    400    0.8725
626    356    400    0.89
627    188    400    0.47
628    352    400    0.88
629    362    400    0.905
630    313    400    0.7825
631    232    400    0.58
632    296    400    0.74
633    384    400    0.96
634    354    400    0.885
635    400    400    1.0
636    293    400    0.7325
637    216    400    0.54
638    392    400    0.98
639    396    400    0.99
640    396    400    0.99
641    352    400    0.88
642    384    400    0.96
643    338    400    0.845
644    304    400    0.76
645    314    400    0.785
646    307    400    0.7675
647    288    400    0.72
648    356    400    0.89
649    328    400    0.82
650    264    400    0.66
651    320    400    0.8
652    319    400    0.7975
653    355    400    0.8875
654    361    400    0.9025
655    305    400    0.7625
656    352    400    0.88
657    320    400    0.8
658    320    400    0.8
659    362    400    0.905
660    272    400    0.68
661    352    400    0.88
662    348    400    0.87
663    368    400    0.92
664    380    400    0.95
665    336    400    0.84
666    366    400    0.915
667    374    400    0.935
668    350    400    0.875
669    110    400    0.275
670    162    400    0.405
671    282    400    0.705
672    282    400    0.705
673    282    400    0.705
674    282    400    0.705
675    346    400    0.865
676    366    400    0.915
677    326    400    0.815
678    348    400    0.87
679    315    400    0.7875
680    326    400    0.815
681    262    400    0.655
682    314    400    0.785
683    362    400    0.905
684    300    400    0.75
685    364    400    0.91
686    384    400    0.96
687    252    400    0.63
688    296    400    0.74
689    321    400    0.8025
690    325    400    0.8125
691    361    400    0.9025
692    272    400    0.68
693    232    400    0.58
694    88    400    0.22
695    352    400    0.88
696    352    400    0.88
697    272    400    0.68
698    256    400    0.64
699    192    400    0.48
700    388    400    0.97
701    372    400    0.93
702    312    400    0.78
703    372    400    0.93
704    348    400    0.87
705    340    400    0.85
706    362    400    0.905
707    224    400    0.56
708    384    400    0.96
709    320    400    0.8
710    224    400    0.56
711    368    400    0.92
712    144    400    0.36
713    72    400    0.18
714    321    400    0.8025
715    373    400    0.9325
716    365    400    0.9125
717    325    400    0.8125
718    337    400    0.8425
719    277    400    0.6925
720    336    400    0.84
721    325    400    0.8125
722    285    400    0.7125
723    377    400    0.9425
724    324    400    0.81
725    140    400    0.35
726    392    400    0.98
727    360    400    0.9
728    368    400    0.92
729    368    400    0.92
730    280    400    0.7
731    276    400    0.69
732    369    400    0.9225
733    345    400    0.8625
734    297    400    0.7425
735    381    400    0.9525
736    371    400    0.9275
737    353    400    0.8825
738    352    400    0.88
739    364    400    0.91
740    256    400    0.64
741    346    400    0.865
742    322    400    0.805
743    330    400    0.825
744    350    400    0.875
745    222    400    0.555
746    323    400    0.8075
747    383    400    0.9575
748    339    400    0.8475
749    231    400    0.5775
750    365    400    0.9125
751    377    400    0.9425
752    361    400    0.9025
753    308    400    0.77
754    308    400    0.77
755    160    400    0.4
756    304    400    0.76
757    184    400    0.46
758    252    400    0.63
759    336    400    0.84
760    336    400    0.84
761    384    400    0.96
762    376    400    0.94
763    376    400    0.94
764    384    400    0.96
765    400    400    1.0
766    337    400    0.8425
767    324    400    0.81
768    344    400    0.86
769    336    400    0.84
770    336    400    0.84
771    386    400    0.965
772    380    400    0.95
773    348    400    0.87
774    380    400    0.95
775    376    400    0.94
776    385    400    0.9625
777    372    400    0.93
778    373    400    0.9325
779    285    400    0.7125
780    269    400    0.6725
781    253    400    0.6325
782    281    400    0.7025
783    241    400    0.6025
784    376    400    0.94
785    276    400    0.69
786    284    400    0.71
787    168    400    0.42
788    144    400    0.36
789    320    400    0.8
790    328    400    0.82
791    328    400    0.82
792    328    400    0.82
793    344    400    0.86
794    328    400    0.82
795    324    400    0.81
796    320    400    0.8
797    320    400    0.8
798    320    400    0.8
799    364    400    0.91
800    316    400    0.79
801    176    400    0.44
802    225    400    0.5625
803    281    400    0.7025
804    352    400    0.88
805    328    400    0.82
806    265    400    0.6625
807    256    400    0.64
808    264    400    0.66
809    256    400    0.64
810    256    400    0.64
811    256    400    0.64
812    256    400    0.64
813    368    400    0.92
814    368    400    0.92
815    360    400    0.9
816    380    400    0.95
817    356    400    0.89
818    356    400    0.89
819    384    400    0.96
820    384    400    0.96
821    304    400    0.76
822    304    400    0.76
823    340    400    0.85
824    292    400    0.73
825    272    400    0.68
826    320    400    0.8
827    320    400    0.8
828    320    400    0.8
829    320    400    0.8
830    256    400    0.64
831    256    400    0.64
832    320    400    0.8
833    320    400    0.8
834    320    400    0.8
835    320    400    0.8
836    320    400    0.8
837    256    400    0.64
838    128    400    0.32
839    308    400    0.77
840    320    400    0.8
841    228    400    0.57
842    281    400    0.7025
843    327    400    0.8175
844    257    400    0.6425
845    224    400    0.56
846    393    400    0.9825
847    376    400    0.94
848    360    400    0.9
849    348    400    0.87
850    384    400    0.96
851    308    400    0.77
852    288    400    0.72
853    240    400    0.6
854    320    400    0.8
855    393    400    0.9825
856    332    400    0.83
857    272    400    0.68
858    384    400    0.96
859    369    400    0.9225
860    224    400    0.56
861    272    400    0.68
862    268    400    0.67
863    264    400    0.66
864    248    400    0.62
865    212    400    0.53
866    280    400    0.7
867    228    400    0.57
868    338    400    0.845
869    269    400    0.6725
870    325    400    0.8125
871    321    400    0.8025
872    321    400    0.8025
873    353    400    0.8825
874    342    400    0.855
875    327    400    0.8175
876    308    400    0.77
877    248    400    0.62
878    277    400    0.6925
879    360    400    0.9
880    360    400    0.9
881    248    400    0.62
882    260    400    0.65
883    288    400    0.72
884    284    400    0.71
885    336    400    0.84
886    400    400    1.0
887    345    400    0.8625
888    380    400    0.95
889    344    400    0.86
890    264    400    0.66
891    176    400    0.44
892    52    400    0.13
893    272    400    0.68
894    236    400    0.59
895    224    400    0.56
896    252    400    0.63
897    360    400    0.9
898    256    400    0.64
899    220    400    0.55
900    116    400    0.29
901    148    400    0.37
902    144    400    0.36
903    368    400    0.92
904    352    400    0.88
905    292    400    0.73
906    296    400    0.74
907    264    400    0.66
908    344    400    0.86
909    364    400    0.91
910    272    400    0.68
911    284    400    0.71
912    396    400    0.99
913    360    400    0.9
914    112    400    0.28
915    357    400    0.8925
916    348    400    0.87
917    308    400    0.77
918    324    400    0.81
919    224    400    0.56
920    164    400    0.41
921    321    400    0.8025
922    257    400    0.6425
923    257    400    0.6425
924    257    400    0.6425
925    257    400    0.6425
926    256    400    0.64
927    256    400    0.64
928    256    400    0.64
929    272    400    0.68
930    256    400    0.64
931    256    400    0.64
932    256    400    0.64
933    320    400    0.8
934    320    400    0.8
935    320    400    0.8
936    320    400    0.8
937    320    400    0.8
938    352    400    0.88
939    336    400    0.84
940    336    400    0.84
941    324    400    0.81
942    308    400    0.77
943    304    400    0.76
944    260    400    0.65
945    240    400    0.6
946    227    400    0.5675
947    304    400    0.76
948    308    400    0.77
949    132    400    0.33
950    112    400    0.28
951    236    400    0.59
952    188    400    0.47
953    348    400    0.87
954    344    400    0.86
955    358    400    0.895
956    358    400    0.895
957    296    400    0.74
958    296    400    0.74
959    356    400    0.89
960    356    400    0.89
961    357    400    0.8925
962    200    400    0.5
963    200    400    0.5
964    331    400    0.8275
965    280    400    0.7
966    152    400    0.38
967    152    400    0.38
968    348    400    0.87
969    300    400    0.75
970    388    400    0.97
971    400    400    1.0
972    385    400    0.9625
973    346    400    0.865
974    168    400    0.42
975    296    400    0.74
976    252    400    0.63
977    224    400    0.56
978    208    400    0.52
979    302    400    0.755
980    396    400    0.99
981    372    400    0.93
982    292    400    0.73
983    300    400    0.75
984    304    400    0.76
985    288    400    0.72
986    384    400    0.96
987    328    400    0.82
988    379    400    0.9475
989    374    400    0.935
990    351    400    0.8775
991    267    400    0.6675
992    355    400    0.8875
993    315    400    0.7875
994    255    400    0.6375
995    255    400    0.6375
996    322    400    0.805
997    272    400    0.68
998    348    400    0.87
999    324    400    0.81
1000    288    400    0.72
1001    236    400    0.59
1002    276    400    0.69
1003    320    400    0.8
1004    376    400    0.94
1005    352    400    0.88
1006    388    400    0.97
1007    344    400    0.86
1008    360    400    0.9
1009    358    400    0.895
1010    221    400    0.5525
1011    260    400    0.65
1012    381    400    0.9525
1013    333    400    0.8325
1014    284    400    0.71
1015    316    400    0.79
1016    342    400    0.855
1017    234    400    0.585
1018    364    400    0.91
1019    280    400    0.7
1020    340    400    0.85
1021    336    400    0.84
1022    304    400    0.76
1023    380    400    0.95
1024    352    400    0.88
1025    268    400    0.67
1026    224    400    0.56
1027    388    400    0.97
1028    388    400    0.97
1029    352    400    0.88
1030    356    400    0.89
1031    316    400    0.79
1032    245    400    0.6125
1033    305    400    0.7625
1034    257    400    0.6425
1035    193    400    0.4825
1036    193    400    0.4825
1037    277    400    0.6925
1038    309    400    0.7725
1039    292    400    0.73
1040    276    400    0.69
1041    336    400    0.84
1042    200    400    0.5
1043    168    400    0.42
1044    76    400    0.19
1045    348    400    0.87
1046    328    400    0.82
1047    328    400    0.82
1048    320    400    0.8
1049    388    400    0.97
1050    396    400    0.99
1051    396    400    0.99
1052    308    400    0.77
1053    324    400    0.81
1054    264    400    0.66
1055    372    400    0.93
1056    324    400    0.81
1057    400    400    1.0
1058    380    400    0.95
1059    312    400    0.78
1060    384    400    0.96
1061    296    400    0.74
1062    320    400    0.8
1063    224    400    0.56
1064    243    400    0.6075
1065    232    400    0.58
1066    336    400    0.84
1067    353    400    0.8825
1068    353    400    0.8825
1069    337    400    0.8425
1070    321    400    0.8025
1071    321    400    0.8025
1072    361    400    0.9025
1073    332    400    0.83
1074    300    400    0.75
1075    304    400    0.76
1076    285    400    0.7125
1077    284    400    0.71
1078    339    400    0.8475
1079    273    400    0.6825
1080    323    400    0.8075
1081    288    400    0.72
1082    320    400    0.8
1083    160    400    0.4
1084    96    400    0.24
1085    359    400    0.8975
1086    287    400    0.7175
1087    276    400    0.69
1088    289    400    0.7225
1089    393    400    0.9825
1090    357    400    0.8925
1091    297    400    0.7425
1092    197    400    0.4925
1093    273    400    0.6825
1094    256    400    0.64
1095    256    400    0.64
1096    328    400    0.82
1097    351    400    0.8775
1098    375    400    0.9375
1099    373    400    0.9325
1100    308    400    0.77
1101    368    400    0.92
1102    324    400    0.81
1103    288    400    0.72
1104    192    400    0.48
1105    192    400    0.48
1106    320    400    0.8
1107    336    400    0.84
1108    320    400    0.8
1109    320    400    0.8
1110    320    400    0.8
1111    256    400    0.64
1112    380    400    0.95
1113    312    400    0.78
1114    341    400    0.8525
1115    348    400    0.87
1116    367    400    0.9175
1117    291    400    0.7275
1118    268    400    0.67
1119    233    400    0.5825
1120    133    400    0.3325
1121    357    400    0.8925
1122    364    400    0.91
1123    324    400    0.81
1124    294    400    0.735
1125    392    400    0.98
1126    368    400    0.92
1127    364    400    0.91
1128    290    400    0.725
1129    352    400    0.88
1130    340    400    0.85
1131    352    400    0.88
1132    353    400    0.8825
1133    336    400    0.84
1134    316    400    0.79
1135    348    400    0.87
1136    268    400    0.67
1137    344    400    0.86
1138    344    400    0.86
1139    292    400    0.73
1140    364    400    0.91
1141    387    400    0.9675
1142    392    400    0.98
1143    375    400    0.9375
1144    325    400    0.8125
1145    225    400    0.5625
1146    288    400    0.72
1147    336    400    0.84
1148    339    400    0.8475
1149    317    400    0.7925
1150    313    400    0.7825
1151    241    400    0.6025
1152    340    400    0.85
1153    328    400    0.82
1154    140    400    0.35
1155    320    400    0.8
1156    256    400    0.64
1157    324    400    0.81
1158    244    400    0.61
1159    304    400    0.76
1160    363    400    0.9075
1161    347    400    0.8675
1162    327    400    0.8175
1163    204    400    0.51
1164    376    400    0.94
1165    280    400    0.7
1166    328    400    0.82
1167    383    400    0.9575
1168    371    400    0.9275
1169    364    400    0.91
1170    295    400    0.7375
1171    276    400    0.69
1172    288    400    0.72
1173    208    400    0.52
1174    312    400    0.78
1175    272    400    0.68
1176    300    400    0.75
1177    333    400    0.8325
1178    216    400    0.54
1179    328    400    0.82
1180    352    400    0.88
1181    324    400    0.81
1182    280    400    0.7
1183    394    400    0.985
1184    309    400    0.7725
1185    192    400    0.48
1186    323    400    0.8075
1187    378    400    0.945
1188    376    400    0.94
1189    349    400    0.8725
1190    372    400    0.93
1191    276    400    0.69
1192    192    400    0.48
1193    379    400    0.9475
1194    295    400    0.7375
1195    351    400    0.8775
1196    303    400    0.7575
1197    372    400    0.93
1198    280    400    0.7
1199    364    400    0.91
1200    360    400    0.9
1201    228    400    0.57
1202    388    400    0.97
1203    332    400    0.83
1204    288    400    0.72
1205    256    400    0.64
1206    304    400    0.76
1207    330    400    0.825
1208    325    400    0.8125
1209    357    400    0.8925
1210    357    400    0.8925
1211    353    400    0.8825
1212    325    400    0.8125
1213    293    400    0.7325
1214    319    400    0.7975
1215    333    400    0.8325
1216    357    400    0.8925
1217    340    400    0.85
1218    272    400    0.68
1219    348    400    0.87
1220    280    400    0.7
1221    132    400    0.33
1222    376    400    0.94
1223    389    400    0.9725
1224    344    400    0.86
1225    384    400    0.96
1226    384    400    0.96
1227    368    400    0.92
1228    349    400    0.8725
1229    376    400    0.94
1230    216    400    0.54
1231    384    400    0.96
1232    312    400    0.78
1233    288    400    0.72
1234    328    400    0.82
1235    356    400    0.89
1236    376    400    0.94
1237    376    400    0.94
1238    276    400    0.69
1239    348    400    0.87
1240    276    400    0.69
1241    264    400    0.66
1242    328    400    0.82
1243    384    400    0.96
1244    368    400    0.92
1245    352    400    0.88
1246    386    400    0.965
1247    361    400    0.9025
1248    193    400    0.4825
1249    105    400    0.2625
1250    269    400    0.6725
1251    309    400    0.7725
1252    293    400    0.7325
1253    353    400    0.8825
1254    373    400    0.9325
1255    317    400    0.7925
1256    284    400    0.71
1257    224    400    0.56
1258    224    400    0.56
1259    360    400    0.9
1260    324    400    0.81
1261    204    400    0.51
1262    384    400    0.96
1263    352    400    0.88
1264    400    400    1.0
1265    384    400    0.96
1266    384    400    0.96
1267    339    400    0.8475
1268    307    400    0.7675
1269    266    400    0.665
1270    249    400    0.6225
1271    225    400    0.5625
1272    128    400    0.32
1273    320    400    0.8
1274    320    400    0.8
1275    256    400    0.64
1276    224    400    0.56
1277    224    400    0.56
1278    321    400    0.8025
1279    360    400    0.9
1280    292    400    0.73
1281    396    400    0.99
1282    332    400    0.83
1283    260    400    0.65
1284    368    400    0.92
1285    368    400    0.92
1286    317    400    0.7925
1287    261    400    0.6525
1288    253    400    0.6325
1289    313    400    0.7825
1290    329    400    0.8225
1291    321    400    0.8025
1292    321    400    0.8025
1293    320    400    0.8
1294    336    400    0.84
1295    336    400    0.84
1296    321    400    0.8025
1297    352    400    0.88
1298    368    400    0.92
1299    336    400    0.84
1300    336    400    0.84
1301    320    400    0.8
1302    339    400    0.8475
1303    338    400    0.845
1304    338    400    0.845
1305    347    400    0.8675
1306    322    400    0.805
1307    130    400    0.325
1308    66    400    0.165
1309    281    400    0.7025
1310    232    400    0.58
1311    216    400    0.54
1312    264    400    0.66
1313    320    400    0.8
1314    336    400    0.84
1315    368    400    0.92
1316    368    400    0.92
1317    304    400    0.76
1318    337    400    0.8425
1319    305    400    0.7625
1320    273    400    0.6825
1321    337    400    0.8425
1322    321    400    0.8025
1323    321    400    0.8025
1324    321    400    0.8025
1325    321    400    0.8025
1326    320    400    0.8
1327    320    400    0.8
1328    336    400    0.84
1329    337    400    0.8425
1330    336    400    0.84
1331    336    400    0.84
1332    336    400    0.84
1333    272    400    0.68
1334    336    400    0.84
1335    272    400    0.68
1336    272    400    0.68
1337    336    400    0.84
1338    336    400    0.84
1339    336    400    0.84
1340    336    400    0.84
1341    336    400    0.84
1342    336    400    0.84
1343    385    400    0.9625
1344    384    400    0.96
1345    384    400    0.96
1346    384    400    0.96
1347    384    400    0.96
1348    384    400    0.96
1349    384    400    0.96
1350    384    400    0.96
1351    385    400    0.9625
1352    385    400    0.9625
1353    321    400    0.8025
1354    321    400    0.8025
1355    337    400    0.8425
1356    337    400    0.8425
1357    336    400    0.84
1358    336    400    0.84
1359    296    400    0.74
1360    308    400    0.77
1361    292    400    0.73
1362    364    400    0.91
1363    340    400    0.85
1364    276    400    0.69
1365    368    400    0.92
1366    368    400    0.92
1367    252    400    0.63
1368    361    400    0.9025
1369    325    400    0.8125
1370    233    400    0.5825
1371    230    400    0.575
1372    285    400    0.7125
1373    277    400    0.6925
1374    285    400    0.7125
1375    257    400    0.6425
1376    329    400    0.8225
1377    345    400    0.8625
1378    329    400    0.8225
1379    301    400    0.7525
1380    365    400    0.9125
1381    309    400    0.7725
1382    353    400    0.8825
1383    353    400    0.8825
1384    321    400    0.8025
1385    323    400    0.8075
1386    321    400    0.8025
1387    321    400    0.8025
1388    330    400    0.825
1389    386    400    0.965
1390    334    400    0.835
1391    334    400    0.835
1392    275    400    0.6875
1393    267    400    0.6675
1394    307    400    0.7675
1395    327    400    0.8175
1396    304    400    0.76
1397    364    400    0.91
1398    301    400    0.7525
1399    345    400    0.8625
1400    301    400    0.7525
1401    189    400    0.4725
1402    161    400    0.4025
1403    310    400    0.775
1404    325    400    0.8125
1405    317    400    0.7925
1406    257    400    0.6425
1407    289    400    0.7225
1408    289    400    0.7225
1409    289    400    0.7225
1410    321    400    0.8025
1411    320    400    0.8
1412    256    400    0.64
1413    388    400    0.97
1414    384    400    0.96
1415    202    400    0.505
1416    93    400    0.2325
1417    149    400    0.3725
1418    293    400    0.7325
1419    285    400    0.7125
1420    260    400    0.65
1421    361    400    0.9025
1422    356    400    0.89
1423    252    400    0.63
1424    355    400    0.8875
1425    311    400    0.7775
1426    303    400    0.7575
1427    312    400    0.78
1428    260    400    0.65
1429    300    400    0.75
1430    256    400    0.64
1431    340    400    0.85
1432    348    400    0.87
1433    322    400    0.805
1434    292    400    0.73
1435    323    400    0.8075
1436    300    400    0.75
1437    316    400    0.79
1438    284    400    0.71
1439    332    400    0.83
1440    385    400    0.9625
1441    368    400    0.92
1442    376    400    0.94
1443    344    400    0.86
1444    328    400    0.82
1445    376    400    0.94
1446    368    400    0.92
1447    288    400    0.72
1448    288    400    0.72
1449    301    400    0.7525
1450    336    400    0.84
1451    204    400    0.51
1452    160    400    0.4
1453    128    400    0.32
1454    357    400    0.8925
1455    272    400    0.68
1456    296    400    0.74
1457    224    400    0.56
1458    244    400    0.61
1459    292    400    0.73
1460    384    400    0.96
1461    360    400    0.9
1462    340    400    0.85
1463    360    400    0.9
1464    304    400    0.76
1465    336    400    0.84
1466    340    400    0.85
1467    354    400    0.885
1468    339    400    0.8475
1469    266    400    0.665
1470    242    400    0.605
1471    288    400    0.72
1472    260    400    0.65
1473    260    400    0.65
1474    292    400    0.73
1475    292    400    0.73
1476    266    400    0.665
1477    330    400    0.825
1478    328    400    0.82
1479    322    400    0.805
1480    312    400    0.78
1481    364    400    0.91
1482    358    400    0.895
1483    320    400    0.8
1484    264    400    0.66
1485    308    400    0.77
1486    308    400    0.77
1487    244    400    0.61
1488    192    400    0.48
1489    276    400    0.69
1490    276    400    0.69
1491    256    400    0.64
1492    256    400    0.64
1493    256    400    0.64
1494    256    400    0.64
1495    316    400    0.79
1496    368    400    0.92
1497    336    400    0.84
1498    260    400    0.65
1499    260    400    0.65
1500    256    400    0.64
1501    256    400    0.64
1502    256    400    0.64
1503    256    400    0.64
1504    348    400    0.87
1505    392    400    0.98
1506    380    400    0.95
1507    370    400    0.925
1508    377    400    0.9425
1509    256    400    0.64
1510    148    400    0.37
1511    272    400    0.68
1512    256    400    0.64
1513    256    400    0.64
1514    277    400    0.6925
1515    317    400    0.7925
1516    368    400    0.92
1517    368    400    0.92
1518    400    400    1.0
1519    232    400    0.58
1520    296    400    0.74
1521    292    400    0.73
1522    240    400    0.6
1523    276    400    0.69
1524    204    400    0.51
1525    160    400    0.4
1526    220    400    0.55
1527    268    400    0.67
1528    380    400    0.95
1529    384    400    0.96
1530    252    400    0.63
1531    276    400    0.69
1532    324    400    0.81
1533    377    400    0.9425
1534    325    400    0.8125
1535    371    400    0.9275
1536    247    400    0.6175
1537    99    400    0.2475
1538    195    400    0.4875
1539    318    400    0.795
1540    270    400    0.675
1541    322    400    0.805
1542    282    400    0.705
1543    226    400    0.565
1544    258    400    0.645
1545    310    400    0.775
1546    270    400    0.675
1547    258    400    0.645
1548    244    400    0.61
1549    228    400    0.57
1550    296    400    0.74
1551    253    400    0.6325
1552    297    400    0.7425
1553    244    400    0.61
1554    376    400    0.94
1555    323    400    0.8075
1556    126    400    0.315
1557    320    400    0.8
1558    388    400    0.97
1559    332    400    0.83
1560    264    400    0.66
1561    128    400    0.32
1562    369    400    0.9225
1563    348    400    0.87
1564    340    400    0.85
1565    328    400    0.82
1566    374    400    0.935
1567    374    400    0.935
1568    350    400    0.875
1569    369    400    0.9225
1570    361    400    0.9025
1571    233    400    0.5825
1572    329    400    0.8225
1573    341    400    0.8525
1574    324    400    0.81
1575    316    400    0.79
1576    340    400    0.85
1577    288    400    0.72
1578    304    400    0.76
1579    337    400    0.8425
1580    366    400    0.915
1581    350    400    0.875
1582    394    400    0.985
1583    342    400    0.855
1584    206    400    0.515
1585    291    400    0.7275
1586    305    400    0.7625
1587    277    400    0.6925
1588    221    400    0.5525
1589    309    400    0.7725
1590    305    400    0.7625
1591    321    400    0.8025
1592    320    400    0.8
1593    324    400    0.81
1594    252    400    0.63
1595    116    400    0.29
1596    212    400    0.53
1597    228    400    0.57
1598    148    400    0.37
1599    256    400    0.64
1600    256    400    0.64
1601    256    400    0.64
1602    256    400    0.64
1603    256    400    0.64
1604    256    400    0.64
1605    256    400    0.64
1606    256    400    0.64
1607    256    400    0.64
1608    256    400    0.64
1609    256    400    0.64
1610    256    400    0.64
1611    256    400    0.64
1612    256    400    0.64
1613    256    400    0.64
1614    256    400    0.64
1615    256    400    0.64
1616    388    400    0.97
1617    377    400    0.9425
1618    297    400    0.7425
1619    217    400    0.5425
1620    337    400    0.8425
1621    348    400    0.87
1622    364    400    0.91
1623    360    400    0.9
1624    256    400    0.64
1625    290    400    0.725
1626    360    400    0.9
1627    360    400    0.9
1628    320    400    0.8
1629    354    400    0.885
1630    364    400    0.91
1631    368    400    0.92
1632    256    400    0.64
1633    128    400    0.32
1634    96    400    0.24
1635    96    400    0.24
1636    64    400    0.16
1637    368    400    0.92
1638    384    400    0.96
1639    352    400    0.88
1640    400    400    1.0
1641    400    400    1.0
1642    341    400    0.8525
1643    377    400    0.9425
1644    385    400    0.9625
1645    297    400    0.7425
1646    338    400    0.845
1647    228    400    0.57
1648    224    400    0.56
1649    256    400    0.64
1650    332    400    0.83
1651    368    400    0.92
1652    372    400    0.93
1653    256    400    0.64
1654    168    400    0.42
1655    224    400    0.56
1656    377    400    0.9425
1657    328    400    0.82
1658    276    400    0.69
1659    384    400    0.96
1660    256    400    0.64
1661    216    400    0.54
1662    386    400    0.965
1663    336    400    0.84
1664    312    400    0.78
1665    372    400    0.93
1666    352    400    0.88
1667    352    400    0.88
1668    320    400    0.8
1669    320    400    0.8
1670    320    400    0.8
1671    368    400    0.92
1672    340    400    0.85
1673    384    400    0.96
1674    348    400    0.87
1675    352    400    0.88
1676    296    400    0.74
1677    288    400    0.72
1678    368    400    0.92
1679    376    400    0.94
1680    256    400    0.64
1681    386    400    0.965
1682    393    400    0.9825
1683    293    400    0.7325
1684    272    400    0.68
1685    304    400    0.76
1686    300    400    0.75
1687    352    400    0.88
1688    316    400    0.79
1689    350    400    0.875
1690    285    400    0.7125
1691    329    400    0.8225
1692    345    400    0.8625
1693    365    400    0.9125
1694    344    400    0.86
1695    320    400    0.8
1696    272    400    0.68
1697    292    400    0.73
1698    320    400    0.8
1699    216    400    0.54
1700    368    400    0.92
1701    320    400    0.8
1702    304    400    0.76
1703    336    400    0.84
1704    304    400    0.76
1705    320    400    0.8
1706    276    400    0.69
1707    296    400    0.74
1708    268    400    0.67
1709    372    400    0.93
1710    232    400    0.58
1711    253    400    0.6325
1712    348    400    0.87
1713    300    400    0.75
1714    316    400    0.79
1715    304    400    0.76
1716    264    400    0.66
1717    396    400    0.99
1718    220    400    0.55
1719    272    400    0.68
1720    336    400    0.84
1721    320    400    0.8
1722    336    400    0.84
1723    320    400    0.8
1724    320    400    0.8
1725    384    400    0.96
1726    392    400    0.98
1727    292    400    0.73
1728    216    400    0.54
1729    256    400    0.64
1730    340    400    0.85
1731    384    400    0.96
1732    344    400    0.86
1733    348    400    0.87
1734    364    400    0.91
1735    360    400    0.9
1736    392    400    0.98
1737    388    400    0.97
1738    360    400    0.9
1739    348    400    0.87
1740    384    400    0.96
1741    244    400    0.61
1742    152    400    0.38
1743    384    400    0.96
1744    380    400    0.95
1745    216    400    0.54
1746    238    400    0.595
1747    144    400    0.36
1748    128    400    0.32
1749    350    400    0.875
1750    240    400    0.6
1751    240    400    0.6
1752    160    400    0.4
1753    144    400    0.36
1754    260    400    0.65
1755    256    400    0.64
1756    128    400    0.32
1757    128    400    0.32
1758    128    400    0.32
1759    128    400    0.32
1760    128    400    0.32
1761    128    400    0.32
1762    128    400    0.32
1763    128    400    0.32
1764    128    400    0.32
1765    128    400    0.32
1766    128    400    0.32
1767    128    400    0.32
1768    128    400    0.32
1769    116    400    0.29
1770    340    400    0.85
1771    348    400    0.87
1772    313    400    0.7825
1773    232    400    0.58
1774    152    400    0.38
1775    168    400    0.42
1776    340    400    0.85
1777    312    400    0.78
1778    344    400    0.86
1779    292    400    0.73
1780    258    400    0.645
1781    296    400    0.74
1782    332    400    0.83
1783    380    400    0.95
1784    352    400    0.88
1785    381    400    0.9525
1786    388    400    0.97
1787    280    400    0.7
1788    312    400    0.78
1789    312    400    0.78
1790    208    400    0.52
1791    80    400    0.2
1792    308    400    0.77
1793    308    400    0.77
1794    304    400    0.76
1795    296    400    0.74
1796    236    400    0.59
1797    220    400    0.55
1798    136    400    0.34
1799    128    400    0.32
1800    128    400    0.32
1801    128    400    0.32
1802    128    400    0.32
1803    128    400    0.32
1804    128    400    0.32
1805    128    400    0.32
1806    128    400    0.32
1807    128    400    0.32
1808    128    400    0.32
1809    349    400    0.8725
1810    316    400    0.79
1811    240    400    0.6
1812    344    400    0.86
1813    269    400    0.6725
1814    381    400    0.9525
1815    209    400    0.5225
1816    217    400    0.5425
1817    306    400    0.765
1818    313    400    0.7825
1819    332    400    0.83
1820    352    400    0.88
1821    200    400    0.5
1822    260    400    0.65
1823    272    400    0.68
1824    289    400    0.7225
1825    293    400    0.7325
1826    365    400    0.9125
1827    348    400    0.87
1828    212    400    0.53
1829    176    400    0.44
1830    160    400    0.4
1831    160    400    0.4
1832    160    400    0.4
1833    332    400    0.83
1834    288    400    0.72
1835    384    400    0.96
1836    348    400    0.87
1837    216    400    0.54
1838    192    400    0.48
1839    368    400    0.92
1840    364    400    0.91
1841    236    400    0.59
1842    16    400    0.04
1843    294    400    0.735
1844    257    400    0.6425
1845    101    400    0.2525
1846    361    400    0.9025
1847    361    400    0.9025
1848    309    400    0.7725
1849    285    400    0.7125
1850    269    400    0.6725
1851    365    400    0.9125
1852    365    400    0.9125
1853    325    400    0.8125
1854    365    400    0.9125
1855    345    400    0.8625
1856    364    400    0.91
1857    348    400    0.87
1858    376    400    0.94
1859    380    400    0.95
1860    360    400    0.9
1861    320    400    0.8
1862    256    400    0.64
1863    256    400    0.64
1864    256    400    0.64
1865    256    400    0.64
1866    256    400    0.64
1867    256    400    0.64
1868    256    400    0.64
1869    256    400    0.64
1870    256    400    0.64
1871    256    400    0.64
1872    256    400    0.64
1873    256    400    0.64
1874    256    400    0.64
1875    256    400    0.64
1876    256    400    0.64
1877    256    400    0.64
1878    256    400    0.64
1879    320    400    0.8
1880    280    400    0.7
1881    260    400    0.65
1882    364    400    0.91
1883    392    400    0.98
1884    376    400    0.94
1885    376    400    0.94
1886    360    400    0.9
1887    348    400    0.87
1888    340    400    0.85
1889    380    400    0.95
1890    352    400    0.88
1891    360    400    0.9
1892    336    400    0.84
1893    360    400    0.9
1894    336    400    0.84
1895    344    400    0.86
1896    376    400    0.94
1897    329    400    0.8225
1898    329    400    0.8225
1899    297    400    0.7425
1900    281    400    0.7025
1901    353    400    0.8825
1902    353    400    0.8825
1903    329    400    0.8225
1904    313    400    0.7825
1905    329    400    0.8225
1906    385    400    0.9625
1907    329    400    0.8225
1908    328    400    0.82
1909    344    400    0.86
1910    356    400    0.89
1911    308    400    0.77
1912    356    400    0.89
1913    357    400    0.8925
1914    356    400    0.89
1915    356    400    0.89
1916    352    400    0.88
1917    360    400    0.9
1918    360    400    0.9
1919    308    400    0.77
1920    392    400    0.98
1921    248    400    0.62
1922    393    400    0.9825
1923    373    400    0.9325
1924    337    400    0.8425
1925    336    400    0.84
1926    208    400    0.52
1927    224    400    0.56
1928    228    400    0.57
1929    320    400    0.8
1930    340    400    0.85
1931    232    400    0.58
1932    308    400    0.77
1933    224    400    0.56
1934    160    400    0.4
1935    160    400    0.4
1936    256    400    0.64
1937    256    400    0.64
1938    256    400    0.64
1939    256    400    0.64
1940    256    400    0.64
1941    256    400    0.64
1942    256    400    0.64
1943    324    400    0.81
1944    324    400    0.81
1945    324    400    0.81
1946    324    400    0.81
1947    320    400    0.8
1948    320    400    0.8
1949    320    400    0.8
1950    320    400    0.8
1951    208    400    0.52
1952    212    400    0.53
1953    324    400    0.81
1954    196    400    0.49
1955    128    400    0.32
1956    320    400    0.8
1957    192    400    0.48
1958    340    400    0.85
1959    276    400    0.69
1960    256    400    0.64
1961    256    400    0.64
1962    320    400    0.8
1963    320    400    0.8
1964    320    400    0.8
1965    304    400    0.76
1966    320    400    0.8
1967    208    400    0.52
1968    144    400    0.36
1969    192    400    0.48
1970    261    400    0.6525
1971    341    400    0.8525
1972    305    400    0.7625
1973    293    400    0.7325
1974    170    400    0.425
1975    80    400    0.2
1976    400    400    1.0
1977    359    400    0.8975
1978    248    400    0.62
1979    192    400    0.48
1980    320    400    0.8
1981    340    400    0.85
1982    372    400    0.93
1983    352    400    0.88
1984    352    400    0.88
1985    288    400    0.72
1986    128    400    0.32
1987    288    400    0.72
1988    288    400    0.72
1989    332    400    0.83
1990    256    400    0.64
1991    292    400    0.73
1992    364    400    0.91
1993    356    400    0.89
1994    176    400    0.44
1995    160    400    0.4
1996    368    400    0.92
1997    344    400    0.86
1998    344    400    0.86
1999    352    400    0.88
2000    288    400    0.72
2001    352    400    0.88
2002    360    400    0.9
2003    212    400    0.53
2004    280    400    0.7
2005    228    400    0.57
2006    380    400    0.95
2007    270    400    0.675
2008    320    400    0.8
2009    320    400    0.8
2010    341    400    0.8525
2011    312    400    0.78
2012    284    400    0.71
2013    284    400    0.71
2014    392    400    0.98
2015    392    400    0.98
2016    356    400    0.89
2017    360    400    0.9
2018    400    400    1.0
2019    372    400    0.93
2020    344    400    0.86
2021    376    400    0.94
2022    328    400    0.82
2023    264    400    0.66
2024    200    400    0.5
2025    144    400    0.36
2026    144    400    0.36
2027    324    400    0.81
2028    336    400    0.84
2029    376    400    0.94
2030    280    400    0.7
2031    280    400    0.7
2032    360    400    0.9
2033    240    400    0.6
2034    256    400    0.64
2035    256    400    0.64
2036    256    400    0.64
2037    256    400    0.64
2038    256    400    0.64
2039    320    400    0.8
2040    304    400    0.76
2041    320    400    0.8
2042    336    400    0.84
2043    336    400    0.84
2044    344    400    0.86
2045    328    400    0.82
2046    320    400    0.8
2047    321    400    0.8025
2048    320    400    0.8
2049    344    400    0.86
2050    344    400    0.86
2051    360    400    0.9
2052    336    400    0.84
2053    288    400    0.72
2054    304    400    0.76
2055    304    400    0.76
2056    304    400    0.76
2057    192    400    0.48
2058    192    400    0.48
2059    192    400    0.48
2060    128    400    0.32
2061    128    400    0.32
2062    128    400    0.32
2063    280    400    0.7
2064    280    400    0.7
2065    320    400    0.8
2066    288    400    0.72
2067    304    400    0.76
2068    280    400    0.7
2069    352    400    0.88
2070    368    400    0.92
2071    384    400    0.96
2072    392    400    0.98
2073    280    400    0.7
2074    144    400    0.36
2075    344    400    0.86
2076    344    400    0.86
2077    280    400    0.7
2078    280    400    0.7
2079    320    400    0.8
2080    386    400    0.965
2081    322    400    0.805
2082    194    400    0.485
2083    193    400    0.4825
2084    281    400    0.7025
2085    377    400    0.9425
2086    313    400    0.7825
2087    145    400    0.3625
2088    345    400    0.8625
2089    305    400    0.7625
2090    313    400    0.7825
2091    280    400    0.7
2092    352    400    0.88
2093    360    400    0.9
2094    377    400    0.9425
2095    393    400    0.9825
2096    249    400    0.6225
2097    161    400    0.4025
2098    376    400    0.94
2099    376    400    0.94
2100    344    400    0.86
2101    304    400    0.76
2102    376    400    0.94
2103    312    400    0.78
2104    280    400    0.7
2105    288    400    0.72
2106    314    400    0.785
2107    322    400    0.805
2108    314    400    0.785
2109    274    400    0.685
2110    330    400    0.825
2111    330    400    0.825
2112    354    400    0.885
2113    338    400    0.845
2114    361    400    0.9025
2115    337    400    0.8425
2116    345    400    0.8625
2117    346    400    0.865
2118    305    400    0.7625
2119    345    400    0.8625
2120    353    400    0.8825
2121    337    400    0.8425
2122    345    400    0.8625
2123    345    400    0.8625
2124    361    400    0.9025
2125    296    400    0.74
2126    288    400    0.72
2127    224    400    0.56
2128    336    400    0.84
2129    336    400    0.84
2130    352    400    0.88
2131    384    400    0.96
2132    376    400    0.94
2133    312    400    0.78
2134    328    400    0.82
2135    344    400    0.86
2136    368    400    0.92
2137    344    400    0.86
2138    320    400    0.8
2139    320    400    0.8
2140    361    400    0.9025
2141    385    400    0.9625
2142    329    400    0.8225
2143    329    400    0.8225
2144    329    400    0.8225
2145    297    400    0.7425
2146    336    400    0.84
2147    392    400    0.98
2148    360    400    0.9
2149    368    400    0.92
2150    330    400    0.825
2151    355    400    0.8875
2152    370    400    0.925
2153    330    400    0.825
2154    323    400    0.8075
2155    330    400    0.825
2156    314    400    0.785
2157    322    400    0.805
2158    378    400    0.945
2159    386    400    0.965
2160    226    400    0.565
2161    315    400    0.7875
2162    283    400    0.7075
2163    305    400    0.7625
2164    328    400    0.82
2165    344    400    0.86
2166    344    400    0.86
2167    336    400    0.84
2168    328    400    0.82
2169    344    400    0.86
2170    312    400    0.78
2171    288    400    0.72
2172    368    400    0.92
2173    352    400    0.88
2174    368    400    0.92
2175    352    400    0.88
2176    388    400    0.97
2177    264    400    0.66
2178    304    400    0.76
2179    384    400    0.96
2180    296    400    0.74
2181    264    400    0.66
2182    256    400    0.64
2183    272    400    0.68
2184    312    400    0.78
2185    314    400    0.785
2186    288    400    0.72
2187    312    400    0.78
2188    368    400    0.92
2189    344    400    0.86
2190    312    400    0.78
2191    312    400    0.78
2192    280    400    0.7
2193    360    400    0.9
2194    344    400    0.86
2195    360    400    0.9
2196    344    400    0.86
2197    344    400    0.86
2198    344    400    0.86
2199    369    400    0.9225
2200    344    400    0.86
2201    320    400    0.8
2202    256    400    0.64
2203    256    400    0.64
2204    256    400    0.64
2205    256    400    0.64
2206    256    400    0.64
2207    256    400    0.64
2208    256    400    0.64
2209    344    400    0.86
2210    344    400    0.86
2211    320    400    0.8
2212    260    400    0.65
2213    320    400    0.8
2214    256    400    0.64
2215    256    400    0.64
2216    257    400    0.6425
2217    273    400    0.6825
2218    361    400    0.9025
2219    297    400    0.7425
2220    281    400    0.7025
2221    280    400    0.7
2222    232    400    0.58
2223    312    400    0.78
2224    296    400    0.74
2225    288    400    0.72
2226    352    400    0.88
2227    280    400    0.7
2228    304    400    0.76
2229    288    400    0.72
2230    312    400    0.78
2231    232    400    0.58
2232    144    400    0.36
2233    144    400    0.36
2234    144    400    0.36
2235    272    400    0.68
2236    272    400    0.68
2237    144    400    0.36
2238    144    400    0.36
2239    144    400    0.36
2240    144    400    0.36
2241    144    400    0.36
2242    144    400    0.36
2243    144    400    0.36
2244    144    400    0.36
2245    376    400    0.94
2246    400    400    1.0
2247    400    400    1.0
2248    392    400    0.98
2249    328    400    0.82
2250    320    400    0.8
2251    224    400    0.56
2252    200    400    0.5
2253    296    400    0.74
2254    264    400    0.66
2255    256    400    0.64
2256    256    400    0.64
2257    392    400    0.98
2258    345    400    0.8625
2259    216    400    0.54
2260    280    400    0.7
2261    280    400    0.7
2262    344    400    0.86
2263    328    400    0.82
2264    320    400    0.8
2265    320    400    0.8
2266    400    400    1.0
2267    392    400    0.98
2268    392    400    0.98
2269    328    400    0.82
2270    256    400    0.64
2271    312    400    0.78
2272    304    400    0.76
2273    280    400    0.7
2274    264    400    0.66
2275    329    400    0.8225
2276    328    400    0.82
2277    364    400    0.91
2278    360    400    0.9
2279    336    400    0.84
2280    400    400    1.0
2281    400    400    1.0
2282    384    400    0.96
2283    384    400    0.96
2284    352    400    0.88
2285    336    400    0.84
2286    320    400    0.8
2287    320    400    0.8
2288    392    400    0.98
2289    345    400    0.8625
2290    328    400    0.82
2291    280    400    0.7
2292    280    400    0.7
2293    144    400    0.36
2294    224    400    0.56
2295    208    400    0.52
2296    272    400    0.68
2297    256    400    0.64
2298    256    400    0.64
2299    320    400    0.8
2300    320    400    0.8
2301    320    400    0.8
2302    320    400    0.8
2303    320    400    0.8
2304    256    400    0.64
2305    256    400    0.64
2306    256    400    0.64
2307    256    400    0.64
2308    384    400    0.96
2309    384    400    0.96
2310    336    400    0.84
2311    360    400    0.9
2312    360    400    0.9
2313    384    400    0.96
2314    376    400    0.94
2315    336    400    0.84
2316    344    400    0.86
2317    354    400    0.885
2318    344    400    0.86
2319    376    400    0.94
2320    344    400    0.86
2321    384    400    0.96
2322    376    400    0.94
2323    233    400    0.5825
2324    289    400    0.7225
2325    289    400    0.7225
2326    369    400    0.9225
2327    369    400    0.9225
2328    310    400    0.775
2329    217    400    0.5425
2330    161    400    0.4025
2331    280    400    0.7
2332    360    400    0.9
2333    304    400    0.76
2334    128    400    0.32
2335    128    400    0.32
2336    128    400    0.32
2337    128    400    0.32
2338    128    400    0.32
2339    128    400    0.32
2340    128    400    0.32
2341    128    400    0.32
2342    128    400    0.32
2343    128    400    0.32
2344    128    400    0.32
2345    128    400    0.32
2346    128    400    0.32
2347    128    400    0.32
2348    347    400    0.8675
2349    337    400    0.8425
2350    345    400    0.8625
2351    337    400    0.8425
2352    361    400    0.9025
2353    369    400    0.9225
2354    353    400    0.8825
2355    353    400    0.8825
2356    369    400    0.9225
2357    336    400    0.84
2358    256    400    0.64
2359    352    400    0.88
2360    352    400    0.88
2361    368    400    0.92
2362    360    400    0.9
2363    336    400    0.84
2364    321    400    0.8025
2365    321    400    0.8025
2366    297    400    0.7425
2367    233    400    0.5825
2368    233    400    0.5825
2369    272    400    0.68
2370    272    400    0.68
2371    272    400    0.68
2372    272    400    0.68
2373    272    400    0.68
2374    272    400    0.68
2375    272    400    0.68
2376    272    400    0.68
2377    272    400    0.68
2378    272    400    0.68
2379    272    400    0.68
2380    272    400    0.68
2381    272    400    0.68
2382    272    400    0.68
2383    272    400    0.68
2384    256    400    0.64
2385    256    400    0.64
2386    392    400    0.98
2387    384    400    0.96
2388    384    400    0.96
2389    384    400    0.96
2390    352    400    0.88
2391    352    400    0.88
2392    392    400    0.98
2393    281    400    0.7025
2394    224    400    0.56
2395    328    400    0.82
2396    296    400    0.74
2397    352    400    0.88
2398    264    400    0.66
2399    296    400    0.74
2400    224    400    0.56
2401    144    400    0.36
2402    56    400    0.14
2403    304    400    0.76
2404    304    400    0.76
2405    304    400    0.76
2406    304    400    0.76
2407    328    400    0.82
2408    337    400    0.8425
2409    305    400    0.7625
2410    217    400    0.5425
2411    152    400    0.38
2412    152    400    0.38
2413    152    400    0.38
2414    152    400    0.38
2415    152    400    0.38
2416    152    400    0.38
2417    152    400    0.38
2418    152    400    0.38
2419    152    400    0.38
2420    152    400    0.38
2421    152    400    0.38
2422    240    400    0.6
2423    216    400    0.54
2424    216    400    0.54
2425    272    400    0.68
2426    272    400    0.68
2427    248    400    0.62
2428    248    400    0.62
2429    216    400    0.54
2430    240    400    0.6
2431    240    400    0.6
2432    232    400    0.58
2433    232    400    0.58
2434    240    400    0.6
2435    224    400    0.56
2436    272    400    0.68
2437    240    400    0.6
2438    216    400    0.54
2439    152    400    0.38
2440    152    400    0.38
2441    152    400    0.38
2442    152    400    0.38
2443    326    400    0.815
2444    326    400    0.815
2445    350    400    0.875
2446    350    400    0.875
2447    350    400    0.875
2448    366    400    0.915
2449    351    400    0.8775
2450    358    400    0.895
2451    366    400    0.915
2452    382    400    0.955
2453    350    400    0.875
2454    318    400    0.795
2455    350    400    0.875
2456    350    400    0.875
2457    198    400    0.495
2458    358    400    0.895
2459    366    400    0.915
2460    350    400    0.875
2461    350    400    0.875
2462    318    400    0.795
2463    318    400    0.795
2464    318    400    0.795
2465    198    400    0.495
2466    342    400    0.855
2467    321    400    0.8025
2468    321    400    0.8025
2469    289    400    0.7225
2470    352    400    0.88
2471    320    400    0.8
2472    328    400    0.82
2473    352    400    0.88
2474    360    400    0.9
2475    203    400    0.5075
2476    21    400    0.0525
2477    226    400    0.565
2478    322    400    0.805
2479    297    400    0.7425
2480    257    400    0.6425
2481    289    400    0.7225
2482    273    400    0.6825
2483    225    400    0.5625
2484    256    400    0.64
2485    256    400    0.64
2486    256    400    0.64
2487    128    400    0.32
2488    368    400    0.92
2489    328    400    0.82
2490    352    400    0.88
2491    296    400    0.74
2492    384    400    0.96
2493    384    400    0.96
2494    368    400    0.92
2495    400    400    1.0
2496    328    400    0.82
2497    328    400    0.82
2498    350    400    0.875
2499    230    400    0.575
2500    160    400    0.4
2501    24    400    0.06
2502    1    400    0.0025
2503    152    400    0.38
2504    72    400    0.18
2505    208    400    0.52
2506    392    400    0.98
2507    344    400    0.86
2508    328    400    0.82
2509    352    400    0.88
2510    360    400    0.9
2511    256    400    0.64
2512    328    400    0.82
2513    328    400    0.82
2514    320    400    0.8
2515    320    400    0.8
2516    328    400    0.82
2517    328    400    0.82
2518    328    400    0.82
2519    328    400    0.82
2520    328    400    0.82
2521    328    400    0.82
2522    328    400    0.82
2523    328    400    0.82
2524    328    400    0.82
2525    352    400    0.88
2526    352    400    0.88
2527    352    400    0.88
2528    352    400    0.88
2529    352    400    0.88
2530    352    400    0.88
2531    352    400    0.88
2532    352    400    0.88
2533    368    400    0.92
2534    312    400    0.78
2535    288    400    0.72
2536    385    400    0.9625
2537    384    400    0.96
2538    336    400    0.84
2539    400    400    1.0
2540    368    400    0.92
2541    304    400    0.76
2542    296    400    0.74
2543    280    400    0.7
2544    379    400    0.9475
2545    376    400    0.94
2546    328    400    0.82
2547    352    400    0.88
2548    320    400    0.8
2549    304    400    0.76
2550    304    400    0.76
2551    312    400    0.78
2552    368    400    0.92
2553    368    400    0.92
2554    376    400    0.94
2555    384    400    0.96
2556    360    400    0.9
2557    400    400    1.0
2558    344    400    0.86
2559    328    400    0.82
2560    336    400    0.84
2561    208    400    0.52
2562    136    400    0.34
2563    136    400    0.34
2564    136    400    0.34
2565    360    400    0.9
2566    360    400    0.9
2567    256    400    0.64
2568    328    400    0.82
2569    288    400    0.72
2570    296    400    0.74
2571    280    400    0.7
2572    184    400    0.46
2573    312    400    0.78
2574    232    400    0.58
2575    290    400    0.725
2576    192    400    0.48
2577    280    400    0.7
2578    312    400    0.78
2579    280    400    0.7
2580    218    400    0.545
2581    202    400    0.505
2582    178    400    0.445
2583    210    400    0.525
2584    194    400    0.485
2585    278    400    0.695
2586    199    400    0.4975
2587    164    400    0.41
2588    108    400    0.27
2589    163    400    0.4075
2590    281    400    0.7025
2591    120    400    0.3
2592    80    400    0.2
2593    168    400    0.42
2594    208    400    0.52
2595    256    400    0.64
2596    198    400    0.495
2597    192    400    0.48
2598    192    400    0.48
2599    192    400    0.48
2600    216    400    0.54
2601    224    400    0.56
2602    208    400    0.52
2603    209    400    0.5225
2604    145    400    0.3625
2605    203    400    0.5075
2606    159    400    0.3975
2607    160    400    0.4
2608    160    400    0.4
2609    160    400    0.4
2610    216    400    0.54
2611    168    400    0.42
2612    226    400    0.565
2613    181    400    0.4525
2614    102    400    0.255
2615    52    400    0.13
2616    288    400    0.72
2617    280    400    0.7
2618    248    400    0.62
2619    345    400    0.8625
2620    361    400    0.9025
2621    289    400    0.7225
2622    377    400    0.9425
2623    273    400    0.6825
2624    236    400    0.59
2625    315    400    0.7875
2626    347    400    0.8675
2627    275    400    0.6875
2628    195    400    0.4875
2629    291    400    0.7275
2630    226    400    0.565
2631    225    400    0.5625
2632    273    400    0.6825
2633    273    400    0.6825
2634    273    400    0.6825
2635    273    400    0.6825
2636    272    400    0.68
2637    324    400    0.81
2638    324    400    0.81
2639    356    400    0.89
2640    356    400    0.89
2641    324    400    0.81
2642    196    400    0.49
2643    164    400    0.41
2644    140    400    0.35
2645    368    400    0.92
2646    352    400    0.88
2647    297    400    0.7425
2648    261    400    0.6525
2649    353    400    0.8825
2650    193    400    0.4825
2651    113    400    0.2825
2652    209    400    0.5225
2653    185    400    0.4625
2654    256    400    0.64
2655    240    400    0.6
2656    363    400    0.9075
2657    376    400    0.94
2658    312    400    0.78
2659    136    400    0.34
2660    72    400    0.18
2661    280    400    0.7
2662    232    400    0.58
2663    264    400    0.66
2664    312    400    0.78
2665    312    400    0.78
2666    264    400    0.66
2667    384    400    0.96
2668    368    400    0.92
2669    345    400    0.8625
2670    328    400    0.82
2671    272    400    0.68
2672    304    400    0.76
2673    328    400    0.82
2674    80    400    0.2
2675    369    400    0.9225
2676    368    400    0.92
2677    384    400    0.96
2678    400    400    1.0
2679    344    400    0.86
2680    256    400    0.64
2681    152    400    0.38
2682    144    400    0.36
2683    400    400    1.0
2684    400    400    1.0
2685    328    400    0.82
2686    328    400    0.82
2687    328    400    0.82
2688    400    400    1.0
2689    344    400    0.86
2690    400    400    1.0
2691    392    400    0.98
2692    392    400    0.98
2693    368    400    0.92
2694    320    400    0.8
2695    256    400    0.64
2696    256    400    0.64
2697    298    400    0.745
2698    288    400    0.72
2699    384    400    0.96
2700    376    400    0.94
2701    376    400    0.94
2702    360    400    0.9
2703    384    400    0.96
2704    264    400    0.66
2705    176    400    0.44
2706    376    400    0.94
2707    360    400    0.9
2708    360    400    0.9
2709    312    400    0.78
2710    328    400    0.82
2711    368    400    0.92
2712    320    400    0.8
2713    296    400    0.74
2714    248    400    0.62
2715    297    400    0.7425
2716    272    400    0.68
2717    256    400    0.64
2718    376    400    0.94
2719    368    400    0.92
2720    296    400    0.74
2721    160    400    0.4
2722    344    400    0.86
2723    392    400    0.98
2724    376    400    0.94
2725    328    400    0.82
2726    288    400    0.72
2727    400    400    1.0
2728    386    400    0.965
2729    314    400    0.785
2730    226    400    0.565
2731    146    400    0.365
2732    130    400    0.325
2733    130    400    0.325
2734    130    400    0.325
2735    130    400    0.325
2736    130    400    0.325
2737    130    400    0.325
2738    130    400    0.325
2739    130    400    0.325
2740    130    400    0.325
2741    130    400    0.325
2742    130    400    0.325
2743    130    400    0.325
2744    130    400    0.325
2745    129    400    0.3225
2746    320    400    0.8
2747    296    400    0.74
2748    338    400    0.845
2749    336    400    0.84
2750    224    400    0.56
2751    352    400    0.88
2752    336    400    0.84
2753    376    400    0.94
2754    328    400    0.82
2755    248    400    0.62
2756    320    400    0.8
2757    400    400    1.0
2758    400    400    1.0
2759    192    400    0.48
2760    384    400    0.96
2761    320    400    0.8
2762    192    400    0.48
2763    392    400    0.98
2764    392    400    0.98
2765    264    400    0.66
2766    192    400    0.48
2767    400    400    1.0
2768    280    400    0.7
2769    192    400    0.48
2770    256    400    0.64
2771    336    400    0.84
2772    320    400    0.8
2773    144    400    0.36
2774    256    400    0.64
2775    256    400    0.64
2776    368    400    0.92
2777    352    400    0.88
2778    336    400    0.84
2779    400    400    1.0
2780    400    400    1.0
2781    320    400    0.8
2782    192    400    0.48
2783    152    400    0.38
2784    152    400    0.38
2785    152    400    0.38
2786    144    400    0.36
2787    144    400    0.36
2788    400    400    1.0
2789    368    400    0.92
2790    368    400    0.92
2791    320    400    0.8
2792    393    400    0.9825
2793    360    400    0.9
2794    400    400    1.0
2795    368    400    0.92
2796    224    400    0.56
2797    328    400    0.82
2798    320    400    0.8
2799    320    400    0.8
2800    352    400    0.88
2801    384    400    0.96
2802    320    400    0.8
2803    360    400    0.9
2804    392    400    0.98
2805    368    400    0.92
2806    328    400    0.82
2807    400    400    1.0
2808    328    400    0.82
2809    368    400    0.92
2810    328    400    0.82
2811    352    400    0.88
2812    368    400    0.92
2813    385    400    0.9625
2814    345    400    0.8625
2815    273    400    0.6825
2816    273    400    0.6825
2817    273    400    0.6825
2818    385    400    0.9625
2819    384    400    0.96
2820    377    400    0.9425
2821    400    400    1.0
2822    320    400    0.8
2823    312    400    0.78
2824    192    400    0.48
2825    136    400    0.34
2826    400    400    1.0
2827    392    400    0.98
2828    360    400    0.9
2829    328    400    0.82
2830    392    400    0.98
2831    217    400    0.5425
2832    385    400    0.9625
2833    385    400    0.9625
2834    376    400    0.94
2835    312    400    0.78
2836    376    400    0.94
2837    312    400    0.78
2838    200    400    0.5
2839    392    400    0.98
2840    400    400    1.0
2841    392    400    0.98
2842    306    400    0.765
2843    337    400    0.8425
2844    185    400    0.4625
2845    265    400    0.6625
2846    257    400    0.6425
2847    257    400    0.6425
2848    257    400    0.6425
2849    312    400    0.78
2850    377    400    0.9425
2851    369    400    0.9225
2852    353    400    0.8825
2853    353    400    0.8825
2854    305    400    0.7625
2855    336    400    0.84
2856    320    400    0.8
2857    288    400    0.72
2858    256    400    0.64
2859    256    400    0.64
2860    376    400    0.94
2861    288    400    0.72
2862    192    400    0.48
2863    400    400    1.0
2864    307    400    0.7675
2865    258    400    0.645
2866    354    400    0.885
2867    354    400    0.885
2868    290    400    0.725
2869    322    400    0.805
2870    322    400    0.805
2871    225    400    0.5625
2872    144    400    0.36
2873    360    400    0.9
2874    336    400    0.84
2875    376    400    0.94
2876    312    400    0.78
2877    396    400    0.99
2878    312    400    0.78
2879    296    400    0.74
2880    332    400    0.83
2881    276    400    0.69
2882    261    400    0.6525
2883    345    400    0.8625
2884    297    400    0.7425
2885    193    400    0.4825
2886    145    400    0.3625
2887    272    400    0.68
2888    256    400    0.64
2889    256    400    0.64
2890    256    400    0.64
2891    256    400    0.64
2892    128    400    0.32
2893    0    400    0.0
2894    0    400    0.0
2895    0    400    0.0
2896    0    400    0.0
2897    0    400    0.0
2898    8    400    0.02
2899    1    400    0.0025
2900    144    400    0.36
2901    193    400    0.4825
2902    208    400    0.52
2903    208    400    0.52
2904    221    400    0.5525
2905    206    400    0.515
2906    222    400    0.555
2907    202    400    0.505
2908    214    400    0.535
2909    272    400    0.68
2910    282    400    0.705
2911    181    400    0.4525
2912    169    400    0.4225
2913    320    400    0.8
2914    288    400    0.72
2915    354    400    0.885
2916    316    400    0.79
2917    336    400    0.84
2918    352    400    0.88
2919    352    400    0.88
2920    344    400    0.86
2921    236    400    0.59
2922    176    400    0.44
2923    392    400    0.98
2924    372    400    0.93
2925    368    400    0.92
2926    332    400    0.83
2927    304    400    0.76
2928    232    400    0.58
2929    372    400    0.93
2930    360    400    0.9
2931    320    400    0.8
2932    16    400    0.04
2933    0    400    0.0
2934    128    400    0.32
2935    128    400    0.32
2936    239    400    0.5975
2937    80    400    0.2
2938    176    400    0.44
2939    144    400    0.36
2940    248    400    0.62
2941    256    400    0.64
2942    336    400    0.84
2943    332    400    0.83
2944    336    400    0.84
2945    320    400    0.8
2946    333    400    0.8325
2947    336    400    0.84
2948    336    400    0.84
2949    336    400    0.84
2950    336    400    0.84
2951    336    400    0.84
2952    304    400    0.76
2953    336    400    0.84
2954    337    400    0.8425
2955    256    400    0.64
2956    336    400    0.84
2957    384    400    0.96
2958    292    400    0.73
2959    388    400    0.97
2960    324    400    0.81
2961    284    400    0.71
2962    8    400    0.02
2963    41    400    0.1025
2964    45    400    0.1125
2965    25    400    0.0625
2966    1    400    0.0025
2967    105    400    0.2625
2968    314    400    0.785
2969    274    400    0.685
2970    322    400    0.805
2971    326    400    0.815
2972    312    400    0.78
2973    228    400    0.57
2974    200    400    0.5
2975    376    400    0.94
2976    320    400    0.8
2977    360    400    0.9
2978    344    400    0.86
2979    216    400    0.54
2980    188    400    0.47
2981    344    400    0.86
2982    232    400    0.58
2983    264    400    0.66
2984    264    400    0.66
2985    264    400    0.66
2986    256    400    0.64
2987    272    400    0.68
2988    332    400    0.83
2989    372    400    0.93
2990    372    400    0.93
2991    328    400    0.82
2992    361    400    0.9025
2993    392    400    0.98
2994    360    400    0.9
2995    336    400    0.84
2996    196    400    0.49
2997    236    400    0.59
2998    308    400    0.77
2999    348    400    0.87
3000    316    400    0.79
3001    316    400    0.79
3002    284    400    0.71
3003    376    400    0.94
3004    348    400    0.87
3005    324    400    0.81
3006    232    400    0.58
3007    252    400    0.63
3008    268    400    0.67
3009    268    400    0.67
3010    316    400    0.79
3011    352    400    0.88
3012    364    400    0.91
3013    376    400    0.94
3014    348    400    0.87
3015    396    400    0.99
3016    388    400    0.97
3017    156    400    0.39
3018    352    400    0.88
3019    376    400    0.94
3020    320    400    0.8
3021    240    400    0.6
3022    168    400    0.42
3023    224    400    0.56
3024    208    400    0.52
3025    288    400    0.72
3026    240    400    0.6
3027    280    400    0.7
3028    192    400    0.48
3029    320    400    0.8
3030    320    400    0.8
3031    304    400    0.76
3032    288    400    0.72
3033    224    400    0.56
3034    64    400    0.16
3035    256    400    0.64
3036    214    400    0.535
3037    332    400    0.83
3038    236    400    0.59
3039    328    400    0.82
3040    272    400    0.68
3041    212    400    0.53
3042    120    400    0.3
3043    232    400    0.58
3044    160    400    0.4
3045    190    400    0.475
3046    157    400    0.3925
3047    204    400    0.51
3048    276    400    0.69
3049    288    400    0.72
3050    186    400    0.465
3051    104    400    0.26
3052    88    400    0.22
3053    108    400    0.27
3054    144    400    0.36
3055    136    400    0.34
3056    133    400    0.3325
3057    96    400    0.24
3058    148    400    0.37
3059    200    400    0.5
3060    184    400    0.46
3061    260    400    0.65
3062    328    400    0.82
3063    152    400    0.38
3064    216    400    0.54
3065    284    400    0.71
3066    192    400    0.48
3067    180    400    0.45
3068    268    400    0.67
3069    220    400    0.55
3070    220    400    0.55
3071    220    400    0.55
3072    220    400    0.55
3073    228    400    0.57
3074    316    400    0.79
3075    192    400    0.48
3076    393    400    0.9825
3077    265    400    0.6625
3078    205    400    0.5125
3079    221    400    0.5525
3080    221    400    0.5525
3081    221    400    0.5525
3082    221    400    0.5525
3083    220    400    0.55
3084    212    400    0.53
3085    221    400    0.5525
3086    144    400    0.36
3087    304    400    0.76
3088    340    400    0.85
3089    220    400    0.55
3090    156    400    0.39
3091    148    400    0.37
3092    212    400    0.53
3093    189    400    0.4725
3094    101    400    0.2525
3095    81    400    0.2025
3096    80    400    0.2
3097    188    400    0.47
3098    228    400    0.57
3099    228    400    0.57
3100    228    400    0.57
3101    228    400    0.57
3102    220    400    0.55
3103    172    400    0.43
3104    304    400    0.76
3105    272    400    0.68
3106    256    400    0.64
3107    372    400    0.93
3108    372    400    0.93
3109    308    400    0.77
3110    388    400    0.97
3111    372    400    0.93
3112    300    400    0.75
3113    332    400    0.83
3114    293    400    0.7325
3115    245    400    0.6125
3116    237    400    0.5925
3117    237    400    0.5925
3118    237    400    0.5925
3119    237    400    0.5925
3120    237    400    0.5925
3121    237    400    0.5925
3122    301    400    0.7525
3123    228    400    0.57
3124    224    400    0.56
3125    208    400    0.52
3126    376    400    0.94
3127    384    400    0.96
3128    400    400    1.0
3129    260    400    0.65
3130    104    400    0.26
3131    88    400    0.22
3132    340    400    0.85
3133    376    400    0.94
3134    360    400    0.9
3135    252    400    0.63
3136    300    400    0.75
3137    208    400    0.52
3138    364    400    0.91
3139    384    400    0.96
3140    320    400    0.8
3141    232    400    0.58
3142    324    400    0.81
3143    348    400    0.87
3144    268    400    0.67
3145    244    400    0.61
3146    237    400    0.5925
3147    285    400    0.7125
3148    285    400    0.7125
3149    221    400    0.5525
3150    221    400    0.5525
3151    221    400    0.5525
3152    220    400    0.55
3153    220    400    0.55
3154    220    400    0.55
3155    220    400    0.55
3156    268    400    0.67
3157    348    400    0.87
3158    220    400    0.55
3159    284    400    0.71
3160    220    400    0.55
3161    220    400    0.55
3162    177    400    0.4425
3163    28    400    0.07
3164    0    400    0.0
3165    0    400    0.0
3166    0    400    0.0
3167    8    400    0.02
3168    8    400    0.02
3169    0    400    0.0
3170    0    400    0.0
3171    0    400    0.0
3172    0    400    0.0
3173    0    400    0.0
3174    0    400    0.0
3175    0    400    0.0
3176    0    400    0.0
3177    0    400    0.0
3178    0    400    0.0
3179    0    400    0.0
3180    0    400    0.0
3181    0    400    0.0
3182    0    400    0.0
3183    64    400    0.16
3184    64    400    0.16
3185    0    400    0.0
3186    0    400    0.0
3187    0    400    0.0
3188    0    400    0.0
3189    0    400    0.0
3190    0    400    0.0
3191    0    400    0.0
3192    0    400    0.0
3193    0    400    0.0
3194    0    400    0.0
3195    0    400    0.0
3196    0    400    0.0
3197    0    400    0.0
3198    0    400    0.0
3199    0    400    0.0
3200    0    400    0.0
3201    0    400    0.0
3202    0    400    0.0
3203    0    400    0.0
3204    0    400    0.0
3205    0    400    0.0
3206    0    400    0.0
3207    4    400    0.01
3208    4    400    0.01
3209    16    400    0.04
3210    0    400    0.0
3211    0    400    0.0
3212    0    400    0.0
3213    84    400    0.21
3214    220    400    0.55
3215    236    400    0.59
3216    314    400    0.785
3217    272    400    0.68
3218    388    400    0.97
3219    376    400    0.94
3220    372    400    0.93
3221    280    400    0.7
3222    360    400    0.9
3223    364    400    0.91
3224    372    400    0.93
3225    380    400    0.95
3226    344    400    0.86
3227    284    400    0.71
3228    272    400    0.68
3229    64    400    0.16
3230    0    400    0.0
