#timestep  occupied  total  utilization
1    64    400    0.16
2    64    400    0.16
3    0    400    0.0
4    0    400    0.0
5    0    400    0.0
6    0    400    0.0
7    0    400    0.0
8    0    400    0.0
9    0    400    0.0
10    0    400    0.0
11    0    400    0.0
12    0    400    0.0
13    0    400    0.0
14    0    400    0.0
15    0    400    0.0
16    0    400    0.0
17    0    400    0.0
18    0    400    0.0
19    128    400    0.32
20    128    400    0.32
21    128    400    0.32
22    128    400    0.32
23    0    400    0.0
24    0    400    0.0
25    0    400    0.0
26    0    400    0.0
27    384    400    0.96
28    384    400    0.96
29    384    400    0.96
30    64    400    0.16
31    64    400    0.16
32    1    400    0.0025
33    1    400    0.0025
34    16    400    0.04
35    224    400    0.56
36    128    400    0.32
37    128    400    0.32
38    0    400    0.0
39    0    400    0.0
40    224    400    0.56
41    351    400    0.8775
42    351    400    0.8775
43    319    400    0.7975
44    350    400    0.875
45    352    400    0.88
46    352    400    0.88
47    400    400    1.0
48    380    400    0.95
49    384    400    0.96
50    400    400    1.0
51    384    400    0.96
52    384    400    0.96
53    380    400    0.95
54    395    400    0.9875
55    258    400    0.645
56    395    400    0.9875
57    207    400    0.5175
58    175    400    0.4375
59    174    400    0.435
60    94    400    0.235
61    190    400    0.475
62    270    400    0.675
63    206    400    0.515
64    366    400    0.915
65    384    400    0.96
66    384    400    0.96
67    384    400    0.96
68    379    400    0.9475
69    341    400    0.8525
70    352    400    0.88
71    400    400    1.0
72    361    400    0.9025
73    158    400    0.395
74    384    400    0.96
75    1    400    0.0025
76    32    400    0.08
77    0    400    0.0
78    32    400    0.08
79    224    400    0.56
80    226    400    0.565
81    368    400    0.92
82    400    400    1.0
83    256    400    0.64
84    160    400    0.4
85    160    400    0.4
86    352    400    0.88
87    320    400    0.8
88    304    400    0.76
89    400    400    1.0
90    336    400    0.84
91    336    400    0.84
92    336    400    0.84
93    336    400    0.84
94    400    400    1.0
95    400    400    1.0
96    337    400    0.8425
97    353    400    0.8825
98    304    400    0.76
99    288    400    0.72
100    208    400    0.52
101    209    400    0.5225
102    176    400    0.44
103    160    400    0.4
104    160    400    0.4
105    224    400    0.56
106    192    400    0.48
107    224    400    0.56
108    64    400    0.16
109    128    400    0.32
110    160    400    0.4
111    112    400    0.28
112    112    400    0.28
113    240    400    0.6
114    384    400    0.96
115    400    400    1.0
116    383    400    0.9575
117    375    400    0.9375
118    361    400    0.9025
119    289    400    0.7225
120    272    400    0.68
121    128    400    0.32
122    384    400    0.96
123    384    400    0.96
124    384    400    0.96
125    321    400    0.8025
126    384    400    0.96
127    384    400    0.96
128    361    400    0.9025
129    256    400    0.64
130    352    400    0.88
131    352    400    0.88
132    384    400    0.96
133    352    400    0.88
134    384    400    0.96
135    368    400    0.92
136    384    400    0.96
137    384    400    0.96
138    400    400    1.0
139    400    400    1.0
140    337    400    0.8425
141    273    400    0.6825
142    348    400    0.87
143    378    400    0.945
144    378    400    0.945
145    346    400    0.865
146    346    400    0.865
147    378    400    0.945
148    378    400    0.945
149    346    400    0.865
150    394    400    0.985
151    394    400    0.985
152    298    400    0.745
153    298    400    0.745
154    362    400    0.905
155    346    400    0.865
156    346    400    0.865
157    394    400    0.985
158    394    400    0.985
159    394    400    0.985
160    394    400    0.985
161    394    400    0.985
162    362    400    0.905
163    395    400    0.9875
164    395    400    0.9875
165    347    400    0.8675
166    347    400    0.8675
167    347    400    0.8675
168    395    400    0.9875
169    395    400    0.9875
170    395    400    0.9875
171    395    400    0.9875
172    394    400    0.985
173    394    400    0.985
174    275    400    0.6875
175    384    400    0.96
176    384    400    0.96
177    384    400    0.96
178    320    400    0.8
179    384    400    0.96
180    368    400    0.92
181    368    400    0.92
182    368    400    0.92
183    324    400    0.81
184    370    400    0.925
185    369    400    0.9225
186    352    400    0.88
187    384    400    0.96
188    384    400    0.96
189    368    400    0.92
190    368    400    0.92
191    384    400    0.96
192    336    400    0.84
193    400    400    1.0
194    400    400    1.0
195    384    400    0.96
196    321    400    0.8025
197    385    400    0.9625
198    321    400    0.8025
199    273    400    0.6825
200    385    400    0.9625
201    385    400    0.9625
202    369    400    0.9225
203    353    400    0.8825
204    288    400    0.72
205    288    400    0.72
206    336    400    0.84
207    400    400    1.0
208    400    400    1.0
209    352    400    0.88
210    312    400    0.78
211    312    400    0.78
212    296    400    0.74
213    392    400    0.98
214    378    400    0.945
215    378    400    0.945
216    386    400    0.965
217    386    400    0.965
218    322    400    0.805
219    386    400    0.965
220    386    400    0.965
221    385    400    0.9625
222    288    400    0.72
223    320    400    0.8
224    294    400    0.735
225    400    400    1.0
226    273    400    0.6825
227    385    400    0.9625
228    369    400    0.9225
229    385    400    0.9625
230    385    400    0.9625
231    385    400    0.9625
232    386    400    0.965
233    226    400    0.565
234    352    400    0.88
235    384    400    0.96
236    384    400    0.96
237    384    400    0.96
238    384    400    0.96
239    384    400    0.96
240    352    400    0.88
241    352    400    0.88
242    352    400    0.88
243    352    400    0.88
244    400    400    1.0
245    353    400    0.8825
246    321    400    0.8025
247    369    400    0.9225
248    384    400    0.96
249    368    400    0.92
250    384    400    0.96
251    336    400    0.84
252    320    400    0.8
253    304    400    0.76
254    304    400    0.76
255    384    400    0.96
256    384    400    0.96
257    352    400    0.88
258    241    400    0.6025
259    385    400    0.9625
260    353    400    0.8825
261    353    400    0.8825
262    353    400    0.8825
263    384    400    0.96
264    384    400    0.96
265    368    400    0.92
266    385    400    0.9625
267    337    400    0.8425
268    369    400    0.9225
269    337    400    0.8425
270    385    400    0.9625
271    385    400    0.9625
272    321    400    0.8025
273    353    400    0.8825
274    353    400    0.8825
275    369    400    0.9225
276    243    400    0.6075
277    193    400    0.4825
278    385    400    0.9625
279    369    400    0.9225
280    385    400    0.9625
281    385    400    0.9625
282    385    400    0.9625
283    288    400    0.72
284    356    400    0.89
285    388    400    0.97
286    354    400    0.885
287    368    400    0.92
288    337    400    0.8425
289    272    400    0.68
290    272    400    0.68
291    208    400    0.52
292    128    400    0.32
293    352    400    0.88
294    288    400    0.72
295    400    400    1.0
296    400    400    1.0
297    272    400    0.68
298    392    400    0.98
299    224    400    0.56
300    224    400    0.56
301    176    400    0.44
302    297    400    0.7425
303    288    400    0.72
304    400    400    1.0
305    320    400    0.8
306    384    400    0.96
307    384    400    0.96
308    384    400    0.96
309    384    400    0.96
310    392    400    0.98
311    368    400    0.92
312    352    400    0.88
313    352    400    0.88
314    320    400    0.8
315    320    400    0.8
316    400    400    1.0
317    384    400    0.96
318    288    400    0.72
319    321    400    0.8025
320    337    400    0.8425
321    305    400    0.7625
322    400    400    1.0
323    352    400    0.88
324    352    400    0.88
325    384    400    0.96
326    384    400    0.96
327    384    400    0.96
328    384    400    0.96
329    369    400    0.9225
330    192    400    0.48
331    64    400    0.16
332    144    400    0.36
333    81    400    0.2025
334    80    400    0.2
335    80    400    0.2
336    16    400    0.04
337    80    400    0.2
338    176    400    0.44
339    288    400    0.72
340    288    400    0.72
341    288    400    0.72
342    368    400    0.92
343    400    400    1.0
344    400    400    1.0
345    384    400    0.96
346    384    400    0.96
347    352    400    0.88
348    288    400    0.72
349    384    400    0.96
350    384    400    0.96
351    384    400    0.96
352    352    400    0.88
353    352    400    0.88
354    368    400    0.92
355    368    400    0.92
356    352    400    0.88
357    400    400    1.0
358    384    400    0.96
359    384    400    0.96
360    352    400    0.88
361    352    400    0.88
362    369    400    0.9225
363    321    400    0.8025
364    352    400    0.88
365    400    400    1.0
366    384    400    0.96
367    320    400    0.8
368    384    400    0.96
369    393    400    0.9825
370    392    400    0.98
371    392    400    0.98
372    368    400    0.92
373    400    400    1.0
374    320    400    0.8
375    352    400    0.88
376    352    400    0.88
377    376    400    0.94
378    361    400    0.9025
379    312    400    0.78
380    336    400    0.84
381    336    400    0.84
382    372    400    0.93
383    308    400    0.77
384    276    400    0.69
385    277    400    0.6925
386    148    400    0.37
387    98    400    0.245
388    356    400    0.89
389    376    400    0.94
390    280    400    0.7
391    400    400    1.0
392    400    400    1.0
393    384    400    0.96
394    320    400    0.8
395    384    400    0.96
396    397    400    0.9925
397    304    400    0.76
398    136    400    0.34
399    233    400    0.5825
400    248    400    0.62
401    352    400    0.88
402    384    400    0.96
403    384    400    0.96
404    384    400    0.96
405    315    400    0.7875
406    392    400    0.98
407    224    400    0.56
408    280    400    0.7
409    240    400    0.6
410    256    400    0.64
411    181    400    0.4525
412    52    400    0.13
413    4    400    0.01
414    16    400    0.04
415    56    400    0.14
416    168    400    0.42
417    64    400    0.16
418    64    400    0.16
419    200    400    0.5
420    136    400    0.34
421    72    400    0.18
422    350    400    0.875
423    398    400    0.995
424    350    400    0.875
425    337    400    0.8425
426    337    400    0.8425
427    385    400    0.9625
428    384    400    0.96
429    278    400    0.695
430    236    400    0.59
431    144    400    0.36
432    369    400    0.9225
433    329    400    0.8225
434    398    400    0.995
435    382    400    0.955
436    201    400    0.5025
437    138    400    0.345
438    141    400    0.3525
439    106    400    0.265
440    330    400    0.825
441    386    400    0.965
442    397    400    0.9925
443    397    400    0.9925
444    345    400    0.8625
445    389    400    0.9725
446    389    400    0.9725
447    389    400    0.9725
448    389    400    0.9725
449    389    400    0.9725
450    389    400    0.9725
451    389    400    0.9725
452    382    400    0.955
453    346    400    0.865
454    369    400    0.9225
455    345    400    0.8625
456    393    400    0.9825
457    385    400    0.9625
458    385    400    0.9625
459    392    400    0.98
460    392    400    0.98
461    400    400    1.0
462    389    400    0.9725
463    385    400    0.9625
464    393    400    0.9825
465    321    400    0.8025
466    337    400    0.8425
467    347    400    0.8675
468    385    400    0.9625
469    369    400    0.9225
470    384    400    0.96
471    392    400    0.98
472    388    400    0.97
473    249    400    0.6225
474    346    400    0.865
475    201    400    0.5025
476    261    400    0.6525
477    385    400    0.9625
478    385    400    0.9625
479    233    400    0.5825
480    153    400    0.3825
481    192    400    0.48
482    264    400    0.66
483    345    400    0.8625
484    388    400    0.97
485    340    400    0.85
486    340    400    0.85
487    340    400    0.85
488    344    400    0.86
489    392    400    0.98
490    392    400    0.98
491    314    400    0.785
492    310    400    0.775
493    398    400    0.995
494    311    400    0.7775
495    246    400    0.615
496    210    400    0.525
497    186    400    0.465
498    186    400    0.465
499    26    400    0.065
500    0    400    0.0
501    0    400    0.0
502    0    400    0.0
503    109    400    0.2725
504    301    400    0.7525
505    352    400    0.88
506    96    400    0.24
507    96    400    0.24
508    96    400    0.24
509    96    400    0.24
510    96    400    0.24
511    340    400    0.85
512    400    400    1.0
513    396    400    0.99
514    400    400    1.0
515    308    400    0.77
516    185    400    0.4625
517    196    400    0.49
518    293    400    0.7325
519    165    400    0.4125
520    56    400    0.14
521    24    400    0.06
522    4    400    0.01
523    4    400    0.01
524    0    400    0.0
525    0    400    0.0
526    0    400    0.0
527    385    400    0.9625
528    385    400    0.9625
529    388    400    0.97
530    387    400    0.9675
531    290    400    0.725
532    354    400    0.885
533    258    400    0.645
534    385    400    0.9625
535    385    400    0.9625
536    353    400    0.8825
537    400    400    1.0
538    400    400    1.0
539    320    400    0.8
540    400    400    1.0
541    376    400    0.94
542    384    400    0.96
543    400    400    1.0
544    394    400    0.985
545    399    400    0.9975
546    281    400    0.7025
547    387    400    0.9675
548    385    400    0.9625
549    392    400    0.98
550    397    400    0.9925
551    385    400    0.9625
552    392    400    0.98
553    204    400    0.51
554    392    400    0.98
555    372    400    0.93
556    288    400    0.72
557    384    400    0.96
558    265    400    0.6625
559    337    400    0.8425
560    280    400    0.7
561    288    400    0.72
562    304    400    0.76
563    288    400    0.72
564    344    400    0.86
565    360    400    0.9
566    225    400    0.5625
567    69    400    0.1725
568    48    400    0.12
569    2    400    0.005
570    93    400    0.2325
571    381    400    0.9525
572    340    400    0.85
573    376    400    0.94
574    344    400    0.86
575    217    400    0.5425
576    249    400    0.6225
577    256    400    0.64
578    168    400    0.42
579    152    400    0.38
580    200    400    0.5
581    176    400    0.44
582    169    400    0.4225
583    169    400    0.4225
584    168    400    0.42
585    168    400    0.42
586    232    400    0.58
587    164    400    0.41
588    152    400    0.38
589    200    400    0.5
590    184    400    0.46
591    201    400    0.5025
592    152    400    0.38
593    252    400    0.63
594    393    400    0.9825
595    372    400    0.93
596    388    400    0.97
597    388    400    0.97
598    388    400    0.97
599    385    400    0.9625
600    362    400    0.905
601    394    400    0.985
602    328    400    0.82
603    392    400    0.98
604    376    400    0.94
605    256    400    0.64
606    392    400    0.98
607    375    400    0.9375
608    221    400    0.5525
609    206    400    0.515
610    189    400    0.4725
611    236    400    0.59
612    233    400    0.5825
613    344    400    0.86
614    272    400    0.68
615    352    400    0.88
616    271    400    0.6775
617    346    400    0.865
618    352    400    0.88
619    316    400    0.79
620    230    400    0.575
621    331    400    0.8275
622    376    400    0.94
623    344    400    0.86
624    354    400    0.885
625    0    400    0.0
626    0    400    0.0
627    0    400    0.0
628    0    400    0.0
629    0    400    0.0
630    58    400    0.145
631    374    400    0.935
632    350    400    0.875
633    310    400    0.775
634    282    400    0.705
635    282    400    0.705
636    282    400    0.705
637    376    400    0.94
638    398    400    0.995
639    390    400    0.975
640    400    400    1.0
641    375    400    0.9375
642    379    400    0.9475
643    382    400    0.955
644    394    400    0.985
645    398    400    0.995
646    390    400    0.975
647    384    400    0.96
648    268    400    0.67
649    272    400    0.68
650    104    400    0.26
651    169    400    0.4225
652    301    400    0.7525
653    265    400    0.6625
654    169    400    0.4225
655    280    400    0.7
656    372    400    0.93
657    384    400    0.96
658    352    400    0.88
659    352    400    0.88
660    400    400    1.0
661    400    400    1.0
662    388    400    0.97
663    259    400    0.6475
664    352    400    0.88
665    388    400    0.97
666    344    400    0.86
667    352    400    0.88
668    384    400    0.96
669    352    400    0.88
670    332    400    0.83
671    176    400    0.44
672    108    400    0.27
673    100    400    0.25
674    225    400    0.5625
675    331    400    0.8275
676    331    400    0.8275
677    43    400    0.1075
678    97    400    0.2425
679    129    400    0.3225
680    132    400    0.33
681    108    400    0.27
682    189    400    0.4725
683    224    400    0.56
684    184    400    0.46
685    208    400    0.52
686    76    400    0.19
687    72    400    0.18
688    64    400    0.16
689    192    400    0.48
690    317    400    0.7925
691    329    400    0.8225
692    217    400    0.5425
693    268    400    0.67
694    152    400    0.38
695    0    400    0.0
696    0    400    0.0
697    0    400    0.0
698    0    400    0.0
699    0    400    0.0
700    0    400    0.0
701    0    400    0.0
702    128    400    0.32
703    0    400    0.0
704    0    400    0.0
705    0    400    0.0
706    0    400    0.0
707    0    400    0.0
708    0    400    0.0
709    0    400    0.0
710    0    400    0.0
711    0    400    0.0
712    0    400    0.0
713    0    400    0.0
714    0    400    0.0
715    0    400    0.0
716    0    400    0.0
717    0    400    0.0
718    62    400    0.155
719    190    400    0.475
720    358    400    0.895
721    294    400    0.735
722    382    400    0.955
723    360    400    0.9
724    360    400    0.9
725    282    400    0.705
726    327    400    0.8175
727    343    400    0.8575
728    343    400    0.8575
729    391    400    0.9775
730    363    400    0.9075
731    393    400    0.9825
732    350    400    0.875
733    354    400    0.885
734    398    400    0.995
735    352    400    0.88
736    392    400    0.98
737    380    400    0.95
738    384    400    0.96
739    348    400    0.87
740    397    400    0.9925
741    312    400    0.78
742    345    400    0.8625
743    378    400    0.945
744    279    400    0.6975
745    307    400    0.7675
746    383    400    0.9575
747    383    400    0.9575
748    379    400    0.9475
749    383    400    0.9575
750    330    400    0.825
751    294    400    0.735
752    218    400    0.545
753    302    400    0.755
754    280    400    0.7
755    364    400    0.91
756    400    400    1.0
757    384    400    0.96
758    298    400    0.745
759    376    400    0.94
760    338    400    0.845
761    375    400    0.9375
762    387    400    0.9675
763    390    400    0.975
764    310    400    0.775
765    224    400    0.56
766    256    400    0.64
767    318    400    0.795
768    223    400    0.5575
769    62    400    0.155
770    135    400    0.3375
771    124    400    0.31
772    178    400    0.445
773    142    400    0.355
774    326    400    0.815
775    228    400    0.57
776    224    400    0.56
777    251    400    0.6275
778    246    400    0.615
779    182    400    0.455
780    97    400    0.2425
781    121    400    0.3025
782    53    400    0.1325
783    98    400    0.245
784    91    400    0.2275
785    224    400    0.56
786    272    400    0.68
787    122    400    0.305
788    100    400    0.25
789    321    400    0.8025
790    265    400    0.6625
791    228    400    0.57
792    348    400    0.87
793    332    400    0.83
794    304    400    0.76
795    392    400    0.98
796    392    400    0.98
797    325    400    0.8125
798    339    400    0.8475
799    135    400    0.3375
800    136    400    0.34
801    193    400    0.4825
802    385    400    0.9625
803    372    400    0.93
804    372    400    0.93
805    304    400    0.76
806    385    400    0.9625
807    353    400    0.8825
808    352    400    0.88
809    393    400    0.9825
810    328    400    0.82
811    320    400    0.8
812    384    400    0.96
813    384    400    0.96
814    384    400    0.96
815    380    400    0.95
816    396    400    0.99
817    396    400    0.99
818    400    400    1.0
819    388    400    0.97
820    400    400    1.0
821    396    400    0.99
822    388    400    0.97
823    340    400    0.85
824    384    400    0.96
825    384    400    0.96
826    384    400    0.96
827    384    400    0.96
828    384    400    0.96
829    384    400    0.96
830    384    400    0.96
831    356    400    0.89
832    400    400    1.0
833    384    400    0.96
834    372    400    0.93
835    344    400    0.86
836    348    400    0.87
837    395    400    0.9875
838    390    400    0.975
839    388    400    0.97
840    355    400    0.8875
841    288    400    0.72
842    393    400    0.9825
843    376    400    0.94
844    348    400    0.87
845    380    400    0.95
846    356    400    0.89
847    392    400    0.98
848    400    400    1.0
849    388    400    0.97
850    392    400    0.98
851    365    400    0.9125
852    372    400    0.93
853    369    400    0.9225
854    400    400    1.0
855    400    400    1.0
856    392    400    0.98
857    400    400    1.0
858    393    400    0.9825
859    386    400    0.965
860    377    400    0.9425
861    277    400    0.6925
862    385    400    0.9625
863    385    400    0.9625
864    385    400    0.9625
865    329    400    0.8225
866    374    400    0.935
867    331    400    0.8275
868    373    400    0.9325
869    388    400    0.97
870    368    400    0.92
871    280    400    0.7
872    340    400    0.85
873    368    400    0.92
874    376    400    0.94
875    352    400    0.88
876    345    400    0.8625
877    380    400    0.95
878    276    400    0.69
879    223    400    0.5575
880    368    400    0.92
881    400    400    1.0
882    392    400    0.98
883    364    400    0.91
884    151    400    0.3775
885    352    400    0.88
886    388    400    0.97
887    384    400    0.96
888    388    400    0.97
889    287    400    0.7175
890    347    400    0.8675
891    321    400    0.8025
892    268    400    0.67
893    396    400    0.99
894    264    400    0.66
895    304    400    0.76
896    196    400    0.49
897    357    400    0.8925
898    238    400    0.595
899    304    400    0.76
900    352    400    0.88
901    243    400    0.6075
902    143    400    0.3575
903    130    400    0.325
904    385    400    0.9625
905    385    400    0.9625
906    385    400    0.9625
907    272    400    0.68
908    384    400    0.96
909    384    400    0.96
910    384    400    0.96
911    384    400    0.96
912    384    400    0.96
913    384    400    0.96
914    384    400    0.96
915    400    400    1.0
916    356    400    0.89
917    388    400    0.97
918    320    400    0.8
919    132    400    0.33
920    128    400    0.32
921    355    400    0.8875
922    256    400    0.64
923    208    400    0.52
924    81    400    0.2025
925    80    400    0.2
926    192    400    0.48
927    1    400    0.0025
928    120    400    0.3
929    288    400    0.72
930    388    400    0.97
931    364    400    0.91
932    374    400    0.935
933    342    400    0.855
934    400    400    1.0
935    384    400    0.96
936    384    400    0.96
937    349    400    0.8725
938    332    400    0.83
939    399    400    0.9975
940    338    400    0.845
941    280    400    0.7
942    396    400    0.99
943    388    400    0.97
944    388    400    0.97
945    372    400    0.93
946    400    400    1.0
947    390    400    0.975
948    388    400    0.97
949    400    400    1.0
950    386    400    0.965
951    388    400    0.97
952    216    400    0.54
953    364    400    0.91
954    308    400    0.77
955    380    400    0.95
956    400    400    1.0
957    394    400    0.985
958    380    400    0.95
959    392    400    0.98
960    338    400    0.845
961    307    400    0.7675
962    351    400    0.8775
963    271    400    0.6775
964    367    400    0.9175
965    351    400    0.8775
966    399    400    0.9975
967    387    400    0.9675
968    397    400    0.9925
969    344    400    0.86
970    336    400    0.84
971    364    400    0.91
972    340    400    0.85
973    376    400    0.94
974    388    400    0.97
975    398    400    0.995
976    394    400    0.985
977    388    400    0.97
978    343    400    0.8575
979    394    400    0.985
980    377    400    0.9425
981    397    400    0.9925
982    392    400    0.98
983    396    400    0.99
984    346    400    0.865
985    396    400    0.99
986    388    400    0.97
987    372    400    0.93
988    392    400    0.98
989    380    400    0.95
990    364    400    0.91
991    324    400    0.81
992    372    400    0.93
993    400    400    1.0
994    388    400    0.97
995    397    400    0.9925
996    365    400    0.9125
997    385    400    0.9625
998    317    400    0.7925
999    355    400    0.8875
1000    341    400    0.8525
1001    333    400    0.8325
1002    373    400    0.9325
1003    356    400    0.89
1004    398    400    0.995
1005    370    400    0.925
1006    376    400    0.94
1007    344    400    0.86
1008    400    400    1.0
1009    382    400    0.955
1010    288    400    0.72
1011    292    400    0.73
1012    156    400    0.39
1013    68    400    0.17
1014    0    400    0.0
1015    392    400    0.98
1016    384    400    0.96
1017    368    400    0.92
1018    394    400    0.985
1019    378    400    0.945
1020    350    400    0.875
1021    400    400    1.0
1022    334    400    0.835
1023    326    400    0.815
1024    286    400    0.715
1025    254    400    0.635
1026    256    400    0.64
1027    318    400    0.795
1028    318    400    0.795
1029    190    400    0.475
1030    206    400    0.515
1031    273    400    0.6825
1032    289    400    0.7225
1033    332    400    0.83
1034    142    400    0.355
1035    270    400    0.675
1036    191    400    0.4775
1037    129    400    0.3225
1038    273    400    0.6825
1039    337    400    0.8425
1040    399    400    0.9975
1041    383    400    0.9575
1042    391    400    0.9775
1043    398    400    0.995
1044    390    400    0.975
1045    302    400    0.755
1046    344    400    0.86
1047    283    400    0.7075
1048    358    400    0.895
1049    270    400    0.675
1050    273    400    0.6825
1051    96    400    0.24
1052    158    400    0.395
1053    159    400    0.3975
1054    277    400    0.6925
1055    252    400    0.63
1056    382    400    0.955
1057    350    400    0.875
1058    148    400    0.37
1059    277    400    0.6925
1060    209    400    0.5225
1061    325    400    0.8125
1062    258    400    0.645
1063    334    400    0.835
1064    175    400    0.4375
1065    311    400    0.7775
1066    343    400    0.8575
1067    375    400    0.9375
1068    391    400    0.9775
1069    393    400    0.9825
1070    384    400    0.96
1071    360    400    0.9
1072    400    400    1.0
1073    355    400    0.8875
1074    396    400    0.99
1075    379    400    0.9475
1076    382    400    0.955
1077    394    400    0.985
1078    328    400    0.82
1079    400    400    1.0
1080    384    400    0.96
1081    384    400    0.96
1082    320    400    0.8
1083    336    400    0.84
1084    388    400    0.97
1085    384    400    0.96
1086    384    400    0.96
1087    380    400    0.95
1088    397    400    0.9925
1089    376    400    0.94
1090    385    400    0.9625
1091    379    400    0.9475
1092    396    400    0.99
1093    345    400    0.8625
1094    377    400    0.9425
1095    389    400    0.9725
1096    390    400    0.975
1097    392    400    0.98
1098    376    400    0.94
1099    364    400    0.91
1100    394    400    0.985
1101    240    400    0.6
1102    176    400    0.44
1103    172    400    0.43
1104    184    400    0.46
1105    240    400    0.6
1106    236    400    0.59
1107    169    400    0.4225
1108    316    400    0.79
1109    388    400    0.97
1110    316    400    0.79
1111    352    400    0.88
1112    384    400    0.96
1113    396    400    0.99
1114    356    400    0.89
1115    395    400    0.9875
1116    392    400    0.98
1117    399    400    0.9975
1118    349    400    0.8725
1119    400    400    1.0
1120    376    400    0.94
1121    328    400    0.82
1122    311    400    0.7775
1123    329    400    0.8225
1124    372    400    0.93
1125    392    400    0.98
1126    358    400    0.895
1127    368    400    0.92
1128    328    400    0.82
1129    248    400    0.62
1130    248    400    0.62
1131    268    400    0.67
1132    291    400    0.7275
1133    363    400    0.9075
1134    392    400    0.98
1135    396    400    0.99
1136    344    400    0.86
1137    344    400    0.86
1138    360    400    0.9
1139    385    400    0.9625
1140    353    400    0.8825
1141    369    400    0.9225
1142    369    400    0.9225
1143    238    400    0.595
1144    274    400    0.685
1145    334    400    0.835
1146    398    400    0.995
1147    358    400    0.895
1148    389    400    0.9725
1149    131    400    0.3275
1150    94    400    0.235
1151    326    400    0.815
1152    310    400    0.775
1153    118    400    0.295
1154    310    400    0.775
1155    390    400    0.975
1156    372    400    0.93
1157    400    400    1.0
1158    285    400    0.7125
1159    297    400    0.7425
1160    253    400    0.6325
1161    233    400    0.5825
1162    310    400    0.775
1163    333    400    0.8325
1164    377    400    0.9425
1165    379    400    0.9475
1166    194    400    0.485
1167    218    400    0.545
1168    316    400    0.79
1169    368    400    0.92
1170    390    400    0.975
1171    386    400    0.965
1172    359    400    0.8975
1173    397    400    0.9925
1174    385    400    0.9625
1175    345    400    0.8625
1176    344    400    0.86
1177    394    400    0.985
1178    390    400    0.975
1179    383    400    0.9575
1180    362    400    0.905
1181    374    400    0.935
1182    350    400    0.875
1183    366    400    0.915
1184    387    400    0.9675
1185    339    400    0.8475
1186    387    400    0.9675
1187    385    400    0.9625
1188    385    400    0.9625
1189    355    400    0.8875
1190    390    400    0.975
1191    397    400    0.9925
1192    389    400    0.9725
1193    372    400    0.93
1194    376    400    0.94
1195    356    400    0.89
1196    280    400    0.7
1197    388    400    0.97
1198    360    400    0.9
1199    353    400    0.8825
1200    360    400    0.9
1201    200    400    0.5
1202    200    400    0.5
1203    216    400    0.54
1204    232    400    0.58
1205    380    400    0.95
1206    344    400    0.86
1207    384    400    0.96
1208    392    400    0.98
1209    361    400    0.9025
1210    376    400    0.94
1211    204    400    0.51
1212    244    400    0.61
1213    252    400    0.63
1214    276    400    0.69
1215    308    400    0.77
1216    388    400    0.97
1217    377    400    0.9425
1218    396    400    0.99
1219    400    400    1.0
1220    400    400    1.0
1221    352    400    0.88
1222    386    400    0.965
1223    393    400    0.9825
1224    397    400    0.9925
1225    389    400    0.9725
1226    381    400    0.9525
1227    397    400    0.9925
1228    357    400    0.8925
1229    389    400    0.9725
1230    365    400    0.9125
1231    341    400    0.8525
1232    393    400    0.9825
1233    372    400    0.93
1234    333    400    0.8325
1235    392    400    0.98
1236    352    400    0.88
1237    352    400    0.88
1238    400    400    1.0
1239    384    400    0.96
1240    371    400    0.9275
1241    339    400    0.8475
1242    346    400    0.865
1243    329    400    0.8225
1244    393    400    0.9825
1245    384    400    0.96
1246    352    400    0.88
1247    352    400    0.88
1248    393    400    0.9825
1249    385    400    0.9625
1250    332    400    0.83
1251    205    400    0.5125
1252    212    400    0.53
1253    400    400    1.0
1254    400    400    1.0
1255    400    400    1.0
1256    389    400    0.9725
1257    389    400    0.9725
1258    381    400    0.9525
1259    345    400    0.8625
1260    257    400    0.6425
1261    193    400    0.4825
1262    257    400    0.6425
1263    128    400    0.32
1264    128    400    0.32
1265    256    400    0.64
1266    272    400    0.68
1267    336    400    0.84
1268    321    400    0.8025
1269    384    400    0.96
1270    400    400    1.0
1271    400    400    1.0
1272    368    400    0.92
1273    339    400    0.8475
1274    338    400    0.845
1275    322    400    0.805
1276    138    400    0.345
1277    66    400    0.165
1278    66    400    0.165
1279    66    400    0.165
1280    1    400    0.0025
1281    208    400    0.52
1282    192    400    0.48
1283    128    400    0.32
1284    184    400    0.46
1285    376    400    0.94
1286    360    400    0.9
1287    384    400    0.96
1288    400    400    1.0
1289    368    400    0.92
1290    368    400    0.92
1291    393    400    0.9825
1292    369    400    0.9225
1293    369    400    0.9225
1294    337    400    0.8425
1295    385    400    0.9625
1296    385    400    0.9625
1297    385    400    0.9625
1298    385    400    0.9625
1299    385    400    0.9625
1300    256    400    0.64
1301    336    400    0.84
1302    272    400    0.68
1303    272    400    0.68
1304    272    400    0.68
1305    400    400    1.0
1306    400    400    1.0
1307    400    400    1.0
1308    400    400    1.0
1309    400    400    1.0
1310    400    400    1.0
1311    400    400    1.0
1312    400    400    1.0
1313    400    400    1.0
1314    400    400    1.0
1315    337    400    0.8425
1316    384    400    0.96
1317    384    400    0.96
1318    384    400    0.96
1319    320    400    0.8
1320    384    400    0.96
1321    128    400    0.32
1322    256    400    0.64
1323    385    400    0.9625
1324    385    400    0.9625
1325    385    400    0.9625
1326    385    400    0.9625
1327    337    400    0.8425
1328    337    400    0.8425
1329    224    400    0.56
1330    224    400    0.56
1331    284    400    0.71
1332    380    400    0.95
1333    396    400    0.99
1334    396    400    0.99
1335    384    400    0.96
1336    392    400    0.98
1337    396    400    0.99
1338    132    400    0.33
1339    296    400    0.74
1340    294    400    0.735
1341    113    400    0.2825
1342    385    400    0.9625
1343    337    400    0.8425
1344    277    400    0.6925
1345    389    400    0.9725
1346    205    400    0.5125
1347    197    400    0.4925
1348    129    400    0.3225
1349    193    400    0.4825
1350    209    400    0.5225
1351    393    400    0.9825
1352    209    400    0.5225
1353    221    400    0.5525
1354    381    400    0.9525
1355    353    400    0.8825
1356    353    400    0.8825
1357    385    400    0.9625
1358    385    400    0.9625
1359    357    400    0.8925
1360    330    400    0.825
1361    330    400    0.825
1362    202    400    0.505
1363    74    400    0.185
1364    151    400    0.3775
1365    267    400    0.6675
1366    355    400    0.8875
1367    371    400    0.9275
1368    385    400    0.9625
1369    397    400    0.9925
1370    388    400    0.97
1371    385    400    0.9625
1372    349    400    0.8725
1373    325    400    0.8125
1374    350    400    0.875
1375    389    400    0.9725
1376    397    400    0.9925
1377    381    400    0.9525
1378    397    400    0.9925
1379    373    400    0.9325
1380    353    400    0.8825
1381    353    400    0.8825
1382    385    400    0.9625
1383    400    400    1.0
1384    346    400    0.865
1385    281    400    0.7025
1386    329    400    0.8225
1387    361    400    0.9025
1388    361    400    0.9025
1389    360    400    0.9
1390    220    400    0.55
1391    185    400    0.4625
1392    184    400    0.46
1393    232    400    0.58
1394    251    400    0.6275
1395    307    400    0.7675
1396    311    400    0.7775
1397    316    400    0.79
1398    372    400    0.93
1399    300    400    0.75
1400    356    400    0.89
1401    276    400    0.69
1402    364    400    0.91
1403    304    400    0.76
1404    333    400    0.8325
1405    380    400    0.95
1406    188    400    0.47
1407    300    400    0.75
1408    364    400    0.91
1409    356    400    0.89
1410    392    400    0.98
1411    344    400    0.86
1412    376    400    0.94
1413    396    400    0.99
1414    388    400    0.97
1415    344    400    0.86
1416    372    400    0.93
1417    382    400    0.955
1418    280    400    0.7
1419    392    400    0.98
1420    381    400    0.9525
1421    276    400    0.69
1422    200    400    0.5
1423    368    400    0.92
1424    348    400    0.87
1425    372    400    0.93
1426    388    400    0.97
1427    356    400    0.89
1428    392    400    0.98
1429    376    400    0.94
1430    384    400    0.96
1431    352    400    0.88
1432    310    400    0.775
1433    206    400    0.515
1434    126    400    0.315
1435    78    400    0.195
1436    36    400    0.09
1437    0    400    0.0
1438    0    400    0.0
1439    20    400    0.05
1440    101    400    0.2525
1441    100    400    0.25
1442    0    400    0.0
1443    80    400    0.2
1444    80    400    0.2
1445    68    400    0.17
1446    4    400    0.01
1447    153    400    0.3825
1448    400    400    1.0
1449    388    400    0.97
1450    356    400    0.89
1451    356    400    0.89
1452    338    400    0.845
1453    378    400    0.945
1454    362    400    0.905
1455    394    400    0.985
1456    388    400    0.97
1457    396    400    0.99
1458    392    400    0.98
1459    328    400    0.82
1460    344    400    0.86
1461    400    400    1.0
1462    352    400    0.88
1463    384    400    0.96
1464    400    400    1.0
1465    396    400    0.99
1466    364    400    0.91
1467    388    400    0.97
1468    388    400    0.97
1469    400    400    1.0
1470    400    400    1.0
1471    388    400    0.97
1472    392    400    0.98
1473    372    400    0.93
1474    388    400    0.97
1475    372    400    0.93
1476    396    400    0.99
1477    336    400    0.84
1478    337    400    0.8425
1479    385    400    0.9625
1480    400    400    1.0
1481    376    400    0.94
1482    396    400    0.99
1483    400    400    1.0
1484    396    400    0.99
1485    380    400    0.95
1486    390    400    0.975
1487    377    400    0.9425
1488    400    400    1.0
1489    276    400    0.69
1490    388    400    0.97
1491    396    400    0.99
1492    400    400    1.0
1493    396    400    0.99
1494    376    400    0.94
1495    396    400    0.99
1496    377    400    0.9425
1497    399    400    0.9975
1498    347    400    0.8675
1499    387    400    0.9675
1500    399    400    0.9975
1501    347    400    0.8675
1502    382    400    0.955
1503    342    400    0.855
1504    342    400    0.855
1505    394    400    0.985
1506    350    400    0.875
1507    395    400    0.9875
1508    370    400    0.925
1509    394    400    0.985
1510    392    400    0.98
1511    399    400    0.9975
1512    386    400    0.965
1513    344    400    0.86
1514    388    400    0.97
1515    358    400    0.895
1516    368    400    0.92
1517    396    400    0.99
1518    352    400    0.88
1519    392    400    0.98
1520    396    400    0.99
1521    358    400    0.895
1522    374    400    0.935
1523    350    400    0.875
1524    361    400    0.9025
1525    289    400    0.7225
1526    397    400    0.9925
1527    337    400    0.8425
1528    357    400    0.8925
1529    312    400    0.78
1530    384    400    0.96
1531    376    400    0.94
1532    398    400    0.995
1533    286    400    0.715
1534    358    400    0.895
1535    298    400    0.745
1536    294    400    0.735
1537    230    400    0.575
1538    213    400    0.5325
1539    125    400    0.3125
1540    89    400    0.2225
1541    113    400    0.2825
1542    45    400    0.1125
1543    1    400    0.0025
1544    1    400    0.0025
1545    0    400    0.0
1546    134    400    0.335
1547    276    400    0.69
1548    384    400    0.96
1549    360    400    0.9
1550    352    400    0.88
1551    392    400    0.98
1552    357    400    0.8925
1553    376    400    0.94
1554    336    400    0.84
1555    320    400    0.8
1556    384    400    0.96
1557    320    400    0.8
1558    400    400    1.0
1559    288    400    0.72
1560    400    400    1.0
1561    388    400    0.97
1562    389    400    0.9725
1563    397    400    0.9925
1564    365    400    0.9125
1565    341    400    0.8525
1566    389    400    0.9725
1567    400    400    1.0
1568    288    400    0.72
1569    400    400    1.0
1570    400    400    1.0
1571    360    400    0.9
1572    388    400    0.97
1573    400    400    1.0
1574    352    400    0.88
1575    388    400    0.97
1576    400    400    1.0
1577    368    400    0.92
1578    392    400    0.98
1579    396    400    0.99
1580    400    400    1.0
1581    228    400    0.57
1582    281    400    0.7025
1583    240    400    0.6
1584    352    400    0.88
1585    368    400    0.92
1586    385    400    0.9625
1587    288    400    0.72
1588    176    400    0.44
1589    112    400    0.28
1590    192    400    0.48
1591    228    400    0.57
1592    365    400    0.9125
1593    377    400    0.9425
1594    233    400    0.5825
1595    253    400    0.6325
1596    216    400    0.54
1597    192    400    0.48
1598    372    400    0.93
1599    352    400    0.88
1600    400    400    1.0
1601    308    400    0.77
1602    160    400    0.4
1603    96    400    0.24
1604    384    400    0.96
1605    384    400    0.96
1606    385    400    0.9625
1607    360    400    0.9
1608    356    400    0.89
1609    320    400    0.8
1610    380    400    0.95
1611    360    400    0.9
1612    396    400    0.99
1613    380    400    0.95
1614    384    400    0.96
1615    400    400    1.0
1616    392    400    0.98
1617    396    400    0.99
1618    348    400    0.87
1619    364    400    0.91
1620    360    400    0.9
1621    384    400    0.96
1622    400    400    1.0
1623    352    400    0.88
1624    352    400    0.88
1625    400    400    1.0
1626    384    400    0.96
1627    392    400    0.98
1628    280    400    0.7
1629    193    400    0.4825
1630    176    400    0.44
1631    48    400    0.12
1632    129    400    0.3225
1633    320    400    0.8
1634    128    400    0.32
1635    192    400    0.48
1636    192    400    0.48
1637    128    400    0.32
1638    128    400    0.32
1639    188    400    0.47
1640    156    400    0.39
1641    385    400    0.9625
1642    221    400    0.5525
1643    41    400    0.1025
1644    45    400    0.1125
1645    257    400    0.6425
1646    168    400    0.42
1647    184    400    0.46
1648    184    400    0.46
1649    312    400    0.78
1650    320    400    0.8
1651    384    400    0.96
1652    320    400    0.8
1653    300    400    0.75
1654    336    400    0.84
1655    336    400    0.84
1656    384    400    0.96
1657    320    400    0.8
1658    320    400    0.8
1659    320    400    0.8
1660    384    400    0.96
1661    324    400    0.81
1662    256    400    0.64
1663    15    400    0.0375
1664    136    400    0.34
1665    232    400    0.58
1666    384    400    0.96
1667    385    400    0.9625
1668    340    400    0.85
1669    320    400    0.8
1670    304    400    0.76
1671    280    400    0.7
1672    348    400    0.87
1673    384    400    0.96
1674    400    400    1.0
1675    400    400    1.0
1676    400    400    1.0
1677    384    400    0.96
1678    320    400    0.8
1679    288    400    0.72
1680    204    400    0.51
1681    160    400    0.4
1682    152    400    0.38
1683    256    400    0.64
1684    272    400    0.68
1685    320    400    0.8
1686    364    400    0.91
1687    384    400    0.96
1688    344    400    0.86
1689    364    400    0.91
1690    360    400    0.9
1691    392    400    0.98
1692    388    400    0.97
1693    360    400    0.9
1694    348    400    0.87
1695    384    400    0.96
1696    368    400    0.92
1697    384    400    0.96
1698    389    400    0.9725
1699    336    400    0.84
1700    336    400    0.84
1701    352    400    0.88
1702    172    400    0.43
1703    292    400    0.73
1704    288    400    0.72
1705    356    400    0.89
1706    372    400    0.93
1707    372    400    0.93
1708    240    400    0.6
1709    208    400    0.52
1710    277    400    0.6925
1711    308    400    0.77
1712    338    400    0.845
1713    348    400    0.87
1714    328    400    0.82
1715    372    400    0.93
1716    340    400    0.85
1717    400    400    1.0
1718    264    400    0.66
1719    260    400    0.65
1720    226    400    0.565
1721    262    400    0.655
1722    260    400    0.65
1723    220    400    0.55
1724    140    400    0.35
1725    292    400    0.73
1726    228    400    0.57
1727    300    400    0.75
1728    325    400    0.8125
1729    292    400    0.73
1730    224    400    0.56
1731    236    400    0.59
1732    200    400    0.5
1733    244    400    0.61
1734    324    400    0.81
1735    324    400    0.81
1736    388    400    0.97
1737    388    400    0.97
1738    356    400    0.89
1739    345    400    0.8625
1740    364    400    0.91
1741    372    400    0.93
1742    392    400    0.98
1743    344    400    0.86
1744    397    400    0.9925
1745    341    400    0.8525
1746    389    400    0.9725
1747    341    400    0.8525
1748    293    400    0.7325
1749    293    400    0.7325
1750    292    400    0.73
1751    292    400    0.73
1752    164    400    0.41
1753    164    400    0.41
1754    164    400    0.41
1755    164    400    0.41
1756    164    400    0.41
1757    164    400    0.41
1758    180    400    0.45
1759    164    400    0.41
1760    292    400    0.73
1761    293    400    0.7325
1762    325    400    0.8125
1763    325    400    0.8125
1764    324    400    0.81
1765    348    400    0.87
1766    316    400    0.79
1767    316    400    0.79
1768    160    400    0.4
1769    160    400    0.4
1770    160    400    0.4
1771    0    400    0.0
1772    320    400    0.8
1773    396    400    0.99
1774    348    400    0.87
1775    384    400    0.96
1776    396    400    0.99
1777    305    400    0.7625
1778    340    400    0.85
1779    358    400    0.895
1780    393    400    0.9825
1781    301    400    0.7525
1782    397    400    0.9925
1783    397    400    0.9925
1784    285    400    0.7125
1785    277    400    0.6925
1786    365    400    0.9125
1787    365    400    0.9125
1788    361    400    0.9025
1789    361    400    0.9025
1790    345    400    0.8625
1791    349    400    0.8725
1792    368    400    0.92
1793    360    400    0.9
1794    360    400    0.9
1795    384    400    0.96
1796    320    400    0.8
1797    384    400    0.96
1798    384    400    0.96
1799    384    400    0.96
1800    384    400    0.96
1801    384    400    0.96
1802    384    400    0.96
1803    384    400    0.96
1804    384    400    0.96
1805    384    400    0.96
1806    384    400    0.96
1807    384    400    0.96
1808    384    400    0.96
1809    384    400    0.96
1810    384    400    0.96
1811    384    400    0.96
1812    384    400    0.96
1813    384    400    0.96
1814    388    400    0.97
1815    384    400    0.96
1816    400    400    1.0
1817    400    400    1.0
1818    380    400    0.95
1819    384    400    0.96
1820    400    400    1.0
1821    400    400    1.0
1822    360    400    0.9
1823    392    400    0.98
1824    379    400    0.9475
1825    393    400    0.9825
1826    381    400    0.9525
1827    345    400    0.8625
1828    385    400    0.9625
1829    353    400    0.8825
1830    393    400    0.9825
1831    393    400    0.9825
1832    385    400    0.9625
1833    393    400    0.9825
1834    341    400    0.8525
1835    344    400    0.86
1836    356    400    0.89
1837    372    400    0.93
1838    356    400    0.89
1839    293    400    0.7325
1840    356    400    0.89
1841    292    400    0.73
1842    356    400    0.89
1843    360    400    0.9
1844    400    400    1.0
1845    308    400    0.77
1846    176    400    0.44
1847    264    400    0.66
1848    376    400    0.94
1849    393    400    0.9825
1850    377    400    0.9425
1851    357    400    0.8925
1852    273    400    0.6825
1853    400    400    1.0
1854    320    400    0.8
1855    340    400    0.85
1856    360    400    0.9
1857    308    400    0.77
1858    352    400    0.88
1859    288    400    0.72
1860    288    400    0.72
1861    288    400    0.72
1862    288    400    0.72
1863    288    400    0.72
1864    384    400    0.96
1865    384    400    0.96
1866    384    400    0.96
1867    384    400    0.96
1868    384    400    0.96
1869    384    400    0.96
1870    400    400    1.0
1871    392    400    0.98
1872    392    400    0.98
1873    384    400    0.96
1874    384    400    0.96
1875    340    400    0.85
1876    344    400    0.86
1877    392    400    0.98
1878    384    400    0.96
1879    384    400    0.96
1880    384    400    0.96
1881    384    400    0.96
1882    340    400    0.85
1883    320    400    0.8
1884    384    400    0.96
1885    400    400    1.0
1886    400    400    1.0
1887    368    400    0.92
1888    336    400    0.84
1889    400    400    1.0
1890    397    400    0.9925
1891    341    400    0.8525
1892    377    400    0.9425
1893    397    400    0.9925
1894    397    400    0.9925
1895    345    400    0.8625
1896    400    400    1.0
1897    377    400    0.9425
1898    352    400    0.88
1899    400    400    1.0
1900    400    400    1.0
1901    356    400    0.89
1902    352    400    0.88
1903    352    400    0.88
1904    288    400    0.72
1905    384    400    0.96
1906    396    400    0.99
1907    380    400    0.95
1908    388    400    0.97
1909    349    400    0.8725
1910    388    400    0.97
1911    352    400    0.88
1912    366    400    0.915
1913    400    400    1.0
1914    388    400    0.97
1915    344    400    0.86
1916    348    400    0.87
1917    348    400    0.87
1918    382    400    0.955
1919    360    400    0.9
1920    296    400    0.74
1921    128    400    0.32
1922    128    400    0.32
1923    0    400    0.0
1924    0    400    0.0
1925    0    400    0.0
1926    0    400    0.0
1927    32    400    0.08
1928    316    400    0.79
1929    332    400    0.83
1930    328    400    0.82
1931    128    400    0.32
1932    72    400    0.18
1933    320    400    0.8
1934    348    400    0.87
1935    337    400    0.8425
1936    374    400    0.935
1937    346    400    0.865
1938    396    400    0.99
1939    392    400    0.98
1940    352    400    0.88
1941    388    400    0.97
1942    356    400    0.89
1943    392    400    0.98
1944    388    400    0.97
1945    380    400    0.95
1946    390    400    0.975
1947    344    400    0.86
1948    374    400    0.935
1949    199    400    0.4975
1950    134    400    0.335
1951    166    400    0.415
1952    327    400    0.8175
1953    334    400    0.835
1954    318    400    0.795
1955    158    400    0.395
1956    114    400    0.285
1957    78    400    0.195
1958    190    400    0.475
1959    190    400    0.475
1960    358    400    0.895
1961    374    400    0.935
1962    374    400    0.935
1963    342    400    0.855
1964    368    400    0.92
1965    384    400    0.96
1966    369    400    0.9225
1967    272    400    0.68
1968    144    400    0.36
1969    224    400    0.56
1970    286    400    0.715
1971    366    400    0.915
1972    398    400    0.995
1973    398    400    0.995
1974    398    400    0.995
1975    254    400    0.635
1976    270    400    0.675
1977    398    400    0.995
1978    344    400    0.86
1979    392    400    0.98
1980    382    400    0.955
1981    382    400    0.955
1982    398    400    0.995
1983    390    400    0.975
1984    348    400    0.87
1985    300    400    0.75
1986    150    400    0.375
1987    152    400    0.38
1988    152    400    0.38
1989    216    400    0.54
1990    216    400    0.54
1991    88    400    0.22
1992    24    400    0.06
1993    152    400    0.38
1994    280    400    0.7
1995    384    400    0.96
1996    344    400    0.86
1997    400    400    1.0
1998    384    400    0.96
1999    384    400    0.96
2000    400    400    1.0
2001    280    400    0.7
2002    216    400    0.54
2003    360    400    0.9
2004    273    400    0.6825
2005    344    400    0.86
2006    280    400    0.7
2007    344    400    0.86
2008    344    400    0.86
2009    280    400    0.7
2010    344    400    0.86
2011    384    400    0.96
2012    384    400    0.96
2013    322    400    0.805
2014    394    400    0.985
2015    338    400    0.845
2016    385    400    0.9625
2017    377    400    0.9425
2018    89    400    0.2225
2019    153    400    0.3825
2020    345    400    0.8625
2021    322    400    0.805
2022    345    400    0.8625
2023    280    400    0.7
2024    88    400    0.22
2025    88    400    0.22
2026    208    400    0.52
2027    216    400    0.54
2028    153    400    0.3825
2029    217    400    0.5425
2030    249    400    0.6225
2031    185    400    0.4625
2032    248    400    0.62
2033    232    400    0.58
2034    288    400    0.72
2035    176    400    0.44
2036    120    400    0.3
2037    296    400    0.74
2038    200    400    0.5
2039    216    400    0.54
2040    80    400    0.2
2041    152    400    0.38
2042    152    400    0.38
2043    216    400    0.54
2044    216    400    0.54
2045    216    400    0.54
2046    250    400    0.625
2047    314    400    0.785
2048    186    400    0.465
2049    338    400    0.845
2050    394    400    0.985
2051    386    400    0.965
2052    394    400    0.985
2053    90    400    0.225
2054    65    400    0.1625
2055    71    400    0.1775
2056    249    400    0.6225
2057    184    400    0.46
2058    184    400    0.46
2059    120    400    0.3
2060    184    400    0.46
2061    184    400    0.46
2062    248    400    0.62
2063    218    400    0.545
2064    377    400    0.9425
2065    313    400    0.7825
2066    281    400    0.7025
2067    153    400    0.3825
2068    153    400    0.3825
2069    201    400    0.5025
2070    233    400    0.5825
2071    280    400    0.7
2072    376    400    0.94
2073    360    400    0.9
2074    288    400    0.72
2075    352    400    0.88
2076    400    400    1.0
2077    384    400    0.96
2078    352    400    0.88
2079    392    400    0.98
2080    344    400    0.86
2081    392    400    0.98
2082    368    400    0.92
2083    344    400    0.86
2084    400    400    1.0
2085    384    400    0.96
2086    361    400    0.9025
2087    393    400    0.9825
2088    361    400    0.9025
2089    337    400    0.8425
2090    399    400    0.9975
2091    361    400    0.9025
2092    393    400    0.9825
2093    392    400    0.98
2094    368    400    0.92
2095    314    400    0.785
2096    388    400    0.97
2097    372    400    0.93
2098    340    400    0.85
2099    380    400    0.95
2100    398    400    0.995
2101    388    400    0.97
2102    292    400    0.73
2103    236    400    0.59
2104    228    400    0.57
2105    66    400    0.165
2106    26    400    0.065
2107    218    400    0.545
2108    218    400    0.545
2109    376    400    0.94
2110    376    400    0.94
2111    232    400    0.58
2112    152    400    0.38
2113    152    400    0.38
2114    313    400    0.7825
2115    313    400    0.7825
2116    377    400    0.9425
2117    392    400    0.98
2118    376    400    0.94
2119    296    400    0.74
2120    216    400    0.54
2121    104    400    0.26
2122    184    400    0.46
2123    268    400    0.67
2124    24    400    0.06
2125    115    400    0.2875
2126    248    400    0.62
2127    153    400    0.3825
2128    216    400    0.54
2129    216    400    0.54
2130    216    400    0.54
2131    152    400    0.38
2132    216    400    0.54
2133    216    400    0.54
2134    216    400    0.54
2135    217    400    0.5425
2136    264    400    0.66
2137    328    400    0.82
2138    248    400    0.62
2139    200    400    0.5
2140    184    400    0.46
2141    296    400    0.74
2142    216    400    0.54
2143    168    400    0.42
2144    280    400    0.7
2145    248    400    0.62
2146    248    400    0.62
2147    184    400    0.46
2148    152    400    0.38
2149    200    400    0.5
2150    354    400    0.885
2151    360    400    0.9
2152    232    400    0.58
2153    344    400    0.86
2154    312    400    0.78
2155    312    400    0.78
2156    280    400    0.7
2157    280    400    0.7
2158    280    400    0.7
2159    280    400    0.7
2160    280    400    0.7
2161    296    400    0.74
2162    280    400    0.7
2163    280    400    0.7
2164    280    400    0.7
2165    280    400    0.7
2166    281    400    0.7025
2167    328    400    0.82
2168    384    400    0.96
2169    384    400    0.96
2170    384    400    0.96
2171    384    400    0.96
2172    384    400    0.96
2173    384    400    0.96
2174    384    400    0.96
2175    344    400    0.86
2176    266    400    0.665
2177    128    400    0.32
2178    193    400    0.4825
2179    193    400    0.4825
2180    193    400    0.4825
2181    193    400    0.4825
2182    193    400    0.4825
2183    368    400    0.92
2184    280    400    0.7
2185    128    400    0.32
2186    240    400    0.6
2187    240    400    0.6
2188    224    400    0.56
2189    224    400    0.56
2190    224    400    0.56
2191    224    400    0.56
2192    224    400    0.56
2193    216    400    0.54
2194    216    400    0.54
2195    216    400    0.54
2196    216    400    0.54
2197    216    400    0.54
2198    232    400    0.58
2199    232    400    0.58
2200    232    400    0.58
2201    352    400    0.88
2202    348    400    0.87
2203    336    400    0.84
2204    400    400    1.0
2205    393    400    0.9825
2206    376    400    0.94
2207    400    400    1.0
2208    352    400    0.88
2209    352    400    0.88
2210    400    400    1.0
2211    344    400    0.86
2212    344    400    0.86
2213    400    400    1.0
2214    398    400    0.995
2215    340    400    0.85
2216    388    400    0.97
2217    300    400    0.75
2218    400    400    1.0
2219    400    400    1.0
2220    344    400    0.86
2221    376    400    0.94
2222    368    400    0.92
2223    400    400    1.0
2224    352    400    0.88
2225    326    400    0.815
2226    326    400    0.815
2227    390    400    0.975
2228    366    400    0.915
2229    318    400    0.795
2230    342    400    0.855
2231    214    400    0.535
2232    148    400    0.37
2233    86    400    0.215
2234    86    400    0.215
2235    118    400    0.295
2236    118    400    0.295
2237    214    400    0.535
2238    208    400    0.52
2239    216    400    0.54
2240    272    400    0.68
2241    360    400    0.9
2242    353    400    0.8825
2243    8    400    0.02
2244    8    400    0.02
2245    264    400    0.66
2246    361    400    0.9025
2247    352    400    0.88
2248    334    400    0.835
2249    382    400    0.955
2250    270    400    0.675
2251    270    400    0.675
2252    192    400    0.48
2253    342    400    0.855
2254    342    400    0.855
2255    390    400    0.975
2256    398    400    0.995
2257    334    400    0.835
2258    256    400    0.64
2259    256    400    0.64
2260    336    400    0.84
2261    344    400    0.86
2262    328    400    0.82
2263    398    400    0.995
2264    366    400    0.915
2265    374    400    0.935
2266    278    400    0.695
2267    262    400    0.655
2268    262    400    0.655
2269    192    400    0.48
2270    192    400    0.48
2271    192    400    0.48
2272    192    400    0.48
2273    192    400    0.48
2274    192    400    0.48
2275    192    400    0.48
2276    0    400    0.0
2277    0    400    0.0
2278    0    400    0.0
2279    0    400    0.0
2280    0    400    0.0
2281    0    400    0.0
2282    0    400    0.0
2283    64    400    0.16
2284    0    400    0.0
2285    0    400    0.0
2286    0    400    0.0
2287    0    400    0.0
2288    80    400    0.2
2289    0    400    0.0
2290    0    400    0.0
2291    0    400    0.0
2292    0    400    0.0
2293    0    400    0.0
2294    0    400    0.0
2295    0    400    0.0
2296    128    400    0.32
2297    256    400    0.64
2298    384    400    0.96
2299    384    400    0.96
2300    384    400    0.96
2301    384    400    0.96
2302    400    400    1.0
2303    306    400    0.765
2304    384    400    0.96
2305    376    400    0.94
2306    368    400    0.92
2307    312    400    0.78
2308    384    400    0.96
2309    384    400    0.96
2310    352    400    0.88
2311    378    400    0.945
2312    352    400    0.88
2313    352    400    0.88
2314    384    400    0.96
2315    376    400    0.94
2316    361    400    0.9025
2317    376    400    0.94
2318    377    400    0.9425
2319    343    400    0.8575
2320    301    400    0.7525
2321    151    400    0.3775
2322    151    400    0.3775
2323    220    400    0.55
2324    214    400    0.535
2325    342    400    0.855
2326    342    400    0.855
2327    342    400    0.855
2328    342    400    0.855
2329    342    400    0.855
2330    384    400    0.96
2331    390    400    0.975
2332    342    400    0.855
2333    386    400    0.965
2334    329    400    0.8225
2335    345    400    0.8625
2336    343    400    0.8575
2337    383    400    0.9575
2338    393    400    0.9825
2339    393    400    0.9825
2340    385    400    0.9625
2341    385    400    0.9625
2342    366    400    0.915
2343    376    400    0.94
2344    368    400    0.92
2345    280    400    0.7
2346    352    400    0.88
2347    400    400    1.0
2348    152    400    0.38
2349    0    400    0.0
2350    0    400    0.0
2351    296    400    0.74
2352    233    400    0.5825
2353    233    400    0.5825
2354    249    400    0.6225
2355    233    400    0.5825
2356    233    400    0.5825
2357    360    400    0.9
2358    336    400    0.84
2359    400    400    1.0
2360    400    400    1.0
2361    400    400    1.0
2362    400    400    1.0
2363    400    400    1.0
2364    400    400    1.0
2365    400    400    1.0
2366    344    400    0.86
2367    400    400    1.0
2368    400    400    1.0
2369    400    400    1.0
2370    400    400    1.0
2371    368    400    0.92
2372    368    400    0.92
2373    352    400    0.88
2374    368    400    0.92
2375    352    400    0.88
2376    376    400    0.94
2377    312    400    0.78
2378    392    400    0.98
2379    392    400    0.98
2380    400    400    1.0
2381    392    400    0.98
2382    320    400    0.8
2383    400    400    1.0
2384    400    400    1.0
2385    368    400    0.92
2386    400    400    1.0
2387    337    400    0.8425
2388    305    400    0.7625
2389    385    400    0.9625
2390    368    400    0.92
2391    360    400    0.9
2392    344    400    0.86
2393    400    400    1.0
2394    400    400    1.0
2395    376    400    0.94
2396    376    400    0.94
2397    344    400    0.86
2398    368    400    0.92
2399    368    400    0.92
2400    360    400    0.9
2401    392    400    0.98
2402    368    400    0.92
2403    304    400    0.76
2404    280    400    0.7
2405    280    400    0.7
2406    350    400    0.875
2407    350    400    0.875
2408    374    400    0.935
2409    374    400    0.935
2410    382    400    0.955
2411    374    400    0.935
2412    375    400    0.9375
2413    398    400    0.995
2414    342    400    0.855
2415    390    400    0.975
2416    342    400    0.855
2417    358    400    0.895
2418    350    400    0.875
2419    374    400    0.935
2420    358    400    0.895
2421    382    400    0.955
2422    374    400    0.935
2423    374    400    0.935
2424    374    400    0.935
2425    342    400    0.855
2426    382    400    0.955
2427    382    400    0.955
2428    366    400    0.915
2429    342    400    0.855
2430    342    400    0.855
2431    326    400    0.815
2432    320    400    0.8
2433    353    400    0.8825
2434    289    400    0.7225
2435    289    400    0.7225
2436    384    400    0.96
2437    384    400    0.96
2438    360    400    0.9
2439    360    400    0.9
2440    395    400    0.9875
2441    363    400    0.9075
2442    361    400    0.9025
2443    337    400    0.8425
2444    385    400    0.9625
2445    369    400    0.9225
2446    289    400    0.7225
2447    345    400    0.8625
2448    384    400    0.96
2449    384    400    0.96
2450    384    400    0.96
2451    384    400    0.96
2452    368    400    0.92
2453    392    400    0.98
2454    384    400    0.96
2455    400    400    1.0
2456    368    400    0.92
2457    368    400    0.92
2458    384    400    0.96
2459    384    400    0.96
2460    400    400    1.0
2461    352    400    0.88
2462    392    400    0.98
2463    400    400    1.0
2464    392    400    0.98
2465    369    400    0.9225
2466    353    400    0.8825
2467    360    400    0.9
2468    344    400    0.86
2469    344    400    0.86
2470    392    400    0.98
2471    352    400    0.88
2472    400    400    1.0
2473    392    400    0.98
2474    392    400    0.98
2475    384    400    0.96
2476    392    400    0.98
2477    384    400    0.96
2478    392    400    0.98
2479    400    400    1.0
2480    400    400    1.0
2481    400    400    1.0
2482    392    400    0.98
2483    392    400    0.98
2484    368    400    0.92
2485    352    400    0.88
2486    352    400    0.88
2487    352    400    0.88
2488    352    400    0.88
2489    352    400    0.88
2490    352    400    0.88
2491    352    400    0.88
2492    392    400    0.98
2493    400    400    1.0
2494    384    400    0.96
2495    400    400    1.0
2496    384    400    0.96
2497    384    400    0.96
2498    376    400    0.94
2499    344    400    0.86
2500    304    400    0.76
2501    232    400    0.58
2502    232    400    0.58
2503    184    400    0.46
2504    225    400    0.5625
2505    200    400    0.5
2506    112    400    0.28
2507    328    400    0.82
2508    320    400    0.8
2509    192    400    0.48
2510    256    400    0.64
2511    256    400    0.64
2512    304    400    0.76
2513    176    400    0.44
2514    168    400    0.42
2515    352    400    0.88
2516    360    400    0.9
2517    344    400    0.86
2518    360    400    0.9
2519    232    400    0.58
2520    360    400    0.9
2521    345    400    0.8625
2522    344    400    0.86
2523    344    400    0.86
2524    352    400    0.88
2525    368    400    0.92
2526    344    400    0.86
2527    400    400    1.0
2528    352    400    0.88
2529    360    400    0.9
2530    352    400    0.88
2531    384    400    0.96
2532    360    400    0.9
2533    392    400    0.98
2534    392    400    0.98
2535    400    400    1.0
2536    328    400    0.82
2537    176    400    0.44
2538    352    400    0.88
2539    386    400    0.965
2540    378    400    0.945
2541    386    400    0.965
2542    292    400    0.73
2543    324    400    0.81
2544    172    400    0.43
2545    244    400    0.61
2546    197    400    0.4925
2547    172    400    0.43
2548    0    400    0.0
2549    324    400    0.81
2550    310    400    0.775
2551    230    400    0.575
2552    206    400    0.515
2553    158    400    0.395
2554    32    400    0.08
2555    352    400    0.88
2556    320    400    0.8
2557    398    400    0.995
2558    398    400    0.995
2559    390    400    0.975
2560    343    400    0.8575
2561    301    400    0.7525
2562    249    400    0.6225
2563    289    400    0.7225
2564    282    400    0.705
2565    248    400    0.62
2566    192    400    0.48
2567    128    400    0.32
2568    128    400    0.32
2569    128    400    0.32
2570    128    400    0.32
2571    128    400    0.32
2572    128    400    0.32
2573    128    400    0.32
2574    96    400    0.24
2575    382    400    0.955
2576    374    400    0.935
2577    198    400    0.495
2578    247    400    0.6175
2579    191    400    0.4775
2580    191    400    0.4775
2581    191    400    0.4775
2582    255    400    0.6375
2583    239    400    0.5975
2584    191    400    0.4775
2585    255    400    0.6375
2586    247    400    0.6175
2587    239    400    0.5975
2588    175    400    0.4375
2589    174    400    0.435
2590    176    400    0.44
2591    240    400    0.6
2592    240    400    0.6
2593    240    400    0.6
2594    240    400    0.6
2595    384    400    0.96
2596    398    400    0.995
2597    399    400    0.9975
2598    367    400    0.9175
2599    393    400    0.9825
2600    385    400    0.9625
2601    399    400    0.9975
2602    370    400    0.925
2603    386    400    0.965
2604    386    400    0.965
2605    386    400    0.965
2606    370    400    0.925
2607    336    400    0.84
2608    386    400    0.965
2609    354    400    0.885
2610    393    400    0.9825
2611    393    400    0.9825
2612    385    400    0.9625
2613    335    400    0.8375
2614    249    400    0.6225
2615    385    400    0.9625
2616    266    400    0.665
2617    320    400    0.8
2618    256    400    0.64
2619    144    400    0.36
2620    201    400    0.5025
2621    88    400    0.22
2622    72    400    0.18
2623    72    400    0.18
2624    72    400    0.18
2625    73    400    0.1825
2626    80    400    0.2
2627    72    400    0.18
2628    72    400    0.18
2629    72    400    0.18
2630    64    400    0.16
2631    64    400    0.16
2632    192    400    0.48
2633    208    400    0.52
2634    224    400    0.56
2635    240    400    0.6
2636    32    400    0.08
2637    248    400    0.62
2638    304    400    0.76
2639    392    400    0.98
2640    392    400    0.98
2641    392    400    0.98
2642    160    400    0.4
2643    0    400    0.0
2644    0    400    0.0
2645    0    400    0.0
2646    0    400    0.0
2647    8    400    0.02
2648    121    400    0.3025
2649    176    400    0.44
2650    200    400    0.5
2651    200    400    0.5
2652    200    400    0.5
2653    192    400    0.48
2654    192    400    0.48
2655    192    400    0.48
2656    288    400    0.72
2657    336    400    0.84
2658    128    400    0.32
2659    64    400    0.16
2660    64    400    0.16
2661    88    400    0.22
2662    144    400    0.36
2663    104    400    0.26
2664    8    400    0.02
2665    144    400    0.36
2666    248    400    0.62
2667    400    400    1.0
2668    368    400    0.92
2669    328    400    0.82
2670    400    400    1.0
2671    392    400    0.98
2672    400    400    1.0
2673    344    400    0.86
2674    360    400    0.9
2675    400    400    1.0
2676    400    400    1.0
2677    400    400    1.0
2678    400    400    1.0
2679    304    400    0.76
2680    400    400    1.0
2681    400    400    1.0
2682    393    400    0.9825
2683    400    400    1.0
2684    400    400    1.0
2685    392    400    0.98
2686    394    400    0.985
2687    368    400    0.92
2688    400    400    1.0
2689    400    400    1.0
2690    392    400    0.98
2691    400    400    1.0
2692    400    400    1.0
2693    400    400    1.0
2694    400    400    1.0
2695    320    400    0.8
2696    394    400    0.985
2697    288    400    0.72
2698    400    400    1.0
2699    400    400    1.0
2700    392    400    0.98
2701    352    400    0.88
2702    360    400    0.9
2703    352    400    0.88
2704    376    400    0.94
2705    384    400    0.96
2706    392    400    0.98
2707    400    400    1.0
2708    394    400    0.985
2709    338    400    0.845
2710    394    400    0.985
2711    338    400    0.845
2712    386    400    0.965
2713    370    400    0.925
2714    378    400    0.945
2715    322    400    0.805
2716    394    400    0.985
2717    394    400    0.985
2718    394    400    0.985
2719    394    400    0.985
2720    354    400    0.885
2721    394    400    0.985
2722    298    400    0.745
2723    274    400    0.685
2724    386    400    0.965
2725    338    400    0.845
2726    392    400    0.98
2727    392    400    0.98
2728    352    400    0.88
2729    368    400    0.92
2730    392    400    0.98
2731    384    400    0.96
2732    376    400    0.94
2733    200    400    0.5
2734    136    400    0.34
2735    200    400    0.5
2736    72    400    0.18
2737    72    400    0.18
2738    200    400    0.5
2739    208    400    0.52
2740    216    400    0.54
2741    216    400    0.54
2742    208    400    0.52
2743    80    400    0.2
2744    64    400    0.16
2745    304    400    0.76
2746    288    400    0.72
2747    320    400    0.8
2748    368    400    0.92
2749    352    400    0.88
2750    400    400    1.0
2751    400    400    1.0
2752    320    400    0.8
2753    320    400    0.8
2754    400    400    1.0
2755    368    400    0.92
2756    376    400    0.94
2757    312    400    0.78
2758    152    400    0.38
2759    128    400    0.32
2760    128    400    0.32
2761    0    400    0.0
2762    0    400    0.0
2763    0    400    0.0
2764    0    400    0.0
2765    0    400    0.0
2766    0    400    0.0
2767    0    400    0.0
2768    0    400    0.0
2769    0    400    0.0
2770    0    400    0.0
2771    0    400    0.0
2772    0    400    0.0
2773    0    400    0.0
2774    0    400    0.0
2775    0    400    0.0
2776    0    400    0.0
2777    0    400    0.0
2778    0    400    0.0
2779    192    400    0.48
2780    224    400    0.56
2781    152    400    0.38
2782    344    400    0.86
2783    304    400    0.76
2784    400    400    1.0
2785    264    400    0.66
2786    232    400    0.58
2787    280    400    0.7
2788    312    400    0.78
2789    304    400    0.76
2790    320    400    0.8
2791    320    400    0.8
2792    320    400    0.8
2793    320    400    0.8
2794    304    400    0.76
2795    320    400    0.8
2796    320    400    0.8
2797    320    400    0.8
2798    256    400    0.64
2799    382    400    0.955
2800    398    400    0.995
2801    366    400    0.915
2802    382    400    0.955
2803    366    400    0.915
2804    320    400    0.8
2805    368    400    0.92
2806    257    400    0.6425
2807    263    400    0.6575
2808    289    400    0.7225
2809    391    400    0.9775
2810    319    400    0.7975
2811    319    400    0.7975
2812    302    400    0.755
2813    334    400    0.835
2814    319    400    0.7975
2815    328    400    0.82
2816    312    400    0.78
2817    398    400    0.995
2818    334    400    0.835
2819    392    400    0.98
2820    400    400    1.0
2821    390    400    0.975
2822    398    400    0.995
2823    389    400    0.9725
2824    263    400    0.6575
2825    268    400    0.67
2826    367    400    0.9175
2827    326    400    0.815
2828    326    400    0.815
2829    318    400    0.795
2830    318    400    0.795
2831    366    400    0.915
2832    366    400    0.915
2833    318    400    0.795
2834    350    400    0.875
2835    382    400    0.955
2836    334    400    0.835
2837    334    400    0.835
2838    334    400    0.835
2839    342    400    0.855
2840    342    400    0.855
2841    394    400    0.985
2842    385    400    0.9625
2843    399    400    0.9975
2844    367    400    0.9175
2845    319    400    0.7975
2846    386    400    0.965
2847    382    400    0.955
2848    335    400    0.8375
2849    367    400    0.9175
2850    273    400    0.6825
2851    320    400    0.8
2852    320    400    0.8
2853    288    400    0.72
2854    398    400    0.995
2855    358    400    0.895
2856    310    400    0.775
2857    382    400    0.955
2858    200    400    0.5
2859    250    400    0.625
2860    202    400    0.505
2861    354    400    0.885
2862    322    400    0.805
2863    322    400    0.805
2864    194    400    0.485
2865    354    400    0.885
2866    338    400    0.845
2867    353    400    0.8825
2868    288    400    0.72
2869    296    400    0.74
2870    392    400    0.98
2871    280    400    0.7
2872    212    400    0.53
2873    200    400    0.5
2874    348    400    0.87
2875    316    400    0.79
2876    392    400    0.98
2877    385    400    0.9625
2878    377    400    0.9425
2879    313    400    0.7825
2880    329    400    0.8225
2881    313    400    0.7825
2882    1    400    0.0025
2883    0    400    0.0
2884    0    400    0.0
2885    256    400    0.64
2886    256    400    0.64
2887    256    400    0.64
2888    256    400    0.64
2889    128    400    0.32
2890    0    400    0.0
2891    0    400    0.0
2892    0    400    0.0
2893    0    400    0.0
2894    0    400    0.0
2895    0    400    0.0
2896    0    400    0.0
2897    8    400    0.02
2898    1    400    0.0025
2899    64    400    0.16
2900    108    400    0.27
2901    145    400    0.3625
2902    132    400    0.33
2903    140    400    0.35
2904    139    400    0.3475
2905    214    400    0.535
2906    184    400    0.46
2907    154    400    0.385
2908    128    400    0.32
2909    146    400    0.365
2910    173    400    0.4325
2911    185    400    0.4625
2912    144    400    0.36
2913    304    400    0.76
2914    214    400    0.535
2915    288    400    0.72
2916    179    400    0.4475
2917    177    400    0.4425
2918    320    400    0.8
2919    268    400    0.67
2920    312    400    0.78
2921    240    400    0.6
2922    320    400    0.8
2923    219    400    0.5475
2924    152    400    0.38
2925    81    400    0.2025
2926    95    400    0.2375
2927    90    400    0.225
2928    38    400    0.095
2929    28    400    0.07
2930    40    400    0.1
2931    380    400    0.95
2932    324    400    0.81
2933    64    400    0.16
2934    0    400    0.0
2935    0    400    0.0
2936    0    400    0.0
2937    128    400    0.32
2938    128    400    0.32
2939    288    400    0.72
2940    208    400    0.52
2941    132    400    0.33
2942    220    400    0.55
2943    248    400    0.62
2944    256    400    0.64
2945    320    400    0.8
2946    336    400    0.84
2947    336    400    0.84
2948    338    400    0.845
2949    336    400    0.84
2950    336    400    0.84
2951    320    400    0.8
2952    336    400    0.84
2953    336    400    0.84
2954    336    400    0.84
2955    336    400    0.84
2956    336    400    0.84
2957    280    400    0.7
2958    400    400    1.0
2959    380    400    0.95
2960    388    400    0.97
2961    396    400    0.99
2962    312    400    0.78
2963    192    400    0.48
2964    20    400    0.05
2965    41    400    0.1025
2966    45    400    0.1125
2967    1    400    0.0025
2968    1    400    0.0025
2969    169    400    0.4225
2970    378    400    0.945
2971    274    400    0.685
2972    340    400    0.85
2973    398    400    0.995
2974    296    400    0.74
2975    356    400    0.89
2976    398    400    0.995
2977    398    400    0.995
2978    374    400    0.935
2979    342    400    0.855
2980    374    400    0.935
2981    238    400    0.595
2982    248    400    0.62
2983    360    400    0.9
2984    342    400    0.855
2985    326    400    0.815
2986    326    400    0.815
2987    392    400    0.98
2988    388    400    0.97
2989    372    400    0.93
2990    344    400    0.86
2991    391    400    0.9775
2992    358    400    0.895
2993    358    400    0.895
2994    315    400    0.7875
2995    350    400    0.875
2996    286    400    0.715
2997    278    400    0.695
2998    354    400    0.885
2999    382    400    0.955
3000    274    400    0.685
3001    287    400    0.7175
3002    202    400    0.505
3003    360    400    0.9
3004    273    400    0.6825
3005    245    400    0.6125
3006    176    400    0.44
3007    228    400    0.57
3008    148    400    0.37
3009    145    400    0.3625
3010    184    400    0.46
3011    270    400    0.675
3012    274    400    0.685
3013    273    400    0.6825
3014    170    400    0.425
3015    40    400    0.1
3016    260    400    0.65
3017    296    400    0.74
3018    350    400    0.875
3019    307    400    0.7675
3020    168    400    0.42
3021    226    400    0.565
3022    286    400    0.715
3023    233    400    0.5825
3024    214    400    0.535
3025    286    400    0.715
3026    318    400    0.795
3027    388    400    0.97
3028    366    400    0.915
3029    398    400    0.995
3030    223    400    0.5575
3031    158    400    0.395
3032    62    400    0.155
3033    320    400    0.8
3034    270    400    0.675
3035    394    400    0.985
3036    352    400    0.88
3037    350    400    0.875
3038    354    400    0.885
3039    342    400    0.855
3040    362    400    0.905
3041    394    400    0.985
3042    398    400    0.995
3043    392    400    0.98
3044    324    400    0.81
3045    320    400    0.8
3046    348    400    0.87
3047    348    400    0.87
3048    341    400    0.8525
3049    316    400    0.79
3050    284    400    0.71
3051    284    400    0.71
3052    396    400    0.99
3053    396    400    0.99
3054    356    400    0.89
3055    348    400    0.87
3056    300    400    0.75
3057    348    400    0.87
3058    348    400    0.87
3059    284    400    0.71
3060    284    400    0.71
3061    284    400    0.71
3062    292    400    0.73
3063    316    400    0.79
3064    392    400    0.98
3065    305    400    0.7625
3066    108    400    0.27
3067    205    400    0.5125
3068    221    400    0.5525
3069    221    400    0.5525
3070    221    400    0.5525
3071    221    400    0.5525
3072    221    400    0.5525
3073    220    400    0.55
3074    221    400    0.5525
3075    284    400    0.71
3076    284    400    0.71
3077    264    400    0.66
3078    284    400    0.71
3079    156    400    0.39
3080    156    400    0.39
3081    148    400    0.37
3082    196    400    0.49
3083    173    400    0.4325
3084    81    400    0.2025
3085    41    400    0.1025
3086    176    400    0.44
3087    228    400    0.57
3088    228    400    0.57
3089    228    400    0.57
3090    228    400    0.57
3091    228    400    0.57
3092    388    400    0.97
3093    400    400    1.0
3094    400    400    1.0
3095    400    400    1.0
3096    400    400    1.0
3097    388    400    0.97
3098    340    400    0.85
3099    248    400    0.62
3100    220    400    0.55
3101    220    400    0.55
3102    220    400    0.55
3103    284    400    0.71
3104    221    400    0.5525
3105    253    400    0.6325
3106    237    400    0.5925
3107    237    400    0.5925
3108    237    400    0.5925
3109    237    400    0.5925
3110    237    400    0.5925
3111    365    400    0.9125
3112    304    400    0.76
3113    400    400    1.0
3114    392    400    0.98
3115    400    400    1.0
3116    400    400    1.0
3117    200    400    0.5
3118    316    400    0.79
3119    236    400    0.59
3120    112    400    0.28
3121    228    400    0.57
3122    228    400    0.57
3123    228    400    0.57
3124    228    400    0.57
3125    236    400    0.59
3126    236    400    0.59
3127    364    400    0.91
3128    364    400    0.91
3129    360    400    0.9
3130    388    400    0.97
3131    232    400    0.58
3132    204    400    0.51
3133    236    400    0.59
3134    236    400    0.59
3135    236    400    0.59
3136    237    400    0.5925
3137    285    400    0.7125
3138    221    400    0.5525
3139    221    400    0.5525
3140    221    400    0.5525
3141    220    400    0.55
3142    220    400    0.55
3143    220    400    0.55
3144    220    400    0.55
3145    220    400    0.55
3146    344    400    0.86
3147    236    400    0.59
3148    220    400    0.55
3149    220    400    0.55
3150    220    400    0.55
3151    212    400    0.53
3152    76    400    0.19
3153    4    400    0.01
3154    0    400    0.0
3155    0    400    0.0
3156    0    400    0.0
3157    8    400    0.02
3158    0    400    0.0
3159    0    400    0.0
3160    0    400    0.0
3161    0    400    0.0
3162    0    400    0.0
3163    0    400    0.0
3164    0    400    0.0
3165    0    400    0.0
3166    0    400    0.0
3167    0    400    0.0
3168    0    400    0.0
3169    0    400    0.0
3170    0    400    0.0
3171    0    400    0.0
3172    64    400    0.16
3173    64    400    0.16
3174    0    400    0.0
3175    0    400    0.0
3176    0    400    0.0
3177    0    400    0.0
3178    0    400    0.0
3179    0    400    0.0
3180    0    400    0.0
3181    0    400    0.0
3182    0    400    0.0
3183    0    400    0.0
3184    0    400    0.0
3185    0    400    0.0
3186    0    400    0.0
3187    0    400    0.0
3188    0    400    0.0
3189    0    400    0.0
3190    0    400    0.0
3191    0    400    0.0
3192    0    400    0.0
3193    0    400    0.0
3194    0    400    0.0
3195    0    400    0.0
3196    4    400    0.01
3197    4    400    0.01
3198    16    400    0.04
3199    16    400    0.04
3200    0    400    0.0
3201    0    400    0.0
3202    16    400    0.04
3203    96    400    0.24
3204    220    400    0.55
3205    350    400    0.875
3206    392    400    0.98
3207    396    400    0.99
3208    360    400    0.9
3209    308    400    0.77
3210    308    400    0.77
3211    372    400    0.93
3212    400    400    1.0
3213    356    400    0.89
3214    400    400    1.0
3215    340    400    0.85
3216    336    400    0.84
3217    392    400    0.98
3218    0    400    0.0
